3.485114872455596924e-01
1.988761425018310547e-01
2.659300267696380615e-01
3.434180319309234619e-01
1.474561095237731934e-01
1.559624075889587402e-01
1.794959455728530884e-01
2.030099630355834961e-01
1.335953474044799805e-01
1.679188609123229980e-01
2.055554389953613281e-01
1.912860721349716187e-01
2.359028607606887817e-01
3.591531813144683838e-01
4.216777384281158447e-01
1.217713579535484314e-01
2.182543426752090454e-01
2.435831874608993530e-01
1.547828614711761475e-01
2.009564638137817383e-01
1.270165741443634033e-01
1.856241226196289062e-01
1.703580468893051147e-01
1.671576350927352905e-01
1.477561444044113159e-01
1.377864032983779907e-01
2.418357729911804199e-01
1.843235939741134644e-01
1.781146973371505737e-01
1.965329498052597046e-01
3.131016194820404053e-01
3.016113936901092529e-01
1.941178590059280396e-01
2.969640195369720459e-01
1.260213702917098999e-01
2.416737079620361328e-01
4.955068826675415039e-01
2.000095099210739136e-01
1.580797582864761353e-01
4.094878137111663818e-01
1.843508630990982056e-01
1.870711892843246460e-01
2.088258266448974609e-01
2.152434736490249634e-01
2.219386696815490723e-01
1.323983073234558105e-01
2.900266051292419434e-01
1.932730525732040405e-01
2.156892269849777222e-01
2.583454549312591553e-01
2.409210801124572754e-01
2.424795031547546387e-01
1.878937035799026489e-01
2.078644186258316040e-01
2.357335537672042847e-01
2.211764007806777954e-01
2.185288518667221069e-01
3.413213193416595459e-01
4.103724062442779541e-01
2.066284418106079102e-01
2.778641581535339355e-01
2.079674005508422852e-01
1.563817709684371948e-01
2.686352133750915527e-01
3.309069275856018066e-01
1.408638954162597656e-01
2.184502929449081421e-01
1.289273053407669067e-01
2.046594470739364624e-01
1.747600883245468140e-01
2.551789283752441406e-01
2.483269125223159790e-01
1.326351612806320190e-01
1.312459111213684082e-01
1.971855610609054565e-01
1.827041357755661011e-01
3.715808689594268799e-01
1.892811655998229980e-01
3.267951607704162598e-01
3.343466818332672119e-01
2.121505737304687500e-01
2.711917459964752197e-01
1.479399204254150391e-01
1.549101024866104126e-01
1.714059561491012573e-01
3.165841698646545410e-01
2.397708892822265625e-01
3.078241050243377686e-01
1.895139068365097046e-01
2.349030822515487671e-01
2.891517281532287598e-01
1.544083356857299805e-01
3.432171046733856201e-01
2.433402687311172485e-01
1.988337785005569458e-01
2.252327054738998413e-01
1.638202220201492310e-01
1.473102718591690063e-01
3.349294364452362061e-01
4.399232864379882812e-01
3.141710758209228516e-01
3.094411492347717285e-01
3.567213118076324463e-01
2.902146875858306885e-01
2.444130927324295044e-01
2.691135108470916748e-01
2.091444879770278931e-01
1.661136001348495483e-01
1.547971218824386597e-01
1.342180371284484863e-01
3.863268196582794189e-01
4.332051277160644531e-01
2.491237372159957886e-01
3.181479871273040771e-01
2.306532710790634155e-01
1.953522562980651855e-01
3.092210888862609863e-01
2.124273031949996948e-01
2.688535749912261963e-01
1.465898752212524414e-01
2.143141776323318481e-01
1.368256062269210815e-01
2.145404666662216187e-01
3.509067595005035400e-01
4.431218206882476807e-01
3.605044782161712646e-01
2.231958359479904175e-01
1.814963668584823608e-01
2.547071874141693115e-01
1.464431583881378174e-01
2.474145293235778809e-01
2.209561318159103394e-01
3.575074970722198486e-01
1.565713882446289062e-01
3.429680764675140381e-01
2.032372802495956421e-01
3.327290117740631104e-01
1.955582350492477417e-01
1.444606781005859375e-01
2.376358062028884888e-01
2.361396402120590210e-01
2.177683860063552856e-01
2.593874931335449219e-01
2.157485336065292358e-01
2.405041307210922241e-01
1.846197396516799927e-01
1.441033035516738892e-01
3.341974914073944092e-01
1.441292613744735718e-01
2.175694257020950317e-01
2.516013085842132568e-01
3.013524115085601807e-01
2.662714421749114990e-01
2.787655293941497803e-01
2.018567770719528198e-01
1.284579634666442871e-01
2.068222761154174805e-01
1.904520988464355469e-01
3.396850824356079102e-01
1.438648849725723267e-01
1.926592141389846802e-01
1.255862861871719360e-01
2.116839140653610229e-01
3.195315599441528320e-01
2.723629176616668701e-01
1.790739893913269043e-01
2.981084883213043213e-01
1.416759639978408813e-01
2.357643991708755493e-01
2.201122790575027466e-01
2.348242998123168945e-01
2.230976969003677368e-01
1.281937360763549805e-01
2.816295623779296875e-01
1.429155319929122925e-01
3.347992002964019775e-01
1.944765597581863403e-01
2.358958274126052856e-01
1.430547833442687988e-01
2.570523917675018311e-01
2.077374458312988281e-01
1.932656615972518921e-01
2.064393311738967896e-01
2.024551182985305786e-01
1.882831603288650513e-01
4.245850741863250732e-01
1.181698665022850037e-01
2.152664214372634888e-01
3.351204097270965576e-01
2.535839974880218506e-01
3.435892760753631592e-01
1.920972019433975220e-01
1.388266086578369141e-01
1.302834898233413696e-01
1.678790599107742310e-01
2.337123751640319824e-01
1.845291852951049805e-01
2.011481672525405884e-01
1.333834677934646606e-01
3.087250888347625732e-01
2.244173735380172729e-01
3.269225656986236572e-01
2.647829353809356689e-01
3.135695159435272217e-01
4.979019463062286377e-01
1.494475305080413818e-01
2.970074713230133057e-01
1.370737403631210327e-01
1.909473538398742676e-01
2.300519794225692749e-01
1.276109814643859863e-01
4.556723535060882568e-01
2.321584224700927734e-01
2.294553071260452271e-01
2.305362075567245483e-01
1.390902549028396606e-01
1.970635652542114258e-01
2.904945313930511475e-01
1.588098555803298950e-01
2.000835686922073364e-01
2.731671035289764404e-01
3.667010068893432617e-01
1.784728318452835083e-01
2.621781826019287109e-01
2.254118323326110840e-01
2.056207209825515747e-01
2.380929440259933472e-01
2.002238780260086060e-01
2.305870801210403442e-01
1.359024494886398315e-01
1.472607254981994629e-01
2.497462630271911621e-01
2.235146313905715942e-01
2.914068400859832764e-01
2.261396050453186035e-01
2.726847529411315918e-01
1.389674693346023560e-01
2.174339443445205688e-01
3.059003055095672607e-01
1.269827485084533691e-01
1.413082629442214966e-01
4.267407357692718506e-01
1.582417637109756470e-01
2.312285900115966797e-01
1.982121020555496216e-01
4.593483507633209229e-01
1.816886663436889648e-01
1.652732938528060913e-01
2.671230435371398926e-01
2.241665869951248169e-01
4.752110540866851807e-01
1.558227092027664185e-01
1.207767650485038757e-01
1.557837575674057007e-01
2.224918156862258911e-01
3.661731183528900146e-01
2.946203649044036865e-01
1.495903283357620239e-01
2.876943051815032959e-01
1.353915929794311523e-01
2.099495679140090942e-01
1.780506372451782227e-01
2.354519367218017578e-01
2.047771662473678589e-01
3.931427896022796631e-01
4.002737700939178467e-01
2.615064978599548340e-01
1.549265384674072266e-01
1.520003080368041992e-01
1.870946884155273438e-01
2.922753989696502686e-01
2.309480905532836914e-01
2.053287178277969360e-01
2.303804755210876465e-01
2.676229178905487061e-01
1.564071625471115112e-01
1.988418549299240112e-01
2.312532514333724976e-01
3.353329002857208252e-01
2.319703847169876099e-01
3.333127796649932861e-01
2.472022026777267456e-01
1.369591206312179565e-01
1.516028642654418945e-01
1.311456114053726196e-01
2.931820154190063477e-01
2.563827931880950928e-01
4.155026376247406006e-01
1.903521269559860229e-01
1.616433113813400269e-01
1.270697414875030518e-01
2.998380959033966064e-01
2.105238437652587891e-01
1.700580567121505737e-01
4.099738299846649170e-01
2.943599820137023926e-01
3.062239587306976318e-01
2.850029766559600830e-01
1.860721111297607422e-01
3.108273446559906006e-01
3.761318624019622803e-01
2.005117684602737427e-01
2.944475114345550537e-01
1.457607448101043701e-01
1.531583666801452637e-01
1.874736100435256958e-01
3.408497571945190430e-01
1.494068950414657593e-01
2.326212674379348755e-01
2.660982310771942139e-01
2.512954175472259521e-01
2.467829585075378418e-01
3.165573775768280029e-01
3.408991098403930664e-01
1.876147538423538208e-01
1.744024902582168579e-01
2.714433968067169189e-01
1.471163928508758545e-01
2.123119831085205078e-01
1.354345679283142090e-01
2.124757915735244751e-01
1.252626627683639526e-01
1.187149286270141602e-01
1.491305381059646606e-01
1.922734230756759644e-01
4.532134532928466797e-01
2.234309166669845581e-01
2.099450230598449707e-01
2.029490917921066284e-01
2.395602017641067505e-01
1.888896673917770386e-01
3.323568403720855713e-01
1.274488419294357300e-01
2.400496155023574829e-01
1.378187984228134155e-01
1.962106972932815552e-01
3.641559183597564697e-01
1.413543969392776489e-01
3.460933864116668701e-01
2.029642313718795776e-01
1.924410909414291382e-01
3.312502205371856689e-01
1.325712651014328003e-01
2.795122861862182617e-01
1.905542761087417603e-01
2.688229084014892578e-01
1.432274132966995239e-01
2.507225871086120605e-01
1.774450093507766724e-01
2.286594659090042114e-01
2.358799576759338379e-01
2.070408612489700317e-01
2.207426577806472778e-01
3.429436385631561279e-01
1.705973595380783081e-01
3.287113904953002930e-01
2.301933169364929199e-01
1.273969560861587524e-01
1.940402984619140625e-01
3.024236857891082764e-01
2.215804606676101685e-01
3.102745115756988525e-01
3.231579661369323730e-01
2.405267953872680664e-01
1.851442605257034302e-01
2.079835683107376099e-01
2.060207128524780273e-01
2.168461233377456665e-01
2.048006802797317505e-01
3.259322941303253174e-01
3.139980137348175049e-01
3.654287755489349365e-01
2.686998546123504639e-01
2.373952865600585938e-01
3.712041079998016357e-01
1.418688595294952393e-01
2.022145241498947144e-01
3.535234630107879639e-01
2.042806893587112427e-01
2.316951304674148560e-01
2.290745526552200317e-01
2.947854995727539062e-01
2.169681936502456665e-01
2.509021461009979248e-01
3.133169412612915039e-01
2.678142786026000977e-01
2.009200304746627808e-01
1.568144410848617554e-01
4.319774806499481201e-01
2.292607873678207397e-01
3.105084896087646484e-01
1.317378133535385132e-01
4.760411083698272705e-01
2.293407320976257324e-01
2.192657440900802612e-01
1.749518513679504395e-01
1.299443691968917847e-01
2.334986478090286255e-01
2.946969270706176758e-01
1.371631622314453125e-01
2.473377734422683716e-01
1.346930861473083496e-01
2.114661782979965210e-01
3.248310983180999756e-01
3.274461627006530762e-01
2.656313776969909668e-01
2.810700237751007080e-01
2.113251090049743652e-01
2.260791212320327759e-01
3.585373461246490479e-01
1.569443792104721069e-01
4.261087179183959961e-01
1.478431820869445801e-01
1.268527805805206299e-01
1.155788078904151917e-01
2.359575629234313965e-01
2.830646932125091553e-01
3.029222786426544189e-01
1.037257537245750427e-01
3.338945806026458740e-01
1.410988867282867432e-01
2.392030358314514160e-01
1.654749810695648193e-01
2.304586619138717651e-01
2.597069740295410156e-01
1.719716787338256836e-01
2.499521374702453613e-01
4.307571947574615479e-01
2.542133927345275879e-01
1.695488840341567993e-01
3.332135081291198730e-01
3.622711002826690674e-01
1.508334726095199585e-01
2.532773315906524658e-01
2.483373284339904785e-01
2.869483530521392822e-01
1.863896995782852173e-01
1.307932585477828979e-01
1.444252133369445801e-01
2.384343147277832031e-01
1.702380776405334473e-01
1.810733526945114136e-01
2.313999384641647339e-01
2.242493182420730591e-01
1.278334856033325195e-01
1.974508166313171387e-01
2.128513902425765991e-01
1.346269100904464722e-01
3.654789626598358154e-01
2.666821181774139404e-01
1.486795395612716675e-01
1.574364900588989258e-01
2.509352266788482666e-01
2.245962768793106079e-01
1.529130339622497559e-01
1.267791837453842163e-01
3.968434333801269531e-01
2.195028662681579590e-01
2.338360548019409180e-01
2.630245983600616455e-01
3.417571783065795898e-01
2.381514161825180054e-01
1.789027303457260132e-01
1.233428344130516052e-01
3.046152591705322266e-01
1.682613492012023926e-01
2.842046916484832764e-01
1.650605648756027222e-01
4.164692163467407227e-01
1.464297920465469360e-01
1.548370867967605591e-01
1.952419281005859375e-01
2.116092890501022339e-01
2.414786815643310547e-01
3.049925863742828369e-01
3.400687873363494873e-01
2.674252390861511230e-01
1.334634572267532349e-01
3.190014362335205078e-01
2.300417423248291016e-01
2.142737358808517456e-01
2.188705205917358398e-01
2.299928814172744751e-01
1.529140025377273560e-01
2.235005646944046021e-01
2.920010387897491455e-01
1.536190658807754517e-01
1.299555599689483643e-01
2.286095470190048218e-01
1.862554699182510376e-01
2.574602961540222168e-01
1.458941400051116943e-01
1.974533051252365112e-01
2.224705964326858521e-01
2.809133231639862061e-01
2.845412194728851318e-01
3.112901151180267334e-01
3.371768295764923096e-01
2.340069264173507690e-01
3.734351098537445068e-01
2.991267740726470947e-01
3.692705631256103516e-01
2.153408974409103394e-01
1.341897696256637573e-01
1.748465150594711304e-01
2.918195426464080811e-01
2.563381493091583252e-01
2.394078224897384644e-01
1.788612157106399536e-01
1.383792608976364136e-01
3.215186893939971924e-01
2.327898740768432617e-01
1.522697955369949341e-01
3.535077571868896484e-01
1.824993640184402466e-01
2.235621362924575806e-01
3.059355020523071289e-01
2.808438837528228760e-01
2.720777988433837891e-01
1.356489509344100952e-01
1.821739822626113892e-01
3.141819834709167480e-01
3.481641709804534912e-01
2.530699074268341064e-01
1.243538558483123779e-01
3.654471337795257568e-01
3.190491497516632080e-01
2.164724469184875488e-01
1.213372722268104553e-01
1.818296909332275391e-01
1.356914788484573364e-01
1.323738247156143188e-01
1.867117285728454590e-01
1.851062923669815063e-01
1.289342194795608521e-01
2.473234534263610840e-01
1.370774060487747192e-01
4.089865386486053467e-01
3.045701086521148682e-01
1.446240693330764771e-01
1.541753560304641724e-01
2.329750508069992065e-01
3.110471069812774658e-01
1.370069831609725952e-01
3.938102722167968750e-01
3.876859843730926514e-01
1.778142452239990234e-01
1.288040280342102051e-01
2.044759541749954224e-01
2.260787636041641235e-01
2.201768904924392700e-01
2.181166857481002808e-01
2.266574352979660034e-01
2.264741510152816772e-01
2.118518799543380737e-01
1.130915358662605286e-01
3.210871815681457520e-01
3.383411169052124023e-01
2.326549738645553589e-01
1.993221193552017212e-01
3.928594291210174561e-01
2.123147398233413696e-01
3.058415651321411133e-01
1.344048678874969482e-01
2.104549854993820190e-01
1.953305602073669434e-01
1.316875070333480835e-01
1.388911157846450806e-01
2.252146601676940918e-01
2.159675806760787964e-01
3.051656484603881836e-01
2.075951695442199707e-01
3.434387743473052979e-01
1.778989583253860474e-01
1.318400353193283081e-01
1.932550817728042603e-01
1.435002684593200684e-01
2.552929520606994629e-01
2.761320173740386963e-01
1.975494027137756348e-01
1.486796736717224121e-01
2.283229678869247437e-01
1.730777770280838013e-01
2.330593466758728027e-01
2.626053988933563232e-01
3.170399069786071777e-01
1.833497434854507446e-01
1.981949210166931152e-01
3.243267536163330078e-01
2.059019356966018677e-01
2.646916508674621582e-01
1.520872265100479126e-01
2.428571134805679321e-01
1.179936230182647705e-01
1.456849128007888794e-01
3.273048698902130127e-01
2.705020010471343994e-01
1.557741314172744751e-01
1.272152811288833618e-01
4.142665863037109375e-01
1.445114761590957642e-01
1.932636499404907227e-01
2.776311039924621582e-01
2.373848557472229004e-01
2.448222190141677856e-01
1.920723915100097656e-01
2.422132045030593872e-01
1.777240186929702759e-01
1.576836407184600830e-01
1.818109005689620972e-01
3.336714506149291992e-01
1.911008208990097046e-01
2.194562703371047974e-01
3.457827270030975342e-01
3.001886606216430664e-01
2.140046507120132446e-01
2.326243519783020020e-01
2.397170811891555786e-01
1.194691434502601624e-01
2.374957054853439331e-01
3.638719022274017334e-01
1.442022770643234253e-01
1.555118411779403687e-01
2.730732262134552002e-01
2.053716927766799927e-01
2.350368946790695190e-01
1.536440402269363403e-01
2.269991040229797363e-01
1.989281773567199707e-01
1.483833044767379761e-01
3.213746845722198486e-01
2.378488332033157349e-01
2.518804669380187988e-01
1.401651501655578613e-01
1.958504915237426758e-01
2.708524763584136963e-01
4.253665506839752197e-01
3.706828653812408447e-01
1.436562389135360718e-01
1.810414046049118042e-01
2.865527868270874023e-01
3.041428625583648682e-01
1.381713300943374634e-01
2.058844715356826782e-01
1.555141657590866089e-01
3.061369657516479492e-01
1.404701024293899536e-01
2.937329113483428955e-01
2.064806073904037476e-01
1.918075531721115112e-01
2.206318378448486328e-01
2.977886497974395752e-01
