2.071085721254348755e-01
1.768343299627304077e-01
1.356575042009353638e-01
2.081223726272583008e-01
1.230269894003868103e-01
1.406315416097640991e-01
5.387649536132812500e-01
1.992366760969161987e-01
1.661240607500076294e-01
2.557803690433502197e-01
1.699749380350112915e-01
1.388808339834213257e-01
2.455428689718246460e-01
1.958139538764953613e-01
1.438551098108291626e-01
1.422079652547836304e-01
2.243647575378417969e-01
2.036880701780319214e-01
1.819523125886917114e-01
1.606390625238418579e-01
2.060901969671249390e-01
2.106165438890457153e-01
1.514044851064682007e-01
1.734873056411743164e-01
1.436246484518051147e-01
2.028701156377792358e-01
2.427252978086471558e-01
1.728703230619430542e-01
1.384281367063522339e-01
1.352676600217819214e-01
1.645291596651077271e-01
1.383463591337203979e-01
2.040956169366836548e-01
1.733798235654830933e-01
1.856631487607955933e-01
2.098891288042068481e-01
2.296437770128250122e-01
2.087926715612411499e-01
2.103709429502487183e-01
1.306458562612533569e-01
1.344196349382400513e-01
2.193927615880966187e-01
3.332270681858062744e-01
1.879844069480895996e-01
1.812167912721633911e-01
2.183432430028915405e-01
2.227218151092529297e-01
1.970876455307006836e-01
2.594349086284637451e-01
2.098219394683837891e-01
1.375635415315628052e-01
1.888118237257003784e-01
2.331268042325973511e-01
1.384401470422744751e-01
1.573469191789627075e-01
4.106851816177368164e-01
1.402393281459808350e-01
1.256817430257797241e-01
2.383484095335006714e-01
1.868345588445663452e-01
2.056528180837631226e-01
1.304141879081726074e-01
1.648990064859390259e-01
1.475623697042465210e-01
2.183333635330200195e-01
1.324285119771957397e-01
2.322811633348464966e-01
1.175788268446922302e-01
2.092510461807250977e-01
2.223173826932907104e-01
1.478680521249771118e-01
1.293886452913284302e-01
1.783617287874221802e-01
2.043595761060714722e-01
1.981233507394790649e-01
1.254386156797409058e-01
1.867422312498092651e-01
1.998707056045532227e-01
2.041143923997879028e-01
1.893726140260696411e-01
1.588175147771835327e-01
1.396017968654632568e-01
2.210711687803268433e-01
1.558231562376022339e-01
1.994794160127639771e-01
1.779549717903137207e-01
1.828653663396835327e-01
1.573683172464370728e-01
1.462662965059280396e-01
1.598387211561203003e-01
1.288496851921081543e-01
1.419185549020767212e-01
2.189464420080184937e-01
1.967333704233169556e-01
1.474799364805221558e-01
1.651926487684249878e-01
1.816640645265579224e-01
2.056510448455810547e-01
2.396326065063476562e-01
2.505262196063995361e-01
1.659623980522155762e-01
1.320979744195938110e-01
1.617279201745986938e-01
1.558972597122192383e-01
2.189672440290451050e-01
1.902655810117721558e-01
2.393393367528915405e-01
2.202419042587280273e-01
1.253696829080581665e-01
1.316719204187393188e-01
1.912509649991989136e-01
1.461295187473297119e-01
1.582688242197036743e-01
1.272089630365371704e-01
3.446979820728302002e-01
1.337202340364456177e-01
1.579452604055404663e-01
1.611994653940200806e-01
1.725552827119827271e-01
1.614399850368499756e-01
2.297289371490478516e-01
1.503419876098632812e-01
1.695306748151779175e-01
1.747835874557495117e-01
1.364909112453460693e-01
1.803438514471054077e-01
1.907196789979934692e-01
1.653571873903274536e-01
1.450452953577041626e-01
1.992990225553512573e-01
2.049129605293273926e-01
2.197631001472473145e-01
1.697192043066024780e-01
1.616995483636856079e-01
1.803683191537857056e-01
1.906014680862426758e-01
1.616448760032653809e-01
1.445988565683364868e-01
1.976885646581649780e-01
1.128793656826019287e-01
2.026757746934890747e-01
1.391342729330062866e-01
1.825952529907226562e-01
1.569718569517135620e-01
1.550069004297256470e-01
1.795745342969894409e-01
2.147152274847030640e-01
1.915275454521179199e-01
1.749036312103271484e-01
1.078860834240913391e-01
1.484044343233108521e-01
1.379134804010391235e-01
1.776452660560607910e-01
2.018516510725021362e-01
1.253293007612228394e-01
1.500204652547836304e-01
1.682427972555160522e-01
2.365253567695617676e-01
2.742199003696441650e-01
3.294205367565155029e-01
2.485028654336929321e-01
1.373176872730255127e-01
1.496966034173965454e-01
1.651042401790618896e-01
1.472300142049789429e-01
1.877731829881668091e-01
1.612587720155715942e-01
1.977845877408981323e-01
1.676251888275146484e-01
1.904723495244979858e-01
1.768137961626052856e-01
1.488583981990814209e-01
1.561424285173416138e-01
2.416778057813644409e-01
1.313387006521224976e-01
1.687438488006591797e-01
1.865280717611312866e-01
1.446747183799743652e-01
1.594599038362503052e-01
1.498759984970092773e-01
1.666495203971862793e-01
2.729953527450561523e-01
1.828941255807876587e-01
1.850422620773315430e-01
1.874230057001113892e-01
1.163184642791748047e-01
1.680425852537155151e-01
1.388117820024490356e-01
1.736155003309249878e-01
1.917856484651565552e-01
2.344015836715698242e-01
1.855837106704711914e-01
1.301843971014022827e-01
1.430274695158004761e-01
1.516192704439163208e-01
1.913294643163681030e-01
1.470606774091720581e-01
2.011207789182662964e-01
2.497678250074386597e-01
2.195468395948410034e-01
1.867052763700485229e-01
1.817054599523544312e-01
1.491439342498779297e-01
1.809832304716110229e-01
2.812559902667999268e-01
1.675059795379638672e-01
1.432235389947891235e-01
1.410875171422958374e-01
1.651225090026855469e-01
1.997493058443069458e-01
1.736581176519393921e-01
1.949276477098464966e-01
1.548026949167251587e-01
1.968851685523986816e-01
1.648593246936798096e-01
1.602280288934707642e-01
1.868734359741210938e-01
1.822329312562942505e-01
1.978113800287246704e-01
1.498249769210815430e-01
1.111829206347465515e-01
1.440755873918533325e-01
4.251675307750701904e-01
1.492825299501419067e-01
2.204099148511886597e-01
1.775256246328353882e-01
1.642223149538040161e-01
2.079308032989501953e-01
2.566718161106109619e-01
4.373474121093750000e-01
1.830873489379882812e-01
1.563053876161575317e-01
1.775881499052047729e-01
1.745797544717788696e-01
1.720174103975296021e-01
1.635646522045135498e-01
1.527347713708877563e-01
1.274540722370147705e-01
1.758244782686233521e-01
2.225047796964645386e-01
2.009379267692565918e-01
1.923374533653259277e-01
2.008976787328720093e-01
1.960878968238830566e-01
1.580118387937545776e-01
1.897319555282592773e-01
1.480815708637237549e-01
1.554242521524429321e-01
1.506674438714981079e-01
1.634990721940994263e-01
1.567723900079727173e-01
1.698981076478958130e-01
2.165815383195877075e-01
1.778915077447891235e-01
2.554395198822021484e-01
1.681002825498580933e-01
1.342806965112686157e-01
2.032445669174194336e-01
1.881179958581924438e-01
1.291114240884780884e-01
1.097159460186958313e-01
1.428896784782409668e-01
2.243809849023818970e-01
1.737915873527526855e-01
2.779960930347442627e-01
4.780118763446807861e-01
1.846302002668380737e-01
1.651109606027603149e-01
1.272866129875183105e-01
1.399620473384857178e-01
3.283538818359375000e-01
1.955565959215164185e-01
2.046004980802536011e-01
1.408155113458633423e-01
1.816039234399795532e-01
1.317619234323501587e-01
1.506512016057968140e-01
2.017844319343566895e-01
2.394184470176696777e-01
2.720490396022796631e-01
1.706373244524002075e-01
1.660700291395187378e-01
2.289175242185592651e-01
1.761335134506225586e-01
1.902122050523757935e-01
1.771193593740463257e-01
2.103667259216308594e-01
1.512027829885482788e-01
1.887346655130386353e-01
1.729274839162826538e-01
2.367243766784667969e-01
1.882450431585311890e-01
1.599264144897460938e-01
1.882771998643875122e-01
1.348188072443008423e-01
1.831801682710647583e-01
1.796630620956420898e-01
1.334661096334457397e-01
2.526251077651977539e-01
1.537145823240280151e-01
1.824297308921813965e-01
1.785275936126708984e-01
2.123040705919265747e-01
1.736746579408645630e-01
1.379543691873550415e-01
1.912919431924819946e-01
1.875205487012863159e-01
1.619207412004470825e-01
2.843799889087677002e-01
2.045332789421081543e-01
1.489583402872085571e-01
1.693465113639831543e-01
1.389331817626953125e-01
2.176353931427001953e-01
2.374793291091918945e-01
1.877097636461257935e-01
1.778940707445144653e-01
1.582804024219512939e-01
1.485089212656021118e-01
2.306968569755554199e-01
1.341441124677658081e-01
1.507283598184585571e-01
1.956328153610229492e-01
1.744452863931655884e-01
1.944820284843444824e-01
1.879627108573913574e-01
1.433829218149185181e-01
1.344969421625137329e-01
1.543494611978530884e-01
1.606352776288986206e-01
1.658861190080642700e-01
1.628560721874237061e-01
1.618531346321105957e-01
1.647000163793563843e-01
1.345533132553100586e-01
1.576504260301589966e-01
1.298793852329254150e-01
2.841893434524536133e-01
1.560900658369064331e-01
2.238788604736328125e-01
2.065953016281127930e-01
1.331415623426437378e-01
1.544173806905746460e-01
1.467133909463882446e-01
1.967140585184097290e-01
1.597013026475906372e-01
1.915093064308166504e-01
2.874558269977569580e-01
1.992852240800857544e-01
1.480689495801925659e-01
2.172666937112808228e-01
1.619537174701690674e-01
1.506841629743576050e-01
3.185475170612335205e-01
2.130914181470870972e-01
2.171481251716613770e-01
2.124196439981460571e-01
2.400903701782226562e-01
1.534103602170944214e-01
1.565081775188446045e-01
1.750064492225646973e-01
1.767856329679489136e-01
1.696036010980606079e-01
1.701880544424057007e-01
1.349662989377975464e-01
1.894295662641525269e-01
1.966453343629837036e-01
2.527509033679962158e-01
1.634695678949356079e-01
1.991598159074783325e-01
1.768678277730941772e-01
1.796040534973144531e-01
1.811471134424209595e-01
1.807951927185058594e-01
1.670732349157333374e-01
1.762421131134033203e-01
1.895204037427902222e-01
1.488679647445678711e-01
4.117401540279388428e-01
1.346129775047302246e-01
2.590326368808746338e-01
2.028600424528121948e-01
2.816070616245269775e-01
1.630000621080398560e-01
1.637266278266906738e-01
1.615258008241653442e-01
2.494216710329055786e-01
1.934569031000137329e-01
2.002701908349990845e-01
1.673429459333419800e-01
1.469646841287612915e-01
2.068331092596054077e-01
1.459181457757949829e-01
1.954227834939956665e-01
2.378779500722885132e-01
1.347919702529907227e-01
1.924952119588851929e-01
1.543927937746047974e-01
2.219778448343276978e-01
1.379232853651046753e-01
1.727907508611679077e-01
2.149529010057449341e-01
1.973390430212020874e-01
1.631082743406295776e-01
1.749439090490341187e-01
1.823689341545104980e-01
1.885114461183547974e-01
1.989286690950393677e-01
1.813079565763473511e-01
1.018687412142753601e-01
1.497382819652557373e-01
2.152435928583145142e-01
1.869177818298339844e-01
1.814600974321365356e-01
1.686481684446334839e-01
1.483197361230850220e-01
2.020310610532760620e-01
1.598884910345077515e-01
1.691978573799133301e-01
1.453284770250320435e-01
1.453505605459213257e-01
1.511813402175903320e-01
1.815176755189895630e-01
1.672609299421310425e-01
1.763978600502014160e-01
1.784302443265914917e-01
2.162051945924758911e-01
6.120763421058654785e-01
4.952470362186431885e-01
1.084876731038093567e-01
1.151937469840049744e-01
1.822059899568557739e-01
1.894546598196029663e-01
1.553446203470230103e-01
1.952194720506668091e-01
1.791244745254516602e-01
1.897276639938354492e-01
1.814694851636886597e-01
1.832055598497390747e-01
1.735842227935791016e-01
1.877403259277343750e-01
1.545319408178329468e-01
1.556745320558547974e-01
2.186893373727798462e-01
2.714450061321258545e-01
1.851138919591903687e-01
1.416388005018234253e-01
2.244929522275924683e-01
1.614669114351272583e-01
2.271872311830520630e-01
1.599906235933303833e-01
1.497634649276733398e-01
1.481582224369049072e-01
2.653760612010955811e-01
2.141092568635940552e-01
1.823376268148422241e-01
1.410208791494369507e-01
2.016658633947372437e-01
1.703550070524215698e-01
1.683206558227539062e-01
1.688057631254196167e-01
1.622561663389205933e-01
1.703611612319946289e-01
1.559507399797439575e-01
1.783986538648605347e-01
1.098886430263519287e-01
1.672847121953964233e-01
1.746346950531005859e-01
2.502153813838958740e-01
1.633926481008529663e-01
1.626497060060501099e-01
1.901703923940658569e-01
1.420606970787048340e-01
2.224850654602050781e-01
1.857324391603469849e-01
1.603956371545791626e-01
1.336895972490310669e-01
1.336216330528259277e-01
2.556280195713043213e-01
1.682394891977310181e-01
1.388544589281082153e-01
2.005320191383361816e-01
2.171950787305831909e-01
2.325332760810852051e-01
1.281229108572006226e-01
2.340083569288253784e-01
1.469592601060867310e-01
1.829836964607238770e-01
1.638681292533874512e-01
1.512183398008346558e-01
1.990380436182022095e-01
1.875318735837936401e-01
1.069926023483276367e-01
2.472472935914993286e-01
2.313471883535385132e-01
1.698958426713943481e-01
1.797631829977035522e-01
1.609252840280532837e-01
1.638526171445846558e-01
1.968482136726379395e-01
1.233246102929115295e-01
2.270883470773696899e-01
1.806237697601318359e-01
2.046049088239669800e-01
2.177301496267318726e-01
1.559158712625503540e-01
1.458605527877807617e-01
1.032362207770347595e-01
3.696820735931396484e-01
1.557883322238922119e-01
1.317916810512542725e-01
1.650481671094894409e-01
1.178571581840515137e-01
2.420440316200256348e-01
2.583743631839752197e-01
1.959247440099716187e-01
1.980229616165161133e-01
1.905380487442016602e-01
2.063444405794143677e-01
1.729140132665634155e-01
1.742307394742965698e-01
1.802720874547958374e-01
2.638016343116760254e-01
2.175374031066894531e-01
1.693711727857589722e-01
1.896871477365493774e-01
2.387720793485641479e-01
1.955457329750061035e-01
1.718692034482955933e-01
1.668590903282165527e-01
1.037358567118644714e-01
2.959077656269073486e-01
1.423919647932052612e-01
2.796080708503723145e-01
1.947906613349914551e-01
1.353901475667953491e-01
1.538486033678054810e-01
1.601037085056304932e-01
1.294438093900680542e-01
1.468731313943862915e-01
2.535794079303741455e-01
2.045344114303588867e-01
1.628160923719406128e-01
1.601570397615432739e-01
2.101810425519943237e-01
1.779882758855819702e-01
2.161397188901901245e-01
1.831954121589660645e-01
1.672652512788772583e-01
1.934809833765029907e-01
1.723057180643081665e-01
1.467020511627197266e-01
2.148713618516921997e-01
1.850826591253280640e-01
1.548986285924911499e-01
1.734811514616012573e-01
1.781322509050369263e-01
1.225008144974708557e-01
2.090514898300170898e-01
1.556323617696762085e-01
2.173033207654953003e-01
1.152037009596824646e-01
2.120992094278335571e-01
1.155214011669158936e-01
2.911880910396575928e-01
1.357468962669372559e-01
1.498695462942123413e-01
2.523334622383117676e-01
1.697479486465454102e-01
1.479897946119308472e-01
1.611102074384689331e-01
1.718461513519287109e-01
1.968123465776443481e-01
1.774014681577682495e-01
1.463811993598937988e-01
2.028322219848632812e-01
1.208768114447593689e-01
1.260403096675872803e-01
1.752423048019409180e-01
2.147245258092880249e-01
2.037002891302108765e-01
1.802406460046768188e-01
1.925965994596481323e-01
5.669329762458801270e-01
1.840912103652954102e-01
1.856220960617065430e-01
3.286875188350677490e-01
1.486792713403701782e-01
1.252710819244384766e-01
1.765338182449340820e-01
1.932824701070785522e-01
2.001844495534896851e-01
1.889566183090209961e-01
1.460301429033279419e-01
1.785516887903213501e-01
2.801735699176788330e-01
1.739457398653030396e-01
1.600646972656250000e-01
1.334422677755355835e-01
1.841650456190109253e-01
1.601363569498062134e-01
2.648645341396331787e-01
1.746955364942550659e-01
1.364126205444335938e-01
1.585728377103805542e-01
1.658421009778976440e-01
2.115227580070495605e-01
1.948374509811401367e-01
2.239463329315185547e-01
1.690999716520309448e-01
2.117392420768737793e-01
1.586890667676925659e-01
1.615030318498611450e-01
1.520401835441589355e-01
1.940442770719528198e-01
2.378414273262023926e-01
1.470698863267898560e-01
1.674975603818893433e-01
1.737860590219497681e-01
1.789713352918624878e-01
2.282542735338211060e-01
1.587154865264892578e-01
1.722128391265869141e-01
1.584471762180328369e-01
1.251955032348632812e-01
2.549532651901245117e-01
1.832637637853622437e-01
2.047666311264038086e-01
2.068876624107360840e-01
2.137338519096374512e-01
1.028039082884788513e-01
1.589080095291137695e-01
2.684350609779357910e-01
1.407848745584487915e-01
1.804444789886474609e-01
2.213801592588424683e-01
1.292753666639328003e-01
2.429783493280410767e-01
2.080905437469482422e-01
1.695829629898071289e-01
1.963566094636917114e-01
1.477214843034744263e-01
2.028664946556091309e-01
2.380079180002212524e-01
1.539071351289749146e-01
2.237896174192428589e-01
1.958568841218948364e-01
2.176421284675598145e-01
1.691408306360244751e-01
2.056470364332199097e-01
1.703253388404846191e-01
1.519967466592788696e-01
1.696626543998718262e-01
1.933486461639404297e-01
1.340626925230026245e-01
2.048536986112594604e-01
1.570981889963150024e-01
2.131677418947219849e-01
2.048510313034057617e-01
1.888742297887802124e-01
2.246324568986892700e-01
2.046493887901306152e-01
1.848177462816238403e-01
2.273832112550735474e-01
1.530023962259292603e-01
2.810989916324615479e-01
2.120409011840820312e-01
1.904390305280685425e-01
2.060168981552124023e-01
2.082327604293823242e-01
1.185322776436805725e-01
1.291813850402832031e-01
1.847184449434280396e-01
1.920246481895446777e-01
1.635987311601638794e-01
1.918580532073974609e-01
1.880703419446945190e-01
2.137222886085510254e-01
1.949345469474792480e-01
1.892515271902084351e-01
1.667014509439468384e-01
2.545553147792816162e-01
1.626837104558944702e-01
1.700333803892135620e-01
1.682002395391464233e-01
1.214719191193580627e-01
3.254881203174591064e-01
1.858267635107040405e-01
2.943458855152130127e-01
1.274501681327819824e-01
1.529938131570816040e-01
2.793270349502563477e-01
2.360301762819290161e-01
2.136091738939285278e-01
1.398872882127761841e-01
1.248381137847900391e-01
2.137547582387924194e-01
1.575138568878173828e-01
1.764205247163772583e-01
1.786677390336990356e-01
2.321353554725646973e-01
1.919498890638351440e-01
2.530159652233123779e-01
1.570228487253189087e-01
1.267441511154174805e-01
1.533681899309158325e-01
1.607801169157028198e-01
1.716924458742141724e-01
1.636258661746978760e-01
2.509127557277679443e-01
1.646789461374282837e-01
1.969441920518875122e-01
1.538878083229064941e-01
1.697188168764114380e-01
4.615014493465423584e-01
1.452548205852508545e-01
1.408304274082183838e-01
1.973366290330886841e-01
2.226707935333251953e-01
3.057465851306915283e-01
1.489368081092834473e-01
1.204060390591621399e-01
2.148732542991638184e-01
1.772810667753219604e-01
1.645145565271377563e-01
1.984613388776779175e-01
1.818586587905883789e-01
2.059015631675720215e-01
1.875223964452743530e-01
1.721524149179458618e-01
2.235584408044815063e-01
2.069313526153564453e-01
2.341929525136947632e-01
1.598187088966369629e-01
1.500764489173889160e-01
1.406822353601455688e-01
1.679192930459976196e-01
1.744711399078369141e-01
1.872096657752990723e-01
1.785415261983871460e-01
1.662090718746185303e-01
1.500637084245681763e-01
1.689952611923217773e-01
2.653844058513641357e-01
1.681392788887023926e-01
2.831916809082031250e-01
1.604045182466506958e-01
1.927969902753829956e-01
1.966780424118041992e-01
1.938823461532592773e-01
1.607526391744613647e-01
1.561798900365829468e-01
1.814144849777221680e-01
1.622990369796752930e-01
2.155747562646865845e-01
2.005164027214050293e-01
1.802007704973220825e-01
1.842725127935409546e-01
1.198104247450828552e-01
2.255298346281051636e-01
1.705688685178756714e-01
1.945965290069580078e-01
2.594282925128936768e-01
1.863780021667480469e-01
2.580201923847198486e-01
1.603924632072448730e-01
1.801055818796157837e-01
2.243074625730514526e-01
2.117708474397659302e-01
1.330115795135498047e-01
1.881443709135055542e-01
1.851329058408737183e-01
1.771337389945983887e-01
2.556344568729400635e-01
1.469375938177108765e-01
1.328655928373336792e-01
1.981176584959030151e-01
1.929631084203720093e-01
1.871982216835021973e-01
1.734393686056137085e-01
2.009562999010086060e-01
1.651412993669509888e-01
1.907340735197067261e-01
3.533171713352203369e-01
1.895191520452499390e-01
1.829715967178344727e-01
1.682819575071334839e-01
1.900057196617126465e-01
1.706363409757614136e-01
1.864764541387557983e-01
1.882761567831039429e-01
1.371262818574905396e-01
1.892164200544357300e-01
2.172165662050247192e-01
1.594261378049850464e-01
1.427106708288192749e-01
1.856286525726318359e-01
1.501696556806564331e-01
2.024488896131515503e-01
2.394583076238632202e-01
2.065445035696029663e-01
2.678267657756805420e-01
2.301226407289505005e-01
1.525601893663406372e-01
1.663299351930618286e-01
1.823568791151046753e-01
1.609585285186767578e-01
2.493171095848083496e-01
2.738723158836364746e-01
2.462804764509201050e-01
3.422213494777679443e-01
2.020072788000106812e-01
1.883291155099868774e-01
1.309472471475601196e-01
1.919911503791809082e-01
1.957601457834243774e-01
1.597987413406372070e-01
2.437800765037536621e-01
1.476263254880905151e-01
2.452401071786880493e-01
1.795480698347091675e-01
1.676431745290756226e-01
2.278202772140502930e-01
1.297935694456100464e-01
2.134334295988082886e-01
2.650479376316070557e-01
1.657999753952026367e-01
1.507959961891174316e-01
1.269139051437377930e-01
1.314151734113693237e-01
1.531036347150802612e-01
1.822119206190109253e-01
2.001798599958419800e-01
2.159965485334396362e-01
1.194856986403465271e-01
2.019294649362564087e-01
2.798433005809783936e-01
1.619514971971511841e-01
1.626978069543838501e-01
1.685839444398880005e-01
1.819662004709243774e-01
1.772175282239913940e-01
1.635700017213821411e-01
2.859750688076019287e-01
1.833911687135696411e-01
1.811065226793289185e-01
2.014957070350646973e-01
1.919844150543212891e-01
2.378078699111938477e-01
1.904905289411544800e-01
1.687255650758743286e-01
1.676578521728515625e-01
1.566502898931503296e-01
2.233723402023315430e-01
1.481500416994094849e-01
1.522270441055297852e-01
2.121901363134384155e-01
1.509875506162643433e-01
1.714863330125808716e-01
1.677161902189254761e-01
1.619026958942413330e-01
1.582636237144470215e-01
1.960874795913696289e-01
1.913618296384811401e-01
1.572767347097396851e-01
1.107061728835105896e-01
1.416532248258590698e-01
1.721455603837966919e-01
1.919840574264526367e-01
1.528610438108444214e-01
2.049088031053543091e-01
2.005147933959960938e-01
1.769494414329528809e-01
1.446130424737930298e-01
2.235962748527526855e-01
2.073703259229660034e-01
1.492935866117477417e-01
1.935046911239624023e-01
2.103063613176345825e-01
1.704780012369155884e-01
1.699568480253219604e-01
1.748662143945693970e-01
1.823357939720153809e-01
1.801371574401855469e-01
1.516321301460266113e-01
1.256474554538726807e-01
2.379165142774581909e-01
2.138375192880630493e-01
1.515815407037734985e-01
1.986154317855834961e-01
1.130867004394531250e-01
1.754444390535354614e-01
1.199108734726905823e-01
1.323498338460922241e-01
1.380870193243026733e-01
1.977744549512863159e-01
1.635466068983078003e-01
1.523584425449371338e-01
1.273266226053237915e-01
1.915175467729568481e-01
2.386074066162109375e-01
1.588723212480545044e-01
1.849195957183837891e-01
1.536894142627716064e-01
1.309604942798614502e-01
1.918704956769943237e-01
2.131614089012145996e-01
1.526996940374374390e-01
2.686052024364471436e-01
1.285432279109954834e-01
1.878942102193832397e-01
1.340389698743820190e-01
1.178277134895324707e-01
1.447033882141113281e-01
2.313677072525024414e-01
1.901375502347946167e-01
1.564150452613830566e-01
1.515163034200668335e-01
1.776896566152572632e-01
1.376041024923324585e-01
1.745834499597549438e-01
1.912060230970382690e-01
1.618243008852005005e-01
2.274887561798095703e-01
1.917589753866195679e-01
1.707957834005355835e-01
1.552506685256958008e-01
1.482947319746017456e-01
2.186619192361831665e-01
1.421654820442199707e-01
2.038312703371047974e-01
1.954117864370346069e-01
1.696195751428604126e-01
1.895835846662521362e-01
1.198024526238441467e-01
1.514034867286682129e-01
1.806368827819824219e-01
1.407183259725570679e-01
2.103967666625976562e-01
2.184858769178390503e-01
1.721420288085937500e-01
1.819841712713241577e-01
1.857304126024246216e-01
1.511109024286270142e-01
1.800500005483627319e-01
1.930174976587295532e-01
2.213654369115829468e-01
2.169173210859298706e-01
2.284956425428390503e-01
1.837664097547531128e-01
1.631992459297180176e-01
1.580554693937301636e-01
1.341978907585144043e-01
2.037874013185501099e-01
1.569554358720779419e-01
1.964511722326278687e-01
1.496485769748687744e-01
1.966082900762557983e-01
2.175046801567077637e-01
1.572657823562622070e-01
1.882312446832656860e-01
2.191572636365890503e-01
1.909001469612121582e-01
1.844292432069778442e-01
1.640710383653640747e-01
1.701098531484603882e-01
2.168285250663757324e-01
1.492745429277420044e-01
1.692284494638442993e-01
1.160976067185401917e-01
2.057651430368423462e-01
2.201837301254272461e-01
1.673877984285354614e-01
2.250564843416213989e-01
1.831304877996444702e-01
2.394930869340896606e-01
1.494008153676986694e-01
9.931722283363342285e-02
2.391298562288284302e-01
5.228027701377868652e-01
1.950747519731521606e-01
1.479162424802780151e-01
1.899386644363403320e-01
1.340607851743698120e-01
1.801782399415969849e-01
1.654085963964462280e-01
2.308641076087951660e-01
1.879851818084716797e-01
1.682934314012527466e-01
1.470036208629608154e-01
1.367896646261215210e-01
1.731587052345275879e-01
3.044172823429107666e-01
1.705759763717651367e-01
2.035990506410598755e-01
1.805070489645004272e-01
1.815979927778244019e-01
1.763751953840255737e-01
1.700286418199539185e-01
1.777485758066177368e-01
1.446161866188049316e-01
1.802663207054138184e-01
1.924270987510681152e-01
1.917614340782165527e-01
1.630668938159942627e-01
2.093457579612731934e-01
1.316814720630645752e-01
1.123077571392059326e-01
2.092272490262985229e-01
2.103148251771926880e-01
1.721576005220413208e-01
2.059881240129470825e-01
1.947869807481765747e-01
1.502914130687713623e-01
1.978942155838012695e-01
1.641925722360610962e-01
1.485383063554763794e-01
2.118693143129348755e-01
1.927689313888549805e-01
2.544054090976715088e-01
1.373271793127059937e-01
2.485172003507614136e-01
1.912418603897094727e-01
2.333900481462478638e-01
1.783821135759353638e-01
1.626706123352050781e-01
1.543304771184921265e-01
1.785742044448852539e-01
1.279472410678863525e-01
2.330218702554702759e-01
1.599133461713790894e-01
2.104634046554565430e-01
2.419990748167037964e-01
2.162855863571166992e-01
1.449024081230163574e-01
1.700513362884521484e-01
1.235508695244789124e-01
1.960423439741134644e-01
1.289315223693847656e-01
1.505999565124511719e-01
2.570547163486480713e-01
1.763712167739868164e-01
1.665260344743728638e-01
2.263656109571456909e-01
1.475062668323516846e-01
2.047287970781326294e-01
1.741010397672653198e-01
1.976716071367263794e-01
1.412106156349182129e-01
1.579488664865493774e-01
1.706333756446838379e-01
2.000464797019958496e-01
1.594555228948593140e-01
2.093100696802139282e-01
1.898682266473770142e-01
3.315704762935638428e-01
1.578684747219085693e-01
1.842487603425979614e-01
1.942621320486068726e-01
1.528989225625991821e-01
2.008138447999954224e-01
2.177316099405288696e-01
1.393714249134063721e-01
1.090029552578926086e-01
2.066225260496139526e-01
2.022228837013244629e-01
1.969352364540100098e-01
2.209888249635696411e-01
1.731780320405960083e-01
2.729124426841735840e-01
2.062097340822219849e-01
1.368935257196426392e-01
1.359395980834960938e-01
1.585154682397842407e-01
1.649477481842041016e-01
1.441161036491394043e-01
1.490470170974731445e-01
1.876770704984664917e-01
1.613521128892898560e-01
1.535072922706604004e-01
1.976823061704635620e-01
1.185480058193206787e-01
1.921362280845642090e-01
1.548531800508499146e-01
2.082425206899642944e-01
1.518167406320571899e-01
1.578530818223953247e-01
2.414228767156600952e-01
1.494132727384567261e-01
1.986892819404602051e-01
1.319101005792617798e-01
1.694980412721633911e-01
1.685631275177001953e-01
2.054028958082199097e-01
1.837251633405685425e-01
1.817144900560379028e-01
1.518156379461288452e-01
1.663284152746200562e-01
1.523228883743286133e-01
1.807678937911987305e-01
1.228259801864624023e-01
1.635839790105819702e-01
1.881347894668579102e-01
1.711748838424682617e-01
1.400420814752578735e-01
2.484183907508850098e-01
1.653561145067214966e-01
2.658729255199432373e-01
1.734447032213211060e-01
1.719752699136734009e-01
1.845415383577346802e-01
1.741530746221542358e-01
1.889048814773559570e-01
1.431382745504379272e-01
1.518307179212570190e-01
1.447593420743942261e-01
9.635706543922424316e-01
1.951508373022079468e-01
1.476409435272216797e-01
1.469377726316452026e-01
2.248691171407699585e-01
1.884809732437133789e-01
2.193275243043899536e-01
1.987940222024917603e-01
1.636133939027786255e-01
1.561426669359207153e-01
1.356541961431503296e-01
1.966973543167114258e-01
1.588232219219207764e-01
1.153005957603454590e-01
1.122940406203269958e-01
1.634511351585388184e-01
1.385102719068527222e-01
1.880614012479782104e-01
1.699027270078659058e-01
1.690630763769149780e-01
1.322720497846603394e-01
1.819741129875183105e-01
1.506974250078201294e-01
1.480254977941513062e-01
1.653065830469131470e-01
1.857209205627441406e-01
1.794352531433105469e-01
1.855656057596206665e-01
1.885245293378829956e-01
1.600122302770614624e-01
1.241446360945701599e-01
2.993148267269134521e-01
1.928065270185470581e-01
1.463731080293655396e-01
1.803443878889083862e-01
2.385118752717971802e-01
1.574178785085678101e-01
2.420465201139450073e-01
1.446689069271087646e-01
3.904899358749389648e-01
1.745462566614151001e-01
2.032638192176818848e-01
1.930261850357055664e-01
2.335767745971679688e-01
2.456435412168502808e-01
1.676833480596542358e-01
2.184737920761108398e-01
1.735610365867614746e-01
2.658569514751434326e-01
1.440770626068115234e-01
1.410301774740219116e-01
1.622152328491210938e-01
1.225286722183227539e-01
2.342459410429000854e-01
2.612793445587158203e-01
2.703794538974761963e-01
1.580557078123092651e-01
2.085735946893692017e-01
1.470921486616134644e-01
1.884505003690719604e-01
2.042596936225891113e-01
1.799812316894531250e-01
1.698733419179916382e-01
1.038529947400093079e-01
2.885006666183471680e-01
2.330866307020187378e-01
1.832867264747619629e-01
1.265513151884078979e-01
2.689703702926635742e-01
2.261224240064620972e-01
1.798397749662399292e-01
1.867812871932983398e-01
1.647281646728515625e-01
1.628790348768234253e-01
2.701520621776580811e-01
2.118723839521408081e-01
1.285098642110824585e-01
1.699083596467971802e-01
2.514820098876953125e-01
2.067142128944396973e-01
2.092851549386978149e-01
1.644724458456039429e-01
2.607596218585968018e-01
1.518568247556686401e-01
1.281848996877670288e-01
2.685348391532897949e-01
1.933799982070922852e-01
1.940397024154663086e-01
1.539953351020812988e-01
1.340469121932983398e-01
2.427223175764083862e-01
2.172603011131286621e-01
1.796811074018478394e-01
1.696906536817550659e-01
1.578765213489532471e-01
1.787009984254837036e-01
2.137545794248580933e-01
1.266588419675827026e-01
1.714062094688415527e-01
2.041640877723693848e-01
1.651557683944702148e-01
2.413157671689987183e-01
1.552574038505554199e-01
2.358244508504867554e-01
1.741899698972702026e-01
2.030283808708190918e-01
1.726457923650741577e-01
1.733070462942123413e-01
1.554413288831710815e-01
1.700333803892135620e-01
4.250348806381225586e-01
1.812002062797546387e-01
1.617670804262161255e-01
1.881627291440963745e-01
1.628128886222839355e-01
1.780244261026382446e-01
1.229079365730285645e-01
1.510391682386398315e-01
1.833001822233200073e-01
1.361735314130783081e-01
2.385585308074951172e-01
2.037850022315979004e-01
1.616802066564559937e-01
1.405976563692092896e-01
1.330486983060836792e-01
1.782873272895812988e-01
2.481557130813598633e-01
1.637631058692932129e-01
2.030093520879745483e-01
1.891980022192001343e-01
1.294305771589279175e-01
1.901638060808181763e-01
1.432516872882843018e-01
1.297974139451980591e-01
2.270216941833496094e-01
1.485621333122253418e-01
1.962109655141830444e-01
1.643402874469757080e-01
1.495177298784255981e-01
1.859099119901657104e-01
2.316214442253112793e-01
1.764882802963256836e-01
1.450808793306350708e-01
2.008437514305114746e-01
1.894766539335250854e-01
2.114900499582290649e-01
1.475490480661392212e-01
2.274867296218872070e-01
1.106117591261863708e-01
1.462770849466323853e-01
1.723875999450683594e-01
1.960632652044296265e-01
1.811161637306213379e-01
1.511685103178024292e-01
1.538354009389877319e-01
1.436542570590972900e-01
1.826024055480957031e-01
1.126242503523826599e-01
1.377176493406295776e-01
2.464177459478378296e-01
1.650577038526535034e-01
1.601328253746032715e-01
2.392528802156448364e-01
1.543194353580474854e-01
2.412112206220626831e-01
1.420270055532455444e-01
2.124720960855484009e-01
1.317249983549118042e-01
1.538302451372146606e-01
1.781529933214187622e-01
2.030076235532760620e-01
1.500983685255050659e-01
1.256171911954879761e-01
1.794126033782958984e-01
2.066936343908309937e-01
1.351933926343917847e-01
2.141831070184707642e-01
2.610818147659301758e-01
2.907879650592803955e-01
1.417015343904495239e-01
1.601497679948806763e-01
1.214799880981445312e-01
1.621782928705215454e-01
1.203050017356872559e-01
1.649124026298522949e-01
1.362718045711517334e-01
2.101752310991287231e-01
1.526683419942855835e-01
1.537275463342666626e-01
1.683811992406845093e-01
1.801974773406982422e-01
1.208507716655731201e-01
1.183377280831336975e-01
1.764847189188003540e-01
1.611150503158569336e-01
2.305823415517807007e-01
1.925467252731323242e-01
2.017380595207214355e-01
2.085798233747482300e-01
1.539828628301620483e-01
1.996572762727737427e-01
2.477614134550094604e-01
1.333746165037155151e-01
1.462218314409255981e-01
1.698400229215621948e-01
1.799321025609970093e-01
1.489480882883071899e-01
1.669942587614059448e-01
1.877221018075942993e-01
1.158232986927032471e-01
1.365567445755004883e-01
1.908566355705261230e-01
2.517702579498291016e-01
2.430834323167800903e-01
2.064942568540573120e-01
1.538903117179870605e-01
1.478575915098190308e-01
2.172561436891555786e-01
2.060848623514175415e-01
1.866489201784133911e-01
1.653862744569778442e-01
1.954461783170700073e-01
1.479553729295730591e-01
1.800035089254379272e-01
2.036514431238174438e-01
1.932107657194137573e-01
1.849039047956466675e-01
1.878420561552047729e-01
2.084965705871582031e-01
3.558478355407714844e-01
1.437781304121017456e-01
1.450837701559066772e-01
1.249736323952674866e-01
1.905310600996017456e-01
1.472922414541244507e-01
1.567895412445068359e-01
1.449484676122665405e-01
1.963980644941329956e-01
1.913319230079650879e-01
1.304090619087219238e-01
2.164810299873352051e-01
1.556055098772048950e-01
1.518926322460174561e-01
2.003985047340393066e-01
2.025319337844848633e-01
1.878564506769180298e-01
1.789823770523071289e-01
1.863178163766860962e-01
1.541650444269180298e-01
1.487861871719360352e-01
1.458698958158493042e-01
2.226678133010864258e-01
1.646583229303359985e-01
1.578770875930786133e-01
1.807446479797363281e-01
1.715018004179000854e-01
1.720278859138488770e-01
1.615490317344665527e-01
1.679131537675857544e-01
1.626339703798294067e-01
1.707763671875000000e-01
1.426945179700851440e-01
1.440750807523727417e-01
1.666921228170394897e-01
1.770572811365127563e-01
1.707424670457839966e-01
1.662350744009017944e-01
1.601121276617050171e-01
1.751182526350021362e-01
2.897661328315734863e-01
2.017019242048263550e-01
1.851613521575927734e-01
2.022121995687484741e-01
1.303696781396865845e-01
1.534681171178817749e-01
2.564473450183868408e-01
2.149283438920974731e-01
2.132633924484252930e-01
2.775479257106781006e-01
1.106043532490730286e-01
8.889292925596237183e-02
1.606310755014419556e-01
1.772596985101699829e-01
1.950453519821166992e-01
6.122826337814331055e-01
1.696839928627014160e-01
1.157989278435707092e-01
1.985180377960205078e-01
1.732427477836608887e-01
1.724032610654830933e-01
2.028331756591796875e-01
1.076989099383354187e-01
1.804487109184265137e-01
1.504879146814346313e-01
2.299559116363525391e-01
1.628770679235458374e-01
1.210660710930824280e-01
1.847406625747680664e-01
3.525991439819335938e-01
2.462167739868164062e-01
2.966234087944030762e-01
1.231573447585105896e-01
2.717948853969573975e-01
1.810992211103439331e-01
1.487341523170471191e-01
1.880387216806411743e-01
1.852573603391647339e-01
1.699342578649520874e-01
1.836614757776260376e-01
2.177950143814086914e-01
1.283316761255264282e-01
1.882148385047912598e-01
1.515474468469619751e-01
1.852274984121322632e-01
1.759285479784011841e-01
2.458601742982864380e-01
1.521780490875244141e-01
2.135909795761108398e-01
1.586579233407974243e-01
2.271669358015060425e-01
2.076407670974731445e-01
2.129922658205032349e-01
1.980856209993362427e-01
2.105123251676559448e-01
1.659247726202011108e-01
1.699062138795852661e-01
1.595534384250640869e-01
2.074225544929504395e-01
1.817163676023483276e-01
1.304371207952499390e-01
2.044308632612228394e-01
1.475477814674377441e-01
1.748620718717575073e-01
1.170964539051055908e-01
2.043546438217163086e-01
1.685039550065994263e-01
1.388501524925231934e-01
2.187547534704208374e-01
2.189187556505203247e-01
1.499430537223815918e-01
2.272478491067886353e-01
1.852980107069015503e-01
1.503724902868270874e-01
2.254514694213867188e-01
2.306751161813735962e-01
2.209279090166091919e-01
2.147437930107116699e-01
1.829657554626464844e-01
2.109950184822082520e-01
1.321033686399459839e-01
1.684589385986328125e-01
1.503036022186279297e-01
1.738183498382568359e-01
1.401248425245285034e-01
1.685322970151901245e-01
2.268631309270858765e-01
1.650766581296920776e-01
1.798730492591857910e-01
1.769904494285583496e-01
1.795022487640380859e-01
1.347975134849548340e-01
1.776338666677474976e-01
1.771858781576156616e-01
1.553652137517929077e-01
1.346553266048431396e-01
1.528255194425582886e-01
1.597809493541717529e-01
2.139761298894882202e-01
1.431653350591659546e-01
1.511103063821792603e-01
1.298868507146835327e-01
1.461855918169021606e-01
2.623436152935028076e-01
1.813403218984603882e-01
1.994041353464126587e-01
1.393151432275772095e-01
1.716382652521133423e-01
1.662183403968811035e-01
1.814657300710678101e-01
1.839092969894409180e-01
1.502996683120727539e-01
2.010530233383178711e-01
1.323374062776565552e-01
1.711084693670272827e-01
1.666938811540603638e-01
1.715072393417358398e-01
1.778344511985778809e-01
2.116897553205490112e-01
2.077569514513015747e-01
1.334385871887207031e-01
4.514188468456268311e-01
2.189653664827346802e-01
1.721934527158737183e-01
2.616245746612548828e-01
3.564921319484710693e-01
1.794293522834777832e-01
2.502369582653045654e-01
1.878774911165237427e-01
4.781053066253662109e-01
2.003034502267837524e-01
1.378910392522811890e-01
1.752167791128158569e-01
1.845450848340988159e-01
1.980013698339462280e-01
1.405154019594192505e-01
1.754782199859619141e-01
1.649500578641891479e-01
1.607365161180496216e-01
1.458908766508102417e-01
2.377341985702514648e-01
1.422203928232192993e-01
6.155743002891540527e-01
1.334830522537231445e-01
1.501800864934921265e-01
1.896638125181198120e-01
1.434333771467208862e-01
1.539529412984848022e-01
1.139521226286888123e-01
5.646466612815856934e-01
1.946278065443038940e-01
1.506937444210052490e-01
1.371829956769943237e-01
1.358236521482467651e-01
2.028367668390274048e-01
1.724989414215087891e-01
1.578807085752487183e-01
3.500310480594635010e-01
1.258015632629394531e-01
1.902062147855758667e-01
1.968450993299484253e-01
1.706387251615524292e-01
1.921800523996353149e-01
1.729460358619689941e-01
1.644643694162368774e-01
2.427810430526733398e-01
1.452206224203109741e-01
1.337116807699203491e-01
1.504282802343368530e-01
1.461047828197479248e-01
1.742245554924011230e-01
1.732184439897537231e-01
1.834507435560226440e-01
2.000419348478317261e-01
1.417990773916244507e-01
1.344942599534988403e-01
1.239639520645141602e-01
1.942350268363952637e-01
2.095490097999572754e-01
1.172856688499450684e-01
1.669098138809204102e-01
4.084372222423553467e-01
1.486128568649291992e-01
2.654563486576080322e-01
1.822305172681808472e-01
1.686152219772338867e-01
1.662337034940719604e-01
1.108060851693153381e-01
1.717151999473571777e-01
1.678395718336105347e-01
2.922076880931854248e-01
2.313140779733657837e-01
1.855596750974655151e-01
2.959364354610443115e-01
1.531535238027572632e-01
1.634673923254013062e-01
1.427202522754669189e-01
1.743388175964355469e-01
4.061993062496185303e-01
1.455059796571731567e-01
2.461232393980026245e-01
2.160903215408325195e-01
1.520440429449081421e-01
1.312182098627090454e-01
2.082652896642684937e-01
1.413310766220092773e-01
1.805539578199386597e-01
4.548181295394897461e-01
2.494487762451171875e-01
1.683110147714614868e-01
1.435134559869766235e-01
1.915341168642044067e-01
1.582291573286056519e-01
1.608359962701797485e-01
3.128766119480133057e-01
1.341589540243148804e-01
1.627757698297500610e-01
1.298094391822814941e-01
1.933991312980651855e-01
1.319298595190048218e-01
2.276681512594223022e-01
1.597166210412979126e-01
1.804150342941284180e-01
1.158670708537101746e-01
1.815058737993240356e-01
2.011480331420898438e-01
1.306182593107223511e-01
1.481668502092361450e-01
1.865217536687850952e-01
1.501743644475936890e-01
2.275516986846923828e-01
1.639710813760757446e-01
1.526521593332290649e-01
2.332375049591064453e-01
1.561744660139083862e-01
1.727788001298904419e-01
1.528268903493881226e-01
1.848524659872055054e-01
1.309695094823837280e-01
1.664776206016540527e-01
1.973814815282821655e-01
2.050567716360092163e-01
1.658708602190017700e-01
1.998767852783203125e-01
1.658828705549240112e-01
1.756046861410140991e-01
1.541976481676101685e-01
2.116324156522750854e-01
2.034167498350143433e-01
1.989068835973739624e-01
1.472545266151428223e-01
1.583897173404693604e-01
2.524128854274749756e-01
1.116919592022895813e-01
2.331026047468185425e-01
1.819140762090682983e-01
1.834097057580947876e-01
1.965438574552536011e-01
1.198332905769348145e-01
2.776283025741577148e-01
1.471657752990722656e-01
2.951394617557525635e-01
1.640179157257080078e-01
2.154214382171630859e-01
2.834393084049224854e-01
1.479549258947372437e-01
1.818645149469375610e-01
1.977489143610000610e-01
2.013742923736572266e-01
1.270539313554763794e-01
1.230445131659507751e-01
1.562475115060806274e-01
1.342345327138900757e-01
2.574056982994079590e-01
1.428752392530441284e-01
2.283961325883865356e-01
2.259523272514343262e-01
1.391083598136901855e-01
1.432072669267654419e-01
2.013343572616577148e-01
6.748165488243103027e-01
2.110536545515060425e-01
1.788760274648666382e-01
1.357647776603698730e-01
2.066963464021682739e-01
2.371352910995483398e-01
1.769985109567642212e-01
2.155809253454208374e-01
1.805017143487930298e-01
1.627726107835769653e-01
2.015522867441177368e-01
1.650208383798599243e-01
1.495974808931350708e-01
2.249847054481506348e-01
1.571655720472335815e-01
2.821161150932312012e-01
2.067811638116836548e-01
1.906126588582992554e-01
3.425730764865875244e-01
1.265143156051635742e-01
2.170231193304061890e-01
2.465782612562179565e-01
1.141534075140953064e-01
1.502016633749008179e-01
1.630673408508300781e-01
2.434832453727722168e-01
1.781718581914901733e-01
2.535200417041778564e-01
1.822478324174880981e-01
1.330816298723220825e-01
1.482595354318618774e-01
1.653397828340530396e-01
1.682955622673034668e-01
1.362087428569793701e-01
2.270074337720870972e-01
1.490209251642227173e-01
2.446635812520980835e-01
1.553726345300674438e-01
1.461517065763473511e-01
1.488263905048370361e-01
2.040696591138839722e-01
1.597258597612380981e-01
1.961217075586318970e-01
1.385366767644882202e-01
1.517904996871948242e-01
2.830604016780853271e-01
1.254964023828506470e-01
1.424367874860763550e-01
1.994384527206420898e-01
1.596453040838241577e-01
2.418365925550460815e-01
3.020107746124267578e-01
1.700859069824218750e-01
1.317405849695205688e-01
1.649567335844039917e-01
1.717207282781600952e-01
1.436811238527297974e-01
1.870925426483154297e-01
1.390677839517593384e-01
1.901574730873107910e-01
1.508549600839614868e-01
1.400606185197830200e-01
1.624679267406463623e-01
2.052627056837081909e-01
1.508150547742843628e-01
1.801918745040893555e-01
1.646638810634613037e-01
2.187137603759765625e-01
1.999303698539733887e-01
1.854340434074401855e-01
1.529935598373413086e-01
1.962742209434509277e-01
1.625428050756454468e-01
2.751425504684448242e-01
1.715959310531616211e-01
1.467389166355133057e-01
1.703686863183975220e-01
4.817249476909637451e-01
1.524739712476730347e-01
1.789743304252624512e-01
1.818820238113403320e-01
1.352957636117935181e-01
1.291968375444412231e-01
1.186730936169624329e-01
1.168773174285888672e-01
2.075707763433456421e-01
2.046623080968856812e-01
1.520943045616149902e-01
1.440582722425460815e-01
1.748243570327758789e-01
2.351149320602416992e-01
2.142305970191955566e-01
1.962115615606307983e-01
1.544743329286575317e-01
1.888271570205688477e-01
1.512617170810699463e-01
1.887193471193313599e-01
1.389280408620834351e-01
2.346998453140258789e-01
1.457587033510208130e-01
2.251966595649719238e-01
1.697513014078140259e-01
1.897606402635574341e-01
2.569003403186798096e-01
1.552699059247970581e-01
1.749548166990280151e-01
1.533925682306289673e-01
1.876734346151351929e-01
1.713618487119674683e-01
1.561760008335113525e-01
2.153540253639221191e-01
1.953158974647521973e-01
2.011028677225112915e-01
1.653924137353897095e-01
9.963915497064590454e-02
1.462712138891220093e-01
1.532936841249465942e-01
1.941533535718917847e-01
1.213658079504966736e-01
1.507773399353027344e-01
1.739254444837570190e-01
1.584916859865188599e-01
1.461282372474670410e-01
1.795365363359451294e-01
1.494636684656143188e-01
2.015656381845474243e-01
1.588065177202224731e-01
2.142094820737838745e-01
1.713563203811645508e-01
2.341362088918685913e-01
1.816563159227371216e-01
2.248955965042114258e-01
2.442850917577743530e-01
1.700451374053955078e-01
9.790522605180740356e-02
2.265284061431884766e-01
1.852700263261795044e-01
2.034816741943359375e-01
1.597778052091598511e-01
1.510502099990844727e-01
1.225934997200965881e-01
1.910967379808425903e-01
1.671314835548400879e-01
1.706825047731399536e-01
2.370382994413375854e-01
1.611301749944686890e-01
1.818343847990036011e-01
1.898887306451797485e-01
2.425350546836853027e-01
1.113362908363342285e-01
2.005607634782791138e-01
1.553319394588470459e-01
1.867069005966186523e-01
1.357758492231369019e-01
2.262866944074630737e-01
1.746880412101745605e-01
2.837048768997192383e-01
2.393545657396316528e-01
5.183183550834655762e-01
1.334456950426101685e-01
1.689762324094772339e-01
2.140125781297683716e-01
2.140986770391464233e-01
1.448698043823242188e-01
1.124941706657409668e-01
2.405087500810623169e-01
1.701990365982055664e-01
1.552601605653762817e-01
1.650018841028213501e-01
1.829843521118164062e-01
1.512497216463088989e-01
1.824745982885360718e-01
1.641926914453506470e-01
3.659019768238067627e-01
1.942878812551498413e-01
1.819393187761306763e-01
1.951706409454345703e-01
1.242515817284584045e-01
1.161338910460472107e-01
2.416712045669555664e-01
1.768845766782760620e-01
1.568824499845504761e-01
1.602862328290939331e-01
1.762415915727615356e-01
1.712282299995422363e-01
2.044298201799392700e-01
1.558474451303482056e-01
1.712548732757568359e-01
1.720637828111648560e-01
1.722645163536071777e-01
1.957557946443557739e-01
1.355312317609786987e-01
2.041860818862915039e-01
1.914878636598587036e-01
2.340203523635864258e-01
1.511169821023941040e-01
1.184983253479003906e-01
1.736928820610046387e-01
1.844152808189392090e-01
1.407595872879028320e-01
1.032528951764106750e-01
1.434012502431869507e-01
1.691874712705612183e-01
2.255653589963912964e-01
1.550502777099609375e-01
1.530966907739639282e-01
2.129457592964172363e-01
1.623986512422561646e-01
1.211222410202026367e-01
1.530963927507400513e-01
1.738463044166564941e-01
2.423345297574996948e-01
2.347456216812133789e-01
1.993114799261093140e-01
2.230767607688903809e-01
1.730058193206787109e-01
1.747462153434753418e-01
1.245926618576049805e-01
2.381466776132583618e-01
2.214015722274780273e-01
1.609723716974258423e-01
1.501667648553848267e-01
2.259927392005920410e-01
1.537656784057617188e-01
1.911516189575195312e-01
1.214479804039001465e-01
1.470030695199966431e-01
1.826263219118118286e-01
2.330033034086227417e-01
1.464716643095016479e-01
1.648567914962768555e-01
2.638086378574371338e-01
3.567899465560913086e-01
2.729872763156890869e-01
1.650745421648025513e-01
2.679364681243896484e-01
1.887214183807373047e-01
1.540602594614028931e-01
1.856460571289062500e-01
1.913307458162307739e-01
2.755307257175445557e-01
1.473797708749771118e-01
1.614369153976440430e-01
1.143919825553894043e-01
1.995410174131393433e-01
1.633933335542678833e-01
1.660635024309158325e-01
2.380923032760620117e-01
1.863092631101608276e-01
1.984118372201919556e-01
1.729479879140853882e-01
1.853356808423995972e-01
2.005944699048995972e-01
1.614811867475509644e-01
1.403041929006576538e-01
1.835270076990127563e-01
1.918231248855590820e-01
1.220014020800590515e-01
1.453099697828292847e-01
2.039815187454223633e-01
1.470881551504135132e-01
2.130437046289443970e-01
1.723194867372512817e-01
1.598860025405883789e-01
1.552928835153579712e-01
1.792834848165512085e-01
1.788703054189682007e-01
1.493086516857147217e-01
2.018492966890335083e-01
1.776953488588333130e-01
2.473010271787643433e-01
2.024512887001037598e-01
1.797078400850296021e-01
1.930589824914932251e-01
1.271304637193679810e-01
1.700353622436523438e-01
2.431346625089645386e-01
1.196165308356285095e-01
2.136232256889343262e-01
2.081144601106643677e-01
2.404790371656417847e-01
2.639803886413574219e-01
1.890278309583663940e-01
1.766132116317749023e-01
1.731578558683395386e-01
1.558448821306228638e-01
1.527789533138275146e-01
1.410469263792037964e-01
1.403017789125442505e-01
1.869240999221801758e-01
1.771357059478759766e-01
2.116006463766098022e-01
4.470656812191009521e-01
1.813474744558334351e-01
1.743255257606506348e-01
1.936091035604476929e-01
2.061677426099777222e-01
1.615061014890670776e-01
1.578163653612136841e-01
1.520173996686935425e-01
1.470887213945388794e-01
1.977754384279251099e-01
1.489270478487014771e-01
1.755780726671218872e-01
1.644349545240402222e-01
2.310475260019302368e-01
1.512177139520645142e-01
4.473285973072052002e-01
1.393278241157531738e-01
2.173835784196853638e-01
2.662663161754608154e-01
1.564211696386337280e-01
1.832040101289749146e-01
2.355374842882156372e-01
1.309901177883148193e-01
1.407548934221267700e-01
2.206227779388427734e-01
1.943904608488082886e-01
1.373144984245300293e-01
1.327770054340362549e-01
1.920664906501770020e-01
2.299357801675796509e-01
1.583727449178695679e-01
1.594549417495727539e-01
1.937591284513473511e-01
1.887895315885543823e-01
2.217572331428527832e-01
1.629675179719924927e-01
1.899028569459915161e-01
1.622343510389328003e-01
1.602659672498703003e-01
1.456444412469863892e-01
2.310948967933654785e-01
1.686057448387145996e-01
1.841055899858474731e-01
2.136696130037307739e-01
1.250426471233367920e-01
1.740161180496215820e-01
1.231129169464111328e-01
1.959189176559448242e-01
1.401614695787429810e-01
1.465988755226135254e-01
1.060146391391754150e-01
1.222829222679138184e-01
1.539961248636245728e-01
1.637784391641616821e-01
1.857641786336898804e-01
2.339837402105331421e-01
1.727744340896606445e-01
2.839733660221099854e-01
2.199511975049972534e-01
1.617916375398635864e-01
1.596595793962478638e-01
3.131883442401885986e-01
1.742718815803527832e-01
1.587498337030410767e-01
1.676423996686935425e-01
1.899987012147903442e-01
1.687705963850021362e-01
2.503408193588256836e-01
2.095352560281753540e-01
1.699566245079040527e-01
2.010812014341354370e-01
1.497107297182083130e-01
1.771077662706375122e-01
1.648347824811935425e-01
1.435029953718185425e-01
1.493609696626663208e-01
1.042167022824287415e-01
1.272232234477996826e-01
1.568720340728759766e-01
2.606043815612792969e-01
1.136968061327934265e-01
1.393730789422988892e-01
2.432581931352615356e-01
2.084916383028030396e-01
1.330991387367248535e-01
1.521648019552230835e-01
1.910681128501892090e-01
2.633127570152282715e-01
1.457066535949707031e-01
1.310979723930358887e-01
1.412899941205978394e-01
1.859347373247146606e-01
1.580873131752014160e-01
1.477099061012268066e-01
1.541886031627655029e-01
1.735236197710037231e-01
1.504933089017868042e-01
2.178034335374832153e-01
2.115871757268905640e-01
1.146919205784797668e-01
1.488171666860580444e-01
1.679259538650512695e-01
1.677659004926681519e-01
1.109929382801055908e-01
1.708307415246963501e-01
1.489624977111816406e-01
1.835859566926956177e-01
1.193009987473487854e-01
1.538063734769821167e-01
1.815339922904968262e-01
1.256230473518371582e-01
4.778796136379241943e-01
2.220743447542190552e-01
1.931662708520889282e-01
1.407134979963302612e-01
1.580020338296890259e-01
1.904430240392684937e-01
1.585297584533691406e-01
1.510231047868728638e-01
1.682407855987548828e-01
1.350018233060836792e-01
1.390735954046249390e-01
2.651560306549072266e-01
1.708571314811706543e-01
1.737193018198013306e-01
2.218880504369735718e-01
1.808928996324539185e-01
1.640988141298294067e-01
2.437340617179870605e-01
1.145284101366996765e-01
1.598122268915176392e-01
1.421734094619750977e-01
1.410831212997436523e-01
1.628266721963882446e-01
1.868808120489120483e-01
1.493226885795593262e-01
1.374947875738143921e-01
1.835896223783493042e-01
2.264489978551864624e-01
1.954758316278457642e-01
1.799958348274230957e-01
1.952038854360580444e-01
1.765849590301513672e-01
2.435868382453918457e-01
2.472772747278213501e-01
2.458695620298385620e-01
1.303954124450683594e-01
1.513036936521530151e-01
2.540432512760162354e-01
1.942866891622543335e-01
1.725842952728271484e-01
1.677915602922439575e-01
1.545128226280212402e-01
1.740754097700119019e-01
1.859574317932128906e-01
2.111857980489730835e-01
1.067475304007530212e-01
1.488330811262130737e-01
1.725033074617385864e-01
1.654118895530700684e-01
1.750323027372360229e-01
2.912031710147857666e-01
1.909677535295486450e-01
1.618099808692932129e-01
1.778275519609451294e-01
1.776727437973022461e-01
1.516344398260116577e-01
2.390225678682327271e-01
1.832281202077865601e-01
1.380661278963088989e-01
2.062917798757553101e-01
1.582524031400680542e-01
2.074369192123413086e-01
2.240369170904159546e-01
1.423556953668594360e-01
1.932945847511291504e-01
1.336198896169662476e-01
2.039645910263061523e-01
1.448133438825607300e-01
1.909147948026657104e-01
1.800906658172607422e-01
1.770667880773544312e-01
1.705606430768966675e-01
2.011904120445251465e-01
1.510154753923416138e-01
1.487004011869430542e-01
1.593412160873413086e-01
2.216321080923080444e-01
1.929179280996322632e-01
1.377310305833816528e-01
3.269453048706054688e-01
1.675744801759719849e-01
1.761899739503860474e-01
2.892365753650665283e-01
1.465722471475601196e-01
1.226801872253417969e-01
2.274293452501296997e-01
2.127714902162551880e-01
2.848819196224212646e-01
1.525840908288955688e-01
2.404447793960571289e-01
2.613817751407623291e-01
1.649567037820816040e-01
2.329301685094833374e-01
1.891737580299377441e-01
1.222892329096794128e-01
1.890685558319091797e-01
1.674351096153259277e-01
2.040807008743286133e-01
1.326601654291152954e-01
2.262178659439086914e-01
1.365140825510025024e-01
1.378785520792007446e-01
1.855679750442504883e-01
1.767442077398300171e-01
1.229215860366821289e-01
1.464827954769134521e-01
1.398526579141616821e-01
1.962198019027709961e-01
1.989199370145797729e-01
1.877910345792770386e-01
1.444631218910217285e-01
1.329932361841201782e-01
2.580634057521820068e-01
1.685330122709274292e-01
1.664680689573287964e-01
2.433664351701736450e-01
1.635770350694656372e-01
1.856517940759658813e-01
1.464798152446746826e-01
1.680595129728317261e-01
1.278815716505050659e-01
1.780293434858322144e-01
1.764827370643615723e-01
1.182342246174812317e-01
1.768111586570739746e-01
1.775312423706054688e-01
1.618071049451828003e-01
2.092993259429931641e-01
1.309414654970169067e-01
1.551857739686965942e-01
2.029743939638137817e-01
1.287154406309127808e-01
1.731197834014892578e-01
1.694781631231307983e-01
1.838580816984176636e-01
2.557467520236968994e-01
1.821850091218948364e-01
1.408901065587997437e-01
3.168082833290100098e-01
1.898727416992187500e-01
2.141199111938476562e-01
1.359613090753555298e-01
2.112426906824111938e-01
1.300948262214660645e-01
1.789297014474868774e-01
1.703702658414840698e-01
2.643434405326843262e-01
1.704961806535720825e-01
2.331017851829528809e-01
1.993139982223510742e-01
2.290336936712265015e-01
1.863673329353332520e-01
1.406247913837432861e-01
1.714444905519485474e-01
1.716260313987731934e-01
2.283506840467453003e-01
1.424295157194137573e-01
1.464001983404159546e-01
2.157137244939804077e-01
1.437918990850448608e-01
1.471915394067764282e-01
1.686234623193740845e-01
1.940737366676330566e-01
1.322527378797531128e-01
2.295845896005630493e-01
2.793717384338378906e-01
2.270766943693161011e-01
2.486881017684936523e-01
1.760962009429931641e-01
2.129469513893127441e-01
1.582632660865783691e-01
1.197610720992088318e-01
1.895459294319152832e-01
1.701234579086303711e-01
1.549879312515258789e-01
2.630278170108795166e-01
1.642284840345382690e-01
1.988298296928405762e-01
1.627248078584671021e-01
1.754691153764724731e-01
1.557404547929763794e-01
1.099357679486274719e-01
2.827900350093841553e-01
2.023867368698120117e-01
2.577272355556488037e-01
1.405919939279556274e-01
1.620550006628036499e-01
1.757470369338989258e-01
1.730108112096786499e-01
2.540810108184814453e-01
1.615293920040130615e-01
1.941969543695449829e-01
1.522244960069656372e-01
1.550156474113464355e-01
7.680577635765075684e-01
1.776091605424880981e-01
1.821079403162002563e-01
3.851360082626342773e-01
1.523356288671493530e-01
1.678248643875122070e-01
1.953436732292175293e-01
2.210433334112167358e-01
1.642177104949951172e-01
1.738581210374832153e-01
1.072919592261314392e-01
2.320000380277633667e-01
1.853875666856765747e-01
1.975247859954833984e-01
1.839926987886428833e-01
1.710319370031356812e-01
3.293347656726837158e-01
1.776812523603439331e-01
1.813346892595291138e-01
2.034428119659423828e-01
1.890670657157897949e-01
1.394717693328857422e-01
2.284476310014724731e-01
2.052545994520187378e-01
1.772588342428207397e-01
1.605380326509475708e-01
2.249772697687149048e-01
1.961391419172286987e-01
1.994520425796508789e-01
1.817053556442260742e-01
1.991733461618423462e-01
2.226606160402297974e-01
1.161055862903594971e-01
1.534147262573242188e-01
2.202484607696533203e-01
2.778934836387634277e-01
1.693129986524581909e-01
1.316927075386047363e-01
2.166938632726669312e-01
1.864173263311386108e-01
1.653927266597747803e-01
1.538939028978347778e-01
1.365841478109359741e-01
1.894543170928955078e-01
1.324989944696426392e-01
2.324263453483581543e-01
1.796565204858779907e-01
1.408354043960571289e-01
2.088461071252822876e-01
1.812723726034164429e-01
1.220221593976020813e-01
1.719106584787368774e-01
1.149426698684692383e-01
1.555657535791397095e-01
3.556714951992034912e-01
1.986496299505233765e-01
1.958385258913040161e-01
1.726696640253067017e-01
1.711069941520690918e-01
1.991339325904846191e-01
1.477887481451034546e-01
1.783146858215332031e-01
2.212703675031661987e-01
1.594637781381607056e-01
2.292450219392776489e-01
1.774672418832778931e-01
1.448443382978439331e-01
2.241470366716384888e-01
1.105989441275596619e-01
1.511548310518264771e-01
1.841678619384765625e-01
1.499701738357543945e-01
1.653301268815994263e-01
1.063411012291908264e-01
1.749543398618698120e-01
2.318940013647079468e-01
2.332658767700195312e-01
1.535784751176834106e-01
1.290921121835708618e-01
1.854854673147201538e-01
1.865145564079284668e-01
1.266270726919174194e-01
1.558069288730621338e-01
1.075843051075935364e-01
1.390016674995422363e-01
2.129049301147460938e-01
2.041722089052200317e-01
1.934279948472976685e-01
1.267875880002975464e-01
1.900313496589660645e-01
1.897974163293838501e-01
1.508007794618606567e-01
1.065642759203910828e-01
2.489325255155563354e-01
1.789770126342773438e-01
1.712691187858581543e-01
2.712481915950775146e-01
1.413071304559707642e-01
3.936525285243988037e-01
1.818767189979553223e-01
1.418488621711730957e-01
1.993326395750045776e-01
1.749344617128372192e-01
1.595748215913772583e-01
2.725215852260589600e-01
1.813778877258300781e-01
1.834408789873123169e-01
1.957532614469528198e-01
2.558018267154693604e-01
1.852818280458450317e-01
1.814909726381301880e-01
2.027259916067123413e-01
1.422189921140670776e-01
1.511100232601165771e-01
1.880172491073608398e-01
1.672791689634323120e-01
1.909851580858230591e-01
1.867112517356872559e-01
1.729326248168945312e-01
2.303591817617416382e-01
1.816849261522293091e-01
1.592911630868911743e-01
1.860957145690917969e-01
1.210359260439872742e-01
2.386027723550796509e-01
4.208929538726806641e-01
1.459216624498367310e-01
2.465925961732864380e-01
1.108051538467407227e-01
1.372014731168746948e-01
1.903110742568969727e-01
1.733241230249404907e-01
1.081435307860374451e-01
1.667734384536743164e-01
1.267596334218978882e-01
4.679242074489593506e-01
1.335936039686203003e-01
1.565438657999038696e-01
1.721243411302566528e-01
1.226016879081726074e-01
2.276188582181930542e-01
2.466607689857482910e-01
2.115387469530105591e-01
1.745288223028182983e-01
1.357595175504684448e-01
1.911550015211105347e-01
2.040062397718429565e-01
1.941029280424118042e-01
1.504487544298171997e-01
1.716398000717163086e-01
2.024527341127395630e-01
1.261834651231765747e-01
1.775376647710800171e-01
1.904935091733932495e-01
2.134519070386886597e-01
1.865357756614685059e-01
1.677885204553604126e-01
1.775825023651123047e-01
1.865797787904739380e-01
2.106330990791320801e-01
1.566049605607986450e-01
1.947815865278244019e-01
2.844066917896270752e-01
1.438386887311935425e-01
2.195274233818054199e-01
2.006237953901290894e-01
1.040001735091209412e-01
2.162741422653198242e-01
1.141012012958526611e-01
2.021161466836929321e-01
2.253805398941040039e-01
2.108624577522277832e-01
2.076671570539474487e-01
2.222841829061508179e-01
1.708404272794723511e-01
2.459609359502792358e-01
1.760655790567398071e-01
1.900601983070373535e-01
2.055425047874450684e-01
1.576747447252273560e-01
1.715266853570938110e-01
2.440237402915954590e-01
2.047842890024185181e-01
2.000008821487426758e-01
2.047405242919921875e-01
2.315688878297805786e-01
1.626250147819519043e-01
1.374465674161911011e-01
1.850307434797286987e-01
1.639004796743392944e-01
1.332918256521224976e-01
1.705747842788696289e-01
1.601501256227493286e-01
1.573610454797744751e-01
1.789571046829223633e-01
1.513801366090774536e-01
1.743655204772949219e-01
1.557392627000808716e-01
1.555361002683639526e-01
4.003573954105377197e-01
2.077286690473556519e-01
1.427680402994155884e-01
2.032698839902877808e-01
2.070805877447128296e-01
1.774856001138687134e-01
1.566779017448425293e-01
1.784278005361557007e-01
1.686692237854003906e-01
1.470394581556320190e-01
2.044138908386230469e-01
1.784137934446334839e-01
1.528528183698654175e-01
2.312329262495040894e-01
1.608493179082870483e-01
1.892186403274536133e-01
3.686018288135528564e-01
1.536108702421188354e-01
1.977080255746841431e-01
1.660737991333007812e-01
2.165983170270919800e-01
1.730832904577255249e-01
1.732197999954223633e-01
1.572163701057434082e-01
1.528087258338928223e-01
1.990875005722045898e-01
1.978476792573928833e-01
1.952342987060546875e-01
1.810137182474136353e-01
1.333680599927902222e-01
1.865780949592590332e-01
2.152409553527832031e-01
1.563865840435028076e-01
2.326902896165847778e-01
2.361115068197250366e-01
2.256704568862915039e-01
1.777841597795486450e-01
1.672566086053848267e-01
2.390627413988113403e-01
1.418971866369247437e-01
1.125553473830223083e-01
1.379437148571014404e-01
2.123047560453414917e-01
1.228094026446342468e-01
2.204455137252807617e-01
1.851616501808166504e-01
2.117103934288024902e-01
2.131505757570266724e-01
1.704492419958114624e-01
1.266970336437225342e-01
1.993239074945449829e-01
2.222392559051513672e-01
1.447751373052597046e-01
1.493762582540512085e-01
1.515541523694992065e-01
1.835304498672485352e-01
2.355040907859802246e-01
2.214802503585815430e-01
1.866180151700973511e-01
1.204990223050117493e-01
2.440284937620162964e-01
1.718126088380813599e-01
1.898379772901535034e-01
2.133776545524597168e-01
1.670781821012496948e-01
1.369553506374359131e-01
1.201163008809089661e-01
2.759041488170623779e-01
1.783596426248550415e-01
1.763754338026046753e-01
1.199231147766113281e-01
1.535285413265228271e-01
1.436005532741546631e-01
1.253786534070968628e-01
1.535609215497970581e-01
2.207809835672378540e-01
2.632950842380523682e-01
1.490543484687805176e-01
1.264531165361404419e-01
1.978388279676437378e-01
2.095847874879837036e-01
2.315939068794250488e-01
1.552741080522537231e-01
1.642532497644424438e-01
1.821087747812271118e-01
2.162023037672042847e-01
1.660668700933456421e-01
1.539105623960494995e-01
2.342249900102615356e-01
1.819650083780288696e-01
1.802385896444320679e-01
1.249994859099388123e-01
1.632036566734313965e-01
2.099978178739547729e-01
2.765659689903259277e-01
1.349582374095916748e-01
1.948548406362533569e-01
2.024322599172592163e-01
1.567742377519607544e-01
2.530084848403930664e-01
1.665212064981460571e-01
1.845185607671737671e-01
2.039525955915451050e-01
1.998060792684555054e-01
3.500198125839233398e-01
1.692251712083816528e-01
1.338585764169692993e-01
1.593242883682250977e-01
1.804029792547225952e-01
1.717904359102249146e-01
1.812732964754104614e-01
1.119272112846374512e-01
1.426730901002883911e-01
1.523988693952560425e-01
1.511459946632385254e-01
1.939528733491897583e-01
1.654077917337417603e-01
1.873100548982620239e-01
2.277335971593856812e-01
2.291920334100723267e-01
1.765665411949157715e-01
1.657521575689315796e-01
1.462553292512893677e-01
1.834034174680709839e-01
1.648190766572952271e-01
1.416164189577102661e-01
1.664523482322692871e-01
1.737210601568222046e-01
2.041402459144592285e-01
1.280151754617691040e-01
2.173316478729248047e-01
2.040580958127975464e-01
2.443670481443405151e-01
1.577977389097213745e-01
1.728970855474472046e-01
2.233326584100723267e-01
1.082118526101112366e-01
1.592659354209899902e-01
1.565757244825363159e-01
1.379558891057968140e-01
1.643549799919128418e-01
1.518212556838989258e-01
1.347079724073410034e-01
1.740957051515579224e-01
2.011895477771759033e-01
