4.560547769069671631e-01
4.544140994548797607e-01
4.444701671600341797e-01
4.521726369857788086e-01
4.402695000171661377e-01
4.315231740474700928e-01
4.636374413967132568e-01
4.542857408523559570e-01
4.554286003112792969e-01
4.695383608341217041e-01
4.510212838649749756e-01
4.637628495693206787e-01
4.783367812633514404e-01
4.651657044887542725e-01
4.528131783008575439e-01
4.771788120269775391e-01
4.706155061721801758e-01
4.895904064178466797e-01
4.722822606563568115e-01
4.869734346866607666e-01
4.605874121189117432e-01
4.510072767734527588e-01
4.631984233856201172e-01
4.893412590026855469e-01
4.344887733459472656e-01
4.386961162090301514e-01
5.523460507392883301e-01
5.040181279182434082e-01
4.550259411334991455e-01
4.612013101577758789e-01
4.508493244647979736e-01
4.444717168807983398e-01
4.619690179824829102e-01
4.515661895275115967e-01
4.778684377670288086e-01
4.882873594760894775e-01
4.474720656871795654e-01
4.666908085346221924e-01
4.747075736522674561e-01
4.540444910526275635e-01
4.481358826160430908e-01
4.381794631481170654e-01
4.743020832538604736e-01
5.037163496017456055e-01
4.687876701354980469e-01
4.944840371608734131e-01
4.661277532577514648e-01
4.643887579441070557e-01
4.364017546176910400e-01
4.400865733623504639e-01
4.669975042343139648e-01
4.523071944713592529e-01
4.460196197032928467e-01
4.586870372295379639e-01
4.700444042682647705e-01
4.558137953281402588e-01
4.794512093067169189e-01
5.193720459938049316e-01
4.469836950302124023e-01
4.588353633880615234e-01
4.464703798294067383e-01
4.693082869052886963e-01
4.423690140247344971e-01
4.723348319530487061e-01
4.516362249851226807e-01
4.446506798267364502e-01
4.442925155162811279e-01
4.446736872196197510e-01
5.273665785789489746e-01
4.740382134914398193e-01
4.767192900180816650e-01
4.621286094188690186e-01
4.528348147869110107e-01
4.587338864803314209e-01
4.433659613132476807e-01
4.566090106964111328e-01
4.497531950473785400e-01
5.326915979385375977e-01
4.585378170013427734e-01
4.404238760471343994e-01
4.417472183704376221e-01
4.712067544460296631e-01
4.348969161510467529e-01
4.526808261871337891e-01
4.516064822673797607e-01
4.462273120880126953e-01
4.486346244812011719e-01
4.642662107944488525e-01
4.473664462566375732e-01
5.158943533897399902e-01
4.499723017215728760e-01
4.952903985977172852e-01
4.529428482055664062e-01
4.420944452285766602e-01
4.501290321350097656e-01
4.619627892971038818e-01
4.533120393753051758e-01
4.494952261447906494e-01
4.559593200683593750e-01
4.619728028774261475e-01
4.506420195102691650e-01
4.469342529773712158e-01
4.365574419498443604e-01
4.561825990676879883e-01
4.694614410400390625e-01
4.447283446788787842e-01
4.435236155986785889e-01
4.676377475261688232e-01
4.777105748653411865e-01
4.324021041393280029e-01
4.497629702091217041e-01
4.697516262531280518e-01
4.781185388565063477e-01
4.562962055206298828e-01
4.765513837337493896e-01
4.472508430480957031e-01
4.353770911693572998e-01
4.896439611911773682e-01
4.433265626430511475e-01
4.478689134120941162e-01
4.344174861907958984e-01
4.906502962112426758e-01
4.708561003208160400e-01
5.153181552886962891e-01
4.742597639560699463e-01
4.356116950511932373e-01
4.644356071949005127e-01
4.812675714492797852e-01
4.369182288646697998e-01
4.413889646530151367e-01
4.533268213272094727e-01
4.708368778228759766e-01
4.409042894840240479e-01
4.761059284210205078e-01
4.809966385364532471e-01
4.638562202453613281e-01
4.626922309398651123e-01
4.607176780700683594e-01
4.804695844650268555e-01
4.373722970485687256e-01
4.381312429904937744e-01
4.318805634975433350e-01
4.610258340835571289e-01
4.611536264419555664e-01
4.601140022277832031e-01
4.472728669643402100e-01
4.708945453166961670e-01
4.858839511871337891e-01
4.887638390064239502e-01
4.679594933986663818e-01
4.373507201671600342e-01
4.624837338924407959e-01
4.420829117298126221e-01
4.675859510898590088e-01
4.453743994235992432e-01
4.996265172958374023e-01
4.363584816455841064e-01
4.481492936611175537e-01
4.483262300491333008e-01
4.657159745693206787e-01
4.541873633861541748e-01
4.453955590724945068e-01
4.478821754455566406e-01
4.425847530364990234e-01
4.471690654754638672e-01
4.919766187667846680e-01
4.444742202758789062e-01
4.755187928676605225e-01
4.689347445964813232e-01
4.550363123416900635e-01
4.544084072113037109e-01
4.501455724239349365e-01
4.566416442394256592e-01
4.352113306522369385e-01
4.342892467975616455e-01
4.468746185302734375e-01
4.411989450454711914e-01
4.340647161006927490e-01
4.428781270980834961e-01
4.432265758514404297e-01
4.293972253799438477e-01
4.463314712047576904e-01
4.627935886383056641e-01
4.532891511917114258e-01
4.715560376644134521e-01
4.432736933231353760e-01
4.483349323272705078e-01
4.941434860229492188e-01
4.591422080993652344e-01
4.592806398868560791e-01
4.801271855831146240e-01
4.658106863498687744e-01
4.690302610397338867e-01
4.487775564193725586e-01
4.575513899326324463e-01
4.572553634643554688e-01
4.933970868587493896e-01
4.583880007266998291e-01
4.512108266353607178e-01
4.730761051177978516e-01
4.426965415477752686e-01
4.765561819076538086e-01
4.471229314804077148e-01
4.764970839023590088e-01
4.755383431911468506e-01
4.522635638713836670e-01
4.638467133045196533e-01
4.767658710479736328e-01
4.579257965087890625e-01
4.728162586688995361e-01
4.371195137500762939e-01
4.609121084213256836e-01
4.483010470867156982e-01
4.397282600402832031e-01
4.549676179885864258e-01
4.830223023891448975e-01
4.611655175685882568e-01
4.299559593200683594e-01
4.530596733093261719e-01
4.442776143550872803e-01
4.322965145111083984e-01
4.393426477909088135e-01
4.280892908573150635e-01
4.554869830608367920e-01
4.496084451675415039e-01
4.451551735401153564e-01
4.331026971340179443e-01
4.785207211971282959e-01
4.742065966129302979e-01
4.560268223285675049e-01
4.487214088439941406e-01
4.478102624416351318e-01
4.278302490711212158e-01
4.449693858623504639e-01
5.196387767791748047e-01
5.455124974250793457e-01
4.509479701519012451e-01
4.464381635189056396e-01
4.451051950454711914e-01
4.301285743713378906e-01
4.634781777858734131e-01
4.520773887634277344e-01
4.363905489444732666e-01
4.691768586635589600e-01
4.384303092956542969e-01
4.403800666332244873e-01
4.467512369155883789e-01
4.443160593509674072e-01
4.468792378902435303e-01
4.399566948413848877e-01
4.386067390441894531e-01
4.446067512035369873e-01
4.524740278720855713e-01
4.582857191562652588e-01
4.728728234767913818e-01
4.452519416809082031e-01
4.950449764728546143e-01
4.945002496242523193e-01
4.281263053417205811e-01
4.324631690979003906e-01
4.320678710937500000e-01
4.933261871337890625e-01
4.377851188182830811e-01
4.377699792385101318e-01
4.448619186878204346e-01
4.687227308750152588e-01
4.586061537265777588e-01
4.529772698879241943e-01
4.562541246414184570e-01
4.506332576274871826e-01
5.041730403900146484e-01
4.479346573352813721e-01
4.475736916065216064e-01
4.383579492568969727e-01
4.552880525588989258e-01
4.534210264682769775e-01
4.541552364826202393e-01
4.427176415920257568e-01
4.744389057159423828e-01
4.416972100734710693e-01
5.187541842460632324e-01
4.844410717487335205e-01
4.371727406978607178e-01
4.469673931598663330e-01
4.361779689788818359e-01
4.662547111511230469e-01
4.680367410182952881e-01
4.728791713714599609e-01
4.600640535354614258e-01
4.566550254821777344e-01
4.526042938232421875e-01
4.487349689006805420e-01
4.465131461620330811e-01
4.587725698947906494e-01
4.397585093975067139e-01
4.493441879749298096e-01
5.103183388710021973e-01
4.470146000385284424e-01
4.462908506393432617e-01
4.403526782989501953e-01
4.584806263446807861e-01
4.510068595409393311e-01
4.429147541522979736e-01
4.511359035968780518e-01
4.501858949661254883e-01
4.344029128551483154e-01
4.460752904415130615e-01
4.478141069412231445e-01
4.588253498077392578e-01
4.493682384490966797e-01
4.357279241085052490e-01
4.810582697391510010e-01
4.442842304706573486e-01
4.687176048755645752e-01
4.508605897426605225e-01
4.359199106693267822e-01
4.586364030838012695e-01
4.428002536296844482e-01
4.276859760284423828e-01
4.688839018344879150e-01
4.429362118244171143e-01
4.454466402530670166e-01
4.547697305679321289e-01
4.898660182952880859e-01
4.812792241573333740e-01
4.675851762294769287e-01
4.631800651550292969e-01
4.369077384471893311e-01
4.496437013149261475e-01
4.379596710205078125e-01
4.371363222599029541e-01
4.319630563259124756e-01
4.357163012027740479e-01
4.574478864669799805e-01
4.394533634185791016e-01
4.534677267074584961e-01
4.370149672031402588e-01
4.588880538940429688e-01
4.895540177822113037e-01
4.286603629589080811e-01
4.625743925571441650e-01
4.441430270671844482e-01
4.987705647945404053e-01
4.765115976333618164e-01
4.730646908283233643e-01
4.752298295497894287e-01
4.629022181034088135e-01
4.563255310058593750e-01
4.766606092453002930e-01
4.768014848232269287e-01
4.956139028072357178e-01
4.693813621997833252e-01
4.386025369167327881e-01
4.609998762607574463e-01
4.393579661846160889e-01
4.282844066619873047e-01
4.418019056320190430e-01
4.478268623352050781e-01
4.794120788574218750e-01
4.344032704830169678e-01
4.478303492069244385e-01
4.677439630031585693e-01
4.509386122226715088e-01
4.643863141536712646e-01
4.977007806301116943e-01
4.575054943561553955e-01
4.661473929882049561e-01
4.699870347976684570e-01
4.476200640201568604e-01
4.564557969570159912e-01
4.472040832042694092e-01
4.608739316463470459e-01
4.431025087833404541e-01
4.543587267398834229e-01
4.387648999691009521e-01
4.451361596584320068e-01
4.616550505161285400e-01
4.753988981246948242e-01
4.360134601593017578e-01
4.332744181156158447e-01
4.336668550968170166e-01
4.374554455280303955e-01
4.266245067119598389e-01
4.432217776775360107e-01
4.448819160461425781e-01
4.290374517440795898e-01
4.335998296737670898e-01
4.874451458454132080e-01
4.279243052005767822e-01
4.594810307025909424e-01
4.352739155292510986e-01
4.978085458278656006e-01
4.495548307895660400e-01
4.422432482242584229e-01
4.354061186313629150e-01
4.517371952533721924e-01
4.534110724925994873e-01
4.587459266185760498e-01
4.415732324123382568e-01
5.617988705635070801e-01
4.382714927196502686e-01
4.452590048313140869e-01
4.453589916229248047e-01
4.375337660312652588e-01
4.658214151859283447e-01
4.577734768390655518e-01
4.310947358608245850e-01
4.897311627864837646e-01
4.829246699810028076e-01
4.604505598545074463e-01
4.444247186183929443e-01
4.728348255157470703e-01
4.478693008422851562e-01
4.544447958469390869e-01
4.313752651214599609e-01
4.809968471527099609e-01
4.421162307262420654e-01
4.601064026355743408e-01
4.473561048507690430e-01
4.417528808116912842e-01
4.535186588764190674e-01
4.498604536056518555e-01
4.309024810791015625e-01
4.324577152729034424e-01
4.580073356628417969e-01
4.701020717620849609e-01
4.530829191207885742e-01
4.560378789901733398e-01
4.467007815837860107e-01
4.774464368820190430e-01
5.053957104682922363e-01
4.707938134670257568e-01
4.476222693920135498e-01
4.752525985240936279e-01
4.312160313129425049e-01
4.308976829051971436e-01
4.375797212123870850e-01
4.613778293132781982e-01
4.329898357391357422e-01
4.482578337192535400e-01
4.358417093753814697e-01
4.434138238430023193e-01
4.897367656230926514e-01
4.357711076736450195e-01
4.525976181030273438e-01
4.362123310565948486e-01
4.352021515369415283e-01
4.461096823215484619e-01
4.679223001003265381e-01
4.419229328632354736e-01
4.550763368606567383e-01
4.586443006992340088e-01
4.737750589847564697e-01
4.525325000286102295e-01
4.567252695560455322e-01
4.532738626003265381e-01
4.599358737468719482e-01
5.288074612617492676e-01
4.538858830928802490e-01
4.407728016376495361e-01
4.523859322071075439e-01
4.541648924350738525e-01
4.483118057250976562e-01
4.615525901317596436e-01
4.613555967807769775e-01
4.358501732349395752e-01
4.307675361633300781e-01
4.603064358234405518e-01
4.665981531143188477e-01
4.591006338596343994e-01
4.717913568019866943e-01
4.572100341320037842e-01
4.434287548065185547e-01
4.377428591251373291e-01
4.483048915863037109e-01
4.328486025333404541e-01
4.370404779911041260e-01
4.255020916461944580e-01
4.996273219585418701e-01
4.777355492115020752e-01
4.627524614334106445e-01
4.358053207397460938e-01
4.209096729755401611e-01
4.494029581546783447e-01
4.883612394332885742e-01
4.418948590755462646e-01
4.458796083927154541e-01
4.654198586940765381e-01
4.535913765430450439e-01
4.373105466365814209e-01
4.326702356338500977e-01
4.470957517623901367e-01
4.452950656414031982e-01
4.353635609149932861e-01
4.426892697811126709e-01
4.749701023101806641e-01
4.379740059375762939e-01
4.466220438480377197e-01
4.341111183166503906e-01
4.410372972488403320e-01
4.293376505374908447e-01
4.314939975738525391e-01
4.221841990947723389e-01
4.329310357570648193e-01
4.551128149032592773e-01
4.318258464336395264e-01
4.423026144504547119e-01
4.242863357067108154e-01
4.416852891445159912e-01
4.351788759231567383e-01
4.411182403564453125e-01
4.405765831470489502e-01
4.292048513889312744e-01
4.677091836929321289e-01
4.689561426639556885e-01
4.521999359130859375e-01
4.369960725307464600e-01
4.621160924434661865e-01
4.544881284236907959e-01
4.499551951885223389e-01
4.418950378894805908e-01
4.227733314037322998e-01
4.491822719573974609e-01
4.564994573593139648e-01
4.377701282501220703e-01
4.383876025676727295e-01
4.828623831272125244e-01
4.586374461650848389e-01
4.479023218154907227e-01
4.283477067947387695e-01
4.600170850753784180e-01
4.635868072509765625e-01
4.253895580768585205e-01
4.265532493591308594e-01
4.611511230468750000e-01
4.318102300167083740e-01
4.284179508686065674e-01
4.537887871265411377e-01
4.348733425140380859e-01
4.412217140197753906e-01
4.875973165035247803e-01
4.338725805282592773e-01
4.385657310485839844e-01
4.348085820674896240e-01
4.182769060134887695e-01
4.262498617172241211e-01
4.363107979297637939e-01
4.106507599353790283e-01
4.236377775669097900e-01
4.387458562850952148e-01
4.415050745010375977e-01
4.368185102939605713e-01
4.552722275257110596e-01
4.249339103698730469e-01
4.247829616069793701e-01
4.207299053668975830e-01
4.064714014530181885e-01
4.247281551361083984e-01
4.385286271572113037e-01
4.200924336910247803e-01
4.323134720325469971e-01
4.326913654804229736e-01
4.071513712406158447e-01
4.072081744670867920e-01
4.262499511241912842e-01
4.116261303424835205e-01
4.125274419784545898e-01
4.248181283473968506e-01
4.336374700069427490e-01
4.241167008876800537e-01
3.883358240127563477e-01
4.367927014827728271e-01
3.977523148059844971e-01
4.051776826381683350e-01
3.967712223529815674e-01
4.486367702484130859e-01
4.237408638000488281e-01
3.999343812465667725e-01
4.184049069881439209e-01
4.042290151119232178e-01
3.914102613925933838e-01
4.091429710388183594e-01
4.227786362171173096e-01
3.969411849975585938e-01
3.811432123184204102e-01
4.330247342586517334e-01
4.234775602817535400e-01
4.154931008815765381e-01
3.953045904636383057e-01
4.228855073451995850e-01
3.782682418823242188e-01
3.882345855236053467e-01
4.140399396419525146e-01
3.961578309535980225e-01
4.079631567001342773e-01
4.017119407653808594e-01
3.727334737777709961e-01
4.070535600185394287e-01
3.869357109069824219e-01
3.766395747661590576e-01
3.874193727970123291e-01
3.814405202865600586e-01
4.015221297740936279e-01
3.840337693691253662e-01
3.815468251705169678e-01
3.932420313358306885e-01
3.923019170761108398e-01
3.906855285167694092e-01
4.051262438297271729e-01
3.698463439941406250e-01
3.918694257736206055e-01
3.775446414947509766e-01
3.924190104007720947e-01
3.512339293956756592e-01
3.911606371402740479e-01
3.873266279697418213e-01
3.574411869049072266e-01
3.830922544002532959e-01
3.522686064243316650e-01
3.792599141597747803e-01
3.800218105316162109e-01
3.885429799556732178e-01
3.690455853939056396e-01
3.578576743602752686e-01
3.844473063945770264e-01
3.983645439147949219e-01
3.800659179687500000e-01
3.829172849655151367e-01
3.451794385910034180e-01
3.804059028625488281e-01
3.780865371227264404e-01
3.877507150173187256e-01
4.280654191970825195e-01
3.557270467281341553e-01
3.781927824020385742e-01
3.617986440658569336e-01
3.844073116779327393e-01
4.001090228557586670e-01
3.982341587543487549e-01
3.587262630462646484e-01
3.853434026241302490e-01
4.069167077541351318e-01
3.448235690593719482e-01
3.605705797672271729e-01
3.666202127933502197e-01
3.921558856964111328e-01
4.003902673721313477e-01
4.138660430908203125e-01
3.789767324924468994e-01
4.001385271549224854e-01
3.517532050609588623e-01
4.047318398952484131e-01
4.194699227809906006e-01
3.779044449329376221e-01
3.598016500473022461e-01
3.294232189655303955e-01
3.763116896152496338e-01
3.744383752346038818e-01
3.493076860904693604e-01
3.436311781406402588e-01
3.545341193675994873e-01
3.283577561378479004e-01
3.933506906032562256e-01
3.481281697750091553e-01
3.951425552368164062e-01
3.424503803253173828e-01
3.599449098110198975e-01
3.437678813934326172e-01
3.253186643123626709e-01
3.718539178371429443e-01
3.516690433025360107e-01
4.110642969608306885e-01
3.337966501712799072e-01
3.462549746036529541e-01
3.975534141063690186e-01
3.275189101696014404e-01
3.667646944522857666e-01
3.426776826381683350e-01
4.031567573547363281e-01
3.577717840671539307e-01
3.813759982585906982e-01
3.694193363189697266e-01
3.685646951198577881e-01
3.264344036579132080e-01
3.174027204513549805e-01
3.881313502788543701e-01
3.667629659175872803e-01
3.420706689357757568e-01
3.504398167133331299e-01
3.623398244380950928e-01
3.584934473037719727e-01
3.595181405544281006e-01
3.494964838027954102e-01
3.739057481288909912e-01
3.506146967411041260e-01
3.215638995170593262e-01
3.323818147182464600e-01
3.706646263599395752e-01
3.406630754470825195e-01
3.735946714878082275e-01
3.224164545536041260e-01
3.492815494537353516e-01
3.553183972835540771e-01
3.369885683059692383e-01
3.316510617733001709e-01
3.546245992183685303e-01
3.303605020046234131e-01
3.057109713554382324e-01
3.366528451442718506e-01
3.573266565799713135e-01
3.184475302696228027e-01
3.300843536853790283e-01
3.512786328792572021e-01
4.592530727386474609e-01
3.481297492980957031e-01
3.529409170150756836e-01
3.386529684066772461e-01
3.668680191040039062e-01
3.397485911846160889e-01
3.322407305240631104e-01
3.394270837306976318e-01
3.647606074810028076e-01
3.078848421573638916e-01
3.293594419956207275e-01
3.229291439056396484e-01
3.804234564304351807e-01
3.270050883293151855e-01
3.028523623943328857e-01
3.544946014881134033e-01
3.539942502975463867e-01
3.737161159515380859e-01
3.452033102512359619e-01
3.963189125061035156e-01
3.656498491764068604e-01
3.283511996269226074e-01
2.985523045063018799e-01
3.182393014430999756e-01
3.786891996860504150e-01
3.203803002834320068e-01
3.453815877437591553e-01
3.293468952178955078e-01
3.253648579120635986e-01
3.156426846981048584e-01
3.646645247936248779e-01
3.108224272727966309e-01
3.458955585956573486e-01
3.186085522174835205e-01
3.150422275066375732e-01
3.188243806362152100e-01
3.053526580333709717e-01
3.269138634204864502e-01
3.376829624176025391e-01
3.478597700595855713e-01
3.233890235424041748e-01
3.383543193340301514e-01
3.504886925220489502e-01
3.219846785068511963e-01
3.299607336521148682e-01
3.718496561050415039e-01
3.054077625274658203e-01
3.231953382492065430e-01
3.499939441680908203e-01
3.396794795989990234e-01
3.284181654453277588e-01
4.626117944717407227e-01
3.238923251628875732e-01
3.369758427143096924e-01
3.080728948116302490e-01
3.402920663356781006e-01
3.508348166942596436e-01
3.554160296916961670e-01
3.333526849746704102e-01
3.373102247714996338e-01
3.466244637966156006e-01
3.073269426822662354e-01
3.297735750675201416e-01
3.402697741985321045e-01
2.999905347824096680e-01
3.218233883380889893e-01
3.521532118320465088e-01
2.941453754901885986e-01
2.881680130958557129e-01
3.398448228836059570e-01
3.001193404197692871e-01
3.267590701580047607e-01
3.285399079322814941e-01
3.069421947002410889e-01
3.099349439144134521e-01
2.928774654865264893e-01
3.428804874420166016e-01
3.245240747928619385e-01
3.377189934253692627e-01
3.178286254405975342e-01
3.208135068416595459e-01
3.115480840206146240e-01
3.567561805248260498e-01
3.613215684890747070e-01
2.993194162845611572e-01
3.601786196231842041e-01
3.708980083465576172e-01
3.182849884033203125e-01
3.432768881320953369e-01
3.021009266376495361e-01
3.295823037624359131e-01
3.349070847034454346e-01
3.153643310070037842e-01
3.423055112361907959e-01
3.088777363300323486e-01
3.298548758029937744e-01
2.842995226383209229e-01
3.117430508136749268e-01
3.288681507110595703e-01
3.270013332366943359e-01
2.995879054069519043e-01
2.961889207363128662e-01
3.441233336925506592e-01
3.261901140213012695e-01
3.146280944347381592e-01
3.141283690929412842e-01
2.993430197238922119e-01
3.780634403228759766e-01
3.414371013641357422e-01
3.134606480598449707e-01
3.020538985729217529e-01
3.028720617294311523e-01
3.194177150726318359e-01
3.235794603824615479e-01
3.387758731842041016e-01
3.442073166370391846e-01
2.998617589473724365e-01
4.102638661861419678e-01
3.424926102161407471e-01
3.137531876564025879e-01
2.998673617839813232e-01
3.241100013256072998e-01
3.060842454433441162e-01
3.208060860633850098e-01
2.983533442020416260e-01
3.491702973842620850e-01
2.911994755268096924e-01
2.999529242515563965e-01
2.852898538112640381e-01
3.047722280025482178e-01
3.508301675319671631e-01
2.994379401206970215e-01
3.382023274898529053e-01
3.030935227870941162e-01
2.987819612026214600e-01
3.265629112720489502e-01
3.019442558288574219e-01
2.893694043159484863e-01
3.342878520488739014e-01
3.034435808658599854e-01
3.165519535541534424e-01
3.118418455123901367e-01
3.155979812145233154e-01
3.396216332912445068e-01
3.002815842628479004e-01
3.054075539112091064e-01
3.244750201702117920e-01
3.044483363628387451e-01
3.450676500797271729e-01
3.061653673648834229e-01
3.169544637203216553e-01
3.064993917942047119e-01
2.836689651012420654e-01
2.905894517898559570e-01
3.019141256809234619e-01
3.290947973728179932e-01
3.870068788528442383e-01
3.046134710311889648e-01
3.147456943988800049e-01
2.950140535831451416e-01
3.208111822605133057e-01
2.871646583080291748e-01
2.876650393009185791e-01
3.170305192470550537e-01
3.386293351650238037e-01
2.901414334774017334e-01
3.315733671188354492e-01
3.423459529876708984e-01
2.778780162334442139e-01
3.138361871242523193e-01
3.088732659816741943e-01
3.049916028976440430e-01
3.007768094539642334e-01
3.348747789859771729e-01
2.828525602817535400e-01
3.038922250270843506e-01
3.337634801864624023e-01
2.907988727092742920e-01
2.919786870479583740e-01
4.124660193920135498e-01
3.186304569244384766e-01
3.018200397491455078e-01
3.261194229125976562e-01
3.421300947666168213e-01
2.921144068241119385e-01
3.232584297657012939e-01
2.836990356445312500e-01
2.834834158420562744e-01
2.886421680450439453e-01
2.870647609233856201e-01
2.988906204700469971e-01
3.118277788162231445e-01
3.090216815471649170e-01
2.795988023281097412e-01
2.896067798137664795e-01
3.292661905288696289e-01
3.147145807743072510e-01
3.291524648666381836e-01
3.192104697227478027e-01
2.860517799854278564e-01
2.954622507095336914e-01
2.855417430400848389e-01
2.946000397205352783e-01
2.842825353145599365e-01
2.927736043930053711e-01
3.043051958084106445e-01
2.969961166381835938e-01
2.993535697460174561e-01
2.979019880294799805e-01
2.910468876361846924e-01
2.940541207790374756e-01
3.177798986434936523e-01
2.920461595058441162e-01
2.954562604427337646e-01
2.912651002407073975e-01
3.380648195743560791e-01
3.055055439472198486e-01
3.120646178722381592e-01
2.738292515277862549e-01
2.826825082302093506e-01
2.776367962360382080e-01
3.369681835174560547e-01
2.945249080657958984e-01
2.756124138832092285e-01
3.063574731349945068e-01
2.945586740970611572e-01
2.627651989459991455e-01
2.782030999660491943e-01
2.859785854816436768e-01
2.918779551982879639e-01
3.040763437747955322e-01
2.814615070819854736e-01
2.886914908885955811e-01
2.981806695461273193e-01
2.934920787811279297e-01
3.103991448879241943e-01
3.282836377620697021e-01
2.798768579959869385e-01
2.931667566299438477e-01
3.128470480442047119e-01
2.776955366134643555e-01
3.150618374347686768e-01
2.831237018108367920e-01
2.794380187988281250e-01
2.853911221027374268e-01
2.981923520565032959e-01
2.761946022510528564e-01
2.788929045200347900e-01
2.914104759693145752e-01
2.977094352245330811e-01
3.480895757675170898e-01
2.813421785831451416e-01
2.720518410205841064e-01
3.598404228687286377e-01
2.785750031471252441e-01
3.239276707172393799e-01
3.485724925994873047e-01
2.864440381526947021e-01
2.825893461704254150e-01
3.068854510784149170e-01
2.627676129341125488e-01
3.171767890453338623e-01
2.956125438213348389e-01
2.760801613330841064e-01
3.131053149700164795e-01
4.537785351276397705e-01
2.953457236289978027e-01
2.811118662357330322e-01
3.162244856357574463e-01
3.157944679260253906e-01
3.087347149848937988e-01
2.903571128845214844e-01
3.041604757308959961e-01
2.802563309669494629e-01
3.043558299541473389e-01
3.053129017353057861e-01
3.119089305400848389e-01
3.191792666912078857e-01
2.874158322811126709e-01
2.901152074337005615e-01
3.402022421360015869e-01
2.757157981395721436e-01
3.039436340332031250e-01
3.148796856403350830e-01
2.955119013786315918e-01
2.961225211620330811e-01
3.296878039836883545e-01
3.033243715763092041e-01
3.176486790180206299e-01
3.023695647716522217e-01
2.802655994892120361e-01
2.911195456981658936e-01
3.206224739551544189e-01
3.262118995189666748e-01
2.831908762454986572e-01
3.390570580959320068e-01
2.959923744201660156e-01
2.823289334774017334e-01
2.783015966415405273e-01
3.322473764419555664e-01
3.172577321529388428e-01
2.736758291721343994e-01
2.685383260250091553e-01
3.031305372714996338e-01
2.816978693008422852e-01
3.254413604736328125e-01
2.963650226593017578e-01
2.660864889621734619e-01
2.680780291557312012e-01
2.677020132541656494e-01
2.863926589488983154e-01
2.786630094051361084e-01
3.005907237529754639e-01
2.771097719669342041e-01
2.722825109958648682e-01
2.868756353855133057e-01
3.562189042568206787e-01
2.792484462261199951e-01
2.984101474285125732e-01
3.084444701671600342e-01
2.833218276500701904e-01
2.800110280513763428e-01
2.836784422397613525e-01
3.125021159648895264e-01
3.179014325141906738e-01
2.851790487766265869e-01
3.450331985950469971e-01
2.871448397636413574e-01
2.738045156002044678e-01
2.735744416713714600e-01
3.120909929275512695e-01
3.125911056995391846e-01
3.031158447265625000e-01
2.723810374736785889e-01
2.809141576290130615e-01
2.769385874271392822e-01
3.065706491470336914e-01
2.720361649990081787e-01
2.916058599948883057e-01
2.749328017234802246e-01
2.939707636833190918e-01
2.784724533557891846e-01
2.838219106197357178e-01
2.689228653907775879e-01
2.970320880413055420e-01
3.350596725940704346e-01
2.852914631366729736e-01
3.306801319122314453e-01
2.818621098995208740e-01
2.695125341415405273e-01
2.772444188594818115e-01
2.674640417098999023e-01
2.834795117378234863e-01
2.908904552459716797e-01
3.143663704395294189e-01
2.816841304302215576e-01
2.893318533897399902e-01
2.797500193119049072e-01
3.181087672710418701e-01
2.917108237743377686e-01
2.850275039672851562e-01
2.686223685741424561e-01
2.786512672901153564e-01
2.943889796733856201e-01
2.854978144168853760e-01
2.700296342372894287e-01
2.796984016895294189e-01
2.662375271320343018e-01
3.122368156909942627e-01
2.702096402645111084e-01
2.664174735546112061e-01
2.927867472171783447e-01
2.974978089332580566e-01
2.730132043361663818e-01
2.824296355247497559e-01
2.821390628814697266e-01
2.937980890274047852e-01
2.564517557621002197e-01
2.753637135028839111e-01
2.590518295764923096e-01
2.644472420215606689e-01
3.285339474678039551e-01
3.135513961315155029e-01
3.676881790161132812e-01
2.936935424804687500e-01
2.869270741939544678e-01
2.913588285446166992e-01
2.968988120555877686e-01
2.720194160938262939e-01
2.865144610404968262e-01
3.284368813037872314e-01
2.879322171211242676e-01
2.716629207134246826e-01
2.994379997253417969e-01
3.014348745346069336e-01
2.920475900173187256e-01
2.930593192577362061e-01
3.182720541954040527e-01
2.901614606380462646e-01
2.900108397006988525e-01
3.365081846714019775e-01
2.674027979373931885e-01
2.785367965698242188e-01
2.953978478908538818e-01
2.589363157749176025e-01
3.022768199443817139e-01
2.720257043838500977e-01
2.963904738426208496e-01
2.803477942943572998e-01
2.787700295448303223e-01
2.652123570442199707e-01
2.871392667293548584e-01
3.635349571704864502e-01
2.950516939163208008e-01
2.920658886432647705e-01
2.818113863468170166e-01
2.776264250278472900e-01
3.142939507961273193e-01
2.809676826000213623e-01
2.723359763622283936e-01
2.618294954299926758e-01
2.763922512531280518e-01
2.727765142917633057e-01
2.817915380001068115e-01
3.213920295238494873e-01
2.962332367897033691e-01
2.776391804218292236e-01
2.685075700283050537e-01
2.822360098361968994e-01
3.164782822132110596e-01
2.541777193546295166e-01
3.046055138111114502e-01
3.179314136505126953e-01
2.739302515983581543e-01
3.372052013874053955e-01
2.734463810920715332e-01
2.836784124374389648e-01
3.080369830131530762e-01
2.997633814811706543e-01
2.723920643329620361e-01
2.635889947414398193e-01
2.579783499240875244e-01
2.683694064617156982e-01
2.652873694896697998e-01
3.241225779056549072e-01
3.123418390750885010e-01
3.230870962142944336e-01
3.043967187404632568e-01
2.750370204448699951e-01
2.787786722183227539e-01
2.641900777816772461e-01
3.013501465320587158e-01
2.700978219509124756e-01
3.406755924224853516e-01
2.806629240512847900e-01
2.723835110664367676e-01
3.207045197486877441e-01
3.065800964832305908e-01
2.819002568721771240e-01
2.881638705730438232e-01
2.715823948383331299e-01
3.242042958736419678e-01
3.229188919067382812e-01
2.649014890193939209e-01
2.894524335861206055e-01
2.703019082546234131e-01
3.092012405395507812e-01
2.660465836524963379e-01
2.710213959217071533e-01
2.983023524284362793e-01
2.806754112243652344e-01
2.760375440120697021e-01
3.028785884380340576e-01
2.712786495685577393e-01
3.049558997154235840e-01
2.758386433124542236e-01
3.212008774280548096e-01
3.189687728881835938e-01
2.921803295612335205e-01
3.608761727809906006e-01
2.728874385356903076e-01
2.979115545749664307e-01
2.572959065437316895e-01
2.579353749752044678e-01
3.972321450710296631e-01
2.739668488502502441e-01
2.639559805393218994e-01
2.820919752120971680e-01
2.670547366142272949e-01
2.500763833522796631e-01
3.034203052520751953e-01
2.775819301605224609e-01
2.541342675685882568e-01
2.809287309646606445e-01
2.706113755702972412e-01
2.817374765872955322e-01
2.647016644477844238e-01
2.576511204242706299e-01
2.862580120563507080e-01
2.880370318889617920e-01
3.538908064365386963e-01
2.677035927772521973e-01
2.807580530643463135e-01
2.924993336200714111e-01
2.626875936985015869e-01
2.777402102947235107e-01
2.707436382770538330e-01
3.300797939300537109e-01
2.953043282032012939e-01
2.883693873882293701e-01
3.010484874248504639e-01
2.978899180889129639e-01
3.287239074707031250e-01
3.098262846469879150e-01
2.921145260334014893e-01
2.599151432514190674e-01
3.099801838397979736e-01
2.942975461483001709e-01
2.608810961246490479e-01
2.836190760135650635e-01
2.620238363742828369e-01
3.382407128810882568e-01
2.748373746871948242e-01
2.701552212238311768e-01
2.632377445697784424e-01
3.113514482975006104e-01
2.666158080101013184e-01
2.727423012256622314e-01
2.566365003585815430e-01
2.821371257305145264e-01
2.739008665084838867e-01
3.017730414867401123e-01
2.812656462192535400e-01
3.071107268333435059e-01
2.833210229873657227e-01
3.306706845760345459e-01
3.138696253299713135e-01
2.668296992778778076e-01
2.840734720230102539e-01
2.715129256248474121e-01
2.682709693908691406e-01
2.938236594200134277e-01
2.571426331996917725e-01
2.724402248859405518e-01
2.714803516864776611e-01
2.631916403770446777e-01
3.036610782146453857e-01
2.785297930240631104e-01
2.822001576423645020e-01
2.664764821529388428e-01
2.591038942337036133e-01
2.693819403648376465e-01
2.825263440608978271e-01
2.740791141986846924e-01
2.662682533264160156e-01
3.069398403167724609e-01
2.646214067935943604e-01
3.098151981830596924e-01
2.838132381439208984e-01
3.058223426342010498e-01
3.181906640529632568e-01
2.719062268733978271e-01
2.650142610073089600e-01
2.727146148681640625e-01
2.968914806842803955e-01
2.680962383747100830e-01
2.883320748805999756e-01
2.812265455722808838e-01
2.687771022319793701e-01
2.922272682189941406e-01
2.811931371688842773e-01
2.998948395252227783e-01
2.687825262546539307e-01
2.574343383312225342e-01
2.597643733024597168e-01
2.523005306720733643e-01
3.287018239498138428e-01
3.097801208496093750e-01
2.853702008724212646e-01
2.540945112705230713e-01
2.986423671245574951e-01
2.668749392032623291e-01
2.915245294570922852e-01
2.765895426273345947e-01
2.965969741344451904e-01
2.540415823459625244e-01
2.720993757247924805e-01
2.562809586524963379e-01
2.473655492067337036e-01
2.743628025054931641e-01
2.888452112674713135e-01
2.803313434123992920e-01
2.617234289646148682e-01
2.739102542400360107e-01
3.295727372169494629e-01
2.713650166988372803e-01
3.041442632675170898e-01
3.443053066730499268e-01
3.046919405460357666e-01
2.877849042415618896e-01
2.606192529201507568e-01
2.791960537433624268e-01
3.015633821487426758e-01
2.649428546428680420e-01
2.675441801548004150e-01
3.056204915046691895e-01
2.843115329742431641e-01
2.769299745559692383e-01
2.676984369754791260e-01
2.765517830848693848e-01
2.600183188915252686e-01
2.999943196773529053e-01
2.508234381675720215e-01
2.521543800830841064e-01
2.662566006183624268e-01
2.931152582168579102e-01
3.370768725872039795e-01
2.676990628242492676e-01
2.836438715457916260e-01
2.854435443878173828e-01
3.352961540222167969e-01
2.498756200075149536e-01
2.671662867069244385e-01
2.964712679386138916e-01
2.545158565044403076e-01
2.815352380275726318e-01
2.690889835357666016e-01
3.158314228057861328e-01
3.196897208690643311e-01
2.618471086025238037e-01
3.202191591262817383e-01
2.789255380630493164e-01
2.624850571155548096e-01
2.771300971508026123e-01
2.624647915363311768e-01
2.808412611484527588e-01
2.685126662254333496e-01
2.587521374225616455e-01
2.769289910793304443e-01
2.580277919769287109e-01
2.887870073318481445e-01
2.763082087039947510e-01
2.798278629779815674e-01
2.836486995220184326e-01
2.476403713226318359e-01
2.940985262393951416e-01
2.719382345676422119e-01
3.353624641895294189e-01
3.290891945362091064e-01
2.993327379226684570e-01
2.687874734401702881e-01
2.505963444709777832e-01
3.047466874122619629e-01
2.657642662525177002e-01
2.603769600391387939e-01
3.460350036621093750e-01
2.979233562946319580e-01
3.210059106349945068e-01
2.713610827922821045e-01
2.817674577236175537e-01
2.747729718685150146e-01
2.789893746376037598e-01
2.868116497993469238e-01
2.924939692020416260e-01
2.693560719490051270e-01
2.603041231632232666e-01
3.052370548248291016e-01
2.512434124946594238e-01
2.910605967044830322e-01
2.537192404270172119e-01
2.799182236194610596e-01
2.700739204883575439e-01
2.573514282703399658e-01
2.767572700977325439e-01
2.927105724811553955e-01
2.726798951625823975e-01
3.036674559116363525e-01
3.200639784336090088e-01
2.586033642292022705e-01
2.625313103199005127e-01
2.539423406124114990e-01
2.955873310565948486e-01
2.723052203655242920e-01
3.004728853702545166e-01
2.872667610645294189e-01
2.673228681087493896e-01
2.650880217552185059e-01
2.798086702823638916e-01
2.583170533180236816e-01
2.703852951526641846e-01
2.747243940830230713e-01
2.729258239269256592e-01
2.679561376571655273e-01
2.607569992542266846e-01
2.965758740901947021e-01
2.626634538173675537e-01
2.612673342227935791e-01
2.840723693370819092e-01
2.584766745567321777e-01
2.475825101137161255e-01
2.746713459491729736e-01
2.833539545536041260e-01
2.490508556365966797e-01
2.661990821361541748e-01
3.133845031261444092e-01
2.819130718708038330e-01
2.623744010925292969e-01
3.112666606903076172e-01
2.636419832706451416e-01
2.719210684299468994e-01
3.410595953464508057e-01
2.696448266506195068e-01
2.655089199542999268e-01
2.505338490009307861e-01
3.429411947727203369e-01
2.456582188606262207e-01
2.787297070026397705e-01
2.595047950744628906e-01
2.906396687030792236e-01
2.522203624248504639e-01
3.016033768653869629e-01
2.545087039470672607e-01
2.663070857524871826e-01
2.649991214275360107e-01
2.727623879909515381e-01
2.827349603176116943e-01
2.573429346084594727e-01
2.789060771465301514e-01
2.619728446006774902e-01
2.898792922496795654e-01
2.673330008983612061e-01
2.720430791378021240e-01
2.894417345523834229e-01
2.640726566314697266e-01
2.569564282894134521e-01
3.008857369422912598e-01
3.245671689510345459e-01
2.414065450429916382e-01
2.458534091711044312e-01
2.668780684471130371e-01
3.419745266437530518e-01
2.758881151676177979e-01
3.022752106189727783e-01
2.449348568916320801e-01
2.673981189727783203e-01
2.930947244167327881e-01
3.159926235675811768e-01
2.561985552310943604e-01
3.648985922336578369e-01
2.687801420688629150e-01
2.805723249912261963e-01
2.847461700439453125e-01
2.751531898975372314e-01
2.483351826667785645e-01
2.983579933643341064e-01
3.687057197093963623e-01
2.675692737102508545e-01
2.716768682003021240e-01
2.566405832767486572e-01
2.797170281410217285e-01
2.565991580486297607e-01
2.643834352493286133e-01
2.810669243335723877e-01
2.668296396732330322e-01
3.140431940555572510e-01
2.729992866516113281e-01
2.592685520648956299e-01
2.607539296150207520e-01
2.884714305400848389e-01
2.866017818450927734e-01
2.761673927307128906e-01
2.788263857364654541e-01
2.818157672882080078e-01
2.540187835693359375e-01
2.810894846916198730e-01
2.887577712535858154e-01
2.763114571571350098e-01
2.684064805507659912e-01
2.940404713153839111e-01
2.654002606868743896e-01
3.515757024288177490e-01
2.435796111822128296e-01
2.733807563781738281e-01
2.707433998584747314e-01
2.994088232517242432e-01
2.618395388126373291e-01
2.578163146972656250e-01
3.153471648693084717e-01
2.523786127567291260e-01
2.686530053615570068e-01
2.697886824607849121e-01
3.956114351749420166e-01
2.641008794307708740e-01
2.405196875333786011e-01
2.513453066349029541e-01
2.906047999858856201e-01
2.505225241184234619e-01
3.007363379001617432e-01
2.739374339580535889e-01
2.968346774578094482e-01
2.876686155796051025e-01
2.606196999549865723e-01
2.744999825954437256e-01
3.100239932537078857e-01
2.643948793411254883e-01
2.574594914913177490e-01
2.836768329143524170e-01
2.844786942005157471e-01
2.630356550216674805e-01
2.650766670703887939e-01
2.826999127864837646e-01
2.521009147167205811e-01
2.644959986209869385e-01
2.906975448131561279e-01
2.783663272857666016e-01
2.681630551815032959e-01
2.687058448791503906e-01
3.033006787300109863e-01
3.153001666069030762e-01
3.065914809703826904e-01
2.576061785221099854e-01
2.933001816272735596e-01
2.657536268234252930e-01
2.468005865812301636e-01
2.558658123016357422e-01
2.748347520828247070e-01
2.497112005949020386e-01
2.844514846801757812e-01
2.673236727714538574e-01
2.624799311161041260e-01
2.794114053249359131e-01
2.706785202026367188e-01
2.543372511863708496e-01
2.748571932315826416e-01
2.703825533390045166e-01
2.753597795963287354e-01
2.524851262569427490e-01
2.747862637042999268e-01
2.773988544940948486e-01
2.700302302837371826e-01
2.996498048305511475e-01
2.635015547275543213e-01
2.936680614948272705e-01
3.396727740764617920e-01
2.507002055644989014e-01
2.652977406978607178e-01
3.252682983875274658e-01
2.736400663852691650e-01
2.474485486745834351e-01
2.662960886955261230e-01
2.762322723865509033e-01
2.541182935237884521e-01
2.536329925060272217e-01
3.024462759494781494e-01
2.716283202171325684e-01
2.645754516124725342e-01
3.661360740661621094e-01
2.641126215457916260e-01
2.464904934167861938e-01
2.512677013874053955e-01
2.513212859630584717e-01
2.958659529685974121e-01
2.473824769258499146e-01
2.697155773639678955e-01
2.799451649188995361e-01
2.689347863197326660e-01
2.813328802585601807e-01
2.624706923961639404e-01
2.696876823902130127e-01
3.146257698535919189e-01
3.056392669677734375e-01
3.603836297988891602e-01
2.870363891124725342e-01
2.739711403846740723e-01
2.641911208629608154e-01
3.312338292598724365e-01
2.413736134767532349e-01
2.698048055171966553e-01
3.182887136936187744e-01
2.570849061012268066e-01
2.713230550289154053e-01
2.450809478759765625e-01
2.523030340671539307e-01
2.582553923130035400e-01
2.334530353546142578e-01
2.571485936641693115e-01
2.627321481704711914e-01
2.598772048950195312e-01
2.762780487537384033e-01
2.871466577053070068e-01
2.566350698471069336e-01
2.778782844543457031e-01
2.579917013645172119e-01
2.981605529785156250e-01
2.816021144390106201e-01
2.471462935209274292e-01
2.915694117546081543e-01
2.449919134378433228e-01
2.984611392021179199e-01
2.460914254188537598e-01
3.046759068965911865e-01
2.506730854511260986e-01
2.688883841037750244e-01
2.814076840877532959e-01
2.628684639930725098e-01
3.256303966045379639e-01
2.439945936203002930e-01
2.726651430130004883e-01
2.778406441211700439e-01
2.741506993770599365e-01
2.435242086648941040e-01
2.893978059291839600e-01
2.875963747501373291e-01
2.729794681072235107e-01
3.039517998695373535e-01
2.539628148078918457e-01
2.648599147796630859e-01
2.717998921871185303e-01
2.448451071977615356e-01
3.164715468883514404e-01
2.552929818630218506e-01
2.939655780792236328e-01
2.772380411624908447e-01
2.707372307777404785e-01
2.987255752086639404e-01
2.839308977127075195e-01
2.483063340187072754e-01
2.950045764446258545e-01
2.648715674877166748e-01
2.651121616363525391e-01
2.529720366001129150e-01
2.896698415279388428e-01
2.757607400417327881e-01
2.823953926563262939e-01
2.602390050888061523e-01
2.394760996103286743e-01
2.756131589412689209e-01
2.680148482322692871e-01
2.465519160032272339e-01
2.591640949249267578e-01
2.495989203453063965e-01
2.387989312410354614e-01
2.806425094604492188e-01
2.434594780206680298e-01
2.548490762710571289e-01
2.701305449008941650e-01
2.779333293437957764e-01
2.924833595752716064e-01
2.788943350315093994e-01
2.550530433654785156e-01
2.674901187419891357e-01
3.023409545421600342e-01
2.428845614194869995e-01
2.955558896064758301e-01
2.448576241731643677e-01
2.642877399921417236e-01
2.507087290287017822e-01
2.677291631698608398e-01
2.799302935600280762e-01
3.505784273147583008e-01
2.715388834476470947e-01
2.713126540184020996e-01
2.652739584445953369e-01
3.191907107830047607e-01
2.730133235454559326e-01
2.556275129318237305e-01
2.744236290454864502e-01
2.754254043102264404e-01
2.923003435134887695e-01
3.077648878097534180e-01
2.814950048923492432e-01
2.761129736900329590e-01
3.239515721797943115e-01
2.947965562343597412e-01
2.416627407073974609e-01
2.638561725616455078e-01
2.611348628997802734e-01
2.626622617244720459e-01
2.815303504467010498e-01
2.635021209716796875e-01
2.501548826694488525e-01
2.561893761157989502e-01
2.455620318651199341e-01
2.579873204231262207e-01
2.467664480209350586e-01
2.871836721897125244e-01
2.880496382713317871e-01
2.601307034492492676e-01
2.716281116008758545e-01
2.524614930152893066e-01
2.394578307867050171e-01
2.919574677944183350e-01
3.186532557010650635e-01
2.353813052177429199e-01
2.568893134593963623e-01
2.829863727092742920e-01
2.693596184253692627e-01
2.919165194034576416e-01
2.684534788131713867e-01
2.775383293628692627e-01
2.860219776630401611e-01
3.745633661746978760e-01
3.157593309879302979e-01
2.580091655254364014e-01
2.461000680923461914e-01
3.063060939311981201e-01
3.969751596450805664e-01
2.621766626834869385e-01
2.631957530975341797e-01
3.023164570331573486e-01
2.352836132049560547e-01
2.713874876499176025e-01
2.562165558338165283e-01
2.346845716238021851e-01
2.375660091638565063e-01
2.971216142177581787e-01
2.785031795501708984e-01
2.697731554508209229e-01
2.565754652023315430e-01
2.560286223888397217e-01
2.879975736141204834e-01
2.675479948520660400e-01
2.520831525325775146e-01
2.478444576263427734e-01
2.973618507385253906e-01
2.751364111900329590e-01
3.103502094745635986e-01
4.099394381046295166e-01
2.464939802885055542e-01
2.569898664951324463e-01
2.485439628362655640e-01
2.991791963577270508e-01
3.148386180400848389e-01
2.520221769809722900e-01
2.534647285938262939e-01
3.346593677997589111e-01
2.521827518939971924e-01
2.812029421329498291e-01
3.555741012096405029e-01
2.917839288711547852e-01
2.382458001375198364e-01
2.655247747898101807e-01
2.800218164920806885e-01
2.517760097980499268e-01
2.496957778930664062e-01
2.962825596332550049e-01
3.401156365871429443e-01
2.463452816009521484e-01
3.446017205715179443e-01
2.549638748168945312e-01
2.948233783245086670e-01
3.005531132221221924e-01
2.462546229362487793e-01
2.583819031715393066e-01
3.210579156875610352e-01
2.526527941226959229e-01
2.440591007471084595e-01
2.667923867702484131e-01
2.729322910308837891e-01
2.701270580291748047e-01
2.486397475004196167e-01
2.488939315080642700e-01
2.809347808361053467e-01
2.637370526790618896e-01
2.936568856239318848e-01
2.566428780555725098e-01
2.504282593727111816e-01
2.816722393035888672e-01
2.545422017574310303e-01
3.019728362560272217e-01
2.519490122795104980e-01
2.510800659656524658e-01
2.524901330471038818e-01
2.392088025808334351e-01
2.698906660079956055e-01
2.827377021312713623e-01
2.563912868499755859e-01
3.629541099071502686e-01
2.496741265058517456e-01
2.816736400127410889e-01
2.605278193950653076e-01
2.645350694656372070e-01
2.523814141750335693e-01
2.442446500062942505e-01
2.607093155384063721e-01
2.558955848217010498e-01
2.928669750690460205e-01
2.508389949798583984e-01
2.582166492938995361e-01
2.811177074909210205e-01
2.370799332857131958e-01
2.478085011243820190e-01
2.525413334369659424e-01
2.936555445194244385e-01
2.868062853813171387e-01
2.440575808286666870e-01
2.674210965633392334e-01
2.954161465167999268e-01
2.868901193141937256e-01
2.603271603584289551e-01
2.385603934526443481e-01
2.726493179798126221e-01
3.111280500888824463e-01
2.745079696178436279e-01
2.600933015346527100e-01
2.487383484840393066e-01
2.972603142261505127e-01
2.732299268245697021e-01
2.836065888404846191e-01
2.502602636814117432e-01
2.456797957420349121e-01
2.643550932407379150e-01
2.841445207595825195e-01
3.017501831054687500e-01
2.729520499706268311e-01
3.084478378295898438e-01
2.429042905569076538e-01
2.570796906948089600e-01
2.767919600009918213e-01
2.821370065212249756e-01
2.764923870563507080e-01
2.622469365596771240e-01
3.262418210506439209e-01
2.636985480785369873e-01
3.227881491184234619e-01
2.708342969417572021e-01
2.691545486450195312e-01
2.730249464511871338e-01
2.720965445041656494e-01
2.525311410427093506e-01
2.827339470386505127e-01
2.627820074558258057e-01
2.821475267410278320e-01
2.563969790935516357e-01
2.617258727550506592e-01
2.655016481876373291e-01
2.544210255146026611e-01
2.687892317771911621e-01
2.631612718105316162e-01
2.528693079948425293e-01
3.062822520732879639e-01
2.579284608364105225e-01
2.413356155157089233e-01
2.378912419080734253e-01
2.887942492961883545e-01
2.577656209468841553e-01
2.732552587985992432e-01
2.418935298919677734e-01
2.401122897863388062e-01
2.711179554462432861e-01
3.869373798370361328e-01
2.450618892908096313e-01
2.667504847049713135e-01
2.461155056953430176e-01
2.294390201568603516e-01
2.770194709300994873e-01
3.160131871700286865e-01
2.830945551395416260e-01
3.337432444095611572e-01
2.949577867984771729e-01
2.619217038154602051e-01
2.725399732589721680e-01
2.530695796012878418e-01
2.523400485515594482e-01
2.526184320449829102e-01
2.413638383150100708e-01
2.469725608825683594e-01
2.789403498172760010e-01
3.018218278884887695e-01
2.794903218746185303e-01
2.509508430957794189e-01
2.437904924154281616e-01
2.688783705234527588e-01
2.544566988945007324e-01
2.396662384271621704e-01
3.147489130496978760e-01
2.629235982894897461e-01
2.872726619243621826e-01
2.712167799472808838e-01
3.266178071498870850e-01
2.461884617805480957e-01
2.926667630672454834e-01
2.415280938148498535e-01
2.253267765045166016e-01
2.562624514102935791e-01
2.519314289093017578e-01
2.424334287643432617e-01
2.467561960220336914e-01
2.740194797515869141e-01
3.380230665206909180e-01
2.668997943401336670e-01
2.351353913545608521e-01
2.634573280811309814e-01
2.514408528804779053e-01
2.855891883373260498e-01
2.737500071525573730e-01
3.346868455410003662e-01
2.493011355400085449e-01
2.467449754476547241e-01
2.787815034389495850e-01
2.912365496158599854e-01
3.622501790523529053e-01
2.454456239938735962e-01
2.825793921947479248e-01
2.629793584346771240e-01
2.306377887725830078e-01
3.166691660881042480e-01
2.383487969636917114e-01
2.276384681463241577e-01
2.432421445846557617e-01
2.499218434095382690e-01
2.913666665554046631e-01
2.459224462509155273e-01
2.476858496665954590e-01
2.594666182994842529e-01
2.989998757839202881e-01
2.360273003578186035e-01
2.560744583606719971e-01
2.806377708911895752e-01
2.413924187421798706e-01
2.634727060794830322e-01
2.998399734497070312e-01
3.635816872119903564e-01
2.726043760776519775e-01
2.417723983526229858e-01
2.840298712253570557e-01
2.650124132633209229e-01
2.854553461074829102e-01
2.575864791870117188e-01
2.521784007549285889e-01
3.039783239364624023e-01
2.477224916219711304e-01
2.630131542682647705e-01
2.539178431034088135e-01
2.659375965595245361e-01
2.744721472263336182e-01
2.475174665451049805e-01
3.352942466735839844e-01
2.394646406173706055e-01
2.730211913585662842e-01
2.837187945842742920e-01
2.710159122943878174e-01
2.601960599422454834e-01
2.510601580142974854e-01
2.712033689022064209e-01
2.591891288757324219e-01
2.578209042549133301e-01
2.412583827972412109e-01
2.352613210678100586e-01
2.628311216831207275e-01
2.697733640670776367e-01
3.012728393077850342e-01
2.845890820026397705e-01
2.856009900569915771e-01
2.634739279747009277e-01
2.533858716487884521e-01
2.559903562068939209e-01
3.193387091159820557e-01
2.504039108753204346e-01
2.476712912321090698e-01
2.731829583644866943e-01
2.587426900863647461e-01
2.864070534706115723e-01
2.394335120916366577e-01
2.406772375106811523e-01
2.661789357662200928e-01
2.848090231418609619e-01
2.476954907178878784e-01
3.238643407821655273e-01
3.072560131549835205e-01
2.599631547927856445e-01
2.736258208751678467e-01
2.929944694042205811e-01
3.310661017894744873e-01
2.332698702812194824e-01
2.641171514987945557e-01
2.650033831596374512e-01
2.686821520328521729e-01
2.524208724498748779e-01
2.569350898265838623e-01
2.895389497280120850e-01
2.509530484676361084e-01
2.831325232982635498e-01
2.702001035213470459e-01
2.493088245391845703e-01
2.394288927316665649e-01
2.553022801876068115e-01
2.562918961048126221e-01
2.637375891208648682e-01
2.327722907066345215e-01
2.744514942169189453e-01
2.398137301206588745e-01
3.567200005054473877e-01
2.480601072311401367e-01
2.381075024604797363e-01
2.294695228338241577e-01
2.850031852722167969e-01
2.532108128070831299e-01
2.620082199573516846e-01
3.082793653011322021e-01
3.065569698810577393e-01
2.441678047180175781e-01
2.455066591501235962e-01
2.728247344493865967e-01
4.075486660003662109e-01
2.707597315311431885e-01
2.343186140060424805e-01
2.774121761322021484e-01
2.618310153484344482e-01
2.628235518932342529e-01
2.700949609279632568e-01
2.944889962673187256e-01
3.051019608974456787e-01
2.762807607650756836e-01
2.392021864652633667e-01
2.450789958238601685e-01
2.456436157226562500e-01
2.402915507555007935e-01
2.372078895568847656e-01
3.459542095661163330e-01
2.675825059413909912e-01
2.939015328884124756e-01
2.265860289335250854e-01
3.009634315967559814e-01
2.451043874025344849e-01
2.346172332763671875e-01
2.567052543163299561e-01
2.449216693639755249e-01
2.450470179319381714e-01
2.371928840875625610e-01
2.753367125988006592e-01
2.541057765483856201e-01
2.542371749877929688e-01
2.737625837326049805e-01
2.476093769073486328e-01
2.641114890575408936e-01
2.521130144596099854e-01
2.531895339488983154e-01
2.395822554826736450e-01
2.519702613353729248e-01
2.614172101020812988e-01
3.311873674392700195e-01
2.680384218692779541e-01
2.839375436305999756e-01
2.541491687297821045e-01
2.517745196819305420e-01
2.832978963851928711e-01
2.359813451766967773e-01
2.762005627155303955e-01
2.432045340538024902e-01
2.415630370378494263e-01
2.280194163322448730e-01
2.975021898746490479e-01
3.029022514820098877e-01
2.313785701990127563e-01
3.127349913120269775e-01
3.497584760189056396e-01
2.456005811691284180e-01
2.507188916206359863e-01
2.388435602188110352e-01
2.310750484466552734e-01
2.618228495121002197e-01
2.360645383596420288e-01
2.549647688865661621e-01
2.325757145881652832e-01
2.632025480270385742e-01
2.509341537952423096e-01
2.622053623199462891e-01
2.476881593465805054e-01
2.577596306800842285e-01
2.725690305233001709e-01
2.445612698793411255e-01
2.929738461971282959e-01
2.711121141910552979e-01
2.269851714372634888e-01
2.397643774747848511e-01
3.498587608337402344e-01
2.763734757900238037e-01
3.007196784019470215e-01
2.377766966819763184e-01
2.207362204790115356e-01
2.639689743518829346e-01
2.681405842304229736e-01
2.937036454677581787e-01
2.902518212795257568e-01
2.979099750518798828e-01
2.780439555644989014e-01
2.707441747188568115e-01
2.273716926574707031e-01
2.946301102638244629e-01
2.313328236341476440e-01
2.525236308574676514e-01
2.408932894468307495e-01
3.026184737682342529e-01
2.813409268856048584e-01
2.503078281879425049e-01
2.935777604579925537e-01
2.489829063415527344e-01
2.830107808113098145e-01
2.573482096195220947e-01
2.428554743528366089e-01
2.405247688293457031e-01
2.621897757053375244e-01
2.277427464723587036e-01
2.914942204952239990e-01
2.721354365348815918e-01
2.400495409965515137e-01
2.872648537158966064e-01
3.088678419589996338e-01
2.473251372575759888e-01
2.267884612083435059e-01
2.506973445415496826e-01
2.455355376005172729e-01
2.521772086620330811e-01
3.647824823856353760e-01
2.555030286312103271e-01
2.483922392129898071e-01
2.491971403360366821e-01
2.461643964052200317e-01
2.319648861885070801e-01
3.495833873748779297e-01
2.479433268308639526e-01
2.500853836536407471e-01
2.948680222034454346e-01
2.616606056690216064e-01
2.321597486734390259e-01
2.468506693840026855e-01
2.651931643486022949e-01
2.439601570367813110e-01
2.638436257839202881e-01
2.588017582893371582e-01
2.536263465881347656e-01
2.511717379093170166e-01
2.698131501674652100e-01
2.705960571765899658e-01
2.280905693769454956e-01
2.789168655872344971e-01
2.313137054443359375e-01
2.561173141002655029e-01
2.451242655515670776e-01
2.544960677623748779e-01
2.405751943588256836e-01
2.611827254295349121e-01
2.305628806352615356e-01
2.398428320884704590e-01
2.450713664293289185e-01
2.258884459733963013e-01
2.371215820312500000e-01
2.878464758396148682e-01
2.519831359386444092e-01
2.471133321523666382e-01
2.576683461666107178e-01
2.457539588212966919e-01
2.547760605812072754e-01
2.458339929580688477e-01
2.789514660835266113e-01
3.150683641433715820e-01
2.509413659572601318e-01
2.401950359344482422e-01
2.293422371149063110e-01
2.427452802658081055e-01
2.465366721153259277e-01
2.865494191646575928e-01
2.622650861740112305e-01
2.536418735980987549e-01
2.340535372495651245e-01
3.180178403854370117e-01
2.927804887294769287e-01
2.849620580673217773e-01
2.794292867183685303e-01
2.285890132188796997e-01
2.282801270484924316e-01
2.403859943151473999e-01
2.481524944305419922e-01
2.387747317552566528e-01
2.386887669563293457e-01
2.554271221160888672e-01
2.526643276214599609e-01
2.600932419300079346e-01
2.550099790096282959e-01
2.575454711914062500e-01
2.650579214096069336e-01
2.549762427806854248e-01
2.425400018692016602e-01
2.736946642398834229e-01
2.387084811925888062e-01
2.533100247383117676e-01
2.285785079002380371e-01
2.559811174869537354e-01
2.377422899007797241e-01
2.424968332052230835e-01
2.345216870307922363e-01
3.076979219913482666e-01
2.396899014711380005e-01
2.419265955686569214e-01
2.683890759944915771e-01
2.745204269886016846e-01
2.347036153078079224e-01
2.416329532861709595e-01
2.452384233474731445e-01
3.299893736839294434e-01
2.461623996496200562e-01
2.223850637674331665e-01
2.301957607269287109e-01
2.953479588031768799e-01
3.016516864299774170e-01
2.384056597948074341e-01
2.328858822584152222e-01
2.277731895446777344e-01
2.301957607269287109e-01
2.668695747852325439e-01
2.833009660243988037e-01
3.319036364555358887e-01
2.530742585659027100e-01
2.327777296304702759e-01
2.923941314220428467e-01
2.725305259227752686e-01
2.645830214023590088e-01
3.794081509113311768e-01
3.113262355327606201e-01
2.246463745832443237e-01
2.362449318170547485e-01
2.984131574630737305e-01
2.458028346300125122e-01
2.298064082860946655e-01
2.515923678874969482e-01
2.689289450645446777e-01
2.595274746417999268e-01
2.285648584365844727e-01
2.894669473171234131e-01
2.646062672138214111e-01
3.144780993461608887e-01
2.808344066143035889e-01
2.707764208316802979e-01
2.523954212665557861e-01
2.382897287607192993e-01
2.375119328498840332e-01
2.941848039627075195e-01
2.341391593217849731e-01
2.613646686077117920e-01
2.277619093656539917e-01
2.372747659683227539e-01
2.675645947456359863e-01
2.747180759906768799e-01
2.428849935531616211e-01
2.648514211177825928e-01
2.887831032276153564e-01
2.350398302078247070e-01
2.772001326084136963e-01
2.811284959316253662e-01
2.529820203781127930e-01
2.610362470149993896e-01
2.502281069755554199e-01
2.355622798204421997e-01
2.836712896823883057e-01
2.256173044443130493e-01
2.375803142786026001e-01
3.381644189357757568e-01
2.356068044900894165e-01
2.806397676467895508e-01
2.413388490676879883e-01
2.354350835084915161e-01
2.503192722797393799e-01
2.350594550371170044e-01
2.468726187944412231e-01
2.645466923713684082e-01
2.256222963333129883e-01
2.621134817600250244e-01
2.468755245208740234e-01
2.647059857845306396e-01
2.287635356187820435e-01
3.497319221496582031e-01
2.357764840126037598e-01
3.007696866989135742e-01
2.410783022642135620e-01
2.244564443826675415e-01
2.431177496910095215e-01
2.938614785671234131e-01
2.232017070055007935e-01
2.921718060970306396e-01
2.670531272888183594e-01
2.410875558853149414e-01
2.409638017416000366e-01
2.243625968694686890e-01
2.358980178833007812e-01
2.494945526123046875e-01
2.351891994476318359e-01
2.528400123119354248e-01
2.713297903537750244e-01
2.338817566633224487e-01
2.415996044874191284e-01
2.611217498779296875e-01
2.321667224168777466e-01
2.493716478347778320e-01
2.345893830060958862e-01
2.402845025062561035e-01
2.437411099672317505e-01
2.359045296907424927e-01
2.443120330572128296e-01
2.756472826004028320e-01
3.491711616516113281e-01
2.597644627094268799e-01
2.891804873943328857e-01
2.410263419151306152e-01
2.362359166145324707e-01
2.341250777244567871e-01
2.967159152030944824e-01
2.330250293016433716e-01
2.807563841342926025e-01
2.547626197338104248e-01
2.802148163318634033e-01
2.481549978256225586e-01
2.650864422321319580e-01
2.440718263387680054e-01
3.384218513965606689e-01
2.412300556898117065e-01
2.735645473003387451e-01
2.529872655868530273e-01
2.280885726213455200e-01
2.464306950569152832e-01
2.470278590917587280e-01
2.328296154737472534e-01
2.627773582935333252e-01
2.309344857931137085e-01
2.403531521558761597e-01
2.413606643676757812e-01
2.526098489761352539e-01
2.439833134412765503e-01
2.328329235315322876e-01
2.720639407634735107e-01
2.372659593820571899e-01
2.404963970184326172e-01
2.664357423782348633e-01
3.226913511753082275e-01
3.401022255420684814e-01
2.399011701345443726e-01
2.644107639789581299e-01
2.408344745635986328e-01
3.162097036838531494e-01
2.420606464147567749e-01
2.947592735290527344e-01
2.411478012800216675e-01
2.298806458711624146e-01
2.539834380149841309e-01
2.782696187496185303e-01
2.440965920686721802e-01
2.386429756879806519e-01
2.668963670730590820e-01
2.337493896484375000e-01
2.484874725341796875e-01
3.029984831809997559e-01
2.798364162445068359e-01
2.467771172523498535e-01
2.406300753355026245e-01
2.786212265491485596e-01
2.643314301967620850e-01
2.254455834627151489e-01
2.380430549383163452e-01
2.232650965452194214e-01
2.403890490531921387e-01
2.657638192176818848e-01
2.381303161382675171e-01
3.086253106594085693e-01
2.481657862663269043e-01
2.243620753288269043e-01
2.614565789699554443e-01
2.258684784173965454e-01
2.449924349784851074e-01
2.521476447582244873e-01
2.316064834594726562e-01
2.971960008144378662e-01
2.237807512283325195e-01
2.648470103740692139e-01
2.718661725521087646e-01
2.495319396257400513e-01
2.573487460613250732e-01
2.793945968151092529e-01
2.331476807594299316e-01
2.433552294969558716e-01
2.563101351261138916e-01
2.801899611949920654e-01
2.825220227241516113e-01
2.901557683944702148e-01
2.516596317291259766e-01
2.281395047903060913e-01
2.649369537830352783e-01
2.707276642322540283e-01
2.949890196323394775e-01
2.634302675724029541e-01
2.660386562347412109e-01
2.441459894180297852e-01
3.026287555694580078e-01
2.517195045948028564e-01
2.609661519527435303e-01
2.441373467445373535e-01
2.412183880805969238e-01
2.502759397029876709e-01
2.211777716875076294e-01
2.625658214092254639e-01
2.805813550949096680e-01
2.753986120223999023e-01
2.263286560773849487e-01
2.636906504631042480e-01
2.386323660612106323e-01
2.958581745624542236e-01
2.411257475614547729e-01
3.287091255187988281e-01
3.064596354961395264e-01
2.325139045715332031e-01
2.257192134857177734e-01
3.186103105545043945e-01
2.444186210632324219e-01
2.227004915475845337e-01
2.360878139734268188e-01
2.416128516197204590e-01
2.871712148189544678e-01
2.659784257411956787e-01
2.338497638702392578e-01
3.586549758911132812e-01
2.188525348901748657e-01
2.353507429361343384e-01
2.446685582399368286e-01
2.961362898349761963e-01
2.386123538017272949e-01
2.704577147960662842e-01
2.864337861537933350e-01
2.508282959461212158e-01
2.509844601154327393e-01
2.419361323118209839e-01
2.270798534154891968e-01
2.589594125747680664e-01
2.321655750274658203e-01
2.289548516273498535e-01
2.758976221084594727e-01
2.677667140960693359e-01
2.659172713756561279e-01
2.386153191328048706e-01
2.878954708576202393e-01
2.546239793300628662e-01
2.530331611633300781e-01
2.269042730331420898e-01
2.578240334987640381e-01
2.679076492786407471e-01
2.384502887725830078e-01
2.439821362495422363e-01
3.295944631099700928e-01
3.823147714138031006e-01
2.459140866994857788e-01
2.191005945205688477e-01
2.306864261627197266e-01
2.350473403930664062e-01
2.605664432048797607e-01
2.599584162235260010e-01
2.753262221813201904e-01
2.610131502151489258e-01
2.323002219200134277e-01
2.749050557613372803e-01
2.387750148773193359e-01
2.786171138286590576e-01
3.521980047225952148e-01
2.347542643547058105e-01
2.697926759719848633e-01
2.836388647556304932e-01
2.765902578830718994e-01
2.328731864690780640e-01
2.620414793491363525e-01
3.300364613533020020e-01
2.302644252777099609e-01
2.884025871753692627e-01
2.234200984239578247e-01
2.309714108705520630e-01
2.810312509536743164e-01
3.057169914245605469e-01
2.383034080266952515e-01
2.697894275188446045e-01
2.584868371486663818e-01
3.335958421230316162e-01
2.314615696668624878e-01
2.238091826438903809e-01
2.244280427694320679e-01
2.901940047740936279e-01
2.274012416601181030e-01
2.425177097320556641e-01
2.596647143363952637e-01
2.588228881359100342e-01
2.262104749679565430e-01
2.328618615865707397e-01
2.377000451087951660e-01
2.393276542425155640e-01
2.377997785806655884e-01
2.419491857290267944e-01
2.436076402664184570e-01
2.831062376499176025e-01
2.961748838424682617e-01
3.025632202625274658e-01
2.507180869579315186e-01
2.235188484191894531e-01
2.408093661069869995e-01
2.601063847541809082e-01
2.558285892009735107e-01
2.625509202480316162e-01
2.210974693298339844e-01
2.364818900823593140e-01
2.542684078216552734e-01
2.694597244262695312e-01
2.377665042877197266e-01
2.417841702699661255e-01
3.370251357555389404e-01
2.347330302000045776e-01
2.504071891307830811e-01
2.406200319528579712e-01
2.288652062416076660e-01
2.455339431762695312e-01
2.258428186178207397e-01
2.370387315750122070e-01
2.475981265306472778e-01
2.847916185855865479e-01
2.941598892211914062e-01
2.439913600683212280e-01
2.994150221347808838e-01
2.474188953638076782e-01
2.298635393381118774e-01
2.641186118125915527e-01
2.222494333982467651e-01
2.565412521362304688e-01
2.225278615951538086e-01
2.297606468200683594e-01
2.739703953266143799e-01
2.669520080089569092e-01
3.213702142238616943e-01
2.885812222957611084e-01
2.729382812976837158e-01
2.238172739744186401e-01
2.401831150054931641e-01
2.648018300533294678e-01
2.356123477220535278e-01
2.354506403207778931e-01
2.545454800128936768e-01
2.454373091459274292e-01
2.443834394216537476e-01
2.473666667938232422e-01
2.357304543256759644e-01
2.496529668569564819e-01
2.098927497863769531e-01
2.354013770818710327e-01
2.349488586187362671e-01
2.864649891853332520e-01
2.343185693025588989e-01
2.578858137130737305e-01
2.349624484777450562e-01
2.453838586807250977e-01
2.366883307695388794e-01
2.574513852596282959e-01
2.373731881380081177e-01
2.289831638336181641e-01
3.371845483779907227e-01
2.453273683786392212e-01
2.449415922164916992e-01
3.049826323986053467e-01
2.610650062561035156e-01
3.100705444812774658e-01
2.334393113851547241e-01
2.278863936662673950e-01
2.365359812974929810e-01
2.691686153411865234e-01
2.475813627243041992e-01
2.245140224695205688e-01
2.198768109083175659e-01
2.196637839078903198e-01
2.224571853876113892e-01
2.324994951486587524e-01
2.577626705169677734e-01
2.203425616025924683e-01
2.626629769802093506e-01
2.329157441854476929e-01
3.100827038288116455e-01
2.434254437685012817e-01
3.146483898162841797e-01
2.372921258211135864e-01
2.411056160926818848e-01
2.784557640552520752e-01
2.319338768720626831e-01
2.224338054656982422e-01
2.256150245666503906e-01
2.247500419616699219e-01
2.155242711305618286e-01
2.514092624187469482e-01
2.277333885431289673e-01
2.605903446674346924e-01
2.573109567165374756e-01
2.596537172794342041e-01
2.534021139144897461e-01
4.089482128620147705e-01
