1.412093758583068848e+00
1.412337779998779297e+00
1.083135366439819336e+00
1.011142730712890625e+00
1.775663018226623535e+00
1.175356984138488770e+00
1.045755028724670410e+00
3.982776165008544922e+00
7.627611756324768066e-01
1.523708701133728027e+00
1.001748085021972656e+00
7.964679598808288574e-01
3.560663223266601562e+00
1.196776986122131348e+00
1.488356351852416992e+00
7.349043488502502441e-01
1.943001031875610352e+00
1.417965650558471680e+00
8.476724624633789062e-01
1.609225869178771973e+00
8.704872131347656250e-01
8.818404078483581543e-01
8.518331050872802734e-01
4.402414321899414062e+00
5.990215539932250977e-01
2.615514993667602539e+00
7.358341813087463379e-01
1.004400014877319336e+00
9.088236689567565918e-01
3.158466100692749023e+00
1.214909076690673828e+00
9.492731094360351562e-01
7.732409834861755371e-01
1.227084517478942871e+00
7.827837467193603516e-01
2.167412042617797852e+00
1.038721084594726562e+00
2.277298927307128906e+00
2.457371473312377930e+00
2.426377773284912109e+00
1.009279012680053711e+00
3.759013175964355469e+00
9.038886427879333496e-01
1.103584766387939453e+00
8.841491937637329102e-01
9.989509582519531250e-01
9.360108375549316406e-01
1.477602124214172363e+00
9.041574001312255859e-01
7.904371023178100586e-01
1.498103618621826172e+00
2.442270278930664062e+00
6.906006932258605957e-01
9.981094002723693848e-01
8.594366312026977539e-01
1.230586528778076172e+00
6.737881302833557129e-01
9.341194629669189453e-01
1.798799157142639160e+00
7.463968992233276367e-01
1.138494253158569336e+00
8.406598567962646484e-01
1.834731698036193848e+00
2.226581096649169922e+00
7.941026687622070312e-01
3.759181737899780273e+00
1.419790029525756836e+00
1.469267606735229492e+00
1.065426588058471680e+00
1.694636464118957520e+00
1.075469493865966797e+00
1.138572335243225098e+00
8.449227809906005859e-01
2.354772567749023438e+00
7.707383632659912109e-01
8.255741596221923828e-01
9.174600839614868164e-01
1.515611886978149414e+00
1.217378854751586914e+00
1.211655974388122559e+00
1.135823011398315430e+00
1.623932361602783203e+00
9.945960640907287598e-01
1.991710424423217773e+00
6.916037797927856445e-01
7.705291509628295898e-01
8.296979665756225586e-01
1.149202823638916016e+00
9.316932559013366699e-01
9.559842348098754883e-01
1.404283523559570312e+00
1.167922019958496094e+00
1.419083237648010254e+00
9.570356607437133789e-01
9.395857453346252441e-01
7.289032936096191406e-01
8.128352165222167969e-01
1.359179377555847168e+00
8.400963544845581055e-01
2.150727748870849609e+00
6.949080228805541992e-01
4.002631187438964844e+00
6.629939675331115723e-01
8.375438451766967773e-01
9.778376221656799316e-01
8.539215326309204102e-01
1.374372959136962891e+00
2.667054414749145508e+00
1.288473606109619141e+00
9.548415541648864746e-01
1.082331299781799316e+00
2.893218517303466797e+00
9.897774457931518555e-01
1.544118523597717285e+00
1.606234312057495117e+00
9.087901711463928223e-01
9.558210372924804688e-01
8.929353952407836914e-01
1.129060268402099609e+00
4.722046375274658203e+00
2.847977638244628906e+00
1.424419522285461426e+00
2.127123355865478516e+00
1.585291624069213867e+00
1.342207431793212891e+00
9.076706767082214355e-01
8.581521511077880859e-01
8.836051225662231445e-01
1.260377287864685059e+00
3.282804727554321289e+00
2.374882698059082031e+00
1.050200939178466797e+00
1.496075391769409180e+00
1.030540108680725098e+00
2.306899785995483398e+00
1.101408839225769043e+00
1.145314574241638184e+00
1.126215338706970215e+00
1.011102795600891113e+00
1.108573198318481445e+00
1.382476806640625000e+00
1.395366907119750977e+00
6.736619472503662109e-01
1.079603314399719238e+00
1.605979204177856445e+00
3.631449699401855469e+00
7.166421413421630859e-01
1.574093580245971680e+00
1.099386215209960938e+00
1.189102530479431152e+00
6.402825713157653809e-01
1.251644372940063477e+00
9.532350301742553711e-01
3.568439960479736328e+00
1.121654987335205078e+00
7.666507959365844727e-01
8.231152892112731934e-01
9.561914801597595215e-01
9.634039998054504395e-01
6.447934508323669434e-01
7.197589874267578125e-01
1.165455579757690430e+00
1.534111022949218750e+00
7.725254297256469727e-01
8.612610101699829102e-01
7.295247912406921387e-01
7.510689496994018555e-01
3.321962594985961914e+00
1.028332352638244629e+00
2.565080165863037109e+00
3.126317024230957031e+00
9.254805445671081543e-01
1.146538496017456055e+00
1.012592315673828125e+00
7.542662620544433594e-01
1.703604817390441895e+00
1.198691368103027344e+00
6.225427985191345215e-01
7.406941652297973633e-01
6.717588901519775391e-01
1.118886470794677734e+00
1.670126676559448242e+00
1.778969049453735352e+00
1.357894539833068848e+00
7.206653952598571777e-01
3.153563022613525391e+00
9.291713833808898926e-01
1.228046178817749023e+00
9.183464646339416504e-01
6.381782293319702148e-01
1.082013130187988281e+00
1.589353919029235840e+00
1.702947378158569336e+00
7.912795543670654297e-01
9.819574356079101562e-01
9.201501607894897461e-01
3.256225585937500000e+00
8.152870535850524902e-01
9.453153610229492188e-01
1.140724420547485352e+00
8.200041651725769043e-01
7.706085443496704102e-01
1.410039424896240234e+00
7.029626369476318359e-01
9.383028149604797363e-01
1.023346424102783203e+00
1.132152080535888672e+00
8.858591914176940918e-01
6.252953410148620605e-01
1.315298318862915039e+00
3.645384550094604492e+00
1.779921174049377441e+00
6.247334480285644531e-01
2.239206790924072266e+00
1.195792675018310547e+00
1.600316405296325684e+00
6.617151498794555664e-01
1.178227066993713379e+00
6.922488808631896973e-01
9.429297447204589844e-01
1.525043487548828125e+00
8.766185641288757324e-01
7.346622943878173828e-01
7.720850706100463867e-01
7.855863571166992188e-01
7.035520672798156738e-01
1.070637583732604980e+00
1.374030828475952148e+00
9.198965430259704590e-01
1.125385046005249023e+00
1.012197494506835938e+00
6.505870819091796875e-01
6.871182322502136230e-01
1.195695400238037109e+00
1.500056982040405273e+00
6.771171689033508301e-01
2.148121595382690430e+00
3.454461336135864258e+00
6.116324067115783691e-01
5.753272771835327148e-01
1.036794304847717285e+00
8.165637850761413574e-01
7.045035362243652344e-01
6.801228523254394531e-01
1.053966522216796875e+00
6.877423524856567383e-01
1.965794801712036133e+00
6.942676305770874023e-01
1.938894510269165039e+00
1.320985078811645508e+00
1.327205896377563477e+00
6.119731664657592773e-01
8.668445348739624023e-01
1.865783929824829102e+00
8.380931615829467773e-01
1.268012285232543945e+00
8.159185647964477539e-01
1.047623157501220703e+00
1.148126125335693359e+00
9.227128624916076660e-01
7.783733606338500977e-01
1.050034046173095703e+00
1.071057319641113281e+00
9.919434189796447754e-01
8.894096612930297852e-01
1.298960924148559570e+00
1.301386117935180664e+00
7.550687789916992188e-01
1.471153974533081055e+00
6.732827425003051758e-01
1.443026304244995117e+00
6.504007577896118164e-01
5.622342228889465332e-01
6.932642459869384766e-01
1.042773723602294922e+00
2.335377216339111328e+00
5.252232551574707031e-01
1.034074783325195312e+00
2.438406229019165039e+00
1.236438035964965820e+00
7.638350725173950195e-01
7.473788261413574219e-01
7.717207074165344238e-01
6.983003616333007812e-01
4.127281665802001953e+00
1.060603499412536621e+00
1.356390476226806641e+00
2.447461128234863281e+00
5.473397374153137207e-01
1.355522394180297852e+00
8.977849483489990234e-01
7.129712104797363281e-01
1.272838354110717773e+00
1.522955298423767090e+00
1.155240535736083984e+00
1.162883281707763672e+00
1.087319016456604004e+00
7.375767827033996582e-01
6.880590319633483887e-01
6.971505880355834961e-01
1.629858255386352539e+00
1.113315820693969727e+00
2.375076055526733398e+00
1.064579725265502930e+00
1.587973356246948242e+00
9.774557948112487793e-01
7.617330551147460938e-01
1.452018976211547852e+00
1.031462430953979492e+00
1.449581146240234375e+00
7.460914254188537598e-01
9.068062305450439453e-01
1.070058107376098633e+00
3.269580841064453125e+00
6.602870225906372070e-01
5.551385879516601562e-01
6.474415063858032227e-01
1.221877455711364746e+00
1.190325260162353516e+00
9.719252586364746094e-01
6.633317470550537109e-01
9.162883162498474121e-01
1.305861592292785645e+00
1.334162712097167969e+00
1.282121658325195312e+00
1.617419958114624023e+00
8.083151578903198242e-01
1.068657040596008301e+00
3.920644760131835938e+00
1.333187460899353027e+00
1.799784779548645020e+00
8.869231939315795898e-01
7.480593919754028320e-01
8.134483695030212402e-01
7.644023299217224121e-01
1.062139868736267090e+00
1.179614782333374023e+00
2.948439598083496094e+00
7.279396653175354004e-01
1.260850906372070312e+00
1.349857091903686523e+00
9.379311800003051758e-01
1.427476286888122559e+00
1.048315763473510742e+00
9.832599163055419922e-01
7.130855321884155273e-01
1.924583435058593750e+00
1.053750514984130859e+00
9.539319872856140137e-01
3.274588584899902344e+00
7.107499837875366211e-01
3.500449895858764648e+00
1.062074303627014160e+00
1.475005388259887695e+00
9.379832148551940918e-01
7.690222263336181641e-01
1.360223531723022461e+00
1.099006414413452148e+00
8.891409635543823242e-01
1.290264129638671875e+00
8.306449651718139648e-01
7.140585184097290039e-01
8.921449184417724609e-01
1.430522680282592773e+00
9.662497043609619141e-01
6.527144908905029297e-01
9.837357401847839355e-01
9.548816680908203125e-01
1.263508081436157227e+00
1.307446718215942383e+00
1.052017331123352051e+00
4.817688941955566406e+00
9.854849576950073242e-01
9.726604819297790527e-01
2.284124135971069336e+00
1.272565603256225586e+00
1.058365941047668457e+00
9.574338197708129883e-01
1.087299823760986328e+00
1.043628692626953125e+00
3.175895214080810547e+00
1.187498807907104492e+00
8.090369105339050293e-01
2.248246669769287109e+00
7.928970456123352051e-01
1.503747701644897461e+00
2.298353433609008789e+00
7.847896814346313477e-01
1.063929796218872070e+00
1.233308672904968262e+00
1.054707884788513184e+00
9.368021488189697266e-01
1.917850971221923828e+00
1.030163288116455078e+00
7.863465547561645508e-01
1.593072652816772461e+00
2.506223678588867188e+00
1.060383915901184082e+00
4.535424232482910156e+00
1.374062895774841309e+00
1.179455637931823730e+00
2.560048103332519531e+00
9.334931969642639160e-01
1.141090393066406250e+00
9.166498780250549316e-01
8.471186161041259766e-01
1.296449661254882812e+00
8.528711795806884766e-01
9.205515384674072266e-01
9.945580959320068359e-01
1.245268583297729492e+00
8.097332119941711426e-01
8.834653496742248535e-01
1.877527356147766113e+00
4.479316234588623047e+00
1.194155454635620117e+00
9.743677377700805664e-01
1.601517200469970703e+00
2.041522979736328125e+00
6.338587999343872070e-01
8.899469375610351562e-01
1.213006734848022461e+00
6.369764804840087891e-01
8.755837678909301758e-01
1.817766666412353516e+00
1.178186297416687012e+00
6.583089828491210938e-01
1.113488197326660156e+00
6.958165168762207031e-01
1.347807288169860840e+00
6.558645963668823242e-01
1.428942561149597168e+00
1.307877779006958008e+00
1.207229852676391602e+00
1.080313444137573242e+00
8.546061515808105469e-01
5.999000668525695801e-01
6.890990734100341797e-01
1.321371674537658691e+00
1.544005155563354492e+00
8.664899468421936035e-01
1.019246816635131836e+00
8.483911156654357910e-01
1.080193877220153809e+00
7.122226953506469727e-01
1.283593177795410156e+00
1.634643077850341797e+00
9.027429819107055664e-01
1.262684106826782227e+00
7.028578519821166992e-01
1.139516234397888184e+00
9.830375313758850098e-01
2.516343832015991211e+00
1.599093317985534668e+00
9.625353217124938965e-01
6.641156077384948730e-01
9.925184845924377441e-01
1.149017453193664551e+00
6.779999732971191406e-01
1.253820061683654785e+00
1.761894583702087402e+00
1.272139906883239746e+00
1.777179718017578125e+00
1.719623088836669922e+00
7.876329421997070312e-01
6.924214363098144531e-01
9.890426397323608398e-01
7.813665866851806641e-01
1.696155309677124023e+00
1.518197894096374512e+00
7.541719079017639160e-01
1.095167398452758789e+00
1.055911898612976074e+00
1.223780274391174316e+00
9.251875281333923340e-01
1.186936259269714355e+00
9.411644935607910156e-01
1.560108304023742676e+00
1.150861024856567383e+00
7.227085828781127930e-01
6.781755685806274414e-01
9.571802616119384766e-01
7.534920573234558105e-01
1.070087313652038574e+00
1.462613582611083984e+00
1.190807819366455078e+00
2.825518131256103516e+00
8.355600237846374512e-01
9.213472604751586914e-01
6.388580799102783203e-01
7.875437736511230469e-01
1.358788728713989258e+00
6.395390629768371582e-01
3.648093700408935547e+00
7.805346250534057617e-01
2.594338417053222656e+00
1.261586666107177734e+00
8.111214041709899902e-01
8.251069784164428711e-01
2.287253141403198242e+00
9.035478830337524414e-01
4.009384155273437500e+00
3.179842233657836914e+00
9.967998266220092773e-01
1.351831912994384766e+00
1.124607563018798828e+00
1.174230337142944336e+00
1.213029861450195312e+00
1.314312934875488281e+00
1.059071302413940430e+00
1.172489404678344727e+00
1.278712749481201172e+00
8.878122568130493164e-01
8.217190504074096680e-01
1.099224090576171875e+00
6.547352075576782227e-01
1.156454920768737793e+00
3.013815879821777344e+00
1.220197916030883789e+00
1.969636082649230957e+00
9.735490083694458008e-01
1.289007186889648438e+00
1.125143051147460938e+00
1.048876643180847168e+00
9.320400953292846680e-01
1.109675765037536621e+00
2.671308994293212891e+00
7.933207750320434570e-01
1.203125238418579102e+00
6.821303367614746094e-01
2.541281938552856445e+00
1.133780241012573242e+00
6.816496849060058594e-01
7.674522995948791504e-01
9.175928831100463867e-01
2.927647590637207031e+00
1.334702014923095703e+00
6.218727827072143555e-01
1.022998094558715820e+00
1.116492509841918945e+00
9.451432228088378906e-01
2.588142633438110352e+00
9.572097063064575195e-01
1.982140421867370605e+00
1.237452507019042969e+00
7.914159297943115234e-01
8.422569036483764648e-01
2.915732860565185547e+00
3.006882190704345703e+00
1.030386090278625488e+00
1.215939164161682129e+00
1.074188947677612305e+00
9.930074214935302734e-01
2.355331897735595703e+00
8.572859764099121094e-01
1.326270818710327148e+00
1.093654632568359375e+00
8.488459587097167969e-01
9.606412649154663086e-01
9.992313385009765625e-01
8.787168264389038086e-01
1.748537182807922363e+00
1.176193475723266602e+00
8.644705414772033691e-01
1.069432497024536133e+00
6.383007764816284180e-01
6.483865380287170410e-01
8.585577607154846191e-01
1.060257911682128906e+00
1.025115013122558594e+00
2.824644088745117188e+00
1.065524339675903320e+00
1.240951180458068848e+00
3.520901679992675781e+00
1.319149017333984375e+00
5.792624354362487793e-01
3.311627864837646484e+00
1.077890992164611816e+00
6.901819109916687012e-01
8.310381174087524414e-01
8.510768413543701172e-01
1.292399406433105469e+00
8.861386179924011230e-01
5.630548000335693359e-01
6.161649823188781738e-01
9.942193627357482910e-01
2.799821376800537109e+00
9.497691988945007324e-01
1.457735419273376465e+00
1.214009046554565430e+00
1.575646877288818359e+00
1.426733613014221191e+00
9.564772844314575195e-01
1.028552174568176270e+00
7.289974689483642578e-01
1.267199158668518066e+00
1.580342173576354980e+00
7.299642562866210938e-01
1.455252528190612793e+00
1.389689922332763672e+00
6.456742286682128906e-01
1.103979349136352539e+00
2.020226955413818359e+00
1.332956433296203613e+00
9.358728528022766113e-01
8.862563371658325195e-01
7.412989139556884766e-01
2.242737293243408203e+00
1.787034749984741211e+00
2.466506481170654297e+00
2.986696243286132812e+00
1.646130919456481934e+00
7.733482122421264648e-01
1.390764951705932617e+00
2.671045541763305664e+00
1.302946567535400391e+00
1.194204568862915039e+00
3.753540992736816406e+00
1.377227187156677246e+00
1.520248651504516602e+00
1.431519508361816406e+00
1.423285484313964844e+00
1.144128799438476562e+00
1.439452528953552246e+00
8.752462267875671387e-01
1.149450302124023438e+00
1.331316471099853516e+00
3.549436807632446289e+00
1.466834425926208496e+00
1.296447038650512695e+00
1.021724462509155273e+00
1.141970396041870117e+00
8.112285137176513672e-01
7.761334180831909180e-01
1.517876863479614258e+00
9.365997314453125000e-01
1.083136916160583496e+00
1.153521537780761719e+00
1.541776299476623535e+00
8.761111497879028320e-01
1.429050683975219727e+00
8.710215687751770020e-01
9.819353222846984863e-01
1.500841021537780762e+00
1.188349723815917969e+00
2.638392925262451172e+00
7.241356968879699707e-01
9.694785475730895996e-01
7.258117794990539551e-01
3.913706302642822266e+00
7.546665668487548828e-01
8.839082121849060059e-01
1.365366697311401367e+00
6.350405812263488770e-01
9.102811813354492188e-01
3.606921911239624023e+00
1.007641553878784180e+00
3.461303234100341797e+00
1.113439798355102539e+00
8.285307884216308594e-01
8.034164905548095703e-01
1.317592382431030273e+00
1.158095359802246094e+00
1.017364978790283203e+00
1.207198143005371094e+00
1.427039027214050293e+00
1.139320850372314453e+00
3.106585502624511719e+00
1.513613224029541016e+00
1.720922470092773438e+00
9.991272687911987305e-01
1.152981638908386230e+00
6.973589658737182617e-01
7.953503727912902832e-01
1.201175093650817871e+00
1.191819548606872559e+00
7.567293643951416016e-01
1.029921293258666992e+00
7.293534874916076660e-01
7.199246883392333984e-01
1.031880617141723633e+00
9.186076521873474121e-01
2.726106166839599609e+00
9.982305765151977539e-01
5.868228673934936523e-01
9.159049987792968750e-01
7.304426431655883789e-01
1.460307598114013672e+00
3.078952789306640625e+00
1.109802603721618652e+00
1.026223659515380859e+00
2.795635700225830078e+00
9.208840727806091309e-01
5.947812795639038086e-01
1.666465997695922852e+00
1.029689431190490723e+00
1.346614122390747070e+00
1.084829330444335938e+00
7.752375602722167969e-01
1.006653666496276855e+00
9.242014288902282715e-01
6.867738962173461914e-01
3.550506591796875000e+00
2.412271022796630859e+00
1.611086010932922363e+00
9.992856383323669434e-01
1.042332053184509277e+00
7.043389081954956055e-01
1.133202075958251953e+00
1.064882278442382812e+00
1.086472511291503906e+00
2.553886413574218750e+00
9.355849623680114746e-01
3.598517417907714844e+00
7.512376308441162109e-01
1.362726449966430664e+00
1.048811197280883789e+00
9.525948166847229004e-01
7.540936470031738281e-01
1.495242118835449219e+00
9.898726940155029297e-01
3.849645137786865234e+00
1.137958765029907227e+00
9.469337463378906250e-01
1.013499021530151367e+00
6.748776435852050781e-01
7.524063587188720703e-01
3.229029893875122070e+00
6.529460549354553223e-01
6.744595766067504883e-01
2.935957431793212891e+00
9.585075378417968750e-01
1.624186992645263672e+00
1.007729053497314453e+00
5.079513549804687500e+00
1.193538904190063477e+00
7.727086544036865234e-01
2.104380607604980469e+00
1.337738275527954102e+00
7.102026939392089844e-01
8.573387861251831055e-01
1.085326433181762695e+00
1.065180778503417969e+00
1.446112632751464844e+00
3.172575950622558594e+00
1.148846149444580078e+00
7.225013971328735352e-01
1.074831247329711914e+00
1.262655377388000488e+00
8.599478006362915039e-01
7.857816219329833984e-01
1.241841077804565430e+00
1.444643020629882812e+00
1.024603366851806641e+00
1.840667366981506348e+00
9.959300756454467773e-01
1.196355342864990234e+00
1.148127794265747070e+00
9.780399799346923828e-01
9.819614291191101074e-01
2.675841569900512695e+00
1.781864404678344727e+00
8.400101661682128906e-01
8.063039183616638184e-01
1.286591649055480957e+00
8.160142302513122559e-01
1.121687054634094238e+00
7.061083912849426270e-01
5.937333106994628906e-01
1.464122056961059570e+00
1.534395217895507812e+00
8.663364648818969727e-01
3.060769557952880859e+00
2.101611137390136719e+00
1.047207713127136230e+00
1.240954041481018066e+00
1.196982026100158691e+00
1.235458374023437500e+00
1.212184429168701172e+00
1.071381807327270508e+00
6.297779679298400879e-01
8.911411166191101074e-01
1.988796949386596680e+00
1.233433961868286133e+00
9.992911815643310547e-01
8.304632902145385742e-01
1.335342168807983398e+00
1.457848548889160156e+00
2.466289520263671875e+00
1.217400312423706055e+00
6.782217025756835938e-01
1.027200698852539062e+00
8.372161388397216797e-01
6.082512736320495605e-01
8.357324600219726562e-01
1.131299734115600586e+00
8.840237259864807129e-01
1.721071720123291016e+00
1.026635646820068359e+00
1.461899518966674805e+00
1.154748678207397461e+00
1.175356626510620117e+00
7.337234020233154297e-01
6.086461544036865234e-01
1.069868206977844238e+00
2.493891716003417969e+00
8.559456467628479004e-01
6.470541954040527344e-01
7.682297229766845703e-01
1.062072992324829102e+00
7.733778953552246094e-01
8.914791345596313477e-01
1.007252812385559082e+00
1.276977896690368652e+00
6.917744874954223633e-01
8.705068826675415039e-01
1.069305062294006348e+00
1.150315880775451660e+00
9.396843910217285156e-01
1.974979996681213379e+00
3.080288410186767578e+00
2.062106370925903320e+00
9.423315525054931641e-01
1.001169085502624512e+00
1.729731559753417969e+00
1.031676530838012695e+00
1.272001504898071289e+00
1.013509750366210938e+00
6.844365000724792480e-01
7.755997180938720703e-01
3.007565975189208984e+00
7.245509624481201172e-01
2.048491477966308594e+00
1.298818111419677734e+00
1.262634515762329102e+00
8.126291036605834961e-01
7.828416824340820312e-01
1.128701448440551758e+00
8.327558040618896484e-01
1.222656488418579102e+00
1.202597737312316895e+00
7.868665456771850586e-01
9.736466407775878906e-01
2.240215301513671875e+00
8.078044652938842773e-01
1.134395599365234375e+00
1.300715208053588867e+00
8.211686611175537109e-01
1.007161617279052734e+00
1.143328428268432617e+00
9.674322605133056641e-01
2.402440786361694336e+00
1.211581468582153320e+00
7.142320275306701660e-01
2.312685966491699219e+00
1.229274511337280273e+00
1.632703542709350586e+00
2.000601530075073242e+00
6.765317916870117188e-01
1.034189820289611816e+00
1.434628129005432129e+00
1.186512231826782227e+00
5.787037014961242676e-01
1.051137924194335938e+00
1.018976926803588867e+00
6.727508306503295898e-01
1.021942377090454102e+00
9.406228065490722656e-01
7.259287834167480469e-01
1.159459352493286133e+00
1.414282917976379395e+00
5.848277807235717773e-01
3.745952129364013672e+00
1.197879552841186523e+00
2.128976345062255859e+00
1.858449935913085938e+00
1.057332992553710938e+00
1.044430732727050781e+00
1.161513209342956543e+00
1.305745959281921387e+00
2.853619098663330078e+00
6.631661057472229004e-01
1.200118660926818848e+00
9.363986253738403320e-01
6.440151333808898926e-01
1.559663772583007812e+00
8.782616853713989258e-01
9.418618679046630859e-01
1.013844013214111328e+00
6.599358320236206055e-01
1.091449737548828125e+00
7.150287032127380371e-01
7.662711143493652344e-01
1.320125102996826172e+00
1.065757036209106445e+00
6.373528242111206055e-01
8.520585298538208008e-01
2.737707138061523438e+00
1.808916687965393066e+00
2.154747247695922852e+00
6.667335629463195801e-01
1.327506065368652344e+00
9.441809654235839844e-01
7.642107009887695312e-01
1.505206465721130371e+00
7.246446013450622559e-01
1.566315650939941406e+00
9.727464914321899414e-01
9.232741594314575195e-01
1.463075637817382812e+00
1.376121759414672852e+00
1.074919939041137695e+00
9.158664941787719727e-01
8.488098382949829102e-01
2.164667129516601562e+00
2.900858879089355469e+00
2.096649885177612305e+00
7.448023557662963867e-01
7.247278094291687012e-01
3.387341022491455078e+00
7.999233007431030273e-01
2.746975421905517578e+00
7.491955757141113281e-01
8.371025919914245605e-01
2.436613082885742188e+00
8.779370784759521484e-01
7.186747789382934570e-01
1.346730828285217285e+00
8.641998767852783203e-01
1.021336317062377930e+00
9.762415885925292969e-01
7.095612883567810059e-01
1.619501233100891113e+00
1.075013160705566406e+00
1.984527826309204102e+00
1.001496434211730957e+00
9.075090885162353516e-01
1.416635394096374512e+00
5.871335268020629883e-01
8.968750238418579102e-01
1.220985531806945801e+00
8.835523128509521484e-01
7.493616342544555664e-01
5.714364051818847656e-01
1.852515816688537598e+00
6.343340277671813965e-01
1.587748289108276367e+00
1.884830236434936523e+00
9.737976193428039551e-01
1.098816156387329102e+00
1.059201478958129883e+00
8.509161472320556641e-01
1.359283089637756348e+00
7.503693103790283203e-01
7.213906645774841309e-01
1.159969806671142578e+00
1.053105950355529785e+00
6.350525021553039551e-01
6.970592737197875977e-01
8.277728557586669922e-01
6.968539953231811523e-01
2.509887695312500000e+00
7.978463768959045410e-01
5.393148660659790039e-01
6.515294313430786133e-01
1.779675006866455078e+00
4.761962890625000000e+00
5.141022205352783203e-01
1.770685434341430664e+00
5.952378511428833008e-01
8.320348262786865234e-01
3.084838867187500000e+00
1.236497879028320312e+00
6.896297931671142578e-01
8.364289999008178711e-01
6.232022643089294434e-01
1.110380411148071289e+00
7.623642683029174805e-01
1.222461819648742676e+00
1.276574254035949707e+00
6.529265642166137695e-01
6.893626451492309570e-01
6.906188726425170898e-01
1.174384832382202148e+00
9.240908026695251465e-01
7.559819221496582031e-01
2.511348724365234375e+00
1.132758259773254395e+00
4.969819188117980957e-01
1.105102777481079102e+00
1.110788583755493164e+00
1.026081323623657227e+00
9.676553606986999512e-01
1.270380139350891113e+00
9.763593077659606934e-01
1.044025540351867676e+00
1.011650204658508301e+00
6.957136392593383789e-01
4.334408760070800781e+00
4.284069538116455078e+00
2.116064548492431641e+00
9.487400054931640625e-01
1.348542451858520508e+00
1.084692120552062988e+00
3.509343624114990234e+00
1.108088970184326172e+00
1.298848509788513184e+00
1.169305205345153809e+00
1.130910515785217285e+00
1.256427049636840820e+00
1.946437954902648926e+00
1.107912540435791016e+00
1.246284127235412598e+00
9.044180512428283691e-01
7.683593034744262695e-01
9.365741014480590820e-01
8.249555826187133789e-01
8.041859865188598633e-01
2.631552934646606445e+00
9.797129034996032715e-01
8.895044326782226562e-01
1.350007295608520508e+00
7.569364905357360840e-01
9.459399580955505371e-01
8.119896650314331055e-01
5.662273764610290527e-01
3.382945775985717773e+00
9.460942149162292480e-01
1.396530032157897949e+00
1.100671529769897461e+00
1.174718856811523438e+00
1.690483212471008301e+00
9.837930202484130859e-01
6.068055629730224609e-01
2.085274219512939453e+00
2.720263004302978516e+00
8.401461243629455566e-01
1.385797500610351562e+00
8.549203872680664062e-01
8.625401258468627930e-01
8.685510754585266113e-01
9.900583028793334961e-01
6.287776231765747070e-01
1.856846451759338379e+00
1.047533750534057617e+00
3.648968696594238281e+00
8.335378170013427734e-01
1.455463051795959473e+00
3.242603063583374023e+00
2.355278968811035156e+00
1.087859153747558594e+00
1.155003190040588379e+00
2.605298519134521484e+00
7.580558657646179199e-01
9.314368367195129395e-01
8.055276274681091309e-01
3.286556720733642578e+00
1.204225063323974609e+00
2.832869052886962891e+00
9.435514211654663086e-01
1.096575736999511719e+00
4.061521053314208984e+00
1.733962893486022949e+00
1.005216002464294434e+00
1.530815720558166504e+00
1.003260850906372070e+00
9.391459822654724121e-01
1.352947235107421875e+00
2.265226125717163086e+00
8.630106449127197266e-01
9.638583064079284668e-01
1.165620803833007812e+00
2.368993043899536133e+00
7.915295362472534180e-01
8.497864603996276855e-01
9.873941540718078613e-01
6.679586768150329590e-01
7.125924825668334961e-01
1.059528827667236328e+00
4.105195045471191406e+00
7.487643957138061523e-01
6.575200557708740234e-01
9.163765907287597656e-01
1.242124557495117188e+00
6.179046034812927246e-01
1.702075719833374023e+00
1.444287300109863281e+00
1.172330856323242188e+00
1.141875386238098145e+00
1.193197369575500488e+00
3.285046100616455078e+00
1.267337799072265625e+00
1.305579662322998047e+00
6.895934343338012695e-01
8.922207355499267578e-01
1.098327398300170898e+00
1.890642881393432617e+00
1.362990021705627441e+00
1.100142955780029297e+00
8.225412368774414062e-01
8.652157783508300781e-01
6.507799625396728516e-01
2.413379669189453125e+00
1.878532648086547852e+00
7.989890575408935547e-01
9.386268854141235352e-01
7.666839361190795898e-01
1.826823592185974121e+00
6.267317533493041992e-01
1.223609328269958496e+00
1.157831072807312012e+00
9.859195947647094727e-01
1.848712205886840820e+00
1.127212524414062500e+00
1.788452625274658203e+00
1.065261602401733398e+00
1.067769765853881836e+00
7.357630729675292969e-01
2.873183727264404297e+00
7.255368232727050781e-01
9.314288496971130371e-01
6.306765675544738770e-01
9.476271867752075195e-01
1.180320978164672852e+00
9.636579751968383789e-01
1.290235996246337891e+00
9.311513304710388184e-01
2.371899366378784180e+00
1.188184022903442383e+00
1.425119996070861816e+00
1.238844990730285645e+00
1.278689742088317871e+00
1.216845750808715820e+00
7.464446425437927246e-01
1.415455460548400879e+00
5.785652399063110352e-01
6.328517794609069824e-01
2.966824769973754883e+00
1.296224117279052734e+00
1.737435340881347656e+00
6.174027919769287109e-01
1.690207719802856445e+00
1.660745859146118164e+00
1.093155384063720703e+00
9.985188245773315430e-01
9.875971078872680664e-01
1.034366607666015625e+00
1.021286487579345703e+00
6.710131168365478516e-01
8.093947768211364746e-01
7.425316572189331055e-01
9.220956563949584961e-01
9.956710338592529297e-01
1.021231174468994141e+00
1.067714691162109375e+00
9.059964418411254883e-01
1.048065900802612305e+00
1.459307193756103516e+00
3.665972471237182617e+00
8.530346751213073730e-01
1.305304169654846191e+00
1.417697310447692871e+00
9.685627222061157227e-01
1.197780013084411621e+00
1.224100828170776367e+00
1.103230953216552734e+00
8.060704469680786133e-01
1.295005440711975098e+00
1.200087785720825195e+00
3.985587120056152344e+00
9.048680067062377930e-01
3.400246143341064453e+00
1.339702844619750977e+00
7.547232508659362793e-01
8.544800281524658203e-01
9.063040614128112793e-01
7.988562583923339844e-01
1.029684066772460938e+00
1.552618503570556641e+00
1.534239292144775391e+00
1.157408952713012695e+00
1.004254341125488281e+00
1.718630671501159668e+00
9.933527708053588867e-01
7.850097417831420898e-01
1.050161957740783691e+00
1.391194820404052734e+00
9.303234219551086426e-01
1.115270495414733887e+00
1.020610332489013672e+00
2.286533117294311523e+00
1.319524288177490234e+00
1.124045372009277344e+00
9.696415066719055176e-01
1.219974279403686523e+00
1.158939599990844727e+00
9.454345107078552246e-01
1.148104071617126465e+00
7.118119001388549805e-01
1.030808091163635254e+00
2.980790853500366211e+00
9.044814109802246094e-01
9.695635437965393066e-01
1.302486777305603027e+00
5.648806095123291016e-01
1.001165628433227539e+00
1.011142134666442871e+00
8.708711266517639160e-01
9.146522879600524902e-01
5.594493150711059570e-01
6.764766573905944824e-01
1.212551355361938477e+00
2.804744482040405273e+00
9.659565687179565430e-01
6.352171897888183594e-01
6.618064641952514648e-01
2.116845130920410156e+00
7.242149710655212402e-01
3.555893182754516602e+00
6.343433260917663574e-01
7.525453567504882812e-01
9.154655337333679199e-01
9.231947660446166992e-01
1.389177203178405762e+00
1.083791732788085938e+00
2.545729637145996094e+00
1.074958562850952148e+00
1.119672298431396484e+00
1.116570711135864258e+00
7.062332630157470703e-01
1.031213521957397461e+00
9.405922889709472656e-01
4.974701881408691406e+00
1.347036361694335938e+00
1.391964197158813477e+00
3.434751749038696289e+00
6.927512884140014648e-01
1.696242809295654297e+00
9.796119332313537598e-01
1.290209293365478516e+00
1.066514492034912109e+00
8.488681316375732422e-01
1.156880736351013184e+00
1.058036088943481445e+00
9.314320683479309082e-01
2.436895370483398438e+00
7.842044830322265625e-01
8.324884176254272461e-01
1.206730365753173828e+00
1.282612681388854980e+00
9.212820529937744141e-01
7.252874374389648438e-01
9.162270426750183105e-01
8.239833712577819824e-01
6.758721470832824707e-01
1.345240712165832520e+00
7.210965752601623535e-01
3.722609043121337891e+00
2.194093227386474609e+00
1.114544153213500977e+00
2.137534141540527344e+00
2.668253898620605469e+00
7.517207860946655273e-01
1.825309753417968750e+00
5.964195132255554199e-01
2.442348003387451172e+00
1.467389106750488281e+00
1.435361504554748535e+00
9.254974126815795898e-01
9.791889190673828125e-01
1.095075488090515137e+00
3.695793867111206055e+00
8.126233816146850586e-01
1.372954130172729492e+00
2.048204898834228516e+00
1.212077975273132324e+00
1.264133691787719727e+00
1.016583919525146484e+00
1.116640567779541016e+00
9.998898506164550781e-01
7.559929490089416504e-01
3.326813220977783203e+00
8.405719995498657227e-01
1.510543107986450195e+00
2.617755413055419922e+00
8.969463109970092773e-01
1.049556732177734375e+00
1.097367286682128906e+00
2.803787231445312500e+00
9.415780305862426758e-01
3.187127113342285156e+00
1.444049835205078125e+00
1.004827499389648438e+00
1.181722044944763184e+00
9.025391340255737305e-01
8.837279081344604492e-01
6.705320477485656738e-01
1.026067852973937988e+00
1.002778768539428711e+00
6.635341644287109375e-01
9.458630084991455078e-01
1.007341742515563965e+00
8.245237469673156738e-01
