3.889898359775543213e-01
3.574553430080413818e-01
3.956007063388824463e-01
3.488461077213287354e-01
3.720276355743408203e-01
3.568515479564666748e-01
3.617694079875946045e-01
4.504078924655914307e-01
3.787324726581573486e-01
3.544332683086395264e-01
4.982171058654785156e-01
4.034240543842315674e-01
3.442013263702392578e-01
3.541723191738128662e-01
3.762432336807250977e-01
4.014287889003753662e-01
3.579175174236297607e-01
3.768479526042938232e-01
3.957239389419555664e-01
4.145591259002685547e-01
3.477846086025238037e-01
3.454750478267669678e-01
3.480570018291473389e-01
3.917806148529052734e-01
3.213123679161071777e-01
3.291164040565490723e-01
3.354883491992950439e-01
3.668494224548339844e-01
3.833492696285247803e-01
3.511463105678558350e-01
3.566099107265472412e-01
3.312557339668273926e-01
4.323637187480926514e-01
3.827730715274810791e-01
3.791976869106292725e-01
3.162474632263183594e-01
4.234653711318969727e-01
3.485808372497558594e-01
3.466326296329498291e-01
3.376652896404266357e-01
3.185920119285583496e-01
3.677204847335815430e-01
3.365810811519622803e-01
4.012727737426757812e-01
3.521592319011688232e-01
3.693228960037231445e-01
3.946388065814971924e-01
3.358332216739654541e-01
3.523423671722412109e-01
3.716333210468292236e-01
3.498994112014770508e-01
3.759456574916839600e-01
3.460478782653808594e-01
3.481239378452301025e-01
3.451888859272003174e-01
5.037150382995605469e-01
3.544800281524658203e-01
3.549847602844238281e-01
3.672732114791870117e-01
5.090566277503967285e-01
3.433876037597656250e-01
3.346717357635498047e-01
3.600748479366302490e-01
3.687949180603027344e-01
3.778634071350097656e-01
4.464098513126373291e-01
3.376280963420867920e-01
3.363931179046630859e-01
3.623264133930206299e-01
4.503510296344757080e-01
4.162189960479736328e-01
3.850946128368377686e-01
3.641705513000488281e-01
3.759355247020721436e-01
3.729169070720672607e-01
3.646359443664550781e-01
3.533273637294769287e-01
3.079221546649932861e-01
3.812696933746337891e-01
3.060505390167236328e-01
3.334635198116302490e-01
3.431466519832611084e-01
4.160089194774627686e-01
3.936541974544525146e-01
4.224427640438079834e-01
4.104105234146118164e-01
3.701834678649902344e-01
3.715810775756835938e-01
4.364751279354095459e-01
3.112070560455322266e-01
4.296220242977142334e-01
3.559389114379882812e-01
4.002036750316619873e-01
3.904054164886474609e-01
3.047008216381072998e-01
3.462685048580169678e-01
3.600727617740631104e-01
3.481722176074981689e-01
3.600605726242065430e-01
3.657324314117431641e-01
3.808656632900238037e-01
3.893319368362426758e-01
3.547841608524322510e-01
3.423399031162261963e-01
3.700749576091766357e-01
3.804004192352294922e-01
3.457846343517303467e-01
3.490745723247528076e-01
3.765803575515747070e-01
3.880784511566162109e-01
3.653519451618194580e-01
3.558422625064849854e-01
3.276446759700775146e-01
3.406780064105987549e-01
3.369178473949432373e-01
3.313121795654296875e-01
3.690454065799713135e-01
3.904697597026824951e-01
3.614665567874908447e-01
3.379848003387451172e-01
3.547242581844329834e-01
5.105442404747009277e-01
3.943894207477569580e-01
4.338998794555664062e-01
3.973009288311004639e-01
3.132810890674591064e-01
3.685866892337799072e-01
5.822032690048217773e-01
3.685001432895660400e-01
3.925590813159942627e-01
3.693072795867919922e-01
3.800173997879028320e-01
4.302010536193847656e-01
3.748387992382049561e-01
3.484720289707183838e-01
3.539052009582519531e-01
3.421849906444549561e-01
3.701837956905364990e-01
3.476549685001373291e-01
3.633377552032470703e-01
3.333132565021514893e-01
3.687434196472167969e-01
3.657443523406982422e-01
3.885063230991363525e-01
3.570744693279266357e-01
3.205428123474121094e-01
3.258034586906433105e-01
3.699172437191009521e-01
3.845446407794952393e-01
3.437515497207641602e-01
3.313259780406951904e-01
3.528583943843841553e-01
3.770196139812469482e-01
4.904042482376098633e-01
3.804140090942382812e-01
3.708647489547729492e-01
3.515836894512176514e-01
3.357367813587188721e-01
3.289516866207122803e-01
4.013611972332000732e-01
4.179759919643402100e-01
3.608908653259277344e-01
6.204757094383239746e-01
3.872981369495391846e-01
3.440839052200317383e-01
4.660742282867431641e-01
3.381731212139129639e-01
3.251664936542510986e-01
3.873949348926544189e-01
3.535299301147460938e-01
3.878557682037353516e-01
3.788076639175415039e-01
4.059086740016937256e-01
3.631939888000488281e-01
3.000887036323547363e-01
3.527755737304687500e-01
3.534915447235107422e-01
3.366810381412506104e-01
3.872683942317962646e-01
3.579080998897552490e-01
4.445579051971435547e-01
3.465513885021209717e-01
3.781332969665527344e-01
3.811326324939727783e-01
3.648650944232940674e-01
4.215034544467926025e-01
3.561880588531494141e-01
3.331870734691619873e-01
3.548617660999298096e-01
4.090262353420257568e-01
3.946557939052581787e-01
3.482284545898437500e-01
3.546067476272583008e-01
3.434357643127441406e-01
3.196071386337280273e-01
3.331446945667266846e-01
3.349858522415161133e-01
3.334956169128417969e-01
5.384266972541809082e-01
3.194759488105773926e-01
3.306063711643218994e-01
3.585817813873291016e-01
3.260812461376190186e-01
4.691586792469024658e-01
3.540766537189483643e-01
3.578839004039764404e-01
2.952723205089569092e-01
3.948242664337158203e-01
3.496984243392944336e-01
3.324285447597503662e-01
3.586035072803497314e-01
3.602178096771240234e-01
4.012536108493804932e-01
3.720153570175170898e-01
3.546035587787628174e-01
3.449191749095916748e-01
3.339146375656127930e-01
3.473095595836639404e-01
3.793975412845611572e-01
3.302012383937835693e-01
3.779829740524291992e-01
3.731032609939575195e-01
3.599295616149902344e-01
3.365260660648345947e-01
3.329908549785614014e-01
3.255121409893035889e-01
3.544897735118865967e-01
3.558540344238281250e-01
3.742466270923614502e-01
3.955746591091156006e-01
3.555159568786621094e-01
3.603688180446624756e-01
3.866188228130340576e-01
3.419407904148101807e-01
3.368372619152069092e-01
3.661917746067047119e-01
3.863476514816284180e-01
3.463743925094604492e-01
4.259581565856933594e-01
3.760299384593963623e-01
3.510074317455291748e-01
3.522636592388153076e-01
3.649557828903198242e-01
3.158756792545318604e-01
3.892180025577545166e-01
3.674122393131256104e-01
3.648639619350433350e-01
3.166792988777160645e-01
3.441800773143768311e-01
3.491050004959106445e-01
3.584527075290679932e-01
4.599247276782989502e-01
3.487470448017120361e-01
3.261294364929199219e-01
3.235245645046234131e-01
3.281388580799102783e-01
3.354188501834869385e-01
3.816836774349212646e-01
4.059655964374542236e-01
3.823202848434448242e-01
4.245422184467315674e-01
3.364481031894683838e-01
3.653311431407928467e-01
3.289466202259063721e-01
3.302656412124633789e-01
3.564333021640777588e-01
3.485229909420013428e-01
3.627986907958984375e-01
3.212549686431884766e-01
3.441687524318695068e-01
3.503048717975616455e-01
3.641265928745269775e-01
3.735534250736236572e-01
3.720109164714813232e-01
3.318205773830413818e-01
3.493195474147796631e-01
3.410600721836090088e-01
3.749539554119110107e-01
4.104317128658294678e-01
3.618401587009429932e-01
3.561866283416748047e-01
3.536375463008880615e-01
3.328181803226470947e-01
3.502702713012695312e-01
3.765983879566192627e-01
3.701773881912231445e-01
3.518903255462646484e-01
3.898815810680389404e-01
3.066758811473846436e-01
3.914557695388793945e-01
3.335005342960357666e-01
3.466797769069671631e-01
3.783831894397735596e-01
3.375937938690185547e-01
3.800871372222900391e-01
3.642363846302032471e-01
3.400436341762542725e-01
3.795556128025054932e-01
3.329810202121734619e-01
3.724569380283355713e-01
3.554738759994506836e-01
4.192973375320434570e-01
3.444062173366546631e-01
3.798634111881256104e-01
3.813462555408477783e-01
4.737333059310913086e-01
3.567862212657928467e-01
3.267388045787811279e-01
3.300648033618927002e-01
3.372285664081573486e-01
3.718405961990356445e-01
3.347108066082000732e-01
3.409124612808227539e-01
3.321331441402435303e-01
3.390909731388092041e-01
3.314726054668426514e-01
3.346942663192749023e-01
3.465611040592193604e-01
3.839043378829956055e-01
3.611012995243072510e-01
3.225022256374359131e-01
3.524733483791351318e-01
4.775011539459228516e-01
3.252674937248229980e-01
3.175997436046600342e-01
3.673124611377716064e-01
3.109688460826873779e-01
3.657284975051879883e-01
3.292914330959320068e-01
3.422580659389495850e-01
4.046733379364013672e-01
3.277565538883209229e-01
3.419765233993530273e-01
3.908881247043609619e-01
3.259960412979125977e-01
3.448463976383209229e-01
3.759610950946807861e-01
3.304421603679656982e-01
3.566966056823730469e-01
3.802026212215423584e-01
3.897980749607086182e-01
3.715578019618988037e-01
3.422887325286865234e-01
3.629054129123687744e-01
4.549521505832672119e-01
3.485683202743530273e-01
3.693905770778656006e-01
3.868230283260345459e-01
3.279438912868499756e-01
3.591600954532623291e-01
3.632641732692718506e-01
3.401409089565277100e-01
3.356816768646240234e-01
3.709392845630645752e-01
3.760955035686492920e-01
3.728472888469696045e-01
3.459932506084442139e-01
3.587398231029510498e-01
3.508517742156982422e-01
3.681418001651763916e-01
3.414804041385650635e-01
3.484701812267303467e-01
3.366483747959136963e-01
3.750558793544769287e-01
3.291747272014617920e-01
3.593030869960784912e-01
3.925613462924957275e-01
3.440275192260742188e-01
3.793492317199707031e-01
4.034763872623443604e-01
3.771955966949462891e-01
3.213770091533660889e-01
3.367931544780731201e-01
3.680781126022338867e-01
3.470037877559661865e-01
3.204391300678253174e-01
3.496600687503814697e-01
3.509458601474761963e-01
3.483894169330596924e-01
3.449041843414306641e-01
3.450031578540802002e-01
3.369475901126861572e-01
3.237049877643585205e-01
3.038911521434783936e-01
3.842047154903411865e-01
3.391630649566650391e-01
3.396166563034057617e-01
3.551556169986724854e-01
3.317780494689941406e-01
3.517929315567016602e-01
3.940377235412597656e-01
3.493182957172393799e-01
3.339325487613677979e-01
3.308539688587188721e-01
3.705137670040130615e-01
4.063264131546020508e-01
3.565987050533294678e-01
4.020215272903442383e-01
3.649730384349822998e-01
3.664487600326538086e-01
4.097301065921783447e-01
3.174763917922973633e-01
4.366216361522674561e-01
4.586090147495269775e-01
4.160898923873901367e-01
3.716907501220703125e-01
3.588019907474517822e-01
3.757471740245819092e-01
3.506565988063812256e-01
3.643145859241485596e-01
4.417129755020141602e-01
3.372511863708496094e-01
3.402465283870697021e-01
3.268044292926788330e-01
3.710072934627532959e-01
3.278577327728271484e-01
3.568657934665679932e-01
3.642743825912475586e-01
3.406706750392913818e-01
3.385070264339447021e-01
3.615938127040863037e-01
3.857102692127227783e-01
4.092872440814971924e-01
3.474477827548980713e-01
3.486156761646270752e-01
3.203302919864654541e-01
3.360163271427154541e-01
4.013979732990264893e-01
3.342489004135131836e-01
3.387918472290039062e-01
3.444347381591796875e-01
3.084027171134948730e-01
3.922372162342071533e-01
3.750588595867156982e-01
3.336099386215209961e-01
3.703854084014892578e-01
4.151619970798492432e-01
3.747574090957641602e-01
3.561481237411499023e-01
3.133919537067413330e-01
4.720704257488250732e-01
3.233393728733062744e-01
3.884187042713165283e-01
3.557123839855194092e-01
3.789157867431640625e-01
3.185696899890899658e-01
3.394630253314971924e-01
3.688597381114959717e-01
3.434740602970123291e-01
3.177454769611358643e-01
3.310683071613311768e-01
3.606075048446655273e-01
3.797732293605804443e-01
3.719661235809326172e-01
3.879392147064208984e-01
3.341375291347503662e-01
3.760482966899871826e-01
3.509589731693267822e-01
3.752966225147247314e-01
3.411978185176849365e-01
3.591471016407012939e-01
3.598020970821380615e-01
3.607255518436431885e-01
3.555700480937957764e-01
3.582802116870880127e-01
3.640443086624145508e-01
4.906871616840362549e-01
3.724185526371002197e-01
3.636175692081451416e-01
3.751280307769775391e-01
3.292436897754669189e-01
3.632984459400177002e-01
3.358560502529144287e-01
3.330584466457366943e-01
4.372784793376922607e-01
3.226123750209808350e-01
3.617200851440429688e-01
3.382959663867950439e-01
3.350809514522552490e-01
3.469898700714111328e-01
3.038848340511322021e-01
3.354917764663696289e-01
3.291891813278198242e-01
3.239579498767852783e-01
3.611136674880981445e-01
3.528826236724853516e-01
3.306736648082733154e-01
3.479987084865570068e-01
3.559503853321075439e-01
3.376525640487670898e-01
3.335207998752593994e-01
3.803078234195709229e-01
3.830512464046478271e-01
3.264850974082946777e-01
3.378491699695587158e-01
3.334993422031402588e-01
3.489184379577636719e-01
3.379022777080535889e-01
3.341920077800750732e-01
3.477827608585357666e-01
3.835721015930175781e-01
3.448093831539154053e-01
3.313717544078826904e-01
3.155965805053710938e-01
3.511343300342559814e-01
3.259788751602172852e-01
3.501064777374267578e-01
3.497308492660522461e-01
3.329769074916839600e-01
3.624675571918487549e-01
3.732084035873413086e-01
3.569227755069732666e-01
3.478622436523437500e-01
3.527469933032989502e-01
3.432197868824005127e-01
4.022897481918334961e-01
3.448551595211029053e-01
3.470385074615478516e-01
3.517941534519195557e-01
3.029166162014007568e-01
3.542628288269042969e-01
3.425155580043792725e-01
3.392571210861206055e-01
3.675419092178344727e-01
3.058850765228271484e-01
3.405782282352447510e-01
3.880466520786285400e-01
3.125555217266082764e-01
3.390988409519195557e-01
3.395500481128692627e-01
4.979586601257324219e-01
3.547146022319793701e-01
3.137291073799133301e-01
3.367622792720794678e-01
3.529628813266754150e-01
3.333992063999176025e-01
3.579165935516357422e-01
3.692223131656646729e-01
3.580142557621002197e-01
3.346925675868988037e-01
3.246749341487884521e-01
3.746435940265655518e-01
3.399447202682495117e-01
3.500743210315704346e-01
3.527473211288452148e-01
3.700073957443237305e-01
3.087958991527557373e-01
3.158877789974212646e-01
3.439323604106903076e-01
3.226142823696136475e-01
3.312382400035858154e-01
3.578026294708251953e-01
3.346500694751739502e-01
3.241047561168670654e-01
3.707184791564941406e-01
3.175864219665527344e-01
3.482984602451324463e-01
3.624964058399200439e-01
3.699665963649749756e-01
3.511531054973602295e-01
3.436443507671356201e-01
3.784066140651702881e-01
3.463037312030792236e-01
3.666052818298339844e-01
3.737691640853881836e-01
3.518501520156860352e-01
3.729801476001739502e-01
3.526886403560638428e-01
3.397788107395172119e-01
3.238575160503387451e-01
3.437935411930084229e-01
3.671604096889495850e-01
3.328383862972259521e-01
3.622539937496185303e-01
3.330077230930328369e-01
4.276609122753143311e-01
3.177180588245391846e-01
3.509984314441680908e-01
3.425674736499786377e-01
3.408099412918090820e-01
3.135978281497955322e-01
3.829914033412933350e-01
3.670461177825927734e-01
3.024685680866241455e-01
3.553880751132965088e-01
3.255761265754699707e-01
4.130159616470336914e-01
3.308209180831909180e-01
3.664208352565765381e-01
3.843672275543212891e-01
3.582784831523895264e-01
3.698638975620269775e-01
3.167978227138519287e-01
3.810288906097412109e-01
3.650985956192016602e-01
3.775446116924285889e-01
3.607708513736724854e-01
3.246371448040008545e-01
4.043394327163696289e-01
3.626372516155242920e-01
3.566871583461761475e-01
2.976825535297393799e-01
3.581893742084503174e-01
3.800834715366363525e-01
3.908080756664276123e-01
3.647694289684295654e-01
4.939498007297515869e-01
4.047709703445434570e-01
3.065308630466461182e-01
3.528730869293212891e-01
3.625681698322296143e-01
3.735768795013427734e-01
4.341177642345428467e-01
3.560686111450195312e-01
3.492430448532104492e-01
3.233921825885772705e-01
2.889303267002105713e-01
3.219657838344573975e-01
3.655819892883300781e-01
3.624526560306549072e-01
3.756074011325836182e-01
3.306245505809783936e-01
4.029096662998199463e-01
2.906911671161651611e-01
3.316322863101959229e-01
3.608938157558441162e-01
3.916536569595336914e-01
3.357665538787841797e-01
4.099116623401641846e-01
3.396328985691070557e-01
3.438210189342498779e-01
3.288968503475189209e-01
3.360132277011871338e-01
3.046200275421142578e-01
3.125188052654266357e-01
3.951063454151153564e-01
3.462460935115814209e-01
3.611372411251068115e-01
3.447268903255462646e-01
3.369137048721313477e-01
4.458034932613372803e-01
3.440403938293457031e-01
3.401399552822113037e-01
3.227271735668182373e-01
3.080871403217315674e-01
3.506137132644653320e-01
3.289572298526763916e-01
3.195819258689880371e-01
3.471202850341796875e-01
3.191384673118591309e-01
3.484412133693695068e-01
3.328217566013336182e-01
3.245946168899536133e-01
3.395749032497406006e-01
3.404262363910675049e-01
3.402866423130035400e-01
3.492498397827148438e-01
3.745454847812652588e-01
3.258739113807678223e-01
3.614750206470489502e-01
3.572324812412261963e-01
4.175059795379638672e-01
3.400427401065826416e-01
3.090486526489257812e-01
3.299607932567596436e-01
3.449566066265106201e-01
3.428762257099151611e-01
3.497327864170074463e-01
3.181495368480682373e-01
3.336101770401000977e-01
3.421974182128906250e-01
3.369019031524658203e-01
5.652727484703063965e-01
3.684827983379364014e-01
3.708700239658355713e-01
4.480555951595306396e-01
3.219325840473175049e-01
3.626578152179718018e-01
3.625795543193817139e-01
3.440511226654052734e-01
3.813464939594268799e-01
3.875412046909332275e-01
3.776577413082122803e-01
3.744570314884185791e-01
3.347150385379791260e-01
3.611938953399658203e-01
3.602381050586700439e-01
3.560011684894561768e-01
3.240915238857269287e-01
3.584823608398437500e-01
3.589815199375152588e-01
3.146394491195678711e-01
3.483724296092987061e-01
3.383981287479400635e-01
3.497002422809600830e-01
3.349378407001495361e-01
3.452059030532836914e-01
3.455285727977752686e-01
3.652431964874267578e-01
3.373345136642456055e-01
3.404270708560943604e-01
3.153602480888366699e-01
3.544376194477081299e-01
3.488432466983795166e-01
3.374659121036529541e-01
3.598525226116180420e-01
3.510511815547943115e-01
3.348727524280548096e-01
3.649567663669586182e-01
2.947254776954650879e-01
3.263999223709106445e-01
3.610856831073760986e-01
3.736648261547088623e-01
3.326954543590545654e-01
3.796373605728149414e-01
3.240939080715179443e-01
3.113365471363067627e-01
3.057580292224884033e-01
3.890422582626342773e-01
3.227790892124176025e-01
3.615630567073822021e-01
3.238007128238677979e-01
3.460527658462524414e-01
3.696566522121429443e-01
3.897065818309783936e-01
3.428153991699218750e-01
3.704709708690643311e-01
3.400441408157348633e-01
3.881615400314331055e-01
3.503820002079010010e-01
3.912010490894317627e-01
3.060980141162872314e-01
3.450725078582763672e-01
3.545440137386322021e-01
3.603090345859527588e-01
3.586888313293457031e-01
3.503086268901824951e-01
3.350625038146972656e-01
3.527230024337768555e-01
4.236005842685699463e-01
3.179011046886444092e-01
3.535877764225006104e-01
3.460519313812255859e-01
3.576471805572509766e-01
3.520121872425079346e-01
3.370771408081054688e-01
3.560426235198974609e-01
3.303645551204681396e-01
3.800332546234130859e-01
3.555034697055816650e-01
3.218857944011688232e-01
3.557983636856079102e-01
3.391412198543548584e-01
3.005426228046417236e-01
3.579296171665191650e-01
3.297781944274902344e-01
3.153907358646392822e-01
3.211480677127838135e-01
3.407590687274932861e-01
3.362229168415069580e-01
4.069080352783203125e-01
3.266622722148895264e-01
3.907081782817840576e-01
3.469035327434539795e-01
3.347038328647613525e-01
3.467290401458740234e-01
4.367723762989044189e-01
3.180678188800811768e-01
3.324780464172363281e-01
3.081600368022918701e-01
3.605031669139862061e-01
3.594364225864410400e-01
4.013236463069915771e-01
3.341996669769287109e-01
3.454103171825408936e-01
3.215284049510955811e-01
3.547882139682769775e-01
3.226386606693267822e-01
3.211958408355712891e-01
3.911342322826385498e-01
3.652234375476837158e-01
2.743365466594696045e-01
3.187568485736846924e-01
3.840368688106536865e-01
3.254854977130889893e-01
3.458121120929718018e-01
3.304810523986816406e-01
4.116272628307342529e-01
3.323577344417572021e-01
3.377941548824310303e-01
3.891386687755584717e-01
3.695577383041381836e-01
3.347304165363311768e-01
3.613611161708831787e-01
3.355776071548461914e-01
3.597762286663055420e-01
3.665126860141754150e-01
3.575150966644287109e-01
3.280945122241973877e-01
4.066563546657562256e-01
3.307540714740753174e-01
3.258716762065887451e-01
3.718595206737518311e-01
3.170303404331207275e-01
4.008143842220306396e-01
3.601019382476806641e-01
3.627946376800537109e-01
4.726469516754150391e-01
3.678528070449829102e-01
3.224575817584991455e-01
3.566845357418060303e-01
3.517441749572753906e-01
3.117212951183319092e-01
3.305858373641967773e-01
3.548550605773925781e-01
3.603230416774749756e-01
3.575447797775268555e-01
3.477415740489959717e-01
3.015188872814178467e-01
3.441315889358520508e-01
3.394058644771575928e-01
3.512100279331207275e-01
3.282618224620819092e-01
3.237005770206451416e-01
3.839784860610961914e-01
4.849376976490020752e-01
3.807290494441986084e-01
3.077662289142608643e-01
3.544770181179046631e-01
3.526962101459503174e-01
3.879890143871307373e-01
3.422246873378753662e-01
3.441593647003173828e-01
3.409034013748168945e-01
3.535260856151580811e-01
4.646998941898345947e-01
3.499349057674407959e-01
3.066635131835937500e-01
3.714980185031890869e-01
3.499834537506103516e-01
3.851877152919769287e-01
3.327647745609283447e-01
3.578768074512481689e-01
3.249747753143310547e-01
3.331871926784515381e-01
3.228497803211212158e-01
2.911399304866790771e-01
3.241240382194519043e-01
3.404271602630615234e-01
3.344322443008422852e-01
3.833481967449188232e-01
3.579573631286621094e-01
3.441443443298339844e-01
3.561352193355560303e-01
3.766491413116455078e-01
3.251492381095886230e-01
3.472395837306976318e-01
3.192202150821685791e-01
3.408421277999877930e-01
3.355356156826019287e-01
3.318825960159301758e-01
3.431872427463531494e-01
3.447996675968170166e-01
3.306497037410736084e-01
3.498053848743438721e-01
3.803476989269256592e-01
3.357846438884735107e-01
4.135080277919769287e-01
3.334414064884185791e-01
3.451485335826873779e-01
3.313345611095428467e-01
3.685946166515350342e-01
3.498493432998657227e-01
3.492620885372161865e-01
3.579730093479156494e-01
3.737685382366180420e-01
3.284327089786529541e-01
3.350421488285064697e-01
3.260718286037445068e-01
3.396498262882232666e-01
3.340883255004882812e-01
3.170551359653472900e-01
3.110115230083465576e-01
3.635230958461761475e-01
3.307208418846130371e-01
3.392804563045501709e-01
4.032850265502929688e-01
3.326278030872344971e-01
3.886880576610565186e-01
3.150879442691802979e-01
3.314109146595001221e-01
3.467027842998504639e-01
3.829290568828582764e-01
3.585480749607086182e-01
3.284432590007781982e-01
3.495969772338867188e-01
3.683002889156341553e-01
3.429109156131744385e-01
3.370037972927093506e-01
2.994180023670196533e-01
3.249981701374053955e-01
3.217285573482513428e-01
3.491644859313964844e-01
3.681614100933074951e-01
3.118928670883178711e-01
4.094500243663787842e-01
3.086756169795989990e-01
4.350088834762573242e-01
3.885664045810699463e-01
3.393342792987823486e-01
3.667685985565185547e-01
3.097842037677764893e-01
3.493915796279907227e-01
3.133195340633392334e-01
3.498162329196929932e-01
3.490667343139648438e-01
3.372213542461395264e-01
3.433557450771331787e-01
3.215877115726470947e-01
3.492173850536346436e-01
3.746251165866851807e-01
3.201288878917694092e-01
3.678505718708038330e-01
3.835186064243316650e-01
3.237608373165130615e-01
3.666516840457916260e-01
3.055595457553863525e-01
3.277362287044525146e-01
3.299944698810577393e-01
2.999588847160339355e-01
3.410166203975677490e-01
3.801304101943969727e-01
3.354750573635101318e-01
3.669586181640625000e-01
3.788799047470092773e-01
3.243480920791625977e-01
3.643707036972045898e-01
3.460505902767181396e-01
3.329260647296905518e-01
3.390982151031494141e-01
3.343998193740844727e-01
3.383298218250274658e-01
3.693965673446655273e-01
3.511287868022918701e-01
3.469828069210052490e-01
3.263941407203674316e-01
3.513784408569335938e-01
3.622749745845794678e-01
3.300010859966278076e-01
3.384079635143280029e-01
3.172323405742645264e-01
3.636604845523834229e-01
6.180071234703063965e-01
3.257103860378265381e-01
3.549281358718872070e-01
2.970227003097534180e-01
4.222122132778167725e-01
3.422702252864837646e-01
3.710890114307403564e-01
2.930421531200408936e-01
3.287767469882965088e-01
5.838931202888488770e-01
3.513759076595306396e-01
3.359204232692718506e-01
3.522902429103851318e-01
3.263715207576751709e-01
3.885613977909088135e-01
3.115969598293304443e-01
3.250486254692077637e-01
3.077271878719329834e-01
4.195002019405364990e-01
4.140687882900238037e-01
3.239477872848510742e-01
4.162667095661163330e-01
3.517350256443023682e-01
3.473720252513885498e-01
3.440265655517578125e-01
3.584077060222625732e-01
3.693666458129882812e-01
3.464327752590179443e-01
3.708639144897460938e-01
4.015603363513946533e-01
3.666657507419586182e-01
3.222766518592834473e-01
3.662536144256591797e-01
3.627152442932128906e-01
3.956192433834075928e-01
3.767117559909820557e-01
3.336517810821533203e-01
3.230302929878234863e-01
3.264274895191192627e-01
4.686706960201263428e-01
3.462901413440704346e-01
3.616758882999420166e-01
3.339764773845672607e-01
3.676359653472900391e-01
3.217228949069976807e-01
3.355568349361419678e-01
3.249227702617645264e-01
3.322916328907012939e-01
3.770354092121124268e-01
3.578518331050872803e-01
3.124555945396423340e-01
3.464103639125823975e-01
3.191575109958648682e-01
3.359753191471099854e-01
3.583407104015350342e-01
3.618561029434204102e-01
4.436857402324676514e-01
3.152399659156799316e-01
3.259393572807312012e-01
3.261728584766387939e-01
3.533066511154174805e-01
3.486038446426391602e-01
3.324173390865325928e-01
3.529031276702880859e-01
3.464561998844146729e-01
3.545083999633789062e-01
3.240769505500793457e-01
3.355586230754852295e-01
3.401724398136138916e-01
3.195634186267852783e-01
3.390785455703735352e-01
3.430795669555664062e-01
3.309668004512786865e-01
3.400796651840209961e-01
3.384931385517120361e-01
3.227672874927520752e-01
3.631267547607421875e-01
3.486382961273193359e-01
3.070786893367767334e-01
3.004658222198486328e-01
3.258676528930664062e-01
3.722378313541412354e-01
3.351165950298309326e-01
3.698662519454956055e-01
3.970347642898559570e-01
3.268185555934906006e-01
3.386572599411010742e-01
3.583735525608062744e-01
2.998251020908355713e-01
3.371742963790893555e-01
3.345251083374023438e-01
3.308453559875488281e-01
3.812293112277984619e-01
3.122420907020568848e-01
3.788721263408660889e-01
3.633669912815093994e-01
3.494346141815185547e-01
3.644946813583374023e-01
3.551882207393646240e-01
3.425478637218475342e-01
3.999733030796051025e-01
3.431182801723480225e-01
3.474312722682952881e-01
4.862693548202514648e-01
3.763641119003295898e-01
3.049571216106414795e-01
3.294706046581268311e-01
3.740342855453491211e-01
3.374973535537719727e-01
3.203786313533782959e-01
3.506789505481719971e-01
3.031617701053619385e-01
3.663467168807983398e-01
3.192430734634399414e-01
3.434246480464935303e-01
3.785454332828521729e-01
3.506697118282318115e-01
3.471196889877319336e-01
3.410870134830474854e-01
3.419218957424163818e-01
3.391523361206054688e-01
3.568611145019531250e-01
3.448439538478851318e-01
3.550872802734375000e-01
3.337749242782592773e-01
3.594734370708465576e-01
3.559956252574920654e-01
3.743549287319183350e-01
3.689877092838287354e-01
3.590877354145050049e-01
3.507290780544281006e-01
3.394822180271148682e-01
3.642048537731170654e-01
3.058852255344390869e-01
2.950673103332519531e-01
3.356404602527618408e-01
3.561838567256927490e-01
3.103629946708679199e-01
3.645501136779785156e-01
3.490327894687652588e-01
3.184964954853057861e-01
3.171875178813934326e-01
3.278010189533233643e-01
3.880119621753692627e-01
3.167707622051239014e-01
3.016006946563720703e-01
3.962720334529876709e-01
3.266136348247528076e-01
3.441686630249023438e-01
3.196044862270355225e-01
3.075401186943054199e-01
3.099768459796905518e-01
3.179771304130554199e-01
3.557119071483612061e-01
3.023000657558441162e-01
3.225286900997161865e-01
3.172423839569091797e-01
3.807482719421386719e-01
3.249544799327850342e-01
3.580611944198608398e-01
3.134333789348602295e-01
3.635228574275970459e-01
3.343194425106048584e-01
3.198602497577667236e-01
3.507700264453887939e-01
3.470465242862701416e-01
3.514164984226226807e-01
3.118428885936737061e-01
3.446073234081268311e-01
3.666041195392608643e-01
3.367179334163665771e-01
3.270694911479949951e-01
4.433888494968414307e-01
3.310870230197906494e-01
2.996487319469451904e-01
3.112405240535736084e-01
4.156416952610015869e-01
3.587572872638702393e-01
3.459914624691009521e-01
3.685350716114044189e-01
3.000729680061340332e-01
3.161972165107727051e-01
3.612471520900726318e-01
3.300220668315887451e-01
3.047173619270324707e-01
3.538915216922760010e-01
3.379961252212524414e-01
3.362126052379608154e-01
3.399881124496459961e-01
3.306446373462677002e-01
3.207287490367889404e-01
3.409019410610198975e-01
4.145498275756835938e-01
3.404371440410614014e-01
3.690592050552368164e-01
3.171342313289642334e-01
3.321692943572998047e-01
3.587762415409088135e-01
3.260709941387176514e-01
3.376863002777099609e-01
3.584793806076049805e-01
3.574465513229370117e-01
3.275722265243530273e-01
3.246035873889923096e-01
3.382478058338165283e-01
3.011550307273864746e-01
3.578592836856842041e-01
3.465671837329864502e-01
3.437987565994262695e-01
3.616616725921630859e-01
3.311732113361358643e-01
3.581618368625640869e-01
3.014471828937530518e-01
3.426444530487060547e-01
3.235763609409332275e-01
3.251607716083526611e-01
3.518436253070831299e-01
3.349959552288055420e-01
3.475677669048309326e-01
5.557531714439392090e-01
3.997002542018890381e-01
3.361935317516326904e-01
3.353321254253387451e-01
3.988521993160247803e-01
3.515933454036712646e-01
3.555972874164581299e-01
3.624444007873535156e-01
3.399579226970672607e-01
3.803386688232421875e-01
3.368428647518157959e-01
3.454608917236328125e-01
3.608853816986083984e-01
3.739627301692962646e-01
3.239058852195739746e-01
3.291075527667999268e-01
3.332106769084930420e-01
3.719332218170166016e-01
3.752204477787017822e-01
3.556496798992156982e-01
3.205246925354003906e-01
2.901531755924224854e-01
3.145894706249237061e-01
3.801093101501464844e-01
3.380388319492340088e-01
3.580648899078369141e-01
3.155232965946197510e-01
3.540500700473785400e-01
3.303834795951843262e-01
3.732796609401702881e-01
3.260587751865386963e-01
3.419533073902130127e-01
2.822957038879394531e-01
3.517194092273712158e-01
3.491303622722625732e-01
3.387667238712310791e-01
3.038298785686492920e-01
3.064810931682586670e-01
2.953633964061737061e-01
3.404453992843627930e-01
3.410374224185943604e-01
3.938894271850585938e-01
3.357250988483428955e-01
2.947197258472442627e-01
4.226997196674346924e-01
3.213600814342498779e-01
3.283800184726715088e-01
3.764797449111938477e-01
3.450986444950103760e-01
3.470617532730102539e-01
3.561465442180633545e-01
3.466964066028594971e-01
3.571055233478546143e-01
3.131972253322601318e-01
3.027763366699218750e-01
3.363449573516845703e-01
3.086187839508056641e-01
3.332109153270721436e-01
3.387936353683471680e-01
3.598024845123291016e-01
3.551572263240814209e-01
3.257143497467041016e-01
3.570673465728759766e-01
3.354906737804412842e-01
3.664950430393218994e-01
3.441053628921508789e-01
3.232809603214263916e-01
3.014653921127319336e-01
3.116362988948822021e-01
3.796113431453704834e-01
5.568918585777282715e-01
3.095879852771759033e-01
3.225191235542297363e-01
3.192460834980010986e-01
3.114907443523406982e-01
3.185720145702362061e-01
3.330793678760528564e-01
3.627991974353790283e-01
3.269484043121337891e-01
3.298180401325225830e-01
3.243354558944702148e-01
3.317264020442962646e-01
3.863412439823150635e-01
3.209304511547088623e-01
3.892949819564819336e-01
3.062576353549957275e-01
3.339184820652008057e-01
4.750880002975463867e-01
3.176072835922241211e-01
3.459524214267730713e-01
3.391908109188079834e-01
3.451110422611236572e-01
3.196962773799896240e-01
3.206499218940734863e-01
3.108582794666290283e-01
3.220791816711425781e-01
3.459372520446777344e-01
3.521763384342193604e-01
3.162624835968017578e-01
3.266089260578155518e-01
3.819505274295806885e-01
4.085733890533447266e-01
3.260363638401031494e-01
3.199799954891204834e-01
3.341790437698364258e-01
3.662702143192291260e-01
3.298620879650115967e-01
3.290711939334869385e-01
3.575983941555023193e-01
3.578325212001800537e-01
3.657338619232177734e-01
3.383047580718994141e-01
3.149322569370269775e-01
3.227140307426452637e-01
3.368056714534759521e-01
3.450795114040374756e-01
3.186089098453521729e-01
3.348119258880615234e-01
3.442065417766571045e-01
3.397859632968902588e-01
3.425326049327850342e-01
3.130003213882446289e-01
3.846006393432617188e-01
3.301647901535034180e-01
3.210040628910064697e-01
3.267622292041778564e-01
2.881474494934082031e-01
3.616476356983184814e-01
3.419465124607086182e-01
3.208664059638977051e-01
3.250303566455841064e-01
3.043703436851501465e-01
