2.478084564208984375e-01
2.342765778303146362e-01
2.602423131465911865e-01
7.497000098228454590e-01
2.154047936201095581e-01
2.200410366058349609e-01
3.144708573818206787e-01
2.883423566818237305e-01
3.553282916545867920e-01
2.656048238277435303e-01
2.082832008600234985e-01
2.212779521942138672e-01
2.575514018535614014e-01
2.166312187910079956e-01
6.841049790382385254e-01
2.285209149122238159e-01
1.656361818313598633e-01
2.059778124094009399e-01
2.087714225053787231e-01
2.264028936624526978e-01
2.437548190355300903e-01
2.461523264646530151e-01
2.352637052536010742e-01
1.940284222364425659e-01
2.414696812629699707e-01
2.103689163923263550e-01
2.183486968278884888e-01
2.465656399726867676e-01
2.570044696331024170e-01
1.864464133977890015e-01
2.225358486175537109e-01
2.572811543941497803e-01
1.810508519411087036e-01
2.249488681554794312e-01
2.353643625974655151e-01
2.450667172670364380e-01
1.799020171165466309e-01
1.913858801126480103e-01
2.045172899961471558e-01
1.776027679443359375e-01
2.125855684280395508e-01
2.077651768922805786e-01
4.324823915958404541e-01
2.711255848407745361e-01
3.898922204971313477e-01
1.755100041627883911e-01
1.979470252990722656e-01
2.620451748371124268e-01
1.883174926042556763e-01
2.232914417982101440e-01
1.884346604347229004e-01
1.726808398962020874e-01
3.663267195224761963e-01
2.467045783996582031e-01
2.611096799373626709e-01
2.140868455171585083e-01
2.536167204380035400e-01
2.712110579013824463e-01
2.609503567218780518e-01
2.973870337009429932e-01
1.933827996253967285e-01
1.890725344419479370e-01
1.514321565628051758e-01
1.808326095342636108e-01
1.885028332471847534e-01
2.981885373592376709e-01
2.336261272430419922e-01
2.086173743009567261e-01
2.533524334430694580e-01
2.608137726783752441e-01
1.907323002815246582e-01
2.298170775175094604e-01
2.096386104822158813e-01
1.768262237310409546e-01
2.504721879959106445e-01
2.050830870866775513e-01
2.284277677536010742e-01
1.833880543708801270e-01
4.021483957767486572e-01
2.333305329084396362e-01
6.042304635047912598e-01
1.705855578184127808e-01
2.100905627012252808e-01
2.254102677106857300e-01
2.851370871067047119e-01
2.377274036407470703e-01
2.507553398609161377e-01
3.007973730564117432e-01
2.116310447454452515e-01
2.399250864982604980e-01
1.685022115707397461e-01
2.758413851261138916e-01
2.226568013429641724e-01
1.885056048631668091e-01
2.283062189817428589e-01
2.497749328613281250e-01
2.239614278078079224e-01
2.157293409109115601e-01
1.779737472534179688e-01
1.905142813920974731e-01
2.640564143657684326e-01
2.367749363183975220e-01
2.456984668970108032e-01
2.380118370056152344e-01
2.831909954547882080e-01
1.915605515241622925e-01
2.737554907798767090e-01
1.992118209600448608e-01
2.128731757402420044e-01
3.729738295078277588e-01
2.107774764299392700e-01
2.819144427776336670e-01
1.877980679273605347e-01
1.734868437051773071e-01
2.155907154083251953e-01
1.915450841188430786e-01
2.078979015350341797e-01
2.232438474893569946e-01
2.254483252763748169e-01
2.052537053823471069e-01
2.444316893815994263e-01
2.473936229944229126e-01
2.300287485122680664e-01
2.189104706048965454e-01
1.787196397781372070e-01
1.931816190481185913e-01
1.623030006885528564e-01
2.041478157043457031e-01
2.107979506254196167e-01
2.182226181030273438e-01
2.164806574583053589e-01
2.138745784759521484e-01
1.997095793485641479e-01
2.676601409912109375e-01
2.770876586437225342e-01
2.390994429588317871e-01
2.081466466188430786e-01
1.470652669668197632e-01
2.077516317367553711e-01
2.624043524265289307e-01
2.234585136175155640e-01
2.954013049602508545e-01
2.541236579418182373e-01
1.915807276964187622e-01
2.390741854906082153e-01
2.704724371433258057e-01
2.303438931703567505e-01
2.335184812545776367e-01
2.286940068006515503e-01
2.052647620439529419e-01
2.268059104681015015e-01
2.418316602706909180e-01
1.748690605163574219e-01
2.105107307434082031e-01
2.353201359510421753e-01
2.222134917974472046e-01
2.414973527193069458e-01
2.168412208557128906e-01
2.345392107963562012e-01
2.484210282564163208e-01
2.309694290161132812e-01
2.529797255992889404e-01
2.406062632799148560e-01
1.957433968782424927e-01
2.080926746129989624e-01
2.303082197904586792e-01
2.307910472154617310e-01
2.334562540054321289e-01
2.069306224584579468e-01
2.138523012399673462e-01
2.737605869770050049e-01
2.542935311794281006e-01
2.285432070493698120e-01
2.685641348361968994e-01
1.702298372983932495e-01
1.973111182451248169e-01
2.464668899774551392e-01
2.003731727600097656e-01
3.097712993621826172e-01
1.842063516378402710e-01
1.795629411935806274e-01
2.104603201150894165e-01
2.787188291549682617e-01
2.035247534513473511e-01
2.296983152627944946e-01
1.875582188367843628e-01
2.593245208263397217e-01
2.144927233457565308e-01
1.784774512052536011e-01
3.080172836780548096e-01
2.404127866029739380e-01
2.661397457122802734e-01
2.516085803508758545e-01
1.995480507612228394e-01
1.824623793363571167e-01
1.839496344327926636e-01
3.722354173660278320e-01
2.287323474884033203e-01
2.559016048908233643e-01
3.607098162174224854e-01
2.438198328018188477e-01
2.536415159702301025e-01
2.163314223289489746e-01
2.086382955312728882e-01
1.949308663606643677e-01
2.257965952157974243e-01
2.391604632139205933e-01
1.708124428987503052e-01
1.836070269346237183e-01
2.414931207895278931e-01
2.611254453659057617e-01
2.172862291336059570e-01
2.252000570297241211e-01
2.605437040328979492e-01
2.359786033630371094e-01
3.358716070652008057e-01
2.571169734001159668e-01
2.170880436897277832e-01
3.038928210735321045e-01
2.012602835893630981e-01
2.032767534255981445e-01
2.013489156961441040e-01
1.903439015150070190e-01
2.250039428472518921e-01
3.156758546829223633e-01
2.189698070287704468e-01
2.455063909292221069e-01
2.420402169227600098e-01
1.809461116790771484e-01
1.709633618593215942e-01
2.031353116035461426e-01
1.564024835824966431e-01
2.229632735252380371e-01
2.476166933774948120e-01
2.455280274152755737e-01
2.340574264526367188e-01
3.270549476146697998e-01
2.286630123853683472e-01
2.045616656541824341e-01
2.792121469974517822e-01
2.253808975219726562e-01
2.274144291877746582e-01
2.193837016820907593e-01
2.648071348667144775e-01
2.523407638072967529e-01
2.438265830278396606e-01
2.242543697357177734e-01
2.439667731523513794e-01
2.269637584686279297e-01
2.594094276428222656e-01
1.912103891372680664e-01
1.808221787214279175e-01
1.846864372491836548e-01
2.274842113256454468e-01
2.415052205324172974e-01
2.513283789157867432e-01
2.190060466527938843e-01
1.938149929046630859e-01
2.187905758619308472e-01
2.554205358028411865e-01
1.940194368362426758e-01
2.634369432926177979e-01
2.140697687864303589e-01
3.370985090732574463e-01
2.670621573925018311e-01
6.393011808395385742e-01
1.521211564540863037e-01
2.190345078706741333e-01
2.197736948728561401e-01
1.985927820205688477e-01
1.670603752136230469e-01
2.401395589113235474e-01
2.045704126358032227e-01
1.984680891036987305e-01
2.198669910430908203e-01
2.050110846757888794e-01
2.414108067750930786e-01
3.307927548885345459e-01
2.049637436866760254e-01
2.478016018867492676e-01
1.836161464452743530e-01
3.555920124053955078e-01
2.252649515867233276e-01
2.510147690773010254e-01
2.006666213274002075e-01
2.060320526361465454e-01
2.721034288406372070e-01
2.516847550868988037e-01
2.958581149578094482e-01
2.354338020086288452e-01
1.867315322160720825e-01
2.816216051578521729e-01
2.347748726606369019e-01
2.028442174196243286e-01
2.272477596998214722e-01
2.628591954708099365e-01
2.782379686832427979e-01
2.300987690687179565e-01
2.671467363834381104e-01
2.321486622095108032e-01
2.326788455247879028e-01
1.853086352348327637e-01
1.813477724790573120e-01
2.458376884460449219e-01
2.568183541297912598e-01
1.866426914930343628e-01
1.710463017225265503e-01
2.820098102092742920e-01
2.470664232969284058e-01
2.175704985857009888e-01
2.673055231571197510e-01
2.776911556720733643e-01
2.639712989330291748e-01
2.037632912397384644e-01
2.197187989950180054e-01
1.763690114021301270e-01
1.936138123273849487e-01
2.591770589351654053e-01
2.119232267141342163e-01
2.598780691623687744e-01
2.519678473472595215e-01
2.077146172523498535e-01
3.033558428287506104e-01
1.869653463363647461e-01
2.161345630884170532e-01
2.656626105308532715e-01
2.403464168310165405e-01
2.063719779253005981e-01
3.202936351299285889e-01
3.187651932239532471e-01
2.358846217393875122e-01
2.314542084932327271e-01
1.785671710968017578e-01
2.383582741022109985e-01
3.130097389221191406e-01
2.023143768310546875e-01
2.251416295766830444e-01
1.975276470184326172e-01
2.306148409843444824e-01
2.154442816972732544e-01
2.054865360260009766e-01
1.839758008718490601e-01
1.521641165018081665e-01
3.148276507854461670e-01
1.948821097612380981e-01
1.984869688749313354e-01
2.337123602628707886e-01
2.550146877765655518e-01
2.400029152631759644e-01
2.127970010042190552e-01
2.190089672803878784e-01
2.083867639303207397e-01
2.014008313417434692e-01
5.034524202346801758e-01
1.886556893587112427e-01
2.460452467203140259e-01
2.172520607709884644e-01
1.793632060289382935e-01
2.199135422706604004e-01
2.494831830263137817e-01
2.762631773948669434e-01
3.786926269531250000e-01
2.637757956981658936e-01
1.935652941465377808e-01
2.170499414205551147e-01
2.523193359375000000e-01
3.190131187438964844e-01
1.844509840011596680e-01
2.194018512964248657e-01
2.486732602119445801e-01
2.147857695817947388e-01
2.069686055183410645e-01
2.338202744722366333e-01
1.812947839498519897e-01
2.314601391553878784e-01
2.259473353624343872e-01
1.657167822122573853e-01
1.672438383102416992e-01
2.361872196197509766e-01
2.450453788042068481e-01
2.221496105194091797e-01
1.849810332059860229e-01
1.803488135337829590e-01
1.893827766180038452e-01
2.195622175931930542e-01
1.979812383651733398e-01
1.926374584436416626e-01
7.371620535850524902e-01
1.918632835149765015e-01
2.467326670885086060e-01
1.883575320243835449e-01
4.048321247100830078e-01
2.381174117326736450e-01
2.417699843645095825e-01
3.123207390308380127e-01
3.638078868389129639e-01
1.629622131586074829e-01
2.025617808103561401e-01
2.416819334030151367e-01
1.884820312261581421e-01
2.159538865089416504e-01
2.395186424255371094e-01
1.825335770845413208e-01
3.799600899219512939e-01
3.131488859653472900e-01
1.983066797256469727e-01
2.236427813768386841e-01
2.333960980176925659e-01
3.173355460166931152e-01
1.988759636878967285e-01
2.064144164323806763e-01
2.044135332107543945e-01
1.779271513223648071e-01
2.623621225357055664e-01
2.435276061296463013e-01
1.871435791254043579e-01
2.350018024444580078e-01
1.851060986518859863e-01
1.942583769559860229e-01
2.192388772964477539e-01
2.068114131689071655e-01
2.220048457384109497e-01
2.057724446058273315e-01
1.777254790067672729e-01
4.483146667480468750e-01
2.612353861331939697e-01
2.311077117919921875e-01
1.597874015569686890e-01
3.366580903530120850e-01
2.469145208597183228e-01
2.292277663946151733e-01
1.954742670059204102e-01
2.340381145477294922e-01
1.972045451402664185e-01
2.377303093671798706e-01
2.427086681127548218e-01
2.659541368484497070e-01
2.101511508226394653e-01
1.687464714050292969e-01
2.540855705738067627e-01
2.351569682359695435e-01
2.495393007993698120e-01
2.000932842493057251e-01
2.395528405904769897e-01
2.372311353683471680e-01
3.857061862945556641e-01
2.914519906044006348e-01
2.284479141235351562e-01
2.263142317533493042e-01
1.943426281213760376e-01
2.637494504451751709e-01
2.167053669691085815e-01
1.990876346826553345e-01
1.604171991348266602e-01
2.223185300827026367e-01
1.738242655992507935e-01
2.266044616699218750e-01
3.010075390338897705e-01
1.931162029504776001e-01
2.529670298099517822e-01
2.515573203563690186e-01
2.917615771293640137e-01
1.621349006891250610e-01
2.313164472579956055e-01
2.186866253614425659e-01
1.981737613677978516e-01
2.436942607164382935e-01
2.063100486993789673e-01
1.718218922615051270e-01
2.623519897460937500e-01
1.983299851417541504e-01
2.192895561456680298e-01
2.215779274702072144e-01
2.703140974044799805e-01
2.141113430261611938e-01
2.546412944793701172e-01
1.776916980743408203e-01
2.300297021865844727e-01
2.021126151084899902e-01
1.451012045145034790e-01
2.211981564760208130e-01
2.576402723789215088e-01
1.870694756507873535e-01
1.963636428117752075e-01
2.129318565130233765e-01
2.443252801895141602e-01
2.335805147886276245e-01
2.153865844011306763e-01
1.946063041687011719e-01
2.340236455202102661e-01
2.674047052860260010e-01
2.377402931451797485e-01
2.826895415782928467e-01
2.296285629272460938e-01
2.154384106397628784e-01
2.292726188898086548e-01
2.113098055124282837e-01
1.703883856534957886e-01
2.231566905975341797e-01
2.666854560375213623e-01
2.664778530597686768e-01
1.984232068061828613e-01
2.226890176534652710e-01
2.396166324615478516e-01
2.425416857004165649e-01
1.939858943223953247e-01
1.945553272962570190e-01
2.822917699813842773e-01
2.145965099334716797e-01
1.983250975608825684e-01
2.131551504135131836e-01
1.988371163606643677e-01
6.834124922752380371e-01
2.468822747468948364e-01
2.627766132354736328e-01
2.150406986474990845e-01
2.115547806024551392e-01
2.277852296829223633e-01
2.342769354581832886e-01
2.023154646158218384e-01
2.314544171094894409e-01
2.073679715394973755e-01
2.313656806945800781e-01
1.665746122598648071e-01
2.035744190216064453e-01
2.196395844221115112e-01
2.517790496349334717e-01
1.845552474260330200e-01
1.858302354812622070e-01
1.951507329940795898e-01
1.756324619054794312e-01
2.236962318420410156e-01
2.096051424741744995e-01
2.570029199123382568e-01
2.313729524612426758e-01
2.418945282697677612e-01
1.833689957857131958e-01
2.615722417831420898e-01
2.213123291730880737e-01
2.095510959625244141e-01
2.041821032762527466e-01
2.230070978403091431e-01
2.706613838672637939e-01
1.729162484407424927e-01
2.443596571683883667e-01
2.194925099611282349e-01
2.399826496839523315e-01
2.163323014974594116e-01
1.950497180223464966e-01
1.812970191240310669e-01
2.132532149553298950e-01
1.981115937232971191e-01
2.159923762083053589e-01
2.449738234281539917e-01
1.955429315567016602e-01
2.112392336130142212e-01
2.303016185760498047e-01
2.120082378387451172e-01
2.159100621938705444e-01
2.174649387598037720e-01
2.708602547645568848e-01
1.832439452409744263e-01
2.448172122240066528e-01
4.745812416076660156e-01
3.020778894424438477e-01
2.394897192716598511e-01
2.296784371137619019e-01
1.621326655149459839e-01
1.856943368911743164e-01
2.256389409303665161e-01
2.914766967296600342e-01
2.460023015737533569e-01
2.142582982778549194e-01
1.826585978269577026e-01
2.027485370635986328e-01
1.815752387046813965e-01
1.640748232603073120e-01
2.831769883632659912e-01
1.935666054487228394e-01
1.728674620389938354e-01
2.582684457302093506e-01
2.147990316152572632e-01
2.363634258508682251e-01
2.356905937194824219e-01
2.391519397497177124e-01
2.136684656143188477e-01
1.523399353027343750e-01
2.446752041578292847e-01
2.577661275863647461e-01
1.618438512086868286e-01
2.199684381484985352e-01
2.213626652956008911e-01
2.451290339231491089e-01
1.732540577650070190e-01
1.817300468683242798e-01
2.624133229255676270e-01
2.654184401035308838e-01
1.773148030042648315e-01
2.101973295211791992e-01
3.143107891082763672e-01
2.427553534507751465e-01
1.720262914896011353e-01
1.648066490888595581e-01
2.133059948682785034e-01
2.236009389162063599e-01
1.786448955535888672e-01
2.538292407989501953e-01
2.124549150466918945e-01
2.383931875228881836e-01
2.929255068302154541e-01
2.404633015394210815e-01
1.836696416139602661e-01
2.722704708576202393e-01
2.438533455133438110e-01
2.612718641757965088e-01
1.942773908376693726e-01
2.412278205156326294e-01
1.701986640691757202e-01
2.314247041940689087e-01
2.014976739883422852e-01
2.071045190095901489e-01
1.943812221288681030e-01
2.181684821844100952e-01
2.176933139562606812e-01
1.915844678878784180e-01
2.203082591295242310e-01
2.949281036853790283e-01
1.772641688585281372e-01
1.910868883132934570e-01
1.690878868103027344e-01
1.973276138305664062e-01
1.839141398668289185e-01
1.927202492952346802e-01
1.936687678098678589e-01
2.207749933004379272e-01
3.618127107620239258e-01
2.160784751176834106e-01
2.151510715484619141e-01
2.095835655927658081e-01
2.636050879955291748e-01
2.610050737857818604e-01
1.994459182024002075e-01
2.061667442321777344e-01
1.970901936292648315e-01
3.119666874408721924e-01
1.588200181722640991e-01
2.313065379858016968e-01
1.864952445030212402e-01
2.639629840850830078e-01
2.271818369626998901e-01
1.986756324768066406e-01
1.907225102186203003e-01
1.995594650506973267e-01
2.513000965118408203e-01
2.332330942153930664e-01
2.598038613796234131e-01
1.946021765470504761e-01
2.866872847080230713e-01
1.759777069091796875e-01
2.224573493003845215e-01
1.620366275310516357e-01
2.046632766723632812e-01
2.017133235931396484e-01
2.282350510358810425e-01
2.282500714063644409e-01
1.925377398729324341e-01
3.265728950500488281e-01
2.312645465135574341e-01
2.193447202444076538e-01
1.988935917615890503e-01
1.802114248275756836e-01
2.084207385778427124e-01
2.029971331357955933e-01
1.752144247293472290e-01
1.860656738281250000e-01
3.367370665073394775e-01
2.313483208417892456e-01
1.946785897016525269e-01
1.954848766326904297e-01
2.128529399633407593e-01
1.914759725332260132e-01
3.081893622875213623e-01
2.353872805833816528e-01
1.866245865821838379e-01
2.913901507854461670e-01
2.039952278137207031e-01
2.667940557003021240e-01
1.865026205778121948e-01
2.079527378082275391e-01
2.416075021028518677e-01
2.179250270128250122e-01
6.440587639808654785e-01
2.195703536272048950e-01
1.766700148582458496e-01
1.935463100671768188e-01
2.318163514137268066e-01
2.404956072568893433e-01
4.193002283573150635e-01
2.778314054012298584e-01
2.810900509357452393e-01
1.865245848894119263e-01
2.123257517814636230e-01
2.984772026538848877e-01
2.015029937028884888e-01
1.920817345380783081e-01
3.492982387542724609e-01
1.903619021177291870e-01
2.190346866846084595e-01
2.742296457290649414e-01
2.163174003362655640e-01
2.812303602695465088e-01
2.330208271741867065e-01
1.941435784101486206e-01
1.746671646833419800e-01
2.354096174240112305e-01
1.994947642087936401e-01
2.905564606189727783e-01
2.461400032043457031e-01
3.448250293731689453e-01
2.213834077119827271e-01
2.187593430280685425e-01
2.206617742776870728e-01
2.313624173402786255e-01
3.644364774227142334e-01
2.368276119232177734e-01
2.338909357786178589e-01
1.982734352350234985e-01
1.857975274324417114e-01
2.187999039888381958e-01
3.529189527034759521e-01
2.463243752717971802e-01
3.875031173229217529e-01
2.529169619083404541e-01
2.356120347976684570e-01
2.130337953567504883e-01
2.212219387292861938e-01
2.623684108257293701e-01
2.072986811399459839e-01
2.259456068277359009e-01
1.848856806755065918e-01
2.175672501325607300e-01
1.594740897417068481e-01
2.193278074264526367e-01
2.592143714427947998e-01
2.643724679946899414e-01
1.908475607633590698e-01
3.604886233806610107e-01
2.280639857053756714e-01
1.577726304531097412e-01
2.400966137647628784e-01
1.460862308740615845e-01
2.826239764690399170e-01
2.651937901973724365e-01
2.716565728187561035e-01
2.250115424394607544e-01
2.411822825670242310e-01
2.234817296266555786e-01
2.572037279605865479e-01
1.851220279932022095e-01
1.874950379133224487e-01
2.471828311681747437e-01
2.029188424348831177e-01
2.074397355318069458e-01
1.772378236055374146e-01
2.417198419570922852e-01
2.265474051237106323e-01
1.822244375944137573e-01
2.219958156347274780e-01
2.505663931369781494e-01
2.216539978981018066e-01
2.738575041294097900e-01
1.919343918561935425e-01
1.804774254560470581e-01
2.808934748172760010e-01
2.438641041517257690e-01
2.113805860280990601e-01
1.926438659429550171e-01
2.781288921833038330e-01
2.387927621603012085e-01
2.144175767898559570e-01
1.924301832914352417e-01
1.854830533266067505e-01
2.488145381212234497e-01
2.232859581708908081e-01
1.965175867080688477e-01
1.772738695144653320e-01
2.240560501813888550e-01
7.648943066596984863e-01
3.994549810886383057e-01
1.912631988525390625e-01
2.803962230682373047e-01
1.828471869230270386e-01
2.763158380985260010e-01
1.935874670743942261e-01
2.104748934507369995e-01
2.707156240940093994e-01
2.780236899852752686e-01
2.906847894191741943e-01
1.866144686937332153e-01
2.529682815074920654e-01
1.963979452848434448e-01
2.350945025682449341e-01
1.674272269010543823e-01
1.871943324804306030e-01
2.423742264509201050e-01
1.917543411254882812e-01
1.948628276586532593e-01
2.301977276802062988e-01
1.855555027723312378e-01
1.957700252532958984e-01
1.672903299331665039e-01
2.290392071008682251e-01
2.357768416404724121e-01
2.654938399791717529e-01
2.178008705377578735e-01
2.332608550786972046e-01
2.742684483528137207e-01
2.599601447582244873e-01
2.321582287549972534e-01
2.271342724561691284e-01
2.056799083948135376e-01
2.434269338846206665e-01
2.223877459764480591e-01
2.250867038965225220e-01
2.404413670301437378e-01
1.871720105409622192e-01
1.990266889333724976e-01
3.018332421779632568e-01
2.340192347764968872e-01
2.004090994596481323e-01
1.982024759054183960e-01
1.641450077295303345e-01
1.998288184404373169e-01
2.141585946083068848e-01
2.729779183864593506e-01
1.789585351943969727e-01
2.891187667846679688e-01
2.256751507520675659e-01
1.629914492368698120e-01
2.088102847337722778e-01
3.733811676502227783e-01
3.420109450817108154e-01
2.727985084056854248e-01
1.926953792572021484e-01
1.957734823226928711e-01
2.770721316337585449e-01
2.741269767284393311e-01
2.476242035627365112e-01
2.110081464052200317e-01
3.132802248001098633e-01
2.851965725421905518e-01
2.667739689350128174e-01
2.380800694227218628e-01
2.449671775102615356e-01
1.820022463798522949e-01
1.770242452621459961e-01
2.371079921722412109e-01
2.528505027294158936e-01
1.791061908006668091e-01
1.637620180845260620e-01
2.040893882513046265e-01
2.053839415311813354e-01
2.124571055173873901e-01
2.410413771867752075e-01
2.958574593067169189e-01
2.532286345958709717e-01
2.041641920804977417e-01
1.603315323591232300e-01
2.309397310018539429e-01
1.866291165351867676e-01
2.338101118803024292e-01
1.763201504945755005e-01
2.485648840665817261e-01
2.334220856428146362e-01
2.065314054489135742e-01
8.102741241455078125e-01
1.790414303541183472e-01
2.759020626544952393e-01
2.347122281789779663e-01
2.737493216991424561e-01
2.025849968194961548e-01
1.532676815986633301e-01
2.002171874046325684e-01
2.634601294994354248e-01
3.239454030990600586e-01
2.307204008102416992e-01
1.455998867750167847e-01
2.157662510871887207e-01
1.569478511810302734e-01
1.953499764204025269e-01
1.902640610933303833e-01
2.199183851480484009e-01
1.962033659219741821e-01
2.115800380706787109e-01
2.429041117429733276e-01
2.398257702589035034e-01
2.104131430387496948e-01
1.654435545206069946e-01
2.215237170457839966e-01
1.596657186746597290e-01
2.224450856447219849e-01
2.027488946914672852e-01
1.905865520238876343e-01
2.018388509750366211e-01
2.292578965425491333e-01
2.781474590301513672e-01
2.051194459199905396e-01
1.856399178504943848e-01
1.946668177843093872e-01
2.068726867437362671e-01
2.566565275192260742e-01
1.835081130266189575e-01
2.578213512897491455e-01
1.713670045137405396e-01
2.462611794471740723e-01
1.958872228860855103e-01
1.842356771230697632e-01
2.175006121397018433e-01
2.259910851716995239e-01
2.165884524583816528e-01
2.576541304588317871e-01
2.023276090621948242e-01
2.058425098657608032e-01
1.718098372220993042e-01
1.803728789091110229e-01
2.374584525823593140e-01
2.223849445581436157e-01
2.268249988555908203e-01
2.208123356103897095e-01
3.212775886058807373e-01
1.948025375604629517e-01
2.541907727718353271e-01
1.676347255706787109e-01
1.766859292984008789e-01
2.210912704467773438e-01
2.180406898260116577e-01
2.632529735565185547e-01
2.068046331405639648e-01
1.864654570817947388e-01
2.569380104541778564e-01
2.516002655029296875e-01
3.489819467067718506e-01
2.505369484424591064e-01
2.243206053972244263e-01
2.322739213705062866e-01
1.690533906221389771e-01
2.580048143863677979e-01
2.357577532529830933e-01
1.847490817308425903e-01
2.239042371511459351e-01
2.187534123659133911e-01
2.445189803838729858e-01
4.825447797775268555e-01
2.002245783805847168e-01
2.100671529769897461e-01
1.753619909286499023e-01
2.460961341857910156e-01
1.806008070707321167e-01
1.775951385498046875e-01
2.194597870111465454e-01
1.530147790908813477e-01
4.104218780994415283e-01
1.971451491117477417e-01
2.554443180561065674e-01
1.750987768173217773e-01
2.005577832460403442e-01
2.386326342821121216e-01
1.881674528121948242e-01
2.390261441469192505e-01
2.128242254257202148e-01
2.144764661788940430e-01
1.962159425020217896e-01
1.606743335723876953e-01
2.314041703939437866e-01
2.029810696840286255e-01
2.211422771215438843e-01
2.332965135574340820e-01
2.391536235809326172e-01
2.437937259674072266e-01
1.838709861040115356e-01
5.361154079437255859e-01
1.646510213613510132e-01
2.019902914762496948e-01
2.615253031253814697e-01
2.488520741462707520e-01
2.183751612901687622e-01
1.599026173353195190e-01
3.478353917598724365e-01
2.124087810516357422e-01
1.425525099039077759e-01
2.074338197708129883e-01
2.423923760652542114e-01
2.635687887668609619e-01
2.162464857101440430e-01
3.162638247013092041e-01
2.511430084705352783e-01
2.245390415191650391e-01
1.844174861907958984e-01
2.921380102634429932e-01
2.315579801797866821e-01
2.679291665554046631e-01
1.835046261548995972e-01
1.871215850114822388e-01
2.385443001985549927e-01
1.904964894056320190e-01
1.873269528150558472e-01
2.038032561540603638e-01
2.103430032730102539e-01
2.675009071826934814e-01
2.424498796463012695e-01
1.974442452192306519e-01
5.015041232109069824e-01
2.125613093376159668e-01
2.648099660873413086e-01
2.403645068407058716e-01
1.800818443298339844e-01
2.353566437959671021e-01
1.719936132431030273e-01
1.907783746719360352e-01
2.073263674974441528e-01
2.608066499233245850e-01
1.970194578170776367e-01
2.423643618822097778e-01
1.605881005525588989e-01
2.066574096679687500e-01
2.240284681320190430e-01
2.643793523311614990e-01
1.929433345794677734e-01
2.080552130937576294e-01
1.810957193374633789e-01
2.033671140670776367e-01
1.874349862337112427e-01
1.838523894548416138e-01
2.343920916318893433e-01
2.359148263931274414e-01
2.242496460676193237e-01
2.366253584623336792e-01
1.888448446989059448e-01
2.049293071031570435e-01
1.808401793241500854e-01
1.721837073564529419e-01
1.956149190664291382e-01
2.673127651214599609e-01
2.470885962247848511e-01
2.981334030628204346e-01
2.535029649734497070e-01
1.701851487159729004e-01
1.887876838445663452e-01
3.089647591114044189e-01
2.020847648382186890e-01
2.587186396121978760e-01
2.478219717741012573e-01
1.852934211492538452e-01
2.538292109966278076e-01
3.358694612979888916e-01
2.224563360214233398e-01
2.077663689851760864e-01
1.550858765840530396e-01
2.124083489179611206e-01
2.691521346569061279e-01
2.274016886949539185e-01
1.898045092821121216e-01
2.604522407054901123e-01
2.397427558898925781e-01
2.690788209438323975e-01
2.187652140855789185e-01
1.948879212141036987e-01
2.052281647920608521e-01
2.394294738769531250e-01
2.291860580444335938e-01
2.392658740282058716e-01
2.766833305358886719e-01
1.921194344758987427e-01
4.575806558132171631e-01
1.923823207616806030e-01
2.568648159503936768e-01
2.233988791704177856e-01
2.518760859966278076e-01
1.854026466608047485e-01
1.823462247848510742e-01
2.209568768739700317e-01
2.229186296463012695e-01
2.560350596904754639e-01
2.352926731109619141e-01
1.718674898147583008e-01
1.523032337427139282e-01
2.644536197185516357e-01
2.292287200689315796e-01
4.613319337368011475e-01
2.076555043458938599e-01
1.877198964357376099e-01
2.036791592836380005e-01
1.962818950414657593e-01
1.536733955144882202e-01
2.068459838628768921e-01
1.936861723661422729e-01
2.425478845834732056e-01
1.994961947202682495e-01
2.258681058883666992e-01
2.148691266775131226e-01
2.939022481441497803e-01
2.110422104597091675e-01
2.879538834095001221e-01
2.291005402803421021e-01
2.520176470279693604e-01
1.835295110940933228e-01
2.199034243822097778e-01
1.941071748733520508e-01
2.316838353872299194e-01
3.852640092372894287e-01
2.464608401060104370e-01
2.292078733444213867e-01
2.668042778968811035e-01
1.958931684494018555e-01
1.904016286134719849e-01
1.911818236112594604e-01
2.249210923910140991e-01
1.896379441022872925e-01
3.328837156295776367e-01
1.865261048078536987e-01
1.614530533552169800e-01
2.656787931919097900e-01
2.074203640222549438e-01
3.064326941967010498e-01
1.557910889387130737e-01
2.030258178710937500e-01
2.361939549446105957e-01
1.893403083086013794e-01
2.213424295186996460e-01
3.205662071704864502e-01
2.242465764284133911e-01
1.973782032728195190e-01
2.187557667493820190e-01
1.645010262727737427e-01
2.114170342683792114e-01
1.680172681808471680e-01
2.041936665773391724e-01
2.102432399988174438e-01
1.553891897201538086e-01
2.262389659881591797e-01
2.134966254234313965e-01
2.051643133163452148e-01
1.767343729734420776e-01
1.965220421552658081e-01
2.824101746082305908e-01
2.021861076354980469e-01
2.080282717943191528e-01
1.956523060798645020e-01
2.033264636993408203e-01
1.670638471841812134e-01
2.846886813640594482e-01
2.082168906927108765e-01
1.989007741212844849e-01
1.782336086034774780e-01
1.888194829225540161e-01
1.650818437337875366e-01
1.782720685005187988e-01
1.746861785650253296e-01
2.442938089370727539e-01
2.946499586105346680e-01
2.001389265060424805e-01
2.017714828252792358e-01
2.282513827085494995e-01
2.803112566471099854e-01
2.194978743791580200e-01
1.701290160417556763e-01
2.103856056928634644e-01
1.990329772233963013e-01
1.969761401414871216e-01
2.441451400518417358e-01
1.966880559921264648e-01
1.698026061058044434e-01
1.608968079090118408e-01
2.643216550350189209e-01
2.250021696090698242e-01
1.951118856668472290e-01
2.078552097082138062e-01
1.831970959901809692e-01
1.936041861772537231e-01
2.680723965167999268e-01
3.144709169864654541e-01
1.455966383218765259e-01
2.402729988098144531e-01
4.395155608654022217e-01
2.108389139175415039e-01
1.994332671165466309e-01
2.409868836402893066e-01
2.503880560398101807e-01
1.651603430509567261e-01
2.662720978260040283e-01
2.027055025100708008e-01
2.423844188451766968e-01
2.435801625251770020e-01
2.144381552934646606e-01
2.265551537275314331e-01
1.811273545026779175e-01
8.427355885505676270e-01
1.950262039899826050e-01
2.175186723470687866e-01
2.543357908725738525e-01
2.636464834213256836e-01
2.264925241470336914e-01
1.899334639310836792e-01
1.885666400194168091e-01
1.758153438568115234e-01
2.023065835237503052e-01
1.810111254453659058e-01
2.048138529062271118e-01
2.089282274246215820e-01
2.301139384508132935e-01
1.687308698892593384e-01
2.648602426052093506e-01
2.478064298629760742e-01
2.134426832199096680e-01
2.256888896226882935e-01
1.436934918165206909e-01
3.567350804805755615e-01
2.462071627378463745e-01
2.253506183624267578e-01
2.214854359626770020e-01
2.390653342008590698e-01
1.855272054672241211e-01
1.554007977247238159e-01
2.410374879837036133e-01
1.741299629211425781e-01
2.068339139223098755e-01
1.732352972030639648e-01
2.422073632478713989e-01
2.273982018232345581e-01
2.203392535448074341e-01
1.902530938386917114e-01
2.254995554685592651e-01
2.243253737688064575e-01
2.050464600324630737e-01
1.850653141736984253e-01
2.110441476106643677e-01
2.169453054666519165e-01
1.665249764919281006e-01
2.640738189220428467e-01
2.034137099981307983e-01
1.925743073225021362e-01
2.349672317504882812e-01
2.382864505052566528e-01
1.885575503110885620e-01
1.777300685644149780e-01
2.089516371488571167e-01
1.964102834463119507e-01
2.055606096982955933e-01
1.765068769454956055e-01
2.024567127227783203e-01
2.197336703538894653e-01
2.234297245740890503e-01
2.088038176298141479e-01
2.241962999105453491e-01
1.996461004018783569e-01
2.554092109203338623e-01
2.460198998451232910e-01
4.785387814044952393e-01
2.547270357608795166e-01
1.700787544250488281e-01
2.126418352127075195e-01
2.188733667135238647e-01
2.669448852539062500e-01
1.994326561689376831e-01
1.661202311515808105e-01
2.269477099180221558e-01
1.722148060798645020e-01
2.027296870946884155e-01
1.911766678094863892e-01
1.714255809783935547e-01
3.012674748897552490e-01
2.582380771636962891e-01
2.350960969924926758e-01
1.837511509656906128e-01
1.735165268182754517e-01
2.122766524553298950e-01
1.794029027223587036e-01
1.788234710693359375e-01
1.644159108400344849e-01
1.884887963533401489e-01
1.826227903366088867e-01
2.385148555040359497e-01
2.214370965957641602e-01
2.364741116762161255e-01
1.616320163011550903e-01
2.052589207887649536e-01
4.335629642009735107e-01
2.062744349241256714e-01
1.678786724805831909e-01
1.815857887268066406e-01
2.095003575086593628e-01
2.001831978559494019e-01
1.937984675168991089e-01
1.769390106201171875e-01
6.047205328941345215e-01
1.733115911483764648e-01
1.987474709749221802e-01
2.280022054910659790e-01
2.141133993864059448e-01
1.860473901033401489e-01
2.137046903371810913e-01
2.000784873962402344e-01
1.827711313962936401e-01
