1.485135406255722046e-01
1.308498233556747437e-01
1.540853828191757202e-01
1.255799382925033569e-01
1.675763577222824097e-01
1.588177233934402466e-01
1.277816444635391235e-01
1.358859390020370483e-01
1.526364684104919434e-01
1.399245709180831909e-01
1.310033947229385376e-01
1.508774906396865845e-01
1.359336674213409424e-01
1.371794193983078003e-01
1.278476864099502563e-01
1.472289115190505981e-01
1.274001151323318481e-01
1.058276519179344177e-01
1.578502058982849121e-01
1.321740299463272095e-01
1.042973622679710388e-01
1.698644757270812988e-01
1.444723755121231079e-01
1.526818424463272095e-01
1.280650347471237183e-01
1.271990090608596802e-01
1.452307105064392090e-01
1.575595885515213013e-01
1.157346069812774658e-01
1.483291089534759521e-01
1.377036720514297485e-01
1.065900847315788269e-01
1.374590396881103516e-01
1.358822137117385864e-01
1.278998851776123047e-01
1.515093892812728882e-01
1.263782531023025513e-01
1.441282629966735840e-01
1.586211770772933960e-01
1.460752636194229126e-01
1.656294167041778564e-01
1.583914756774902344e-01
1.316367685794830322e-01
1.261651068925857544e-01
1.299372762441635132e-01
1.366928368806838989e-01
2.283474653959274292e-01
1.035333201289176941e-01
1.415029466152191162e-01
2.049392312765121460e-01
1.442537903785705566e-01
1.206501200795173645e-01
1.287767440080642700e-01
1.487907916307449341e-01
1.638028770685195923e-01
1.386241763830184937e-01
1.257040351629257202e-01
1.454020291566848755e-01
1.603056937456130981e-01
1.543850898742675781e-01
1.104494705796241760e-01
1.290708333253860474e-01
1.399403065443038940e-01
1.453159898519515991e-01
1.545491218566894531e-01
1.440893411636352539e-01
1.284271925687789917e-01
1.554126739501953125e-01
1.466950625181198120e-01
1.427182704210281372e-01
1.161618530750274658e-01
1.737778335809707642e-01
1.662238836288452148e-01
1.674581021070480347e-01
1.274716109037399292e-01
1.434498578310012817e-01
1.622974425554275513e-01
1.417995095252990723e-01
1.415418237447738647e-01
1.389420181512832642e-01
1.236459091305732727e-01
1.556735634803771973e-01
1.410670280456542969e-01
1.465285420417785645e-01
1.391316801309585571e-01
1.307526975870132446e-01
1.464990526437759399e-01
1.302844732999801636e-01
1.358573585748672485e-01
1.343502998352050781e-01
1.989125162363052368e-01
1.510299891233444214e-01
1.380108743906021118e-01
1.286286562681198120e-01
1.248930990695953369e-01
1.353782564401626587e-01
1.116400435566902161e-01
1.650647670030593872e-01
1.323881149291992188e-01
1.743469089269638062e-01
1.306754201650619507e-01
1.298950761556625366e-01
1.159218177199363708e-01
1.701243519783020020e-01
1.118471845984458923e-01
1.652400195598602295e-01
1.229407787322998047e-01
1.209312975406646729e-01
1.213802918791770935e-01
1.724242120981216431e-01
1.687416434288024902e-01
1.099954769015312195e-01
1.535295099020004272e-01
1.133600100874900818e-01
1.289035081863403320e-01
1.323160976171493530e-01
1.309038847684860229e-01
1.393162012100219727e-01
1.234374418854713440e-01
1.418485939502716064e-01
1.710267066955566406e-01
1.341005712747573853e-01
1.402834206819534302e-01
1.563557386398315430e-01
1.502680331468582153e-01
1.304183006286621094e-01
1.094412803649902344e-01
1.845065355300903320e-01
1.284002214670181274e-01
1.482774764299392700e-01
1.454630643129348755e-01
1.557233333587646484e-01
1.604359894990921021e-01
1.340321451425552368e-01
1.663996428251266479e-01
1.779908090829849243e-01
1.127826943993568420e-01
1.612396091222763062e-01
1.584681272506713867e-01
1.926770955324172974e-01
1.495135277509689331e-01
1.349693387746810913e-01
1.119667068123817444e-01
1.188608705997467041e-01
1.241313517093658447e-01
1.518436223268508911e-01
1.257867068052291870e-01
1.315647065639495850e-01
1.331913918256759644e-01
1.366667300462722778e-01
1.451309621334075928e-01
1.350413411855697632e-01
1.502753943204879761e-01
1.343633979558944702e-01
1.252206414937973022e-01
1.513811945915222168e-01
1.319376528263092041e-01
1.084218323230743408e-01
1.219379678368568420e-01
1.112694740295410156e-01
1.460989564657211304e-01
1.408482640981674194e-01
1.224954649806022644e-01
1.329161673784255981e-01
1.785887926816940308e-01
1.390008777379989624e-01
1.583460718393325806e-01
1.296099722385406494e-01
1.288267523050308228e-01
1.560216546058654785e-01
1.076832339167594910e-01
1.369107216596603394e-01
1.439084559679031372e-01
2.279276102781295776e-01
1.334485113620758057e-01
1.499244272708892822e-01
1.286309957504272461e-01
1.070480644702911377e-01
1.211547031998634338e-01
1.276232749223709106e-01
1.990013569593429565e-01
1.542983800172805786e-01
1.664911657571792603e-01
1.743183732032775879e-01
1.050535812973976135e-01
1.417625695466995239e-01
1.540294736623764038e-01
1.464126855134963989e-01
1.746041327714920044e-01
1.223252043128013611e-01
1.406239420175552368e-01
1.212254986166954041e-01
1.366453617811203003e-01
1.691875457763671875e-01
1.564448028802871704e-01
1.383213251829147339e-01
1.470863968133926392e-01
1.356652230024337769e-01
1.113420128822326660e-01
1.581545621156692505e-01
1.487934440374374390e-01
1.719679981470108032e-01
1.550384312868118286e-01
1.125226616859436035e-01
1.500792205333709717e-01
1.617386490106582642e-01
1.432200819253921509e-01
1.911187916994094849e-01
1.492421478033065796e-01
9.499491006135940552e-02
1.526498943567276001e-01
1.400492191314697266e-01
1.253865212202072144e-01
1.258866339921951294e-01
1.486175060272216797e-01
1.441401988267898560e-01
1.334540992975234985e-01
1.214579269289970398e-01
1.510190814733505249e-01
1.148349568247795105e-01
1.268650740385055542e-01
1.523327678442001343e-01
1.360865086317062378e-01
1.403195559978485107e-01
1.218642070889472961e-01
1.432100385427474976e-01
1.525313109159469604e-01
1.456781476736068726e-01
1.392040997743606567e-01
1.184219345450401306e-01
1.482463777065277100e-01
1.321602612733840942e-01
1.685227751731872559e-01
1.502909213304519653e-01
1.764598041772842407e-01
1.410518288612365723e-01
1.394000053405761719e-01
1.485137343406677246e-01
1.455251425504684448e-01
1.447223573923110962e-01
1.306690871715545654e-01
1.464402079582214355e-01
1.475121378898620605e-01
1.370536983013153076e-01
1.567276865243911743e-01
1.437868028879165649e-01
1.200451850891113281e-01
1.784790009260177612e-01
1.303298026323318481e-01
1.474476754665374756e-01
1.438467651605606079e-01
1.300117820501327515e-01
1.162870898842811584e-01
1.198847070336341858e-01
2.765099704265594482e-01
1.431774646043777466e-01
1.149486303329467773e-01
1.265385299921035767e-01
1.493277251720428467e-01
1.205875203013420105e-01
1.527055650949478149e-01
1.324468106031417847e-01
1.425487846136093140e-01
1.735289692878723145e-01
1.160829886794090271e-01
1.250380873680114746e-01
1.229538619518280029e-01
1.445033401250839233e-01
1.151826009154319763e-01
1.820067018270492554e-01
1.995201557874679565e-01
1.286560148000717163e-01
1.338179856538772583e-01
1.274456083774566650e-01
2.063248753547668457e-01
1.300094127655029297e-01
1.260437965393066406e-01
1.217943429946899414e-01
1.127141788601875305e-01
1.781079322099685669e-01
1.410280913114547729e-01
1.769050210714340210e-01
1.768246442079544067e-01
1.331028193235397339e-01
1.279693245887756348e-01
1.696899086236953735e-01
1.771173477172851562e-01
1.292338222265243530e-01
1.451427191495895386e-01
1.204442158341407776e-01
1.811407357454299927e-01
1.458881646394729614e-01
1.226958706974983215e-01
1.447785645723342896e-01
1.217766180634498596e-01
1.337284892797470093e-01
1.628406196832656860e-01
1.267849057912826538e-01
1.619957536458969116e-01
1.356909424066543579e-01
1.409547626972198486e-01
1.355007141828536987e-01
1.422216296195983887e-01
1.255622357130050659e-01
1.571654528379440308e-01
1.749274730682373047e-01
1.253481358289718628e-01
1.415593326091766357e-01
2.078659385442733765e-01
1.829447895288467407e-01
1.387240439653396606e-01
1.229166090488433838e-01
1.478441506624221802e-01
1.375976800918579102e-01
1.339217275381088257e-01
1.260871291160583496e-01
1.330586820840835571e-01
1.208040043711662292e-01
1.549578607082366943e-01
1.503622680902481079e-01
1.552533656358718872e-01
1.821268200874328613e-01
1.281741112470626831e-01
1.266697347164154053e-01
1.631902605295181274e-01
1.614854484796524048e-01
1.320496052503585815e-01
1.280701607465744019e-01
1.237671151757240295e-01
1.495745629072189331e-01
1.336252391338348389e-01
1.337495595216751099e-01
1.532745808362960815e-01
1.517331451177597046e-01
1.218772232532501221e-01
1.466255336999893188e-01
1.483684182167053223e-01
1.382214874029159546e-01
1.703569293022155762e-01
2.458194345235824585e-01
1.456707566976547241e-01
1.356122642755508423e-01
1.384113430976867676e-01
1.400585025548934937e-01
1.587370634078979492e-01
1.497250944375991821e-01
1.336273998022079468e-01
1.308159381151199341e-01
1.546920984983444214e-01
1.344806402921676636e-01
2.195568829774856567e-01
1.247112154960632324e-01
1.003894731402397156e-01
1.563490480184555054e-01
1.250552684068679810e-01
1.239841878414154053e-01
1.159504055976867676e-01
1.399603337049484253e-01
1.399454325437545776e-01
1.151222363114356995e-01
1.457795947790145874e-01
1.547253578901290894e-01
1.033247485756874084e-01
1.469647735357284546e-01
1.517414003610610962e-01
1.613569110631942749e-01
1.329746842384338379e-01
1.311146467924118042e-01
1.558679789304733276e-01
1.794335842132568359e-01
1.472523957490921021e-01
1.849606037139892578e-01
1.468931436538696289e-01
1.428782790899276733e-01
1.447967737913131714e-01
1.325606554746627808e-01
1.237151250243186951e-01
1.755635738372802734e-01
1.432955712080001831e-01
1.323387622833251953e-01
1.582215279340744019e-01
1.786539554595947266e-01
1.364522427320480347e-01
1.270809024572372437e-01
1.339094340801239014e-01
1.295295208692550659e-01
1.385980993509292603e-01
1.366458535194396973e-01
1.347329467535018921e-01
1.386361867189407349e-01
1.492527574300765991e-01
1.559153944253921509e-01
1.695002466440200806e-01
1.416427940130233765e-01
1.454825997352600098e-01
1.555178165435791016e-01
1.474646478891372681e-01
1.523211598396301270e-01
1.476229131221771240e-01
1.551719456911087036e-01
1.810953617095947266e-01
1.474471092224121094e-01
1.446177363395690918e-01
1.189053058624267578e-01
1.327496021986007690e-01
1.296818852424621582e-01
1.391082257032394409e-01
1.326118707656860352e-01
1.369292587041854858e-01
1.406504064798355103e-01
1.226314231753349304e-01
1.378346681594848633e-01
1.123059988021850586e-01
1.692485660314559937e-01
1.292500644922256470e-01
1.262818574905395508e-01
1.789121627807617188e-01
1.235594972968101501e-01
1.233006119728088379e-01
1.957941055297851562e-01
1.785306781530380249e-01
1.395772248506546021e-01
1.360265612602233887e-01
1.186747625470161438e-01
1.648946553468704224e-01
1.311561018228530884e-01
1.348968148231506348e-01
1.421551257371902466e-01
1.352013945579528809e-01
1.337204575538635254e-01
1.457899361848831177e-01
1.104355156421661377e-01
1.317674964666366577e-01
1.395047307014465332e-01
1.527338624000549316e-01
1.076626852154731750e-01
1.367022544145584106e-01
1.313568353652954102e-01
1.337249428033828735e-01
1.669830530881881714e-01
1.197397932410240173e-01
1.164879798889160156e-01
1.307990998029708862e-01
1.309589892625808716e-01
1.263523548841476440e-01
1.385563313961029053e-01
1.142584905028343201e-01
1.533022373914718628e-01
1.223662868142127991e-01
1.402799189090728760e-01
1.703063249588012695e-01
1.498832106590270996e-01
1.377706676721572876e-01
1.681560724973678589e-01
2.153077721595764160e-01
1.579825133085250854e-01
1.548166722059249878e-01
1.411816030740737915e-01
1.497875005006790161e-01
1.298362016677856445e-01
1.569243371486663818e-01
1.162881851196289062e-01
1.187541484832763672e-01
1.838461607694625854e-01
1.201691254973411560e-01
1.378048211336135864e-01
1.243352890014648438e-01
1.606079787015914917e-01
1.225903704762458801e-01
1.379073560237884521e-01
1.195476576685905457e-01
1.415306776762008667e-01
1.279076039791107178e-01
1.481760442256927490e-01
1.240408495068550110e-01
1.334374397993087769e-01
1.950321048498153687e-01
1.478293091058731079e-01
1.295510977506637573e-01
1.261578798294067383e-01
1.280877143144607544e-01
2.187080830335617065e-01
1.733400076627731323e-01
1.446859836578369141e-01
1.752745062112808228e-01
1.194458603858947754e-01
1.148819923400878906e-01
1.295569688081741333e-01
1.335853189229965210e-01
1.567420512437820435e-01
1.205579042434692383e-01
1.143656745553016663e-01
1.241230666637420654e-01
1.247911155223846436e-01
1.414677649736404419e-01
1.465142667293548584e-01
1.245749369263648987e-01
1.632271409034729004e-01
1.658365726470947266e-01
1.076893582940101624e-01
1.034616753458976746e-01
1.127878054976463318e-01
1.864834576845169067e-01
1.699110269546508789e-01
1.402644962072372437e-01
1.789611577987670898e-01
1.544977873563766479e-01
1.370750516653060913e-01
1.326227933168411255e-01
1.402929723262786865e-01
1.343126446008682251e-01
1.510346978902816772e-01
1.261532604694366455e-01
1.220577582716941833e-01
1.323596239089965820e-01
1.382443457841873169e-01
1.274580955505371094e-01
1.102522015571594238e-01
1.361942589282989502e-01
1.475627571344375610e-01
1.411179751157760620e-01
1.415511816740036011e-01
1.242171749472618103e-01
1.228213086724281311e-01
1.234588995575904846e-01
1.231646314263343811e-01
1.225748285651206970e-01
1.543207615613937378e-01
1.006982401013374329e-01
1.600976288318634033e-01
1.218521595001220703e-01
1.478263288736343384e-01
1.268091648817062378e-01
1.523720175027847290e-01
1.342409998178482056e-01
1.531357914209365845e-01
1.275307983160018921e-01
1.387777030467987061e-01
1.778916865587234497e-01
1.276866644620895386e-01
1.153995692729949951e-01
1.490374207496643066e-01
1.795316934585571289e-01
1.312004178762435913e-01
1.624267250299453735e-01
1.318428814411163330e-01
1.280731707811355591e-01
1.379729062318801880e-01
1.741081625223159790e-01
1.345448493957519531e-01
1.487901061773300171e-01
1.222206130623817444e-01
1.430280059576034546e-01
1.506741940975189209e-01
1.021923720836639404e-01
1.183680668473243713e-01
1.487050503492355347e-01
2.223576307296752930e-01
1.298657804727554321e-01
1.519540697336196899e-01
1.370027363300323486e-01
1.310317665338516235e-01
1.695336550474166870e-01
1.310217827558517456e-01
2.834695279598236084e-01
1.435839682817459106e-01
1.392273902893066406e-01
1.500249356031417847e-01
1.165225207805633545e-01
1.501919180154800415e-01
1.201360598206520081e-01
1.601949334144592285e-01
1.274170577526092529e-01
1.457207798957824707e-01
1.565399914979934692e-01
1.536137014627456665e-01
1.425682604312896729e-01
1.421794295310974121e-01
1.239653006196022034e-01
1.783445477485656738e-01
1.213314309716224670e-01
1.211852803826332092e-01
1.311253309249877930e-01
1.447208374738693237e-01
1.077876687049865723e-01
1.708590835332870483e-01
1.203343346714973450e-01
1.107502877712249756e-01
1.587329655885696411e-01
1.642953455448150635e-01
1.342565566301345825e-01
1.721096038818359375e-01
1.265127807855606079e-01
1.812479943037033081e-01
1.213759556412696838e-01
1.353494077920913696e-01
1.389442831277847290e-01
1.391407102346420288e-01
1.495103836059570312e-01
1.326023489236831665e-01
1.479341536760330200e-01
1.395431458950042725e-01
1.453816145658493042e-01
1.478887349367141724e-01
1.553962528705596924e-01
1.269799768924713135e-01
1.023337468504905701e-01
1.277098953723907471e-01
1.217847242951393127e-01
1.997679919004440308e-01
1.262865066528320312e-01
1.453436911106109619e-01
1.524124145507812500e-01
1.600301861763000488e-01
1.279301643371582031e-01
1.672492623329162598e-01
1.488085985183715820e-01
1.159909740090370178e-01
1.391674429178237915e-01
1.244640722870826721e-01
1.426233202219009399e-01
1.082622930407524109e-01
1.210325956344604492e-01
1.623324453830718994e-01
1.281730979681015015e-01
1.365957856178283691e-01
1.567373275756835938e-01
1.401528865098953247e-01
1.305244415998458862e-01
1.269989609718322754e-01
1.257310062646865845e-01
1.094427108764648438e-01
1.458499878644943237e-01
1.420689076185226440e-01
1.270929723978042603e-01
1.259972900152206421e-01
1.201278567314147949e-01
1.325828880071640015e-01
1.416233032941818237e-01
1.125318780541419983e-01
1.367499679327011108e-01
1.325136274099349976e-01
1.296203285455703735e-01
1.232335567474365234e-01
1.519058793783187866e-01
1.229831650853157043e-01
1.241536065936088562e-01
1.208094730973243713e-01
1.779435724020004272e-01
2.226567715406417847e-01
1.760507822036743164e-01
1.544085294008255005e-01
1.115100383758544922e-01
1.323343366384506226e-01
1.202868744730949402e-01
1.450904756784439087e-01
1.038844212889671326e-01
1.436635106801986694e-01
1.493607163429260254e-01
1.452296972274780273e-01
1.341524720191955566e-01
1.525930613279342651e-01
1.436864137649536133e-01
1.346590667963027954e-01
1.231326088309288025e-01
1.095634922385215759e-01
1.312446743249893188e-01
1.244194582104682922e-01
1.176382228732109070e-01
1.534958630800247192e-01
1.841186732053756714e-01
1.350199282169342041e-01
1.345728784799575806e-01
1.680168658494949341e-01
1.607327163219451904e-01
1.754542589187622070e-01
1.357957273721694946e-01
1.504595428705215454e-01
1.264015138149261475e-01
1.194242313504219055e-01
1.405687332153320312e-01
1.492125540971755981e-01
1.350454241037368774e-01
1.510430127382278442e-01
1.348330527544021606e-01
1.443690806627273560e-01
1.039049327373504639e-01
1.950565427541732788e-01
1.257197707891464233e-01
1.440149396657943726e-01
1.244353577494621277e-01
1.335590481758117676e-01
1.651692539453506470e-01
1.718832701444625854e-01
1.528599113225936890e-01
1.938296705484390259e-01
1.208382919430732727e-01
1.449142247438430786e-01
1.740691214799880981e-01
1.091889366507530212e-01
1.605005860328674316e-01
1.196753680706024170e-01
1.255010962486267090e-01
1.201370283961296082e-01
1.236508116126060486e-01
1.071338430047035217e-01
1.103450134396553040e-01
1.299013793468475342e-01
1.399850696325302124e-01
1.403672993183135986e-01
1.330383569002151489e-01
1.818702965974807739e-01
1.255102008581161499e-01
1.331545561552047729e-01
1.295966953039169312e-01
1.631329208612442017e-01
1.458037346601486206e-01
1.060051396489143372e-01
1.380122750997543335e-01
1.467868834733963013e-01
1.425660401582717896e-01
1.144120469689369202e-01
1.175338849425315857e-01
1.458777487277984619e-01
1.254221200942993164e-01
1.839879155158996582e-01
1.092239245772361755e-01
1.324836015701293945e-01
1.243605986237525940e-01
1.358322799205780029e-01
1.704701632261276245e-01
1.954001635313034058e-01
1.165158748626708984e-01
1.277080625295639038e-01
1.364824771881103516e-01
1.506219208240509033e-01
1.512489765882492065e-01
1.225453391671180725e-01
1.329336017370223999e-01
1.279413104057312012e-01
1.204630807042121887e-01
1.232055127620697021e-01
1.413778513669967651e-01
1.367967873811721802e-01
1.495350897312164307e-01
1.113789975643157959e-01
1.781331747770309448e-01
1.332757920026779175e-01
1.428608149290084839e-01
1.288482397794723511e-01
1.266841143369674683e-01
1.397342830896377563e-01
1.422975659370422363e-01
1.739187836647033691e-01
9.749522805213928223e-02
1.444274038076400757e-01
1.393997520208358765e-01
1.450230032205581665e-01
1.904684454202651978e-01
1.290919482707977295e-01
1.584922820329666138e-01
1.944095045328140259e-01
1.072681322693824768e-01
1.624545454978942871e-01
1.123292446136474609e-01
1.557348966598510742e-01
1.182304844260215759e-01
1.521865874528884888e-01
1.320438086986541748e-01
1.396384984254837036e-01
1.745250672101974487e-01
1.329996436834335327e-01
1.563111096620559692e-01
1.291118413209915161e-01
1.290660947561264038e-01
1.345120966434478760e-01
1.575169116258621216e-01
1.084564253687858582e-01
1.319402158260345459e-01
1.431553959846496582e-01
1.477798670530319214e-01
1.479402184486389160e-01
1.280419677495956421e-01
2.494432479143142700e-01
1.181429922580718994e-01
1.364242583513259888e-01
1.546418219804763794e-01
1.465504616498947144e-01
1.368686109781265259e-01
1.552283018827438354e-01
1.336347311735153198e-01
1.510388851165771484e-01
1.200128868222236633e-01
1.055299565196037292e-01
1.585946977138519287e-01
1.281173974275588989e-01
1.593460738658905029e-01
1.548990309238433838e-01
1.403462886810302734e-01
1.620144397020339966e-01
1.431244164705276489e-01
1.709747314453125000e-01
1.147083640098571777e-01
1.460122615098953247e-01
1.161671057343482971e-01
1.166016682982444763e-01
1.291152834892272949e-01
1.159881725907325745e-01
1.547288298606872559e-01
2.139708548784255981e-01
1.251104921102523804e-01
1.493145376443862915e-01
1.491291970014572144e-01
1.206892058253288269e-01
1.348942369222640991e-01
1.374449878931045532e-01
1.511527299880981445e-01
1.588432788848876953e-01
1.176331117749214172e-01
1.369717270135879517e-01
1.428360491991043091e-01
1.170514747500419617e-01
1.359179466962814331e-01
1.461195647716522217e-01
9.328085929155349731e-02
1.367872655391693115e-01
1.624438017606735229e-01
1.669311970472335815e-01
1.538495421409606934e-01
1.704845428466796875e-01
1.525325477123260498e-01
1.453616619110107422e-01
1.582650840282440186e-01
1.494319438934326172e-01
1.822503060102462769e-01
1.223887428641319275e-01
1.366101056337356567e-01
1.205311045050621033e-01
1.231798231601715088e-01
1.353285461664199829e-01
1.502799391746520996e-01
1.465527862310409546e-01
1.441084146499633789e-01
1.408993452787399292e-01
1.420488357543945312e-01
1.593704223632812500e-01
1.598495095968246460e-01
1.581781655550003052e-01
1.408729404211044312e-01
1.311793923377990723e-01
1.319894492626190186e-01
1.665309667587280273e-01
1.165959015488624573e-01
1.095305755734443665e-01
1.290567666292190552e-01
1.419304758310317993e-01
1.415223032236099243e-01
1.333672702312469482e-01
1.957102268934249878e-01
1.140439212322235107e-01
1.869652122259140015e-01
1.426866203546524048e-01
1.155228018760681152e-01
1.353738158941268921e-01
1.568161994218826294e-01
1.547136902809143066e-01
1.185739263892173767e-01
9.760075062513351440e-02
1.674670428037643433e-01
1.238218918442726135e-01
1.903505772352218628e-01
1.482122391462326050e-01
1.265071183443069458e-01
1.480552703142166138e-01
1.312763243913650513e-01
1.495263725519180298e-01
1.360940933227539062e-01
1.428301483392715454e-01
1.506822854280471802e-01
1.062260344624519348e-01
1.479179561138153076e-01
1.221821382641792297e-01
1.616708785295486450e-01
1.261585801839828491e-01
1.062733158469200134e-01
1.191262602806091309e-01
1.374831944704055786e-01
1.811909079551696777e-01
1.482028365135192871e-01
1.164177879691123962e-01
1.472802162170410156e-01
1.347696036100387573e-01
1.638375669717788696e-01
1.231205686926841736e-01
1.353776007890701294e-01
1.619226783514022827e-01
1.281631588935852051e-01
1.319283992052078247e-01
1.590212136507034302e-01
1.471134275197982788e-01
1.708910018205642700e-01
1.281204372644424438e-01
1.321334093809127808e-01
1.555149704217910767e-01
1.364940404891967773e-01
1.558011323213577271e-01
1.566707193851470947e-01
1.242364048957824707e-01
2.102920562028884888e-01
1.391123682260513306e-01
1.181131005287170410e-01
1.906349807977676392e-01
1.257754415273666382e-01
1.505960822105407715e-01
1.424730271100997925e-01
1.160847768187522888e-01
1.549228876829147339e-01
1.221833601593971252e-01
1.592562794685363770e-01
1.492272615432739258e-01
1.525704860687255859e-01
1.283085942268371582e-01
1.144215166568756104e-01
1.393428891897201538e-01
1.234973445534706116e-01
1.724914312362670898e-01
1.401104927062988281e-01
1.599372029304504395e-01
1.511691808700561523e-01
1.806167513132095337e-01
1.184424534440040588e-01
1.398160308599472046e-01
1.294644623994827271e-01
1.164691150188446045e-01
1.364983022212982178e-01
1.531093269586563110e-01
1.390999704599380493e-01
1.355338543653488159e-01
1.104480922222137451e-01
1.192767396569252014e-01
1.478533893823623657e-01
1.377223283052444458e-01
1.294744610786437988e-01
1.303460001945495605e-01
1.332176476716995239e-01
1.486950665712356567e-01
1.468986421823501587e-01
1.364981383085250854e-01
1.584016233682632446e-01
1.383614093065261841e-01
1.626806110143661499e-01
1.560908108949661255e-01
1.888885945081710815e-01
1.481549292802810669e-01
1.236354038119316101e-01
1.549799144268035889e-01
1.551380157470703125e-01
1.694724410772323608e-01
1.164098680019378662e-01
1.450638771057128906e-01
1.222117543220520020e-01
1.299017220735549927e-01
1.021837368607521057e-01
1.204419210553169250e-01
1.269475817680358887e-01
1.433492302894592285e-01
1.478080749511718750e-01
1.534643024206161499e-01
1.085982322692871094e-01
1.536025404930114746e-01
1.259801238775253296e-01
1.160960569977760315e-01
1.603492647409439087e-01
1.781387776136398315e-01
3.070339262485504150e-01
1.288107782602310181e-01
1.295336931943893433e-01
2.004240751266479492e-01
1.698983460664749146e-01
1.324345320463180542e-01
1.478006839752197266e-01
1.508753150701522827e-01
1.403868645429611206e-01
1.290214806795120239e-01
1.435457319021224976e-01
1.492538899183273315e-01
1.430431157350540161e-01
1.398077160120010376e-01
1.397079676389694214e-01
1.629223078489303589e-01
1.678944975137710571e-01
1.242987290024757385e-01
1.608560234308242798e-01
1.696976423263549805e-01
1.241530403494834900e-01
1.234299242496490479e-01
1.403336524963378906e-01
1.295694708824157715e-01
1.318828016519546509e-01
1.279089599847793579e-01
1.246193274855613708e-01
2.184597402811050415e-01
1.374686211347579956e-01
1.258067488670349121e-01
1.235717236995697021e-01
2.339410632848739624e-01
1.444405913352966309e-01
1.465889960527420044e-01
1.029187142848968506e-01
1.767457723617553711e-01
1.471632272005081177e-01
1.256062388420104980e-01
1.360306888818740845e-01
1.705762743949890137e-01
1.575167328119277954e-01
1.814977377653121948e-01
1.306705325841903687e-01
1.384517848491668701e-01
1.332805454730987549e-01
1.132082119584083557e-01
2.235744446516036987e-01
1.513905376195907593e-01
1.244841217994689941e-01
1.780807375907897949e-01
1.104908213019371033e-01
1.536367982625961304e-01
1.506184786558151245e-01
1.419411450624465942e-01
1.343314200639724731e-01
3.585005998611450195e-01
1.445241719484329224e-01
1.550792157649993896e-01
1.353505402803421021e-01
1.283911764621734619e-01
1.258196681737899780e-01
1.732986122369766235e-01
1.424288153648376465e-01
1.641995757818222046e-01
1.756149530410766602e-01
1.422362476587295532e-01
1.214253902435302734e-01
1.206500306725502014e-01
9.950544685125350952e-02
1.294193565845489502e-01
1.582133322954177856e-01
1.257241368293762207e-01
1.334018260240554810e-01
1.685570329427719116e-01
1.357556134462356567e-01
1.822036504745483398e-01
1.076815500855445862e-01
1.495513468980789185e-01
1.473606824874877930e-01
1.467884033918380737e-01
1.690713167190551758e-01
1.305668801069259644e-01
1.683495789766311646e-01
1.420638710260391235e-01
1.605636328458786011e-01
1.321199834346771240e-01
1.247576251626014709e-01
1.291439384222030640e-01
1.347860991954803467e-01
1.322781294584274292e-01
1.337684541940689087e-01
1.153602302074432373e-01
1.406531780958175659e-01
1.227174475789070129e-01
1.138660088181495667e-01
1.327427476644515991e-01
1.539322584867477417e-01
1.062025129795074463e-01
1.370168477296829224e-01
1.489668786525726318e-01
1.741084456443786621e-01
1.298926323652267456e-01
1.243061348795890808e-01
1.619298011064529419e-01
1.119886636734008789e-01
1.436868160963058472e-01
1.521162539720535278e-01
1.771123409271240234e-01
1.451099365949630737e-01
1.382898539304733276e-01
1.244196072220802307e-01
1.514455229043960571e-01
1.197847723960876465e-01
1.320632547140121460e-01
1.547753065824508667e-01
1.596779376268386841e-01
1.308754235506057739e-01
1.684463471174240112e-01
1.288622170686721802e-01
1.323971301317214966e-01
1.546659618616104126e-01
1.418098062276840210e-01
1.071510016918182373e-01
1.548203676939010620e-01
1.320753842592239380e-01
1.193887516856193542e-01
1.488165855407714844e-01
1.547567993402481079e-01
1.386887133121490479e-01
1.493545025587081909e-01
1.315302997827529907e-01
1.466934829950332642e-01
1.421377211809158325e-01
1.502850502729415894e-01
1.331656277179718018e-01
1.117035970091819763e-01
1.294402629137039185e-01
1.422578394412994385e-01
1.465985625982284546e-01
1.357740014791488647e-01
1.763916462659835815e-01
1.345882862806320190e-01
1.314439326524734497e-01
1.411942690610885620e-01
1.261119395494461060e-01
1.567470878362655640e-01
1.466295421123504639e-01
1.449380666017532349e-01
1.195683777332305908e-01
1.535081118345260620e-01
2.506302893161773682e-01
1.610349565744400024e-01
1.605052202939987183e-01
1.727087050676345825e-01
1.301884353160858154e-01
1.448727846145629883e-01
1.147423312067985535e-01
1.198316887021064758e-01
1.526661366224288940e-01
1.745171546936035156e-01
1.613899320363998413e-01
1.135606542229652405e-01
1.624044030904769897e-01
1.170138120651245117e-01
1.523309201002120972e-01
1.645220667123794556e-01
1.322803497314453125e-01
1.545429676771163940e-01
1.410224288702011108e-01
1.888575404882431030e-01
1.582384556531906128e-01
1.324888616800308228e-01
1.413920074701309204e-01
1.528574973344802856e-01
1.325585246086120605e-01
1.446013003587722778e-01
1.156663522124290466e-01
1.396939903497695923e-01
1.585081964731216431e-01
1.440323740243911743e-01
1.510634273290634155e-01
1.011514738202095032e-01
1.272795498371124268e-01
1.400759965181350708e-01
1.487616747617721558e-01
1.351714283227920532e-01
1.250258088111877441e-01
1.362653523683547974e-01
1.313857287168502808e-01
1.642709225416183472e-01
1.471294909715652466e-01
1.118106320500373840e-01
1.209522187709808350e-01
1.410249024629592896e-01
1.359646916389465332e-01
1.398423612117767334e-01
1.601058840751647949e-01
1.352818906307220459e-01
1.219504103064537048e-01
1.788759976625442505e-01
1.380444914102554321e-01
1.328155100345611572e-01
1.231359541416168213e-01
1.346598714590072632e-01
1.157738193869590759e-01
1.433859169483184814e-01
1.522709578275680542e-01
1.478687524795532227e-01
1.377456933259963989e-01
1.390283554792404175e-01
1.217320561408996582e-01
1.204581260681152344e-01
1.386455595493316650e-01
2.680458128452301025e-01
1.220078840851783752e-01
1.266777068376541138e-01
1.392279714345932007e-01
1.208907440304756165e-01
1.254168003797531128e-01
1.257945448160171509e-01
1.352964192628860474e-01
1.338343471288681030e-01
1.244742646813392639e-01
1.704105883836746216e-01
1.891867518424987793e-01
1.422012597322463989e-01
1.514157205820083618e-01
1.417313069105148315e-01
1.406671404838562012e-01
2.061962336301803589e-01
1.366889327764511108e-01
1.182660087943077087e-01
1.176721453666687012e-01
1.133120059967041016e-01
1.232777014374732971e-01
1.588678956031799316e-01
1.130833923816680908e-01
1.186439171433448792e-01
1.650061011314392090e-01
1.304598599672317505e-01
1.139040887355804443e-01
1.238999962806701660e-01
1.165652051568031311e-01
1.719397157430648804e-01
1.359997838735580444e-01
1.318141967058181763e-01
1.361965388059616089e-01
1.482488065958023071e-01
1.435378491878509521e-01
1.326922178268432617e-01
1.441944539546966553e-01
1.505928635597229004e-01
1.682071238756179810e-01
1.148695349693298340e-01
1.350895911455154419e-01
1.244818270206451416e-01
1.375255435705184937e-01
1.353360116481781006e-01
1.795570850372314453e-01
1.461950093507766724e-01
1.138990893959999084e-01
1.385281980037689209e-01
1.680162400007247925e-01
1.167439520359039307e-01
1.262128055095672607e-01
1.405492573976516724e-01
1.292743980884552002e-01
1.388581097126007080e-01
1.110671237111091614e-01
1.369080841541290283e-01
1.396185308694839478e-01
1.341709494590759277e-01
1.735901832580566406e-01
1.413114517927169800e-01
1.142391562461853027e-01
1.391663700342178345e-01
1.480702757835388184e-01
1.180283054709434509e-01
1.367064416408538818e-01
1.639443784952163696e-01
1.243618130683898926e-01
1.083208546042442322e-01
1.156779900193214417e-01
1.266658455133438110e-01
1.642523556947708130e-01
1.284815818071365356e-01
1.407595425844192505e-01
1.520403623580932617e-01
3.097735941410064697e-01
1.241729855537414551e-01
1.154724583029747009e-01
1.577453017234802246e-01
1.365811675786972046e-01
1.564396768808364868e-01
1.340017765760421753e-01
1.454160660505294800e-01
1.453989595174789429e-01
1.509574949741363525e-01
1.271947473287582397e-01
1.549521237611770630e-01
1.345321685075759888e-01
1.339584738016128540e-01
1.242642402648925781e-01
1.520648449659347534e-01
1.487342119216918945e-01
1.150923147797584534e-01
1.095049381256103516e-01
1.424901634454727173e-01
1.190072298049926758e-01
1.364295929670333862e-01
1.301587074995040894e-01
1.091703101992607117e-01
1.442959755659103394e-01
1.609024852514266968e-01
1.190152689814567566e-01
1.537141203880310059e-01
1.326688975095748901e-01
1.321777254343032837e-01
1.492632180452346802e-01
1.554628163576126099e-01
1.488376408815383911e-01
1.592809259891510010e-01
1.584082096815109253e-01
1.283353567123413086e-01
1.859038025140762329e-01
1.157949566841125488e-01
1.667903512716293335e-01
1.473868638277053833e-01
1.586881875991821289e-01
1.606951504945755005e-01
1.319658756256103516e-01
1.424017995595932007e-01
1.315083354711532593e-01
1.347448676824569702e-01
1.229740753769874573e-01
1.581853032112121582e-01
1.205860674381256104e-01
1.444970220327377319e-01
1.124654635787010193e-01
1.580496877431869507e-01
1.570175439119338989e-01
1.213136389851570129e-01
1.426648348569869995e-01
1.209833547472953796e-01
1.697887182235717773e-01
1.312600076198577881e-01
1.227320954203605652e-01
1.404564827680587769e-01
1.268463134765625000e-01
1.189611181616783142e-01
1.789243221282958984e-01
1.387170702219009399e-01
1.544344127178192139e-01
1.423213630914688110e-01
1.405376046895980835e-01
1.401941329240798950e-01
1.380009949207305908e-01
1.336651146411895752e-01
1.284821182489395142e-01
1.296910643577575684e-01
1.227551177144050598e-01
1.158252134919166565e-01
1.490157544612884521e-01
1.259050965309143066e-01
1.416747123003005981e-01
1.362232416868209839e-01
1.333111673593521118e-01
1.564431488513946533e-01
1.398691982030868530e-01
1.291795969009399414e-01
1.201529204845428467e-01
1.370576769113540649e-01
1.387140303850173950e-01
1.310238242149353027e-01
1.561781615018844604e-01
1.586185544729232788e-01
1.320663839578628540e-01
1.329837888479232788e-01
1.369626075029373169e-01
1.292465180158615112e-01
1.524168699979782104e-01
1.501954644918441772e-01
1.192356720566749573e-01
1.156485900282859802e-01
1.408475786447525024e-01
1.276134848594665527e-01
1.331990361213684082e-01
1.348885893821716309e-01
1.723730415105819702e-01
1.438608765602111816e-01
1.347103714942932129e-01
1.308021396398544312e-01
1.902888566255569458e-01
1.557019203901290894e-01
1.299896240234375000e-01
1.625958532094955444e-01
1.491805762052536011e-01
1.546779870986938477e-01
1.694010496139526367e-01
1.525738537311553955e-01
1.790291517972946167e-01
1.255127936601638794e-01
1.760103553533554077e-01
1.295659840106964111e-01
1.401662677526473999e-01
1.295339465141296387e-01
1.325688511133193970e-01
1.209562346339225769e-01
1.427025347948074341e-01
1.354196965694427490e-01
1.317051500082015991e-01
1.627105027437210083e-01
1.434381157159805298e-01
1.504354625940322876e-01
1.312977224588394165e-01
1.618800908327102661e-01
1.142272055149078369e-01
1.342357695102691650e-01
1.411872953176498413e-01
1.187443956732749939e-01
1.152080222964286804e-01
1.227189078927040100e-01
1.608628630638122559e-01
1.502595543861389160e-01
1.368159502744674683e-01
1.386951059103012085e-01
1.651674658060073853e-01
1.274267584085464478e-01
1.377478688955307007e-01
1.273389309644699097e-01
1.364147365093231201e-01
1.414193212985992432e-01
1.249384060502052307e-01
1.496112793684005737e-01
1.617298871278762817e-01
2.804720103740692139e-01
1.014108285307884216e-01
1.565520018339157104e-01
1.464969366788864136e-01
1.167391017079353333e-01
1.374534219503402710e-01
1.421687453985214233e-01
1.455895155668258667e-01
1.439083069562911987e-01
1.464745551347732544e-01
1.474852561950683594e-01
1.494545489549636841e-01
1.842788606882095337e-01
1.372830122709274292e-01
2.586728632450103760e-01
1.388241201639175415e-01
1.185356006026268005e-01
1.167408823966979980e-01
1.319831460714340210e-01
1.092101335525512695e-01
1.487337052822113037e-01
2.835649549961090088e-01
1.519505828619003296e-01
1.329839080572128296e-01
1.166789233684539795e-01
1.394134014844894409e-01
1.452737450599670410e-01
1.283367127180099487e-01
1.543959826231002808e-01
1.611966639757156372e-01
1.309129744768142700e-01
1.603371948003768921e-01
1.443871110677719116e-01
1.174347028136253357e-01
9.754488617181777954e-02
1.459641009569168091e-01
1.564626246690750122e-01
1.430782377719879150e-01
1.376135498285293579e-01
1.386891752481460571e-01
2.387380748987197876e-01
1.661400794982910156e-01
1.298550963401794434e-01
1.473250091075897217e-01
1.552598029375076294e-01
1.288365870714187622e-01
1.787371188402175903e-01
1.516406685113906860e-01
1.288130283355712891e-01
1.639381200075149536e-01
1.766672581434249878e-01
1.597451865673065186e-01
1.554343402385711670e-01
1.320855766534805298e-01
1.784886121749877930e-01
1.167177334427833557e-01
9.586601704359054565e-02
1.317670196294784546e-01
1.334741562604904175e-01
1.479018032550811768e-01
1.276186257600784302e-01
1.433318406343460083e-01
1.534061282873153687e-01
1.143991723656654358e-01
1.424041837453842163e-01
1.507803648710250854e-01
1.636092215776443481e-01
1.254989653825759888e-01
1.404785066843032837e-01
1.297419816255569458e-01
1.250275969505310059e-01
1.287356168031692505e-01
1.328888237476348877e-01
1.472178250551223755e-01
1.296659260988235474e-01
1.327827870845794678e-01
1.232946887612342834e-01
1.248001083731651306e-01
1.312754899263381958e-01
1.085065230727195740e-01
1.447196155786514282e-01
1.429642289876937866e-01
1.388489753007888794e-01
1.387843787670135498e-01
1.273068934679031372e-01
1.398496478796005249e-01
1.351074129343032837e-01
1.593521982431411743e-01
1.415895968675613403e-01
1.449969708919525146e-01
1.358566135168075562e-01
1.168371960520744324e-01
1.414844095706939697e-01
1.654253602027893066e-01
1.290292292833328247e-01
1.250766962766647339e-01
1.263502389192581177e-01
1.346698552370071411e-01
1.555555611848831177e-01
1.422687470912933350e-01
1.358399838209152222e-01
1.401783823966979980e-01
1.495131105184555054e-01
1.533269733190536499e-01
1.500505059957504272e-01
1.297500580549240112e-01
1.350175440311431885e-01
1.546068340539932251e-01
1.595034003257751465e-01
1.343987137079238892e-01
1.475405544042587280e-01
1.514198929071426392e-01
1.676328331232070923e-01
1.524972021579742432e-01
1.249168738722801208e-01
1.607302427291870117e-01
1.518300920724868774e-01
1.420636326074600220e-01
1.548621356487274170e-01
1.404276788234710693e-01
1.505310982465744019e-01
1.452276706695556641e-01
1.604842692613601685e-01
1.273046731948852539e-01
1.851186603307723999e-01
1.398469507694244385e-01
1.278244107961654663e-01
1.683906316757202148e-01
1.261129677295684814e-01
1.153553724288940430e-01
1.573318690061569214e-01
1.281046122312545776e-01
1.407562941312789917e-01
1.272930502891540527e-01
1.204336881637573242e-01
1.565389782190322876e-01
1.192698255181312561e-01
1.315550357103347778e-01
1.435078382492065430e-01
1.853610873222351074e-01
1.580095291137695312e-01
1.262690871953964233e-01
1.183675155043601990e-01
1.296659857034683228e-01
1.404882818460464478e-01
1.282336562871932983e-01
1.636455506086349487e-01
1.335989236831665039e-01
1.486537307500839233e-01
1.550429612398147583e-01
1.390961855649948120e-01
1.211271956562995911e-01
1.166435703635215759e-01
1.762557178735733032e-01
1.313456594944000244e-01
1.211172118782997131e-01
1.503863483667373657e-01
1.225215569138526917e-01
1.455319523811340332e-01
1.778685003519058228e-01
1.385558545589447021e-01
1.363485157489776611e-01
1.575402170419692993e-01
1.411731541156768799e-01
1.426321864128112793e-01
1.484419852495193481e-01
1.147204264998435974e-01
1.393518298864364624e-01
1.668316125869750977e-01
1.279341727495193481e-01
1.253665834665298462e-01
1.506299525499343872e-01
1.417498737573623657e-01
1.777684092521667480e-01
1.636984944343566895e-01
1.434870511293411255e-01
1.861538141965866089e-01
1.646506786346435547e-01
1.371979266405105591e-01
1.684792041778564453e-01
1.363273859024047852e-01
1.417938470840454102e-01
1.179283484816551208e-01
1.444221585988998413e-01
1.467239111661911011e-01
1.655430346727371216e-01
1.324404925107955933e-01
1.193199083209037781e-01
9.878950566053390503e-02
1.285579353570938110e-01
1.808273792266845703e-01
1.382254511117935181e-01
1.525851786136627197e-01
1.425801664590835571e-01
1.543022841215133667e-01
1.279760897159576416e-01
1.353491991758346558e-01
1.309397071599960327e-01
1.203090548515319824e-01
1.346192508935928345e-01
1.201820448040962219e-01
1.682746559381484985e-01
2.673849463462829590e-01
1.228929385542869568e-01
1.421350091695785522e-01
2.499477267265319824e-01
1.402699500322341919e-01
1.269186288118362427e-01
1.558264642953872681e-01
1.364474445581436157e-01
1.484261751174926758e-01
1.371455043554306030e-01
1.223071143031120300e-01
1.508127301931381226e-01
1.266372352838516235e-01
1.281946599483489990e-01
1.404287070035934448e-01
1.254666894674301147e-01
1.230790317058563232e-01
1.448581218719482422e-01
1.369775235652923584e-01
1.410253793001174927e-01
1.568552702665328979e-01
1.348226815462112427e-01
1.554112732410430908e-01
1.097517684102058411e-01
1.407713145017623901e-01
1.153336241841316223e-01
1.697662025690078735e-01
1.508854478597640991e-01
1.354930251836776733e-01
1.792762428522109985e-01
1.742096990346908569e-01
1.078670397400856018e-01
1.520245671272277832e-01
1.799112707376480103e-01
1.480857580900192261e-01
1.535560786724090576e-01
1.370636969804763794e-01
1.937852054834365845e-01
1.219521984457969666e-01
1.207698583602905273e-01
1.487398892641067505e-01
1.523423343896865845e-01
1.403232067823410034e-01
1.390800923109054565e-01
1.261492520570755005e-01
1.642634421586990356e-01
1.215448901057243347e-01
1.539150178432464600e-01
1.016248688101768494e-01
1.454173922538757324e-01
1.283601671457290649e-01
1.205701604485511780e-01
1.121501922607421875e-01
1.460724323987960815e-01
1.422658264636993408e-01
1.403153240680694580e-01
1.520323008298873901e-01
1.473168879747390747e-01
1.471728831529617310e-01
1.345775872468948364e-01
1.388742774724960327e-01
1.543451994657516479e-01
1.820007711648941040e-01
1.415061950683593750e-01
1.357865333557128906e-01
1.265497952699661255e-01
1.349979192018508911e-01
1.389365345239639282e-01
1.486079543828964233e-01
1.418392211198806763e-01
1.662104725837707520e-01
1.072235628962516785e-01
1.490140259265899658e-01
1.588800251483917236e-01
1.516952067613601685e-01
1.627573966979980469e-01
1.365900635719299316e-01
1.389564275741577148e-01
1.337749809026718140e-01
1.232541203498840332e-01
1.280551701784133911e-01
1.663985699415206909e-01
1.399063169956207275e-01
1.171789392828941345e-01
1.319146305322647095e-01
1.422048658132553101e-01
1.258062124252319336e-01
1.398377418518066406e-01
1.110222414135932922e-01
1.382956504821777344e-01
1.365255117416381836e-01
1.446645110845565796e-01
1.438417434692382812e-01
1.140459850430488586e-01
1.310301274061203003e-01
1.351168602705001831e-01
1.249389275908470154e-01
1.229393184185028076e-01
1.198180988430976868e-01
1.457862854003906250e-01
1.642361879348754883e-01
1.440588831901550293e-01
1.236652135848999023e-01
1.562650650739669800e-01
1.205410361289978027e-01
1.164724752306938171e-01
1.362529993057250977e-01
1.790845841169357300e-01
1.328800469636917114e-01
1.340778023004531860e-01
1.708272248506546021e-01
1.664143353700637817e-01
1.406058222055435181e-01
1.786612719297409058e-01
1.063722148537635803e-01
1.253436058759689331e-01
1.304400861263275146e-01
1.175222694873809814e-01
1.403776556253433228e-01
1.615011096000671387e-01
1.532219946384429932e-01
1.389415413141250610e-01
1.408713757991790771e-01
1.058903336524963379e-01
1.792874336242675781e-01
1.104672923684120178e-01
1.245618760585784912e-01
1.405449807643890381e-01
1.489784419536590576e-01
1.761045008897781372e-01
1.274317353963851929e-01
1.219147667288780212e-01
1.446955651044845581e-01
1.359954327344894409e-01
1.644749939441680908e-01
1.853737086057662964e-01
1.452161669731140137e-01
1.387525349855422974e-01
1.288686245679855347e-01
1.424212753772735596e-01
1.235842108726501465e-01
1.273399144411087036e-01
1.556766778230667114e-01
1.416935324668884277e-01
1.379416435956954956e-01
1.475934982299804688e-01
1.584434807300567627e-01
1.290397197008132935e-01
1.352456212043762207e-01
1.514461487531661987e-01
1.385535746812820435e-01
1.382054239511489868e-01
1.075464785099029541e-01
1.219278797507286072e-01
1.129050254821777344e-01
1.338122487068176270e-01
1.502280980348587036e-01
1.264039278030395508e-01
1.537105590105056763e-01
1.565931737422943115e-01
1.509461849927902222e-01
1.179193928837776184e-01
1.657879352569580078e-01
1.545224338769912720e-01
1.882100850343704224e-01
1.615255624055862427e-01
1.191088184714317322e-01
1.220769509673118591e-01
1.630060523748397827e-01
1.522673666477203369e-01
1.132929325103759766e-01
1.902458071708679199e-01
1.698700189590454102e-01
1.572845727205276489e-01
1.480264514684677124e-01
1.742597669363021851e-01
1.464239209890365601e-01
1.575845927000045776e-01
2.075917273759841919e-01
1.123505905270576477e-01
1.752272248268127441e-01
1.556723266839981079e-01
1.401685327291488647e-01
1.502663642168045044e-01
1.348371654748916626e-01
1.436877846717834473e-01
1.351591348648071289e-01
1.995356231927871704e-01
1.081887111067771912e-01
1.247238516807556152e-01
1.210858300328254700e-01
1.354023814201354980e-01
1.234546080231666565e-01
1.382406204938888550e-01
1.562860608100891113e-01
1.226297393441200256e-01
1.361777037382125854e-01
1.509016752243041992e-01
1.410858780145645142e-01
1.281095296144485474e-01
1.708026379346847534e-01
1.417762786149978638e-01
1.572267860174179077e-01
1.662907004356384277e-01
1.649556010961532593e-01
1.284427940845489502e-01
1.465188264846801758e-01
1.605847924947738647e-01
1.339337527751922607e-01
1.183908358216285706e-01
1.447318047285079956e-01
1.390777677297592163e-01
1.298287063837051392e-01
1.105580851435661316e-01
1.396179646253585815e-01
1.466556936502456665e-01
1.364962607622146606e-01
1.295652240514755249e-01
1.198433563113212585e-01
1.416938155889511108e-01
1.499826461076736450e-01
1.356154978275299072e-01
1.252308934926986694e-01
1.534574925899505615e-01
1.246603056788444519e-01
1.506563872098922729e-01
1.379645019769668579e-01
1.345192193984985352e-01
1.365696638822555542e-01
1.421321183443069458e-01
1.412349343299865723e-01
1.539198756217956543e-01
1.287974566221237183e-01
1.266333609819412231e-01
1.511659622192382812e-01
1.379026472568511963e-01
1.258634179830551147e-01
1.360284537076950073e-01
1.284882575273513794e-01
1.521581858396530151e-01
1.366018056869506836e-01
1.669710278511047363e-01
1.356847882270812988e-01
1.497168093919754028e-01
1.330024451017379761e-01
1.531189829111099243e-01
1.432297229766845703e-01
1.524475514888763428e-01
1.475438028573989868e-01
1.108337566256523132e-01
1.161206737160682678e-01
1.304020583629608154e-01
1.028502583503723145e-01
1.457650065422058105e-01
1.199403107166290283e-01
1.644146442413330078e-01
1.358716338872909546e-01
1.271209716796875000e-01
1.337906867265701294e-01
1.430646330118179321e-01
1.317849904298782349e-01
1.469541490077972412e-01
1.339141577482223511e-01
1.515814214944839478e-01
1.169532760977745056e-01
1.691226959228515625e-01
1.202240884304046631e-01
1.300415843725204468e-01
1.501080840826034546e-01
1.151007935404777527e-01
1.331487447023391724e-01
1.120598539710044861e-01
1.439977437257766724e-01
1.590107828378677368e-01
1.321529299020767212e-01
1.138824597001075745e-01
1.362096816301345825e-01
1.444603651762008667e-01
1.472484916448593140e-01
1.401278227567672729e-01
1.479469984769821167e-01
1.237253472208976746e-01
1.321967393159866333e-01
1.105828359723091125e-01
1.246980652213096619e-01
1.505930274724960327e-01
1.609342694282531738e-01
1.619118899106979370e-01
1.057478263974189758e-01
1.151318624615669250e-01
1.574569940567016602e-01
1.345565766096115112e-01
1.497994512319564819e-01
1.519942879676818848e-01
1.592714041471481323e-01
1.223563775420188904e-01
1.778571456670761108e-01
1.727405786514282227e-01
1.324083358049392700e-01
1.669641584157943726e-01
2.298385053873062134e-01
1.290610581636428833e-01
1.309435069561004639e-01
1.391449570655822754e-01
1.458470672369003296e-01
1.377504020929336548e-01
1.322145313024520874e-01
1.559886187314987183e-01
1.560969501733779907e-01
1.254090070724487305e-01
1.221775040030479431e-01
1.395589858293533325e-01
1.543169766664505005e-01
1.636063009500503540e-01
1.629017740488052368e-01
1.821951121091842651e-01
1.416179686784744263e-01
1.468003094196319580e-01
1.515117138624191284e-01
1.407415121793746948e-01
1.414733380079269409e-01
1.628200858831405640e-01
1.303234845399856567e-01
1.143928989768028259e-01
1.313536614179611206e-01
1.179158389568328857e-01
1.183199062943458557e-01
1.073343977332115173e-01
1.295944750308990479e-01
1.306821256875991821e-01
1.336855739355087280e-01
1.413062810897827148e-01
1.556407362222671509e-01
1.316055655479431152e-01
1.123519539833068848e-01
1.927803158760070801e-01
1.403321027755737305e-01
1.527688652276992798e-01
1.372178047895431519e-01
1.637877672910690308e-01
1.181902810931205750e-01
1.465262472629547119e-01
1.460511684417724609e-01
1.522986590862274170e-01
1.317116767168045044e-01
1.309308856725692749e-01
1.416768431663513184e-01
1.196657121181488037e-01
1.306078433990478516e-01
1.481750458478927612e-01
1.199874579906463623e-01
1.275527328252792358e-01
1.156537830829620361e-01
1.349298804998397827e-01
1.405628472566604614e-01
1.608742028474807739e-01
1.353434473276138306e-01
1.512465924024581909e-01
1.487149298191070557e-01
1.257297247648239136e-01
1.287365406751632690e-01
1.194861158728599548e-01
1.358841210603713989e-01
1.391267776489257812e-01
1.590082943439483643e-01
1.449237912893295288e-01
1.044938266277313232e-01
1.350569576025009155e-01
1.408881098031997681e-01
1.422011703252792358e-01
1.763572841882705688e-01
1.202574297785758972e-01
1.436460763216018677e-01
1.725697070360183716e-01
1.564987152814865112e-01
1.500301808118820190e-01
1.464477032423019409e-01
1.587820798158645630e-01
1.341285705566406250e-01
1.179620698094367981e-01
1.390449106693267822e-01
1.467250138521194458e-01
1.274109631776809692e-01
1.470014750957489014e-01
1.166439875960350037e-01
1.524679064750671387e-01
1.176583692431449890e-01
1.559353470802307129e-01
1.453506201505661011e-01
1.487098932266235352e-01
1.580423116683959961e-01
1.275860071182250977e-01
1.407405287027359009e-01
1.615271568298339844e-01
1.441820710897445679e-01
1.365693062543869019e-01
1.357019543647766113e-01
1.398960202932357788e-01
1.247127875685691833e-01
1.151673197746276855e-01
1.793131679296493530e-01
1.459817439317703247e-01
1.493467837572097778e-01
1.513187289237976074e-01
1.675323694944381714e-01
1.537562161684036255e-01
1.299450397491455078e-01
1.809939891099929810e-01
1.387059837579727173e-01
1.484522074460983276e-01
1.239457800984382629e-01
1.657485663890838623e-01
1.405092477798461914e-01
1.369762569665908813e-01
1.093352958559989929e-01
1.376230716705322266e-01
1.446638256311416626e-01
1.089224815368652344e-01
1.265984475612640381e-01
1.302335709333419800e-01
1.216051653027534485e-01
1.254022568464279175e-01
1.643593758344650269e-01
1.745558232069015503e-01
1.481800824403762817e-01
1.428856402635574341e-01
1.328677237033843994e-01
1.156065836548805237e-01
1.488277763128280640e-01
1.437371969223022461e-01
1.357152163982391357e-01
1.581123620271682739e-01
1.392687410116195679e-01
1.259412169456481934e-01
1.465063542127609253e-01
1.360619664192199707e-01
1.568542718887329102e-01
1.511767059564590454e-01
1.390049010515213013e-01
2.168728560209274292e-01
1.521202474832534790e-01
1.082858741283416748e-01
1.410878896713256836e-01
1.478229016065597534e-01
1.485712230205535889e-01
1.535661965608596802e-01
1.376268863677978516e-01
1.301528513431549072e-01
1.709814518690109253e-01
2.257781624794006348e-01
1.627910584211349487e-01
1.445431858301162720e-01
1.775134056806564331e-01
1.251864284276962280e-01
1.678702831268310547e-01
1.827244609594345093e-01
1.692755669355392456e-01
1.394426375627517700e-01
1.251228302717208862e-01
1.104747280478477478e-01
1.679469943046569824e-01
1.324507743120193481e-01
1.360581368207931519e-01
1.303000003099441528e-01
1.354431957006454468e-01
1.449789851903915405e-01
1.656730622053146362e-01
1.121802926063537598e-01
1.470013111829757690e-01
1.485001891851425171e-01
1.317927986383438110e-01
1.211386620998382568e-01
1.632011830806732178e-01
1.747913360595703125e-01
1.685462743043899536e-01
1.390929073095321655e-01
1.366757452487945557e-01
1.502861529588699341e-01
1.486024707555770874e-01
1.443907022476196289e-01
1.338443309068679810e-01
1.261805295944213867e-01
1.116781309247016907e-01
1.314358413219451904e-01
1.321147233247756958e-01
1.661619246006011963e-01
1.367234587669372559e-01
1.629682779312133789e-01
1.340725421905517578e-01
1.330699920654296875e-01
2.034950852394104004e-01
1.400246769189834595e-01
1.652302592992782593e-01
1.708188205957412720e-01
1.571159809827804565e-01
1.394516080617904663e-01
1.476529687643051147e-01
1.618560850620269775e-01
1.504589766263961792e-01
1.198422983288764954e-01
1.982095092535018921e-01
1.154914200305938721e-01
1.292207688093185425e-01
1.932166218757629395e-01
1.456689685583114624e-01
1.406238377094268799e-01
1.594536155462265015e-01
1.206316277384757996e-01
1.406291574239730835e-01
1.473253220319747925e-01
1.267112493515014648e-01
1.629331856966018677e-01
1.573187112808227539e-01
1.150472536683082581e-01
1.141773238778114319e-01
1.200721263885498047e-01
1.587451249361038208e-01
1.392872482538223267e-01
1.450169831514358521e-01
1.174798980355262756e-01
1.618752032518386841e-01
1.329708546400070190e-01
1.457296162843704224e-01
1.170293465256690979e-01
1.615636199712753296e-01
1.278529614210128784e-01
1.533943414688110352e-01
1.448251605033874512e-01
1.777802109718322754e-01
1.291571706533432007e-01
1.077239438891410828e-01
1.257804930210113525e-01
1.682941317558288574e-01
1.832461208105087280e-01
1.454392820596694946e-01
1.007916405797004700e-01
1.319169551134109497e-01
1.457464545965194702e-01
1.417547464370727539e-01
1.726505160331726074e-01
1.443786919116973877e-01
1.562044173479080200e-01
2.100141495466232300e-01
1.465735137462615967e-01
1.568213552236557007e-01
1.609816849231719971e-01
1.741370409727096558e-01
1.206314340233802795e-01
1.632983833551406860e-01
1.571275740861892700e-01
1.463761776685714722e-01
1.755024641752243042e-01
1.575063318014144897e-01
1.303110867738723755e-01
1.180616393685340881e-01
2.506911456584930420e-01
1.459279209375381470e-01
1.417696624994277954e-01
1.159168481826782227e-01
1.627571135759353638e-01
1.365781873464584351e-01
1.471999883651733398e-01
1.418238133192062378e-01
1.439435929059982300e-01
1.630886942148208618e-01
1.279471516609191895e-01
1.603270620107650757e-01
1.252571493387222290e-01
1.459548771381378174e-01
1.458980590105056763e-01
1.081319972872734070e-01
1.228433549404144287e-01
1.162920966744422913e-01
1.222705915570259094e-01
1.547558456659317017e-01
1.093376204371452332e-01
1.248833909630775452e-01
1.468148827552795410e-01
1.388212591409683228e-01
1.450351923704147339e-01
1.485952883958816528e-01
1.018696352839469910e-01
1.525084525346755981e-01
1.380572766065597534e-01
1.402309387922286987e-01
1.505388170480728149e-01
1.398297101259231567e-01
1.568420827388763428e-01
1.224024817347526550e-01
1.147284582257270813e-01
1.425412148237228394e-01
1.480809003114700317e-01
1.319565027952194214e-01
1.438957601785659790e-01
1.593591421842575073e-01
1.288361698389053345e-01
1.493043750524520874e-01
1.321588158607482910e-01
1.639732718467712402e-01
1.718837618827819824e-01
1.248480901122093201e-01
1.202313676476478577e-01
1.471013426780700684e-01
1.271153837442398071e-01
1.190976798534393311e-01
1.476264744997024536e-01
1.427968293428421021e-01
1.411566883325576782e-01
1.120453551411628723e-01
1.501979380846023560e-01
1.394578516483306885e-01
1.356522440910339355e-01
1.558664590120315552e-01
1.309877485036849976e-01
1.236777529120445251e-01
1.171578168869018555e-01
1.215818151831626892e-01
1.240705177187919617e-01
1.271676868200302124e-01
1.720132976770401001e-01
1.152068078517913818e-01
1.437097042798995972e-01
1.614921241998672485e-01
1.457792669534683228e-01
1.479257196187973022e-01
1.695238798856735229e-01
1.206277608871459961e-01
1.324341446161270142e-01
1.434827893972396851e-01
1.321045607328414917e-01
1.327731758356094360e-01
1.363764852285385132e-01
1.322392076253890991e-01
1.196587383747100830e-01
1.138765215873718262e-01
1.605298221111297607e-01
1.575434356927871704e-01
1.329188942909240723e-01
1.281709372997283936e-01
1.470333039760589600e-01
1.227154955267906189e-01
1.657899469137191772e-01
1.091180667281150818e-01
1.125893220305442810e-01
1.406124383211135864e-01
1.627938896417617798e-01
1.170886978507041931e-01
1.312195211648941040e-01
1.350704878568649292e-01
1.313138008117675781e-01
1.299926787614822388e-01
1.475695818662643433e-01
1.172052845358848572e-01
1.967201232910156250e-01
1.637159734964370728e-01
1.167536154389381409e-01
1.129765510559082031e-01
1.467225700616836548e-01
1.525991410017013550e-01
1.470445841550827026e-01
2.002755403518676758e-01
1.134453713893890381e-01
1.153890490531921387e-01
1.093249842524528503e-01
1.153735890984535217e-01
1.071575656533241272e-01
1.202130094170570374e-01
1.143468394875526428e-01
1.354191750288009644e-01
1.326487809419631958e-01
1.212063059210777283e-01
1.686083674430847168e-01
1.318197697401046753e-01
1.166609227657318115e-01
1.390468478202819824e-01
1.273555606603622437e-01
1.584715694189071655e-01
2.137478590011596680e-01
1.258484274148941040e-01
1.565538346767425537e-01
1.820887774229049683e-01
1.674734205007553101e-01
1.538738459348678589e-01
1.338565945625305176e-01
1.355587393045425415e-01
1.194048449397087097e-01
1.215658187866210938e-01
1.326415985822677612e-01
1.362884938716888428e-01
1.900838613510131836e-01
1.357115656137466431e-01
1.453913003206253052e-01
1.274127215147018433e-01
1.549274474382400513e-01
1.309570670127868652e-01
1.502736061811447144e-01
1.439133733510971069e-01
1.370256543159484863e-01
1.578304022550582886e-01
1.421099454164505005e-01
1.374602764844894409e-01
1.529077142477035522e-01
1.184471771121025085e-01
1.374357491731643677e-01
1.366947591304779053e-01
1.131617203354835510e-01
1.747219115495681763e-01
1.417336910963058472e-01
1.258972436189651489e-01
1.432211250066757202e-01
1.384758800268173218e-01
1.275009959936141968e-01
1.428137421607971191e-01
1.137409508228302002e-01
9.814142435789108276e-02
1.348652988672256470e-01
1.289655417203903198e-01
1.298677772283554077e-01
1.540887504816055298e-01
1.692087501287460327e-01
1.269250512123107910e-01
1.050674915313720703e-01
1.227235570549964905e-01
1.450626105070114136e-01
1.640787869691848755e-01
1.397778093814849854e-01
1.663157939910888672e-01
1.385234743356704712e-01
1.353640854358673096e-01
1.285627037286758423e-01
1.283139735460281372e-01
1.275336444377899170e-01
1.298995167016983032e-01
1.244721710681915283e-01
1.320959478616714478e-01
1.431757211685180664e-01
1.336915642023086548e-01
1.506578773260116577e-01
1.425373256206512451e-01
1.408047229051589966e-01
1.115378960967063904e-01
1.547958403825759888e-01
1.405944824218750000e-01
1.437727063894271851e-01
1.371706128120422363e-01
1.255168914794921875e-01
1.351972818374633789e-01
1.296752542257308960e-01
1.437987983226776123e-01
1.423484683036804199e-01
1.656088531017303467e-01
1.471716314554214478e-01
1.607477515935897827e-01
1.385919600725173950e-01
1.446638852357864380e-01
1.504268348217010498e-01
1.308651715517044067e-01
1.185359656810760498e-01
1.811341047286987305e-01
1.480914801359176636e-01
1.399214565753936768e-01
1.463458985090255737e-01
1.223609521985054016e-01
1.271249800920486450e-01
1.566463112831115723e-01
1.139648482203483582e-01
1.500600129365921021e-01
1.263057738542556763e-01
1.671674847602844238e-01
1.431192606687545776e-01
2.001023441553115845e-01
1.327329725027084351e-01
1.396798342466354370e-01
1.264992356300354004e-01
1.610182374715805054e-01
1.311024874448776245e-01
1.944437474012374878e-01
1.388226747512817383e-01
1.441680938005447388e-01
1.213167235255241394e-01
1.273231953382492065e-01
1.287443339824676514e-01
1.303447037935256958e-01
1.286853998899459839e-01
1.499178260564804077e-01
1.537204533815383911e-01
1.475098729133605957e-01
1.364875882863998413e-01
1.504612863063812256e-01
1.349061280488967896e-01
1.236439570784568787e-01
1.536509841680526733e-01
1.475861519575119019e-01
1.222621574997901917e-01
1.393848061561584473e-01
1.482153385877609253e-01
1.230005994439125061e-01
1.702025681734085083e-01
1.070699319243431091e-01
1.411438286304473877e-01
1.451512426137924194e-01
1.469118595123291016e-01
1.629041880369186401e-01
1.329704076051712036e-01
1.248363628983497620e-01
1.153550669550895691e-01
1.291876286268234253e-01
1.382874697446823120e-01
1.146533712744712830e-01
1.276159286499023438e-01
1.588473916053771973e-01
1.380911618471145630e-01
1.801051646471023560e-01
1.617121696472167969e-01
1.431833058595657349e-01
1.088814809918403625e-01
1.260226219892501831e-01
1.545013785362243652e-01
1.560409814119338989e-01
1.217954084277153015e-01
1.299128681421279907e-01
1.813831925392150879e-01
1.171671450138092041e-01
1.319287568330764771e-01
1.562476307153701782e-01
1.219025179743766785e-01
1.344674080610275269e-01
1.619622558355331421e-01
1.269469112157821655e-01
1.324455887079238892e-01
1.662207990884780884e-01
1.410329192876815796e-01
1.481800377368927002e-01
1.936130076646804810e-01
1.596443653106689453e-01
1.698253005743026733e-01
1.090727671980857849e-01
1.124372705817222595e-01
1.133542880415916443e-01
1.263837069272994995e-01
1.336242556571960449e-01
1.435305625200271606e-01
1.714320629835128784e-01
1.256400495767593384e-01
1.372891515493392944e-01
1.432107686996459961e-01
1.091768741607666016e-01
1.155807673931121826e-01
1.181942149996757507e-01
1.535925120115280151e-01
1.269025355577468872e-01
1.359562724828720093e-01
1.331669539213180542e-01
1.237260997295379639e-01
1.326320767402648926e-01
1.195692643523216248e-01
1.665253341197967529e-01
1.256715506315231323e-01
1.388875842094421387e-01
1.446773260831832886e-01
1.378054171800613403e-01
1.320088058710098267e-01
1.572383195161819458e-01
1.322384774684906006e-01
1.708036512136459351e-01
1.410169154405593872e-01
1.268970519304275513e-01
1.333173215389251709e-01
1.238154396414756775e-01
1.690080165863037109e-01
1.242121532559394836e-01
1.404198706150054932e-01
1.342188864946365356e-01
1.936198621988296509e-01
1.297156214714050293e-01
1.078303977847099304e-01
1.683835834264755249e-01
1.729871183633804321e-01
1.302719563245773315e-01
1.371357589960098267e-01
1.526726931333541870e-01
1.442316919565200806e-01
1.169311478734016418e-01
1.590979844331741333e-01
1.202545762062072754e-01
1.164718791842460632e-01
1.419806480407714844e-01
1.644024401903152466e-01
1.377327591180801392e-01
1.309106498956680298e-01
1.671941429376602173e-01
1.451607644557952881e-01
1.311728805303573608e-01
1.659376472234725952e-01
1.370105594396591187e-01
1.419524103403091431e-01
1.231498718261718750e-01
1.555013656616210938e-01
1.645184904336929321e-01
1.127769723534584045e-01
1.556049287319183350e-01
1.607917994260787964e-01
1.696965247392654419e-01
1.616489738225936890e-01
1.481675058603286743e-01
1.503614932298660278e-01
1.298053413629531860e-01
1.358790397644042969e-01
1.437222808599472046e-01
1.748338937759399414e-01
1.386064291000366211e-01
1.337818950414657593e-01
1.419588476419448853e-01
1.213023364543914795e-01
1.243428960442543030e-01
1.233165636658668518e-01
1.595041900873184204e-01
1.133338734507560730e-01
1.331728845834732056e-01
1.486309766769409180e-01
1.257607936859130859e-01
1.404061764478683472e-01
1.423920691013336182e-01
1.552077382802963257e-01
3.367931544780731201e-01
1.292209178209304810e-01
1.206887364387512207e-01
1.576665788888931274e-01
1.342489868402481079e-01
1.540894508361816406e-01
1.123811900615692139e-01
1.391338557004928589e-01
1.333370953798294067e-01
1.827127486467361450e-01
1.791440993547439575e-01
1.941055059432983398e-01
1.507755368947982788e-01
1.175373420119285583e-01
1.228755936026573181e-01
1.284598559141159058e-01
1.379064470529556274e-01
1.211664378643035889e-01
1.437028199434280396e-01
1.432962119579315186e-01
1.372349411249160767e-01
1.220733821392059326e-01
1.551029831171035767e-01
1.417693942785263062e-01
1.305543035268783569e-01
1.451162844896316528e-01
1.477818638086318970e-01
1.346796005964279175e-01
1.188617050647735596e-01
1.419824212789535522e-01
1.294742375612258911e-01
1.198478341102600098e-01
1.260835081338882446e-01
1.411819607019424438e-01
1.874902248382568359e-01
1.645517498254776001e-01
1.315377205610275269e-01
1.709952354431152344e-01
1.122386157512664795e-01
1.248657479882240295e-01
1.510089784860610962e-01
1.407368183135986328e-01
1.497231870889663696e-01
1.169912740588188171e-01
1.273605376482009888e-01
1.156221255660057068e-01
1.126847863197326660e-01
1.509812772274017334e-01
1.392349749803543091e-01
1.162541732192039490e-01
1.493905186653137207e-01
1.269654482603073120e-01
1.521837115287780762e-01
1.616361290216445923e-01
1.247418820858001709e-01
1.240158081054687500e-01
1.491427570581436157e-01
1.298168897628784180e-01
1.339335441589355469e-01
1.089937463402748108e-01
1.205108165740966797e-01
1.108138486742973328e-01
1.487901210784912109e-01
1.127547249197959900e-01
1.771275550127029419e-01
1.437666565179824829e-01
1.073620319366455078e-01
1.190491616725921631e-01
1.238855645060539246e-01
1.885868906974792480e-01
1.532442718744277954e-01
