1.562097817659378052e-01
1.171727403998374939e-01
1.618305146694183350e-01
1.102847233414649963e-01
1.177276596426963806e-01
1.286380141973495483e-01
1.149570271372795105e-01
1.311897784471511841e-01
1.413516849279403687e-01
1.291187256574630737e-01
1.157010719180107117e-01
1.276571750640869141e-01
1.505099684000015259e-01
1.125364899635314941e-01
1.008002758026123047e-01
1.105070337653160095e-01
1.231781616806983948e-01
9.684860706329345703e-02
1.286266893148422241e-01
1.739972084760665894e-01
2.030125111341476440e-01
1.238081455230712891e-01
1.627488285303115845e-01
1.356991529464721680e-01
1.127404347062110901e-01
1.547051221132278442e-01
1.391343921422958374e-01
1.333371698856353760e-01
1.111988946795463562e-01
1.072423830628395081e-01
1.171118244528770447e-01
1.421008855104446411e-01
1.260139495134353638e-01
1.600887924432754517e-01
1.747418493032455444e-01
1.052454784512519836e-01
1.496704816818237305e-01
1.686557531356811523e-01
1.190156564116477966e-01
1.414532363414764404e-01
1.440616250038146973e-01
1.147801652550697327e-01
1.315529495477676392e-01
1.693982630968093872e-01
1.417574286460876465e-01
1.115977093577384949e-01
1.365116983652114868e-01
2.055480629205703735e-01
1.416979879140853882e-01
1.139308512210845947e-01
1.563308387994766235e-01
1.190048977732658386e-01
1.816070526838302612e-01
1.397813856601715088e-01
1.187304258346557617e-01
1.274018585681915283e-01
1.345116496086120605e-01
1.340595036745071411e-01
1.758352369070053101e-01
1.151731610298156738e-01
1.416891366243362427e-01
1.221796199679374695e-01
1.560755521059036255e-01
1.008813381195068359e-01
1.375528573989868164e-01
1.355691999197006226e-01
1.342457532882690430e-01
1.266358941793441772e-01
1.409929692745208740e-01
1.131143942475318909e-01
1.182489097118377686e-01
1.100125089287757874e-01
1.071629822254180908e-01
1.381794959306716919e-01
1.338452249765396118e-01
1.262267380952835083e-01
1.135864332318305969e-01
1.198368370532989502e-01
1.259664148092269897e-01
1.277926713228225708e-01
1.332847625017166138e-01
1.378258913755416870e-01
1.427356302738189697e-01
1.372151821851730347e-01
1.293919533491134644e-01
1.204229295253753662e-01
1.465071588754653931e-01
1.169864013791084290e-01
1.774492412805557251e-01
9.942329674959182739e-02
1.591365933418273926e-01
1.062081456184387207e-01
9.259604662656784058e-02
1.411800682544708252e-01
1.266152262687683105e-01
1.152780055999755859e-01
1.214014515280723572e-01
1.470350176095962524e-01
1.265362650156021118e-01
1.145718172192573547e-01
1.437972486019134521e-01
1.315140873193740845e-01
1.236613020300865173e-01
1.386413127183914185e-01
1.219310164451599121e-01
1.502837687730789185e-01
1.342541426420211792e-01
1.481139510869979858e-01
1.218422427773475647e-01
1.300643831491470337e-01
1.605363041162490845e-01
1.268387883901596069e-01
1.187519803643226624e-01
1.254827678203582764e-01
1.156837865710258484e-01
1.219236254692077637e-01
1.125782504677772522e-01
1.043829619884490967e-01
1.047153994441032410e-01
1.535483449697494507e-01
1.393821239471435547e-01
9.807384759187698364e-02
1.161031350493431091e-01
1.866987496614456177e-01
1.262601166963577271e-01
1.201240643858909607e-01
1.209578514099121094e-01
1.125718727707862854e-01
1.577532738447189331e-01
1.628646701574325562e-01
1.182671710848808289e-01
1.088830456137657166e-01
1.200699433684349060e-01
1.400867551565170288e-01
1.023584380745887756e-01
1.219184771180152893e-01
1.474636495113372803e-01
1.296893507242202759e-01
1.312627792358398438e-01
1.309123486280441284e-01
1.301198452711105347e-01
1.235560998320579529e-01
1.080651879310607910e-01
1.298186480998992920e-01
1.335674971342086792e-01
1.177347302436828613e-01
1.295732557773590088e-01
1.156899929046630859e-01
9.704773873090744019e-02
1.195133849978446960e-01
1.003986969590187073e-01
1.135646477341651917e-01
1.459854543209075928e-01
2.511500418186187744e-01
1.016897782683372498e-01
1.217049658298492432e-01
1.183806136250495911e-01
1.478048712015151978e-01
1.131062880158424377e-01
1.240292266011238098e-01
1.212323084473609924e-01
1.386536955833435059e-01
1.204436048865318298e-01
1.294611692428588867e-01
1.515383273363113403e-01
1.111144348978996277e-01
1.197004988789558411e-01
1.219751238822937012e-01
1.246423944830894470e-01
1.029041483998298645e-01
1.618618220090866089e-01
1.087083742022514343e-01
1.131309941411018372e-01
1.546942293643951416e-01
1.215320304036140442e-01
1.687086373567581177e-01
1.606923192739486694e-01
1.218307986855506897e-01
1.121572256088256836e-01
1.517571657896041870e-01
1.316602975130081177e-01
1.294472068548202515e-01
1.524634808301925659e-01
1.506537050008773804e-01
1.394771784543991089e-01
1.323785185813903809e-01
1.825372725725173950e-01
1.257269531488418579e-01
1.563498824834823608e-01
1.214771345257759094e-01
1.441239565610885620e-01
1.483392715454101562e-01
1.539643257856369019e-01
1.456557214260101318e-01
1.391089409589767456e-01
1.281995326280593872e-01
1.142364665865898132e-01
1.188419088721275330e-01
1.305544823408126831e-01
1.456818133592605591e-01
1.209939196705818176e-01
1.371050179004669189e-01
1.218311712145805359e-01
1.322769075632095337e-01
1.272339075803756714e-01
1.308917999267578125e-01
1.092598438262939453e-01
1.378705650568008423e-01
1.013589203357696533e-01
1.025069877505302429e-01
2.061161845922470093e-01
1.082710027694702148e-01
1.182030513882637024e-01
1.213454306125640869e-01
9.995139390230178833e-02
1.477782577276229858e-01
1.525442302227020264e-01
1.148754134774208069e-01
1.169556900858879089e-01
1.518145352602005005e-01
1.039232686161994934e-01
1.239296272397041321e-01
1.588932126760482788e-01
1.321089565753936768e-01
1.228487566113471985e-01
1.160811856389045715e-01
1.257448345422744751e-01
1.275796145200729370e-01
1.187587678432464600e-01
9.400677680969238281e-02
1.376709192991256714e-01
1.394723206758499146e-01
1.054239571094512939e-01
1.174549385905265808e-01
1.481620818376541138e-01
1.265726834535598755e-01
1.275478601455688477e-01
1.571514606475830078e-01
1.327101439237594604e-01
1.275482624769210815e-01
1.281982213258743286e-01
1.403690129518508911e-01
1.381071060895919800e-01
1.598705053329467773e-01
1.555700749158859253e-01
1.267012357711791992e-01
1.364237517118453979e-01
1.067871376872062683e-01
1.480630785226821899e-01
1.594546884298324585e-01
1.177584305405616760e-01
1.453999131917953491e-01
1.387213319540023804e-01
1.152278780937194824e-01
1.351774781942367554e-01
1.179051101207733154e-01
1.472052484750747681e-01
1.013710498809814453e-01
1.149822100996971130e-01
1.312897950410842896e-01
1.382066458463668823e-01
1.292829215526580811e-01
1.375392079353332520e-01
1.296911984682083130e-01
1.290918439626693726e-01
1.447339355945587158e-01
1.456335335969924927e-01
1.378286033868789673e-01
1.450782269239425659e-01
1.437489539384841919e-01
1.140002086758613586e-01
1.479162424802780151e-01
1.129826530814170837e-01
1.346271336078643799e-01
1.375464200973510742e-01
1.415415555238723755e-01
1.403756588697433472e-01
1.460235267877578735e-01
1.455278843641281128e-01
1.328575760126113892e-01
1.284039765596389771e-01
1.156995296478271484e-01
1.206108555197715759e-01
1.136270388960838318e-01
1.068387851119041443e-01
1.163379848003387451e-01
1.500808149576187134e-01
1.293520182371139526e-01
1.333349645137786865e-01
1.221697553992271423e-01
1.412105560302734375e-01
1.308616697788238525e-01
1.233190223574638367e-01
1.232901513576507568e-01
2.350491434335708618e-01
1.580035537481307983e-01
1.486343890428543091e-01
1.660990417003631592e-01
1.501204371452331543e-01
1.030820906162261963e-01
1.536253243684768677e-01
1.140431761741638184e-01
1.250382810831069946e-01
1.240786388516426086e-01
1.239118874073028564e-01
1.103441342711448669e-01
1.147990822792053223e-01
1.168997660279273987e-01
1.055378094315528870e-01
1.170792803168296814e-01
1.103014051914215088e-01
1.299499422311782837e-01
1.305690854787826538e-01
1.435146927833557129e-01
1.243422105908393860e-01
1.312403082847595215e-01
1.279188841581344604e-01
1.241582408547401428e-01
1.738657951354980469e-01
1.086480021476745605e-01
1.115907952189445496e-01
1.318572908639907837e-01
1.251219660043716431e-01
1.515385955572128296e-01
1.252934038639068604e-01
1.255378574132919312e-01
1.228599324822425842e-01
1.192112937569618225e-01
1.334757059812545776e-01
1.124874353408813477e-01
1.489838808774948120e-01
1.275115609169006348e-01
1.516977548599243164e-01
1.648817062377929688e-01
1.441237330436706543e-01
1.157391145825386047e-01
1.142819300293922424e-01
1.121914684772491455e-01
1.436681747436523438e-01
1.120158210396766663e-01
1.125077009201049805e-01
1.253487765789031982e-01
1.305126994848251343e-01
1.359601467847824097e-01
1.426398307085037231e-01
1.355459541082382202e-01
1.382998675107955933e-01
1.195185855031013489e-01
1.457771062850952148e-01
1.267762929201126099e-01
1.658729463815689087e-01
1.193790212273597717e-01
1.162797436118125916e-01
9.945360571146011353e-02
1.275687962770462036e-01
1.330273002386093140e-01
1.083764210343360901e-01
1.213691830635070801e-01
1.231549382209777832e-01
1.386260390281677246e-01
1.289343088865280151e-01
1.444459110498428345e-01
1.252378821372985840e-01
1.114742234349250793e-01
1.385324597358703613e-01
1.427284628152847290e-01
1.508649438619613647e-01
1.383674293756484985e-01
1.752721518278121948e-01
1.312340945005416870e-01
1.275375038385391235e-01
1.457670629024505615e-01
1.605170220136642456e-01
1.353216022253036499e-01
1.872616559267044067e-01
1.183371767401695251e-01
1.706080883741378784e-01
1.622997373342514038e-01
1.348155587911605835e-01
1.339478343725204468e-01
1.308747529983520508e-01
1.317212730646133423e-01
1.602956205606460571e-01
1.050577536225318909e-01
1.300472021102905273e-01
1.051682308316230774e-01
1.425055265426635742e-01
1.028099656105041504e-01
1.026641130447387695e-01
1.358063817024230957e-01
1.116649881005287170e-01
1.192202568054199219e-01
1.498424410820007324e-01
1.711624860763549805e-01
1.718910783529281616e-01
1.186942458152770996e-01
1.365952342748641968e-01
1.223657131195068359e-01
1.212835684418678284e-01
1.380227804183959961e-01
1.435975432395935059e-01
1.494621038436889648e-01
1.180802956223487854e-01
1.403320580720901489e-01
1.091406717896461487e-01
1.367613971233367920e-01
1.372519433498382568e-01
1.499517709016799927e-01
1.730768233537673950e-01
1.106935963034629822e-01
1.392787992954254150e-01
1.447129249572753906e-01
1.204035580158233643e-01
1.164752915501594543e-01
1.307156980037689209e-01
1.210031732916831970e-01
1.534207314252853394e-01
1.000266000628471375e-01
1.195347234606742859e-01
1.169550418853759766e-01
1.306364387273788452e-01
9.463411569595336914e-02
1.777217537164688110e-01
1.159271225333213806e-01
1.304993033409118652e-01
1.469251960515975952e-01
1.466486901044845581e-01
1.087011992931365967e-01
1.204257011413574219e-01
1.170461475849151611e-01
1.554123014211654663e-01
1.555288434028625488e-01
1.301464885473251343e-01
1.633531153202056885e-01
1.249133422970771790e-01
1.378012746572494507e-01
1.327922344207763672e-01
1.293780654668807983e-01
9.399918466806411743e-02
1.280627399682998657e-01
1.472239941358566284e-01
1.075278744101524353e-01
1.224229037761688232e-01
1.344583034515380859e-01
1.287689656019210815e-01
1.101101264357566833e-01
1.253762394189834595e-01
1.331419944763183594e-01
1.394780874252319336e-01
1.385091841220855713e-01
1.263994872570037842e-01
1.191594004631042480e-01
1.129265725612640381e-01
1.167794093489646912e-01
1.010927557945251465e-01
1.392472088336944580e-01
1.423860490322113037e-01
1.184583380818367004e-01
1.490833908319473267e-01
1.420789808034896851e-01
2.183505743741989136e-01
1.373491883277893066e-01
1.206624135375022888e-01
1.376939862966537476e-01
1.362113952636718750e-01
1.049398481845855713e-01
1.204796060919761658e-01
1.011665090918540955e-01
1.476066559553146362e-01
1.184927746653556824e-01
1.165366172790527344e-01
1.085795387625694275e-01
1.230366826057434082e-01
1.495523601770401001e-01
1.361113041639328003e-01
1.396706551313400269e-01
1.328241974115371704e-01
1.937275081872940063e-01
1.314761787652969360e-01
1.216486915946006775e-01
1.019590869545936584e-01
1.576983928680419922e-01
1.236738190054893494e-01
1.386881470680236816e-01
1.321728825569152832e-01
1.079649031162261963e-01
1.057188883423805237e-01
2.663746178150177002e-01
1.335926204919815063e-01
1.342860460281372070e-01
1.346693933010101318e-01
1.310929507017135620e-01
1.110645011067390442e-01
1.446899324655532837e-01
1.148412227630615234e-01
1.184042096138000488e-01
1.379051655530929565e-01
1.165230199694633484e-01
1.230343952775001526e-01
1.309919506311416626e-01
1.184814795851707458e-01
1.417860984802246094e-01
1.004949584603309631e-01
1.208755299448966980e-01
1.452731639146804810e-01
1.286209970712661743e-01
1.312457025051116943e-01
1.518306285142898560e-01
1.339059621095657349e-01
1.251419335603713989e-01
1.297203451395034790e-01
1.304540634155273438e-01
1.174733936786651611e-01
1.195503249764442444e-01
1.263104826211929321e-01
1.062937006354331970e-01
1.125332340598106384e-01
1.369997560977935791e-01
1.399593353271484375e-01
1.452352106571197510e-01
1.472543179988861084e-01
1.310572028160095215e-01
1.354049593210220337e-01
1.353033632040023804e-01
1.906305104494094849e-01
1.371732205152511597e-01
1.143884435296058655e-01
1.408985108137130737e-01
1.564625352621078491e-01
1.209732294082641602e-01
1.471863836050033569e-01
1.280842572450637817e-01
1.119043752551078796e-01
1.120063886046409607e-01
1.122094318270683289e-01
1.057138219475746155e-01
1.266411393880844116e-01
1.399737149477005005e-01
1.164417639374732971e-01
1.450093239545822144e-01
1.328337639570236206e-01
1.063420772552490234e-01
1.355539411306381226e-01
1.659396737813949585e-01
1.175548732280731201e-01
1.306680887937545776e-01
1.237651035189628601e-01
1.300919055938720703e-01
1.483528017997741699e-01
1.424419879913330078e-01
1.352530121803283691e-01
1.452066302299499512e-01
1.318452358245849609e-01
1.386424452066421509e-01
1.109674796462059021e-01
1.417756229639053345e-01
1.483055204153060913e-01
1.325485855340957642e-01
1.120480597019195557e-01
1.126046404242515564e-01
1.465927809476852417e-01
1.228913292288780212e-01
1.560763418674468994e-01
1.283448785543441772e-01
1.306354850530624390e-01
1.449927538633346558e-01
1.226331517100334167e-01
1.084911525249481201e-01
1.287714689970016479e-01
9.533513337373733521e-02
1.386911720037460327e-01
1.384282261133193970e-01
1.221564933657646179e-01
1.160866022109985352e-01
1.232446953654289246e-01
1.123822033405303955e-01
1.329045742750167847e-01
1.041043028235435486e-01
1.574200689792633057e-01
1.176232993602752686e-01
1.404283493757247925e-01
1.112545430660247803e-01
1.298601031303405762e-01
2.157258838415145874e-01
1.291892081499099731e-01
1.277189701795578003e-01
1.331180781126022339e-01
1.059790328145027161e-01
1.048240661621093750e-01
1.318025439977645874e-01
1.452605724334716797e-01
1.078217551112174988e-01
1.370106488466262817e-01
1.018642783164978027e-01
1.056951954960823059e-01
1.307176500558853149e-01
1.555979996919631958e-01
1.291984766721725464e-01
1.430014520883560181e-01
1.063480004668235779e-01
1.463828384876251221e-01
1.461820751428604126e-01
1.337241083383560181e-01
1.153734922409057617e-01
1.282117664813995361e-01
1.399361640214920044e-01
1.495827436447143555e-01
1.190120205283164978e-01
1.320137828588485718e-01
1.514017134904861450e-01
1.277038753032684326e-01
1.540720760822296143e-01
1.474170386791229248e-01
1.445918828248977661e-01
1.129543483257293701e-01
1.138849854469299316e-01
1.596392840147018433e-01
1.344821006059646606e-01
1.555560380220413208e-01
1.209819316864013672e-01
1.124520227313041687e-01
1.291573941707611084e-01
1.097992882132530212e-01
1.240160092711448669e-01
1.156224310398101807e-01
1.613335460424423218e-01
1.348083168268203735e-01
1.103979572653770447e-01
1.430181115865707397e-01
1.280297636985778809e-01
1.241830363869667053e-01
1.395592391490936279e-01
1.379563361406326294e-01
1.504462361335754395e-01
1.281952708959579468e-01
1.521726399660110474e-01
1.275158673524856567e-01
1.184851899743080139e-01
1.473791748285293579e-01
1.252884715795516968e-01
1.001195535063743591e-01
1.383932083845138550e-01
1.357253342866897583e-01
1.570338159799575806e-01
1.674648523330688477e-01
1.364228129386901855e-01
1.430334597826004028e-01
1.161293163895606995e-01
1.064743176102638245e-01
1.220821365714073181e-01
1.766519397497177124e-01
1.454095840454101562e-01
1.106007918715476990e-01
1.180730238556861877e-01
1.329458206892013550e-01
1.174540445208549500e-01
1.162508130073547363e-01
1.273893862962722778e-01
1.397458761930465698e-01
1.365328878164291382e-01
1.397656351327896118e-01
1.609179228544235229e-01
1.104938164353370667e-01
1.208948418498039246e-01
1.369888186454772949e-01
1.385296732187271118e-01
1.488168388605117798e-01
1.403195708990097046e-01
1.261074393987655640e-01
1.259620934724807739e-01
1.169284507632255554e-01
1.918257921934127808e-01
1.283144801855087280e-01
1.526641249656677246e-01
1.047300621867179871e-01
1.291420459747314453e-01
2.876630723476409912e-01
1.432538032531738281e-01
1.231814622879028320e-01
1.188658699393272400e-01
1.415964514017105103e-01
1.450294554233551025e-01
1.192397400736808777e-01
1.369457393884658813e-01
1.268116384744644165e-01
1.396571546792984009e-01
1.595663428306579590e-01
1.487082839012145996e-01
1.180059090256690979e-01
1.249246820807456970e-01
1.299460381269454956e-01
1.665770858526229858e-01
1.202542111277580261e-01
1.491127163171768188e-01
1.377880573272705078e-01
9.413424879312515259e-02
1.174278557300567627e-01
1.154523119330406189e-01
1.227753981947898865e-01
1.331180781126022339e-01
1.266078054904937744e-01
1.541398316621780396e-01
1.225075721740722656e-01
1.244028583168983459e-01
1.346736401319503784e-01
1.295096278190612793e-01
1.337555497884750366e-01
1.068986132740974426e-01
1.253675967454910278e-01
1.089670658111572266e-01
1.032945439219474792e-01
1.379271149635314941e-01
1.146472319960594177e-01
1.163655295968055725e-01
1.480463892221450806e-01
1.279789060354232788e-01
1.262605041265487671e-01
1.320515424013137817e-01
1.079511120915412903e-01
1.201624870300292969e-01
1.320682913064956665e-01
1.251078248023986816e-01
1.692060828208923340e-01
1.396021097898483276e-01
1.095896735787391663e-01
1.039533913135528564e-01
1.102226972579956055e-01
1.050456091761589050e-01
1.473014801740646362e-01
2.424401193857192993e-01
1.245022490620613098e-01
1.591300964355468750e-01
1.219747886061668396e-01
1.273311376571655273e-01
1.313684433698654175e-01
2.190760374069213867e-01
1.025186702609062195e-01
1.272392272949218750e-01
1.461075395345687866e-01
2.006731629371643066e-01
1.421977281570434570e-01
9.973216801881790161e-02
1.180465891957283020e-01
1.354403346776962280e-01
1.444343775510787964e-01
1.297995299100875854e-01
1.324784457683563232e-01
1.460853666067123413e-01
1.027787253260612488e-01
1.215902194380760193e-01
1.229586601257324219e-01
1.627088338136672974e-01
1.528288275003433228e-01
1.237305775284767151e-01
1.160722374916076660e-01
1.171146556735038757e-01
1.561318486928939819e-01
1.365643143653869629e-01
1.313587427139282227e-01
1.291484534740447998e-01
9.791102260351181030e-02
1.271776407957077026e-01
1.270891875028610229e-01
1.492942422628402710e-01
1.275350898504257202e-01
1.270126849412918091e-01
1.434466987848281860e-01
1.381887644529342651e-01
1.381216794252395630e-01
1.471913456916809082e-01
1.343970745801925659e-01
1.304808706045150757e-01
1.305836588144302368e-01
1.460918039083480835e-01
1.351625323295593262e-01
1.075690612196922302e-01
1.823182553052902222e-01
1.444201767444610596e-01
1.176483333110809326e-01
1.790272444486618042e-01
1.341500431299209595e-01
1.248222291469573975e-01
1.317436844110488892e-01
9.819120168685913086e-02
1.430153101682662964e-01
1.286079138517379761e-01
1.159764900803565979e-01
1.606161147356033325e-01
1.107705831527709961e-01
1.287242770195007324e-01
1.012653186917304993e-01
1.220838651061058044e-01
1.205283403396606445e-01
1.151531636714935303e-01
1.258081495761871338e-01
1.528365761041641235e-01
1.364149600267410278e-01
1.310930848121643066e-01
9.819594770669937134e-02
1.395145058631896973e-01
1.482836008071899414e-01
1.467265933752059937e-01
1.418053060770034790e-01
1.417610198259353638e-01
1.257202774286270142e-01
1.396536678075790405e-01
1.289304643869400024e-01
1.408897191286087036e-01
1.461660116910934448e-01
1.234289035201072693e-01
1.259900331497192383e-01
1.169068291783332825e-01
1.314653605222702026e-01
1.279752105474472046e-01
1.332251429557800293e-01
1.670896857976913452e-01
1.486045271158218384e-01
1.071046069264411926e-01
1.435407549142837524e-01
1.316906362771987915e-01
1.348294764757156372e-01
9.999070316553115845e-02
1.074304357171058655e-01
1.222090497612953186e-01
1.203314438462257385e-01
1.209611222147941589e-01
1.220842301845550537e-01
1.293935775756835938e-01
1.455441564321517944e-01
1.723414510488510132e-01
1.180053651332855225e-01
1.332641690969467163e-01
1.669682711362838745e-01
1.068202629685401917e-01
1.661353707313537598e-01
1.402550488710403442e-01
1.214452758431434631e-01
1.183874681591987610e-01
1.449143439531326294e-01
1.196275725960731506e-01
1.033616140484809875e-01
1.376076936721801758e-01
1.369679719209671021e-01
1.241049394011497498e-01
1.221221759915351868e-01
1.361084133386611938e-01
1.200882196426391602e-01
1.086234077811241150e-01
1.254317164421081543e-01
1.521840244531631470e-01
1.388996094465255737e-01
1.152571514248847961e-01
1.474647223949432373e-01
1.226721405982971191e-01
1.260280609130859375e-01
9.776327759027481079e-02
1.078638359904289246e-01
1.018023714423179626e-01
1.195111498236656189e-01
1.548603624105453491e-01
1.548103243112564087e-01
1.069732606410980225e-01
1.278180032968521118e-01
1.512652486562728882e-01
1.446404606103897095e-01
1.358540505170822144e-01
1.091961637139320374e-01
1.193618103861808777e-01
1.337632983922958374e-01
1.263092011213302612e-01
1.211060658097267151e-01
9.297853708267211914e-02
1.159372106194496155e-01
1.493290066719055176e-01
1.333943903446197510e-01
1.308687627315521240e-01
1.119807586073875427e-01
1.194507405161857605e-01
1.262454986572265625e-01
1.279362291097640991e-01
1.081237792968750000e-01
1.631913930177688599e-01
9.997493028640747070e-02
1.431737393140792847e-01
1.582892090082168579e-01
1.418518424034118652e-01
1.139887943863868713e-01
1.526241004467010498e-01
1.601620167493820190e-01
1.091285347938537598e-01
1.200480535626411438e-01
1.224918365478515625e-01
9.898962825536727905e-02
1.633563786745071411e-01
1.867724061012268066e-01
1.269259303808212280e-01
1.044427454471588135e-01
1.148463711142539978e-01
1.579079777002334595e-01
1.644424945116043091e-01
1.374205946922302246e-01
1.535839885473251343e-01
1.214734613895416260e-01
1.272396892309188843e-01
1.367824226617813110e-01
1.450974196195602417e-01
1.420998275279998779e-01
1.095825359225273132e-01
1.207708716392517090e-01
1.532607674598693848e-01
1.236283257603645325e-01
1.115138530731201172e-01
1.505848914384841919e-01
1.297270357608795166e-01
1.195480525493621826e-01
1.416004449129104614e-01
1.072910055518150330e-01
1.377938240766525269e-01
1.383228451013565063e-01
1.416335552930831909e-01
1.211327016353607178e-01
1.128366589546203613e-01
1.219978407025337219e-01
1.327971965074539185e-01
1.525651663541793823e-01
1.342314779758453369e-01
1.328165084123611450e-01
1.583114415407180786e-01
1.430731117725372314e-01
1.177775561809539795e-01
1.363679021596908569e-01
1.144266948103904724e-01
2.121870964765548706e-01
1.120802983641624451e-01
1.115200445055961609e-01
1.103139519691467285e-01
1.257749348878860474e-01
1.160389408469200134e-01
1.654855161905288696e-01
1.300047338008880615e-01
1.227768585085868835e-01
1.372917443513870239e-01
1.362099647521972656e-01
1.350639462471008301e-01
1.296935826539993286e-01
1.435301750898361206e-01
1.345748752355575562e-01
1.716783046722412109e-01
1.463335454463958740e-01
1.294836848974227905e-01
1.065166369080543518e-01
1.132522746920585632e-01
1.655398011207580566e-01
1.424205303192138672e-01
1.212450936436653137e-01
1.412997841835021973e-01
1.513108015060424805e-01
1.208446621894836426e-01
1.201646253466606140e-01
1.378081142902374268e-01
8.778234571218490601e-02
1.036750897765159607e-01
1.022519394755363464e-01
1.256628334522247314e-01
1.320911496877670288e-01
1.108503416180610657e-01
1.102406382560729980e-01
1.418774425983428955e-01
1.017540395259857178e-01
1.402171999216079712e-01
1.330546289682388306e-01
1.067772880196571350e-01
1.258155405521392822e-01
1.388009190559387207e-01
1.060455814003944397e-01
1.402578353881835938e-01
1.369059383869171143e-01
1.218888387084007263e-01
1.447373926639556885e-01
1.181784793734550476e-01
1.261666715145111084e-01
1.567458361387252808e-01
1.404734104871749878e-01
1.201261356472969055e-01
1.114486828446388245e-01
1.196516379714012146e-01
1.323865503072738647e-01
1.826301068067550659e-01
1.060856655240058899e-01
1.323912590742111206e-01
1.446362286806106567e-01
1.342995166778564453e-01
1.265808790922164917e-01
1.223637238144874573e-01
1.095012351870536804e-01
1.141173243522644043e-01
1.178874969482421875e-01
1.110640764236450195e-01
1.379009038209915161e-01
1.046015620231628418e-01
1.308113634586334229e-01
1.374624222517013550e-01
3.339656293392181396e-01
1.405632495880126953e-01
1.320239901542663574e-01
1.281169354915618896e-01
1.016445085406303406e-01
1.302329003810882568e-01
1.488780975341796875e-01
1.213334724307060242e-01
1.257343888282775879e-01
1.077947244048118591e-01
1.275770217180252075e-01
1.119998916983604431e-01
1.459204554557800293e-01
1.268343925476074219e-01
1.254506856203079224e-01
1.052134409546852112e-01
1.224197670817375183e-01
1.372755318880081177e-01
1.702295541763305664e-01
1.370212137699127197e-01
1.179955005645751953e-01
1.725528091192245483e-01
1.170362755656242371e-01
1.043942272663116455e-01
1.323798745870590210e-01
1.342363804578781128e-01
1.532249450683593750e-01
1.254272460937500000e-01
2.302238196134567261e-01
1.318980008363723755e-01
1.146264150738716125e-01
1.109635457396507263e-01
1.275995373725891113e-01
1.152466908097267151e-01
1.272275000810623169e-01
1.115281283855438232e-01
1.522701680660247803e-01
1.325563788414001465e-01
1.122125759720802307e-01
1.192171797156333923e-01
1.180057153105735779e-01
1.083784028887748718e-01
1.086593791842460632e-01
1.355059742927551270e-01
1.591141074895858765e-01
1.048466786742210388e-01
1.258940696716308594e-01
1.185907647013664246e-01
1.403163075447082520e-01
1.180137619376182556e-01
1.269169896841049194e-01
1.257930546998977661e-01
1.115878000855445862e-01
1.419627070426940918e-01
1.284003257751464844e-01
1.344973891973495483e-01
1.074276268482208252e-01
1.572722643613815308e-01
1.097654476761817932e-01
1.420670002698898315e-01
9.513279050588607788e-02
1.174785196781158447e-01
1.320965290069580078e-01
1.427260488271713257e-01
1.555551737546920776e-01
1.177774593234062195e-01
1.287846565246582031e-01
1.100865826010704041e-01
1.455665528774261475e-01
1.259384006261825562e-01
1.512722074985504150e-01
1.484106034040451050e-01
1.436452865600585938e-01
1.222895085811614990e-01
1.247069835662841797e-01
1.174433752894401550e-01
1.485106498003005981e-01
1.311971545219421387e-01
1.205575168132781982e-01
1.158608496189117432e-01
1.431798338890075684e-01
1.210980415344238281e-01
1.223795413970947266e-01
1.061298623681068420e-01
9.784447401762008667e-02
1.218770071864128113e-01
1.125965639948844910e-01
1.009739637374877930e-01
1.092422902584075928e-01
1.357715278863906860e-01
1.159290447831153870e-01
1.302723437547683716e-01
1.336906105279922485e-01
1.349344849586486816e-01
1.268596053123474121e-01
1.331992894411087036e-01
1.411386281251907349e-01
1.397295147180557251e-01
1.242430880665779114e-01
1.281370669603347778e-01
1.237330362200737000e-01
1.132871881127357483e-01
1.311595588922500610e-01
1.360966563224792480e-01
1.217049583792686462e-01
1.275459080934524536e-01
1.258709132671356201e-01
1.324265748262405396e-01
1.022099852561950684e-01
1.355101317167282104e-01
1.214460805058479309e-01
1.093119680881500244e-01
1.159471347928047180e-01
1.741886138916015625e-01
1.446524560451507568e-01
1.204751208424568176e-01
1.400510966777801514e-01
1.380375474691390991e-01
1.322425007820129395e-01
1.327254921197891235e-01
1.261996179819107056e-01
1.088449284434318542e-01
1.059732437133789062e-01
1.558142006397247314e-01
1.222230270504951477e-01
1.305766701698303223e-01
1.297026425600051880e-01
1.096850335597991943e-01
1.129269972443580627e-01
1.280449330806732178e-01
1.411823034286499023e-01
1.257537454366683960e-01
1.633627563714981079e-01
1.260500550270080566e-01
1.361414343118667603e-01
1.446634531021118164e-01
1.689287871122360229e-01
1.576801836490631104e-01
1.309939771890640259e-01
1.449270099401473999e-01
1.388128995895385742e-01
1.494970768690109253e-01
1.114952489733695984e-01
1.109888777136802673e-01
1.585157066583633423e-01
1.718456596136093140e-01
1.487990021705627441e-01
1.276210993528366089e-01
1.132970452308654785e-01
1.383107751607894897e-01
1.105859801173210144e-01
1.171120777726173401e-01
9.275581687688827515e-02
1.085839867591857910e-01
1.391238570213317871e-01
1.221152171492576599e-01
1.576806455850601196e-01
1.142510697245597839e-01
1.373951882123947144e-01
1.245056092739105225e-01
1.444215029478073120e-01
1.222949549555778503e-01
1.009773313999176025e-01
1.386841684579849243e-01
1.264481246471405029e-01
1.030466556549072266e-01
1.141470968723297119e-01
1.283238381147384644e-01
1.370835155248641968e-01
1.407735496759414673e-01
1.159477233886718750e-01
9.106817096471786499e-02
1.059581264853477478e-01
1.320445388555526733e-01
1.127549037337303162e-01
1.230221763253211975e-01
1.086313501000404358e-01
1.381478458642959595e-01
1.545036584138870239e-01
1.390679925680160522e-01
1.340287178754806519e-01
1.181036829948425293e-01
1.290442496538162231e-01
1.546522080898284912e-01
1.310444623231887817e-01
1.223364844918251038e-01
1.730538010597229004e-01
1.419455260038375854e-01
1.290653198957443237e-01
1.491878181695938110e-01
1.134937480092048645e-01
1.306807249784469604e-01
1.313164532184600830e-01
1.311164647340774536e-01
1.311697810888290405e-01
1.536254137754440308e-01
1.110348701477050781e-01
1.499216556549072266e-01
1.232948824763298035e-01
1.417831629514694214e-01
1.616753786802291870e-01
1.303382664918899536e-01
1.128228977322578430e-01
1.231489405035972595e-01
1.664188653230667114e-01
1.606255322694778442e-01
1.469795554876327515e-01
1.306752711534500122e-01
1.181637570261955261e-01
1.267871856689453125e-01
1.038822159171104431e-01
1.610783189535140991e-01
1.237652972340583801e-01
1.276684850454330444e-01
1.395073980093002319e-01
1.465453058481216431e-01
1.003622710704803467e-01
1.319873780012130737e-01
1.630650311708450317e-01
1.396698057651519775e-01
1.201266050338745117e-01
1.158963069319725037e-01
1.369303315877914429e-01
1.302291899919509888e-01
1.526248604059219360e-01
1.371740698814392090e-01
1.233832016587257385e-01
1.408469080924987793e-01
1.296602785587310791e-01
1.480027288198471069e-01
1.387870311737060547e-01
1.427723616361618042e-01
1.283240765333175659e-01
1.268506199121475220e-01
1.684511303901672363e-01
1.144516840577125549e-01
1.295098066329956055e-01
1.293603628873825073e-01
1.296851038932800293e-01
1.321110129356384277e-01
1.179462075233459473e-01
1.055542901158332825e-01
1.912639141082763672e-01
1.162054613232612610e-01
1.122255623340606689e-01
1.278651207685470581e-01
1.299942582845687866e-01
1.290187090635299683e-01
1.177202835679054260e-01
1.239330172538757324e-01
1.192607805132865906e-01
1.082506105303764343e-01
1.830944269895553589e-01
1.274117380380630493e-01
1.349763721227645874e-01
1.241340562701225281e-01
1.064043343067169189e-01
1.057527437806129456e-01
1.370845288038253784e-01
1.632355451583862305e-01
9.670694917440414429e-02
1.454082280397415161e-01
1.143088042736053467e-01
1.278644651174545288e-01
1.419821977615356445e-01
1.112048029899597168e-01
1.430684775114059448e-01
1.269125938415527344e-01
1.849456876516342163e-01
1.255257278680801392e-01
1.123771145939826965e-01
1.296498924493789673e-01
1.236132159829139709e-01
1.165182366967201233e-01
1.600171774625778198e-01
1.092988923192024231e-01
1.306301206350326538e-01
1.243268251419067383e-01
1.419794708490371704e-01
1.594881862401962280e-01
1.371655315160751343e-01
1.472523659467697144e-01
1.504744738340377808e-01
1.346686631441116333e-01
1.005221009254455566e-01
1.660916805267333984e-01
2.124336510896682739e-01
1.319413185119628906e-01
1.101597324013710022e-01
1.233263686299324036e-01
1.083153560757637024e-01
1.043604835867881775e-01
1.596606075763702393e-01
1.383313685655593872e-01
1.543316394090652466e-01
1.344997882843017578e-01
1.244243010878562927e-01
1.262238472700119019e-01
1.385674923658370972e-01
1.397489756345748901e-01
1.905680894851684570e-01
1.304666250944137573e-01
8.998476713895797729e-02
1.482746154069900513e-01
1.085273697972297668e-01
1.354181766510009766e-01
1.605252474546432495e-01
1.168095245957374573e-01
1.317294687032699585e-01
1.785439401865005493e-01
1.254797279834747314e-01
1.090713739395141602e-01
1.342332214117050171e-01
1.065509244799613953e-01
1.275103241205215454e-01
1.446062028408050537e-01
9.984096139669418335e-02
1.309101134538650513e-01
1.566056162118911743e-01
1.291764229536056519e-01
1.390935480594635010e-01
1.136184111237525940e-01
1.102555096149444580e-01
1.212216690182685852e-01
1.608113497495651245e-01
1.553112417459487915e-01
1.353198438882827759e-01
1.193298324942588806e-01
1.175787225365638733e-01
9.850943088531494141e-02
1.186530664563179016e-01
1.343742460012435913e-01
1.231142282485961914e-01
2.409110069274902344e-01
1.307743638753890991e-01
1.368695348501205444e-01
1.305557340383529663e-01
1.452006250619888306e-01
1.295158714056015015e-01
1.178226992487907410e-01
1.439634114503860474e-01
1.584930270910263062e-01
1.515284329652786255e-01
1.241511180996894836e-01
1.048290506005287170e-01
1.286177784204483032e-01
1.323802322149276733e-01
1.436844766139984131e-01
1.202035769820213318e-01
1.409472376108169556e-01
1.494190543889999390e-01
1.163470819592475891e-01
1.160361766815185547e-01
1.043880507349967957e-01
1.235765814781188965e-01
1.161042228341102600e-01
1.205027699470520020e-01
1.180965080857276917e-01
1.385737806558609009e-01
1.160456761717796326e-01
1.009111106395721436e-01
1.129712983965873718e-01
1.478047370910644531e-01
1.508729904890060425e-01
1.038908958435058594e-01
1.327137053012847900e-01
1.113565340638160706e-01
9.879984706640243530e-02
1.288075298070907593e-01
1.346707642078399658e-01
1.235791221261024475e-01
1.125777885317802429e-01
9.793978929519653320e-02
1.294350922107696533e-01
1.208603754639625549e-01
1.294818073511123657e-01
1.474650651216506958e-01
1.450185924768447876e-01
1.139464154839515686e-01
1.515111476182937622e-01
1.238924637436866760e-01
1.170362904667854309e-01
1.188746020197868347e-01
1.140408143401145935e-01
1.694151312112808228e-01
1.141788139939308167e-01
1.414172649383544922e-01
1.068493500351905823e-01
1.445915848016738892e-01
1.350707411766052246e-01
1.249848380684852600e-01
1.268155425786972046e-01
1.312387585639953613e-01
1.261646151542663574e-01
2.560913860797882080e-01
1.433638483285903931e-01
1.275015026330947876e-01
1.402168124914169312e-01
1.475969851016998291e-01
1.276428103446960449e-01
1.790675073862075806e-01
1.344753354787826538e-01
1.253397315740585327e-01
1.179581880569458008e-01
1.380527317523956299e-01
1.258498877286911011e-01
1.296473443508148193e-01
1.337600797414779663e-01
1.451940089464187622e-01
1.048633828759193420e-01
1.309733241796493530e-01
1.527257412672042847e-01
1.520767956972122192e-01
1.122433170676231384e-01
1.095856130123138428e-01
1.111089214682579041e-01
1.424720138311386108e-01
1.112980768084526062e-01
1.538000255823135376e-01
1.121561527252197266e-01
1.148169115185737610e-01
9.882489591836929321e-02
1.269140839576721191e-01
1.511517316102981567e-01
1.245571374893188477e-01
1.332529932260513306e-01
1.332077831029891968e-01
1.682411432266235352e-01
1.267858147621154785e-01
1.351665854454040527e-01
1.311226040124893188e-01
1.201049983501434326e-01
1.325541734695434570e-01
1.304229050874710083e-01
1.080666705965995789e-01
1.405078023672103882e-01
1.230159774422645569e-01
1.390312910079956055e-01
1.545537859201431274e-01
1.333565413951873779e-01
1.253108829259872437e-01
1.359687745571136475e-01
1.232099756598472595e-01
1.365670561790466309e-01
1.270576566457748413e-01
1.058255806565284729e-01
1.039787605404853821e-01
8.589934557676315308e-02
1.292309015989303589e-01
1.241408511996269226e-01
1.309161335229873657e-01
1.334656327962875366e-01
1.120578423142433167e-01
1.255109012126922607e-01
1.591882705688476562e-01
1.174524649977684021e-01
1.163957715034484863e-01
1.286362409591674805e-01
1.355454176664352417e-01
1.477608531713485718e-01
9.648735076189041138e-02
1.310829967260360718e-01
1.172968670725822449e-01
1.392379552125930786e-01
1.173832491040229797e-01
1.336243003606796265e-01
1.349222809076309204e-01
1.227216795086860657e-01
1.275284439325332642e-01
1.413571834564208984e-01
1.134422197937965393e-01
1.272840052843093872e-01
1.339195817708969116e-01
2.498523145914077759e-01
1.345839202404022217e-01
1.056061387062072754e-01
9.094393253326416016e-02
1.297221928834915161e-01
2.192566245794296265e-01
1.277545839548110962e-01
1.069271564483642578e-01
1.157963797450065613e-01
1.396731436252593994e-01
1.419742852449417114e-01
1.207215860486030579e-01
9.866523742675781250e-02
1.423935443162918091e-01
1.366396993398666382e-01
1.102725788950920105e-01
9.805770963430404663e-02
1.286530345678329468e-01
1.115773692727088928e-01
1.559522897005081177e-01
1.298044472932815552e-01
1.331024616956710815e-01
1.173552870750427246e-01
1.475847661495208740e-01
1.600569039583206177e-01
1.448677927255630493e-01
1.486474424600601196e-01
9.701111167669296265e-02
1.405533999204635620e-01
1.131737604737281799e-01
1.362771540880203247e-01
1.512118279933929443e-01
1.147941276431083679e-01
1.243715658783912659e-01
1.242027282714843750e-01
1.152798160910606384e-01
1.278648227453231812e-01
1.467045694589614868e-01
1.253625005483627319e-01
1.199711486697196960e-01
1.038921698927879333e-01
1.441300660371780396e-01
1.363891512155532837e-01
1.242600381374359131e-01
1.398017555475234985e-01
1.156183183193206787e-01
1.812511682510375977e-01
1.248934864997863770e-01
1.366061568260192871e-01
1.417070627212524414e-01
1.155451014637947083e-01
1.486367583274841309e-01
1.219844445586204529e-01
1.160033643245697021e-01
1.391288787126541138e-01
1.439362913370132446e-01
1.358405202627182007e-01
1.051576137542724609e-01
1.281710416078567505e-01
1.554184406995773315e-01
1.402822136878967285e-01
1.303671747446060181e-01
2.199160605669021606e-01
1.369979977607727051e-01
1.573854237794876099e-01
1.801605224609375000e-01
9.805089235305786133e-02
1.217417642474174500e-01
1.403110772371292114e-01
1.113288626074790955e-01
1.182900890707969666e-01
1.355719417333602905e-01
1.210432723164558411e-01
1.060161814093589783e-01
1.119961142539978027e-01
1.100453510880470276e-01
1.229343041777610779e-01
1.252468377351760864e-01
1.236500218510627747e-01
1.285263299942016602e-01
1.440519988536834717e-01
1.187028288841247559e-01
1.232112944126129150e-01
1.099453270435333252e-01
1.292289644479751587e-01
1.199699118733406067e-01
1.335930228233337402e-01
1.244246736168861389e-01
1.348811388015747070e-01
1.649473160505294800e-01
1.417050808668136597e-01
1.161617413163185120e-01
1.505214124917984009e-01
1.496744900941848755e-01
1.174814775586128235e-01
9.966478496789932251e-02
1.351130455732345581e-01
1.280821114778518677e-01
1.056512892246246338e-01
1.931788176298141479e-01
1.178536713123321533e-01
1.242314577102661133e-01
1.208307817578315735e-01
1.042683124542236328e-01
1.403486132621765137e-01
1.465117484331130981e-01
1.397504657506942749e-01
1.528117060661315918e-01
1.154290512204170227e-01
1.115033328533172607e-01
1.596219837665557861e-01
1.417449265718460083e-01
1.358397901058197021e-01
1.169652119278907776e-01
1.242880299687385559e-01
1.225153580307960510e-01
1.491477638483047485e-01
1.097976788878440857e-01
1.267332881689071655e-01
1.372260153293609619e-01
1.154505610466003418e-01
1.275735050439834595e-01
1.139696016907691956e-01
1.144620850682258606e-01
1.355504691600799561e-01
1.383543759584426880e-01
1.206468641757965088e-01
1.461003720760345459e-01
1.233298256993293762e-01
1.106707081198692322e-01
1.178426444530487061e-01
1.283221393823623657e-01
1.138642653822898865e-01
1.515649557113647461e-01
1.661987155675888062e-01
1.324307620525360107e-01
1.354358792304992676e-01
1.029732301831245422e-01
1.574043184518814087e-01
1.450109183788299561e-01
1.509633809328079224e-01
1.302248984575271606e-01
1.200117245316505432e-01
1.290573328733444214e-01
1.260362118482589722e-01
1.462367773056030273e-01
1.297689229249954224e-01
1.338424235582351685e-01
1.127248182892799377e-01
1.370646357536315918e-01
1.423480659723281860e-01
1.446460932493209839e-01
1.143515631556510925e-01
1.325225830078125000e-01
1.294367462396621704e-01
1.455610990524291992e-01
1.125783100724220276e-01
1.030019596219062805e-01
1.443869620561599731e-01
1.436638087034225464e-01
1.426156163215637207e-01
1.081894040107727051e-01
1.276233941316604614e-01
1.128111258149147034e-01
1.288079172372817993e-01
2.335078716278076172e-01
1.360539048910140991e-01
1.332681030035018921e-01
1.354972720146179199e-01
1.173364818096160889e-01
1.120467409491539001e-01
1.266207695007324219e-01
1.379227191209793091e-01
1.198639646172523499e-01
1.194585487246513367e-01
1.218600347638130188e-01
1.525128185749053955e-01
1.145524308085441589e-01
1.636174470186233521e-01
1.329243332147598267e-01
1.162986159324645996e-01
2.025141566991806030e-01
1.304738074541091919e-01
1.057204976677894592e-01
1.124990954995155334e-01
1.589760631322860718e-01
1.454261392354965210e-01
1.299725174903869629e-01
1.107124686241149902e-01
1.266326755285263062e-01
1.285657137632369995e-01
1.387002617120742798e-01
1.294678449630737305e-01
1.309060156345367432e-01
1.289051175117492676e-01
1.221824064850807190e-01
1.420887112617492676e-01
1.219761297106742859e-01
1.252580583095550537e-01
1.087810769677162170e-01
1.188720986247062683e-01
1.235850080847740173e-01
1.273065358400344849e-01
1.575071364641189575e-01
1.190440133213996887e-01
1.288339942693710327e-01
1.264901012182235718e-01
9.021633863449096680e-02
1.406343430280685425e-01
1.222933754324913025e-01
1.132782623171806335e-01
1.347953826189041138e-01
1.716000437736511230e-01
1.122489497065544128e-01
1.161482706665992737e-01
1.450465321540832520e-01
1.076903343200683594e-01
1.334305554628372192e-01
1.236337795853614807e-01
1.073787584900856018e-01
1.415789872407913208e-01
1.431010067462921143e-01
1.257106959819793701e-01
1.231777667999267578e-01
1.088178157806396484e-01
1.113569363951683044e-01
1.214975938200950623e-01
1.250339597463607788e-01
1.496190726757049561e-01
1.249408498406410217e-01
1.168263927102088928e-01
1.081918850541114807e-01
1.967482119798660278e-01
1.206560954451560974e-01
1.550178378820419312e-01
1.260524541139602661e-01
1.193608716130256653e-01
1.160032972693443298e-01
1.141050979495048523e-01
9.790725260972976685e-02
1.055057644844055176e-01
1.373014301061630249e-01
1.352086067199707031e-01
1.424205899238586426e-01
1.381050199270248413e-01
1.357247829437255859e-01
1.361318975687026978e-01
1.310312002897262573e-01
1.218791231513023376e-01
1.170876324176788330e-01
1.176097169518470764e-01
1.560372114181518555e-01
1.236266121268272400e-01
1.399383097887039185e-01
1.364488005638122559e-01
1.162207648158073425e-01
1.283052116632461548e-01
1.279250830411911011e-01
1.440706402063369751e-01
1.057758852839469910e-01
1.190405115485191345e-01
1.469116657972335815e-01
1.452575176954269409e-01
1.197927966713905334e-01
1.489176452159881592e-01
1.428476572036743164e-01
1.320199221372604370e-01
1.344690322875976562e-01
1.298072934150695801e-01
1.288724094629287720e-01
1.436148583889007568e-01
1.296416819095611572e-01
1.310019642114639282e-01
1.134534552693367004e-01
1.210756227374076843e-01
1.147664412856101990e-01
1.242449060082435608e-01
1.425784975290298462e-01
1.259043663740158081e-01
1.267708390951156616e-01
1.330706030130386353e-01
1.388985365629196167e-01
1.345161646604537964e-01
1.461339741945266724e-01
1.449841111898422241e-01
1.387463957071304321e-01
1.574129462242126465e-01
1.142084822058677673e-01
1.423245519399642944e-01
1.324743628501892090e-01
1.503878980875015259e-01
1.074801459908485413e-01
1.106570586562156677e-01
1.158294007182121277e-01
1.310148984193801880e-01
1.177242770791053772e-01
1.444943994283676147e-01
1.536795496940612793e-01
1.359657496213912964e-01
1.229573711752891541e-01
1.382735520601272583e-01
1.368026584386825562e-01
1.361089795827865601e-01
1.425468474626541138e-01
1.434462666511535645e-01
1.504003852605819702e-01
1.232796087861061096e-01
1.465283334255218506e-01
1.186022236943244934e-01
1.459772586822509766e-01
1.320450156927108765e-01
1.607998758554458618e-01
1.392768025398254395e-01
1.327993720769882202e-01
1.705516576766967773e-01
1.412864774465560913e-01
1.145128533244132996e-01
1.236668005585670471e-01
1.246437504887580872e-01
1.483802050352096558e-01
1.232912018895149231e-01
1.186887323856353760e-01
1.326370686292648315e-01
1.294883638620376587e-01
1.687667369842529297e-01
1.375327259302139282e-01
9.962872415781021118e-02
1.315966248512268066e-01
1.533612012863159180e-01
1.112489178776741028e-01
1.140562668442726135e-01
1.292161494493484497e-01
1.119135692715644836e-01
1.065689921379089355e-01
1.372117251157760620e-01
1.130436882376670837e-01
1.749193817377090454e-01
1.455461233854293823e-01
1.296345442533493042e-01
1.320721507072448730e-01
1.366146057844161987e-01
1.380484849214553833e-01
1.471196860074996948e-01
1.245306655764579773e-01
1.174947395920753479e-01
1.206710040569305420e-01
1.173608973622322083e-01
1.642314344644546509e-01
1.303101927042007446e-01
1.368044465780258179e-01
1.167425587773323059e-01
1.268482357263565063e-01
9.378146380186080933e-02
1.252158135175704956e-01
1.179570183157920837e-01
1.727725416421890259e-01
2.064580470323562622e-01
1.374448388814926147e-01
1.155097708106040955e-01
1.459318250417709351e-01
1.224186494946479797e-01
1.012679338455200195e-01
1.187892258167266846e-01
1.543102711439132690e-01
1.424205452203750610e-01
1.127968132495880127e-01
1.663441956043243408e-01
1.324948370456695557e-01
1.553251892328262329e-01
1.250264942646026611e-01
1.460689157247543335e-01
1.619907021522521973e-01
1.394011974334716797e-01
1.764054447412490845e-01
1.031684949994087219e-01
1.077601909637451172e-01
1.710007041692733765e-01
9.484996646642684937e-02
1.883152723312377930e-01
1.238714531064033508e-01
1.154991611838340759e-01
1.298901289701461792e-01
1.095661893486976624e-01
1.689988523721694946e-01
1.185889169573783875e-01
1.199530884623527527e-01
1.228827461600303650e-01
1.692974716424942017e-01
1.105202659964561462e-01
1.515446454286575317e-01
1.371817439794540405e-01
1.096204221248626709e-01
1.325907707214355469e-01
1.266892999410629272e-01
1.338490694761276245e-01
1.554722934961318970e-01
1.140167415142059326e-01
1.273548156023025513e-01
1.038470193743705750e-01
1.466879099607467651e-01
1.298288851976394653e-01
1.180413663387298584e-01
1.276224255561828613e-01
1.461968272924423218e-01
1.524035334587097168e-01
1.251502633094787598e-01
1.024000942707061768e-01
1.321276575326919556e-01
1.118142083287239075e-01
1.187960281968116760e-01
1.199232935905456543e-01
1.481633186340332031e-01
1.500359773635864258e-01
1.617308259010314941e-01
1.081081330776214600e-01
1.334388852119445801e-01
1.158228144049644470e-01
1.156811714172363281e-01
1.403783559799194336e-01
1.518374979496002197e-01
1.345879733562469482e-01
1.185978129506111145e-01
1.401637792587280273e-01
1.357609480619430542e-01
1.287861317396163940e-01
1.202565729618072510e-01
1.380424946546554565e-01
1.313668042421340942e-01
1.449491083621978760e-01
1.329583078622817993e-01
1.166626811027526855e-01
1.136316731572151184e-01
1.451852172613143921e-01
1.221812143921852112e-01
1.815212517976760864e-01
1.129194423556327820e-01
1.194399520754814148e-01
1.862052828073501587e-01
1.386683583259582520e-01
1.347385644912719727e-01
1.227369308471679688e-01
1.230339929461479187e-01
1.223277375102043152e-01
1.117384955286979675e-01
1.381126642227172852e-01
1.290980279445648193e-01
1.395844370126724243e-01
1.053429543972015381e-01
1.391613185405731201e-01
1.228137910366058350e-01
1.311642378568649292e-01
1.397528797388076782e-01
1.517231017351150513e-01
1.375958472490310669e-01
1.288617849349975586e-01
1.342058032751083374e-01
1.261031925678253174e-01
1.613218933343887329e-01
1.266245394945144653e-01
1.486220210790634155e-01
1.369340270757675171e-01
1.195722445845603943e-01
1.192258596420288086e-01
1.733199506998062134e-01
1.242425441741943359e-01
1.153162717819213867e-01
1.450548619031906128e-01
1.406881958246231079e-01
1.211269870400428772e-01
1.288464069366455078e-01
1.259724348783493042e-01
1.324275135993957520e-01
1.424105167388916016e-01
1.257473826408386230e-01
1.323365271091461182e-01
1.647967249155044556e-01
1.341255754232406616e-01
1.493688821792602539e-01
1.126813367009162903e-01
1.287151426076889038e-01
1.198308989405632019e-01
1.320531219244003296e-01
1.608756184577941895e-01
1.334135979413986206e-01
1.362061500549316406e-01
1.174110993742942810e-01
1.164794787764549255e-01
1.478204876184463501e-01
1.293986290693283081e-01
1.402238458395004272e-01
1.126411259174346924e-01
1.394753605127334595e-01
1.164270266890525818e-01
1.127294003963470459e-01
1.544326841831207275e-01
1.327014118432998657e-01
1.319226622581481934e-01
1.257326751947402954e-01
1.290822178125381470e-01
1.406667083501815796e-01
1.230640783905982971e-01
1.231899559497833252e-01
1.246572360396385193e-01
1.627487689256668091e-01
1.368167251348495483e-01
1.514192968606948853e-01
1.522573381662368774e-01
1.332966536283493042e-01
1.509759873151779175e-01
1.266145259141921997e-01
9.729925543069839478e-02
1.225191429257392883e-01
1.452768445014953613e-01
1.732766628265380859e-01
1.413238495588302612e-01
1.325620561838150024e-01
1.168811023235321045e-01
1.171409860253334045e-01
1.011991277337074280e-01
1.109169945120811462e-01
1.308870464563369751e-01
1.414832323789596558e-01
1.327952146530151367e-01
1.497831791639328003e-01
1.412339657545089722e-01
1.107533574104309082e-01
1.274370998144149780e-01
1.535980850458145142e-01
1.103220060467720032e-01
1.503732800483703613e-01
1.242824569344520569e-01
1.190457567572593689e-01
1.318995207548141479e-01
1.144501343369483948e-01
1.100987195968627930e-01
1.258434355258941650e-01
1.144904270768165588e-01
1.308959871530532837e-01
1.241062507033348083e-01
1.446557044982910156e-01
1.094295009970664978e-01
1.460438221693038940e-01
1.082760989665985107e-01
1.320518106222152710e-01
1.157864332199096680e-01
1.276936680078506470e-01
1.172473356127738953e-01
1.448714584112167358e-01
1.755540817975997925e-01
1.518646627664566040e-01
1.462749987840652466e-01
1.262367963790893555e-01
1.225021183490753174e-01
1.639229506254196167e-01
1.416849046945571899e-01
1.189341843128204346e-01
1.371738761663436890e-01
1.542563140392303467e-01
1.741824746131896973e-01
1.199354752898216248e-01
1.141957864165306091e-01
2.961648702621459961e-01
1.384901851415634155e-01
1.364987492561340332e-01
1.085874140262603760e-01
1.606052070856094360e-01
1.028388217091560364e-01
1.307871490716934204e-01
1.607408374547958374e-01
1.307236403226852417e-01
1.287351399660110474e-01
1.460354924201965332e-01
1.233409866690635681e-01
1.123234555125236511e-01
1.509623527526855469e-01
1.052353903651237488e-01
1.197716519236564636e-01
1.580826640129089355e-01
1.721117049455642700e-01
1.244002804160118103e-01
1.179257258772850037e-01
1.508211493492126465e-01
9.930466860532760620e-02
1.290867179632186890e-01
1.155937090516090393e-01
1.104718670248985291e-01
1.185188367962837219e-01
1.120074391365051270e-01
1.242846474051475525e-01
1.380857080221176147e-01
1.320739537477493286e-01
1.230974122881889343e-01
1.393016725778579712e-01
1.600972563028335571e-01
1.553238779306411743e-01
1.518924385309219360e-01
1.386399865150451660e-01
1.419197767972946167e-01
1.668193936347961426e-01
1.028253212571144104e-01
1.473218798637390137e-01
1.359166204929351807e-01
1.076495870947837830e-01
1.305546909570693970e-01
1.377576142549514771e-01
1.290927678346633911e-01
1.355423033237457275e-01
9.381490200757980347e-02
1.577619761228561401e-01
1.375568062067031860e-01
1.383079439401626587e-01
1.367478221654891968e-01
1.124676093459129333e-01
1.063282415270805359e-01
9.764959663152694702e-02
1.139332875609397888e-01
1.406509131193161011e-01
1.075497865676879883e-01
1.330239772796630859e-01
1.169910430908203125e-01
1.260075569152832031e-01
1.271430402994155884e-01
1.471668332815170288e-01
1.404636353254318237e-01
1.320592164993286133e-01
1.298117190599441528e-01
1.488812118768692017e-01
1.310166418552398682e-01
1.337340921163558960e-01
1.493111848831176758e-01
1.377578377723693848e-01
1.304516792297363281e-01
1.435984522104263306e-01
1.653125584125518799e-01
1.224972233176231384e-01
1.638507694005966187e-01
1.494746953248977661e-01
1.304783672094345093e-01
1.709576398134231567e-01
1.237694099545478821e-01
1.158687695860862732e-01
1.487009078264236450e-01
1.175981387495994568e-01
1.208661720156669617e-01
1.249032691121101379e-01
1.298193782567977905e-01
1.110114753246307373e-01
1.112955138087272644e-01
1.064974293112754822e-01
1.199826225638389587e-01
1.200902089476585388e-01
1.324705332517623901e-01
1.291965395212173462e-01
1.262950450181961060e-01
1.121781393885612488e-01
1.239792406558990479e-01
1.216690167784690857e-01
1.172124147415161133e-01
1.156516075134277344e-01
1.439712196588516235e-01
1.485211849212646484e-01
1.173709928989410400e-01
1.198878660798072815e-01
1.155942156910896301e-01
1.184493303298950195e-01
1.426989734172821045e-01
1.389017552137374878e-01
1.347638070583343506e-01
1.179132536053657532e-01
1.336154788732528687e-01
1.392237693071365356e-01
1.024055257439613342e-01
1.274948269128799438e-01
1.252930611371994019e-01
1.607230752706527710e-01
1.187595427036285400e-01
1.425657421350479126e-01
1.250047236680984497e-01
1.443771123886108398e-01
1.511468887329101562e-01
1.117572486400604248e-01
1.338883936405181885e-01
1.715123504400253296e-01
1.229746416211128235e-01
1.526889055967330933e-01
1.125682368874549866e-01
1.123410537838935852e-01
9.449367970228195190e-02
1.488710194826126099e-01
1.355413347482681274e-01
1.503586024045944214e-01
1.211811378598213196e-01
1.311231851577758789e-01
1.426957994699478149e-01
1.174924150109291077e-01
1.152875795960426331e-01
1.308666020631790161e-01
1.260105818510055542e-01
1.234542354941368103e-01
1.144926249980926514e-01
1.421666741371154785e-01
1.409746706485748291e-01
1.412477344274520874e-01
1.396779716014862061e-01
1.366477459669113159e-01
1.503792256116867065e-01
1.405285447835922241e-01
1.260495632886886597e-01
1.371185630559921265e-01
1.559906601905822754e-01
1.101798340678215027e-01
1.066407561302185059e-01
1.390637606382369995e-01
1.380061507225036621e-01
1.238637566566467285e-01
1.379467248916625977e-01
1.143286600708961487e-01
1.027477309107780457e-01
1.337729841470718384e-01
1.377287358045578003e-01
1.312467306852340698e-01
1.363928318023681641e-01
1.388908177614212036e-01
1.455350071191787720e-01
1.456428021192550659e-01
1.342386752367019653e-01
9.423310309648513794e-02
1.634438782930374146e-01
1.456709504127502441e-01
1.242871060967445374e-01
1.192649826407432556e-01
1.213978752493858337e-01
1.196394488215446472e-01
1.468495428562164307e-01
1.061166748404502869e-01
1.042365655303001404e-01
1.186709031462669373e-01
1.601903289556503296e-01
1.113033667206764221e-01
1.351576894521713257e-01
1.023002192378044128e-01
1.289989352226257324e-01
1.362587064504623413e-01
1.554355770349502563e-01
1.266534924507141113e-01
1.256108283996582031e-01
1.308421343564987183e-01
1.101343408226966858e-01
1.183079555630683899e-01
1.115841642022132874e-01
1.334440857172012329e-01
1.156110242009162903e-01
1.533898115158081055e-01
1.623099744319915771e-01
1.532763987779617310e-01
1.444027721881866455e-01
1.103461906313896179e-01
1.106336489319801331e-01
1.265448480844497681e-01
1.205562725663185120e-01
1.172532066702842712e-01
9.843498468399047852e-02
1.109159514307975769e-01
1.262847036123275757e-01
1.036164462566375732e-01
1.372626423835754395e-01
1.534742116928100586e-01
1.235794425010681152e-01
1.490252465009689331e-01
1.187920570373535156e-01
1.674653440713882446e-01
1.519718617200851440e-01
1.466214358806610107e-01
1.307661235332489014e-01
1.369105130434036255e-01
1.379197537899017334e-01
1.274811774492263794e-01
1.204402223229408264e-01
1.235040053725242615e-01
1.067568063735961914e-01
1.074351668357849121e-01
1.234580799937248230e-01
1.310045421123504639e-01
1.215413138270378113e-01
1.141963005065917969e-01
1.355702728033065796e-01
1.262286156415939331e-01
1.204982995986938477e-01
1.193232759833335876e-01
1.058754399418830872e-01
1.051485314965248108e-01
1.335159093141555786e-01
1.330611556768417358e-01
9.995675086975097656e-02
1.177151203155517578e-01
1.794865876436233521e-01
1.369362920522689819e-01
1.131386160850524902e-01
1.040562167763710022e-01
1.242808923125267029e-01
1.114040985703468323e-01
1.606238633394241333e-01
1.121617257595062256e-01
1.200757697224617004e-01
2.279839962720870972e-01
1.343432217836380005e-01
1.305308938026428223e-01
1.158156469464302063e-01
1.002094745635986328e-01
1.372376233339309692e-01
1.100025847554206848e-01
2.020228952169418335e-01
1.582005620002746582e-01
2.064074128866195679e-01
1.490490883588790894e-01
1.336180120706558228e-01
1.385983377695083618e-01
1.399058103561401367e-01
1.246803402900695801e-01
1.504726856946945190e-01
1.309255212545394897e-01
1.335510164499282837e-01
1.462931782007217407e-01
1.013195440173149109e-01
1.334414929151535034e-01
1.347561329603195190e-01
1.082238852977752686e-01
1.267831474542617798e-01
1.525644212961196899e-01
1.328564882278442383e-01
1.339380145072937012e-01
1.320474296808242798e-01
1.473232507705688477e-01
1.705546230077743530e-01
1.050405129790306091e-01
1.057916209101676941e-01
1.108167096972465515e-01
1.404104977846145630e-01
1.231756433844566345e-01
1.236419379711151123e-01
1.342683881521224976e-01
1.318049579858779907e-01
1.016227081418037415e-01
1.504489332437515259e-01
1.007205024361610413e-01
1.450349539518356323e-01
1.529406160116195679e-01
2.007526606321334839e-01
1.620374619960784912e-01
1.102022752165794373e-01
1.459393948316574097e-01
1.354161053895950317e-01
1.239081248641014099e-01
1.627454310655593872e-01
1.065453961491584778e-01
1.278013736009597778e-01
1.180468127131462097e-01
1.230485513806343079e-01
1.399410814046859741e-01
1.355655789375305176e-01
1.161354854702949524e-01
1.204984113574028015e-01
1.211273446679115295e-01
1.137769147753715515e-01
2.617354094982147217e-01
9.377474337816238403e-02
1.128368973731994629e-01
1.339758187532424927e-01
1.086911037564277649e-01
1.152315512299537659e-01
1.221131384372711182e-01
1.458885967731475830e-01
1.016184911131858826e-01
1.392813175916671753e-01
1.274270266294479370e-01
1.210625246167182922e-01
1.328793764114379883e-01
1.415921300649642944e-01
1.211102828383445740e-01
1.326446086168289185e-01
1.260489821434020996e-01
1.082684025168418884e-01
1.306555122137069702e-01
1.143978163599967957e-01
1.195190548896789551e-01
1.409318596124649048e-01
1.221528947353363037e-01
1.193134412169456482e-01
1.298643797636032104e-01
1.190918460488319397e-01
1.168414056301116943e-01
1.357239335775375366e-01
1.602568477392196655e-01
1.475540697574615479e-01
1.579754501581192017e-01
1.412452906370162964e-01
1.142802014946937561e-01
1.068946793675422668e-01
1.638833880424499512e-01
1.166278421878814697e-01
1.322977989912033081e-01
1.131431087851524353e-01
1.530745923519134521e-01
1.337947398424148560e-01
1.432106196880340576e-01
1.234351396560668945e-01
1.063006520271301270e-01
1.193666234612464905e-01
1.249520108103752136e-01
1.436195671558380127e-01
1.451052427291870117e-01
1.103323101997375488e-01
1.419277936220169067e-01
1.297082155942916870e-01
1.470574438571929932e-01
1.282582581043243408e-01
1.398600935935974121e-01
1.395644545555114746e-01
1.449785530567169189e-01
1.060602888464927673e-01
1.385587602853775024e-01
1.220531538128852844e-01
1.263532489538192749e-01
1.243503615260124207e-01
1.104141548275947571e-01
1.467642039060592651e-01
1.300351172685623169e-01
1.387408226728439331e-01
1.575118154287338257e-01
1.289389580488204956e-01
1.436726301908493042e-01
1.190705969929695129e-01
1.527317911386489868e-01
1.352755725383758545e-01
1.295419186353683472e-01
1.411003321409225464e-01
1.471734195947647095e-01
1.094687208533287048e-01
1.040845513343811035e-01
1.519109606742858887e-01
1.346723586320877075e-01
1.655365973711013794e-01
1.294797658920288086e-01
1.524177640676498413e-01
1.515794247388839722e-01
1.550197005271911621e-01
1.274537742137908936e-01
1.079325303435325623e-01
1.963606029748916626e-01
1.269214004278182983e-01
1.143476292490959167e-01
1.561086326837539673e-01
1.383302658796310425e-01
9.783967584371566772e-02
1.464898735284805298e-01
1.502961665391921997e-01
1.048367992043495178e-01
1.246773377060890198e-01
1.052379608154296875e-01
1.322756260633468628e-01
1.229201033711433411e-01
1.228574141860008240e-01
1.048361584544181824e-01
1.386509984731674194e-01
1.445902436971664429e-01
1.243639215826988220e-01
1.136842146515846252e-01
1.820177435874938965e-01
1.493710726499557495e-01
1.102941334247589111e-01
1.282780915498733521e-01
1.779308170080184937e-01
1.213052496314048767e-01
1.497413963079452515e-01
1.107754930853843689e-01
1.134794130921363831e-01
1.396480053663253784e-01
1.344806402921676636e-01
1.235736533999443054e-01
1.220909282565116882e-01
1.250249892473220825e-01
1.146141812205314636e-01
1.108018681406974792e-01
1.024739220738410950e-01
1.869581788778305054e-01
1.631804704666137695e-01
1.500764489173889160e-01
1.224650368094444275e-01
1.225615739822387695e-01
1.189294978976249695e-01
1.334057450294494629e-01
1.078621223568916321e-01
1.290660351514816284e-01
1.463980972766876221e-01
1.397192627191543579e-01
1.576306968927383423e-01
1.305396407842636108e-01
1.494847536087036133e-01
1.363614797592163086e-01
1.260006576776504517e-01
1.414180397987365723e-01
1.085283383727073669e-01
1.761795133352279663e-01
1.308141797780990601e-01
1.165153458714485168e-01
1.151566803455352783e-01
1.287613660097122192e-01
1.285728365182876587e-01
1.412918567657470703e-01
1.249653622508049011e-01
1.075021699070930481e-01
9.565328806638717651e-02
1.064664423465728760e-01
1.203392148017883301e-01
1.347290724515914917e-01
1.453268229961395264e-01
1.418734043836593628e-01
1.362358480691909790e-01
1.253587901592254639e-01
1.387947350740432739e-01
1.269832253456115723e-01
1.228026226162910461e-01
1.227182075381278992e-01
1.055358275771141052e-01
1.695747971534729004e-01
1.216051876544952393e-01
1.509840041399002075e-01
1.267913132905960083e-01
1.150512322783470154e-01
1.177986785769462585e-01
1.160800978541374207e-01
1.089365705847740173e-01
1.334049850702285767e-01
1.278865337371826172e-01
1.352928876876831055e-01
1.333309561014175415e-01
1.068070232868194580e-01
1.358962804079055786e-01
1.498624384403228760e-01
1.270573139190673828e-01
1.329113990068435669e-01
1.488235145807266235e-01
1.220942959189414978e-01
1.008533015847206116e-01
1.441635191440582275e-01
1.260427683591842651e-01
1.333249062299728394e-01
1.450089961290359497e-01
1.431294828653335571e-01
1.280127018690109253e-01
1.188163235783576965e-01
1.283258199691772461e-01
1.456104964017868042e-01
1.138334348797798157e-01
1.721163243055343628e-01
1.165668740868568420e-01
1.325095444917678833e-01
1.506064534187316895e-01
1.134938299655914307e-01
1.042965650558471680e-01
1.822918504476547241e-01
1.267421841621398926e-01
1.423597931861877441e-01
1.302569061517715454e-01
1.018567010760307312e-01
1.309753507375717163e-01
1.347318589687347412e-01
1.399234384298324585e-01
1.218251287937164307e-01
1.276933103799819946e-01
1.186054944992065430e-01
1.482719182968139648e-01
1.246938705444335938e-01
1.129767000675201416e-01
1.088249608874320984e-01
1.079654693603515625e-01
1.422132998704910278e-01
1.042718291282653809e-01
1.274640113115310669e-01
1.303580254316329956e-01
1.159583628177642822e-01
1.189059987664222717e-01
1.322271972894668579e-01
1.464186459779739380e-01
1.306508928537368774e-01
1.384888738393783569e-01
1.316274404525756836e-01
1.590148359537124634e-01
1.329847425222396851e-01
1.488695740699768066e-01
1.566862463951110840e-01
1.117191240191459656e-01
1.225079298019409180e-01
1.250431984663009644e-01
1.428484916687011719e-01
1.232994571328163147e-01
1.242874786257743835e-01
1.350971609354019165e-01
1.049091219902038574e-01
1.083162054419517517e-01
1.174542009830474854e-01
1.469598859548568726e-01
1.136224493384361267e-01
1.129745468497276306e-01
1.278740763664245605e-01
1.510031074285507202e-01
1.339915096759796143e-01
1.453216522932052612e-01
1.253700107336044312e-01
1.321566551923751831e-01
1.475465744733810425e-01
1.331960111856460571e-01
1.306200623512268066e-01
1.285983026027679443e-01
1.365387290716171265e-01
1.260004788637161255e-01
1.570558995008468628e-01
1.341613084077835083e-01
1.298451274633407593e-01
1.238239333033561707e-01
1.290696263313293457e-01
9.044543653726577759e-02
1.064054071903228760e-01
1.231378912925720215e-01
1.450293511152267456e-01
1.489552408456802368e-01
1.446214467287063599e-01
1.240587905049324036e-01
1.080780625343322754e-01
1.287269145250320435e-01
1.304314583539962769e-01
