8.751109242439270020e-02
6.583494693040847778e-02
7.431915402412414551e-02
1.204164326190948486e-01
1.267285495996475220e-01
1.218923553824424744e-01
1.016631200909614563e-01
8.963420242071151733e-02
1.434309780597686768e-01
1.079306676983833313e-01
9.424491971731185913e-02
9.526040405035018921e-02
6.824625283479690552e-02
1.318529695272445679e-01
4.671569168567657471e-01
7.804632931947708130e-02
9.520464390516281128e-02
1.236043646931648254e-01
7.226396352052688599e-02
8.989874273538589478e-02
7.905649393796920776e-02
1.025276482105255127e-01
1.063586771488189697e-01
1.412682384252548218e-01
7.671076059341430664e-02
6.701169162988662720e-02
8.077024668455123901e-02
1.435085237026214600e-01
7.859904319047927856e-02
6.708279252052307129e-02
1.288742870092391968e-01
7.661063224077224731e-02
6.975456327199935913e-02
1.241707429289817810e-01
9.324464946985244751e-02
7.660528272390365601e-02
7.257598638534545898e-02
8.571070432662963867e-02
8.752956241369247437e-02
9.843105077743530273e-02
1.082438603043556213e-01
8.477158099412918091e-02
1.128833219408988953e-01
1.163047626614570618e-01
7.661720365285873413e-02
8.291343599557876587e-02
1.203327998518943787e-01
1.067352890968322754e-01
7.564100623130798340e-02
8.134875446557998657e-02
5.314892157912254333e-02
7.291147857904434204e-02
9.363353252410888672e-02
7.362817972898483276e-02
6.068079173564910889e-02
7.225558161735534668e-02
8.881476521492004395e-02
1.038336530327796936e-01
7.176123559474945068e-02
7.447598129510879517e-02
7.645764201879501343e-02
1.100832447409629822e-01
6.711443513631820679e-02
1.201139390468597412e-01
1.140077486634254456e-01
6.665921211242675781e-02
6.490895152091979980e-02
8.678064495325088501e-02
4.751230403780937195e-02
6.985221803188323975e-02
8.769875764846801758e-02
9.430014342069625854e-02
9.744232892990112305e-02
7.818204909563064575e-02
7.252204418182373047e-02
6.933667510747909546e-02
4.170252010226249695e-02
2.292401939630508423e-01
7.959494739770889282e-02
6.287807971239089966e-02
5.579452216625213623e-02
1.518776863813400269e-01
6.896439939737319946e-02
7.248718291521072388e-02
9.539573639631271362e-02
7.794325798749923706e-02
6.277822703123092651e-02
5.354496836662292480e-01
6.232028827071189880e-02
1.297310292720794678e-01
1.160195693373680115e-01
3.935205042362213135e-01
9.787666797637939453e-02
6.858702749013900757e-02
1.115300431847572327e-01
1.250940412282943726e-01
5.702823400497436523e-02
5.770510435104370117e-02
8.520201593637466431e-02
2.902138829231262207e-01
1.280080229043960571e-01
1.149713620543479919e-01
4.878926277160644531e-02
8.474198728799819946e-02
5.461155772209167480e-01
1.560422927141189575e-01
1.252966523170471191e-01
8.815145492553710938e-02
1.054721772670745850e-01
1.499205976724624634e-01
8.292033523321151733e-02
7.801786810159683228e-02
7.348527759313583374e-02
8.556837588548660278e-02
6.584753841161727905e-02
8.113639801740646362e-02
4.416229203343391418e-02
6.545533239841461182e-02
9.317210316658020020e-02
2.159632444381713867e-01
6.768327951431274414e-02
7.006131857633590698e-02
9.842618554830551147e-02
6.265095621347427368e-02
6.433878093957901001e-02
9.122463315725326538e-02
5.934542417526245117e-02
1.031681969761848450e-01
6.102184578776359558e-02
8.107718825340270996e-02
1.129822432994842529e-01
7.367276400327682495e-02
8.192136883735656738e-02
7.185845822095870972e-02
7.550780475139617920e-02
1.367898434400558472e-01
8.581867069005966187e-02
7.097779214382171631e-02
1.166977286338806152e-01
9.694846719503402710e-02
1.338889002799987793e-01
1.175514683127403259e-01
7.088361680507659912e-02
1.548870801925659180e-01
1.605496555566787720e-01
4.928201436996459961e-02
8.085368573665618896e-02
8.530352264642715454e-02
4.616047441959381104e-02
1.167294979095458984e-01
7.139418274164199829e-02
6.139399483799934387e-02
9.938251972198486328e-02
6.302445381879806519e-02
6.203618645668029785e-02
1.295772790908813477e-01
5.962725356221199036e-02
1.162844896316528320e-01
7.718504220247268677e-02
6.871994584798812866e-02
1.111208572983741760e-01
1.269027143716812134e-01
9.671172499656677246e-02
7.330796122550964355e-02
5.975117161870002747e-02
4.103969410061836243e-02
2.083010524511337280e-01
6.407761573791503906e-02
6.760665774345397949e-02
9.502661228179931641e-02
7.611177116632461548e-02
6.347066909074783325e-02
1.546765416860580444e-01
5.243805050849914551e-02
1.397824138402938843e-01
1.034547388553619385e-01
3.371563181281089783e-02
8.013701438903808594e-02
1.390840262174606323e-01
8.281715214252471924e-02
9.576424211263656616e-02
8.973357826471328735e-02
1.285498142242431641e-01
9.551955014467239380e-02
7.040894776582717896e-02
1.195513606071472168e-01
6.368980556726455688e-02
1.479141712188720703e-01
5.375200510025024414e-02
1.414781659841537476e-01
7.122547179460525513e-02
3.892532363533973694e-02
5.897658690810203552e-02
6.280822306871414185e-02
5.480581894516944885e-02
1.043542623519897461e-01
1.053454801440238953e-01
6.941657513380050659e-02
1.070489510893821716e-01
4.707165062427520752e-01
9.536439180374145508e-02
8.345834165811538696e-02
9.331826120615005493e-02
4.542435705661773682e-02
4.836512729525566101e-02
7.319243997335433960e-02
8.156354725360870361e-02
1.217533573508262634e-01
7.349887490272521973e-02
1.031362488865852356e-01
8.703705668449401855e-02
5.014435946941375732e-02
9.054782241582870483e-02
7.345680147409439087e-02
9.720287472009658813e-02
1.073620095849037170e-01
1.173296943306922913e-01
8.509501069784164429e-02
5.045402050018310547e-02
7.297384738922119141e-02
6.749995797872543335e-02
6.588048487901687622e-02
6.378086656332015991e-02
8.023566752672195435e-02
5.126992985606193542e-02
8.740896731615066528e-02
4.169988632202148438e-02
6.638320535421371460e-02
5.106509849429130554e-02
9.649892896413803101e-02
1.010879501700401306e-01
6.285046786069869995e-02
6.295160204172134399e-02
1.035655960440635681e-01
6.474665552377700806e-02
6.290324032306671143e-02
9.194475412368774414e-02
8.818298578262329102e-02
3.825919330120086670e-02
7.527262717485427856e-02
5.510057136416435242e-02
8.903337270021438599e-02
7.992986589670181274e-02
6.126560270786285400e-02
4.614901915192604065e-02
6.653744727373123169e-02
8.844809979200363159e-02
9.641193598508834839e-02
1.084454357624053955e-01
1.159655153751373291e-01
7.908733934164047241e-02
1.114315986633300781e-01
9.312386065721511841e-02
5.225993320345878601e-02
8.060487359762191772e-02
1.049281060695648193e-01
7.325712591409683228e-02
7.338161021471023560e-02
1.091797128319740295e-01
8.024966716766357422e-02
9.153861552476882935e-02
4.233684018254280090e-02
1.388041973114013672e-01
1.020626127719879150e-01
1.047575995326042175e-01
5.977883562445640564e-02
6.919419020414352417e-02
9.449581056833267212e-02
8.442779630422592163e-02
6.276094168424606323e-02
9.276042580604553223e-01
7.963743060827255249e-02
8.488097041845321655e-02
8.973247557878494263e-02
6.853545457124710083e-02
8.688852936029434204e-02
8.558368682861328125e-02
1.703085154294967651e-01
1.030624136328697205e-01
6.489803642034530640e-02
1.057994887232780457e-01
1.284202337265014648e-01
8.441996574401855469e-02
1.281755715608596802e-01
9.098339825868606567e-02
6.000467017292976379e-02
8.745745569467544556e-02
1.040804460644721985e-01
9.298761934041976929e-02
1.209652423858642578e-01
8.491215109825134277e-02
1.224795356392860413e-01
6.852792948484420776e-02
7.573705166578292847e-02
4.842460155487060547e-01
9.730584174394607544e-02
1.062478199601173401e-01
1.097138300538063049e-01
7.604285329580307007e-02
7.310027629137039185e-02
1.037994995713233948e-01
1.092068031430244446e-01
7.865377515554428101e-02
1.254611164331436157e-01
1.284885853528976440e-01
7.200474292039871216e-02
1.257504671812057495e-01
1.180559694766998291e-01
8.704474568367004395e-02
7.491245120763778687e-02
7.026017457246780396e-02
1.176387071609497070e-01
7.229497283697128296e-02
7.935445010662078857e-02
1.219976171851158142e-01
5.145077779889106750e-02
8.878981322050094604e-02
1.059591472148895264e-01
7.483634352684020996e-02
9.384453296661376953e-02
1.351245790719985962e-01
9.424328804016113281e-02
8.366795629262924194e-02
7.222013920545578003e-02
9.641224890947341919e-02
8.372996002435684204e-02
1.038307175040245056e-01
5.438436940312385559e-02
9.755223244428634644e-02
1.064219951629638672e+00
8.915116637945175171e-02
9.222573041915893555e-02
1.100246310234069824e-01
5.182586237788200378e-02
3.269243612885475159e-02
6.520555168390274048e-02
1.063882485032081604e-01
1.091662943363189697e-01
1.534726321697235107e-01
1.324831843376159668e-01
6.932352483272552490e-02
4.862483218312263489e-02
1.162413954734802246e-01
6.829382479190826416e-02
1.029840931296348572e-01
2.019074410200119019e-01
9.131956100463867188e-02
6.717294454574584961e-02
6.998274475336074829e-02
5.748295783996582031e-02
7.550247758626937866e-02
8.557006716728210449e-02
8.305409550666809082e-02
1.114817038178443909e-01
1.429996937513351440e-01
4.495491087436676025e-02
3.781305253505706787e-02
9.278867393732070923e-02
7.253418117761611938e-02
8.141665160655975342e-02
6.680185347795486450e-02
9.354510158300399780e-02
1.246969178318977356e-01
2.835498750209808350e-01
5.924708768725395203e-02
9.082994610071182251e-02
7.968083024024963379e-02
1.002257689833641052e-01
6.717603653669357300e-02
8.069668412208557129e-01
7.726101577281951904e-02
8.993401378393173218e-02
7.013671845197677612e-02
8.543378114700317383e-02
1.028113961219787598e-01
8.816257864236831665e-02
6.578307598829269409e-02
1.100941523909568787e-01
6.267181783914566040e-02
1.172017827630043030e-01
7.251510024070739746e-02
4.785048961639404297e-02
8.141469210386276245e-02
9.610205888748168945e-02
1.096899136900901794e-01
6.878491491079330444e-02
5.562390387058258057e-02
8.697851747274398804e-02
7.131940126419067383e-02
6.316287815570831299e-02
8.634046465158462524e-02
1.229424104094505310e-01
8.741219043731689453e-01
1.088308393955230713e-01
9.058729559183120728e-02
6.351777166128158569e-02
6.590297073125839233e-02
8.260000497102737427e-02
1.632914692163467407e-01
5.921086296439170837e-02
7.534742355346679688e-02
3.300046026706695557e-01
1.187876388430595398e-01
1.657209843397140503e-01
7.467732578516006470e-02
6.483281403779983521e-02
7.705784589052200317e-02
1.067616939544677734e-01
2.229294776916503906e-01
5.273242592811584473e-01
1.274667978286743164e-01
7.491508126258850098e-02
7.545823603868484497e-02
4.864892363548278809e-02
7.686060667037963867e-02
1.292665749788284302e-01
4.607390239834785461e-02
3.403466939926147461e-02
6.922654807567596436e-02
1.186652183532714844e-01
6.304632872343063354e-02
1.092012524604797363e-01
7.177153229713439941e-02
1.108645722270011902e-01
1.423497349023818970e-01
8.976262062788009644e-02
1.388935893774032593e-01
8.004713803529739380e-02
1.370508670806884766e-01
1.367402523756027222e-01
8.136232942342758179e-02
1.312709003686904907e-01
7.715296745300292969e-02
4.814359918236732483e-02
8.001383394002914429e-02
2.713006436824798584e-01
8.212620764970779419e-02
1.457656770944595337e-01
6.753989309072494507e-02
1.640298366546630859e-01
1.173714101314544678e-01
1.071731224656105042e-01
6.530763208866119385e-02
8.892658352851867676e-02
1.098571494221687317e-01
9.773749858140945435e-02
1.424243003129959106e-01
5.298614874482154846e-02
4.427028819918632507e-02
1.471720784902572632e-01
5.873576179146766663e-02
8.912035822868347168e-02
1.039895787835121155e-01
9.611662477254867554e-02
6.901770830154418945e-02
1.000114455819129944e-01
1.129458546638488770e-01
1.340017467737197876e-01
9.419437497854232788e-02
1.627327352762222290e-01
9.775840491056442261e-02
8.101517707109451294e-02
9.080445766448974609e-02
7.652049511671066284e-02
1.111701354384422302e-01
8.488104492425918579e-02
2.468133717775344849e-01
1.125723049044609070e-01
1.015297845005989075e-01
6.679771095514297485e-02
8.931517601013183594e-02
8.046597987413406372e-02
1.465958803892135620e-01
1.056692972779273987e-01
1.631117463111877441e-01
1.493565589189529419e-01
1.153224185109138489e-01
9.815602749586105347e-02
1.070368960499763489e-01
1.372790783643722534e-01
5.492554977536201477e-02
8.818883448839187622e-02
9.143606573343276978e-02
1.008963584899902344e-01
1.332384645938873291e-01
7.242915779352188110e-02
1.101865544915199280e-01
1.264852881431579590e-01
8.946163207292556763e-02
6.659615039825439453e-02
1.354269534349441528e-01
1.279434114694595337e-01
1.146516278386116028e-01
7.320650666952133179e-02
1.113357916474342346e-01
7.278259843587875366e-02
9.670283645391464233e-02
5.626004561781883240e-02
7.924025505781173706e-02
6.402657926082611084e-02
8.698479086160659790e-02
6.963742524385452271e-02
9.731006622314453125e-02
6.372498720884323120e-02
7.654571533203125000e-02
8.536201715469360352e-02
1.361336857080459595e-01
8.674641698598861694e-02
8.563122153282165527e-02
5.831640958786010742e-02
1.126852110028266907e-01
1.541543751955032349e-01
7.863657176494598389e-02
5.324339866638183594e-02
8.781003952026367188e-02
8.959078788757324219e-02
7.658746838569641113e-02
7.254419475793838501e-02
7.546945661306381226e-02
8.351942896842956543e-02
9.043637663125991821e-02
1.071076169610023499e-01
6.967956572771072388e-02
8.300202339887619019e-02
8.285372704267501831e-02
1.036187037825584412e-01
1.343141645193099976e-01
7.578068226575851440e-02
9.410751610994338989e-02
7.304693758487701416e-02
9.693047404289245605e-02
8.034712076187133789e-02
1.455654054880142212e-01
7.548246532678604126e-02
8.668017387390136719e-02
6.832775473594665527e-02
6.871688365936279297e-02
6.310828775167465210e-02
1.070611551403999329e-01
1.101259589195251465e-01
6.379465013742446899e-02
6.447600573301315308e-02
7.358083128929138184e-02
8.584713190793991089e-02
8.496773988008499146e-02
7.846906036138534546e-02
5.723370239138603210e-02
8.582945913076400757e-02
9.191652387380599976e-02
8.477363735437393188e-02
9.262479096651077271e-02
1.117028221487998962e-01
7.739681750535964966e-02
6.691478937864303589e-02
6.570473313331604004e-02
9.758780151605606079e-02
9.407252818346023560e-02
9.085754305124282837e-02
9.766668081283569336e-02
8.904687315225601196e-02
6.136640906333923340e-02
6.893154233694076538e-02
1.057616099715232849e-01
7.673245668411254883e-02
5.606000125408172607e-02
6.359813362360000610e-02
7.277206331491470337e-02
5.990632250905036926e-02
1.230191588401794434e-01
4.179346561431884766e-02
9.430970996618270874e-02
7.008405029773712158e-02
5.796750262379646301e-02
7.176431268453598022e-02
1.041555181145668030e-01
5.200296267867088318e-02
6.026618555188179016e-02
1.504230946302413940e-01
6.068130210041999817e-02
1.453479975461959839e-01
5.301161110401153564e-02
8.408745378255844116e-02
2.793533802032470703e-01
5.831503868103027344e-02
9.775594621896743774e-02
5.731399729847908020e-02
5.084924027323722839e-02
8.765345811843872070e-02
7.892580330371856689e-02
9.701964259147644043e-02
1.749849319458007812e-01
1.378430724143981934e-01
1.111945882439613342e-01
7.979841530323028564e-02
7.814019173383712769e-02
4.257991909980773926e-02
1.154709458351135254e-01
7.533388584852218628e-02
1.101309284567832947e-01
7.669248431921005249e-02
8.446156978607177734e-02
9.090334177017211914e-02
7.502871751785278320e-02
8.341846615076065063e-02
3.726344183087348938e-02
6.197072193026542664e-02
8.612742274999618530e-02
1.336207091808319092e-01
9.540420025587081909e-02
3.635841608047485352e-02
6.666506081819534302e-02
6.284984946250915527e-02
1.409820467233657837e-01
1.506943553686141968e-01
9.645202010869979858e-02
9.598592668771743774e-02
6.103445962071418762e-02
8.727705478668212891e-02
7.208117097616195679e-02
6.191867217421531677e-02
1.198855340480804443e-01
8.879068493843078613e-02
3.137602508068084717e-01
8.157292753458023071e-02
5.347641184926033020e-02
9.943941980600357056e-02
7.529019564390182495e-02
6.675491482019424438e-02
1.004095897078514099e-01
1.254236102104187012e-01
1.017707809805870056e-01
4.083430394530296326e-02
6.888901442289352417e-02
7.662010192871093750e-02
8.582174777984619141e-02
6.707245856523513794e-02
1.257691532373428345e-01
5.378584936261177063e-02
5.056367814540863037e-02
9.125084429979324341e-02
5.446584895253181458e-02
9.777096658945083618e-02
7.695204019546508789e-02
4.645596072077751160e-02
1.215593889355659485e-01
5.802981927990913391e-02
8.514040708541870117e-02
7.510026544332504272e-02
6.973565369844436646e-02
1.209229603409767151e-01
1.166749522089958191e-01
8.234804123640060425e-02
5.779099464416503906e-01
6.205816194415092468e-02
8.122556656599044800e-02
2.770321667194366455e-01
8.857820183038711548e-02
1.658053845167160034e-01
1.072429046034812927e-01
8.061152696609497070e-02
1.036351099610328674e-01
8.692785352468490601e-02
8.828743547201156616e-02
9.184598922729492188e-02
4.871757328510284424e-02
1.227668225765228271e-01
5.697352811694145203e-02
4.373002052307128906e-02
7.029291242361068726e-02
3.919457644224166870e-02
9.664654731750488281e-02
5.898453295230865479e-02
1.357899308204650879e-01
9.193446487188339233e-02
8.483594655990600586e-02
1.230834797024726868e-01
9.314993768930435181e-02
7.416850328445434570e-02
3.979248702526092529e-01
5.546655133366584778e-02
8.345600217580795288e-02
1.068143546581268311e-01
7.078522443771362305e-02
4.304018989205360413e-02
9.177684783935546875e-02
9.177877753973007202e-02
7.166524976491928101e-02
5.323000624775886536e-02
9.158382564783096313e-02
5.394224822521209717e-02
6.806686520576477051e-02
7.854176312685012817e-02
9.496191889047622681e-02
5.560155585408210754e-02
7.981549948453903198e-02
9.566690772771835327e-02
8.676576614379882812e-02
1.226428225636482239e-01
1.066546067595481873e-01
8.835097402334213257e-02
6.318175047636032104e-02
7.475168704986572266e-01
1.185626089572906494e-01
6.010096892714500427e-02
1.059670820832252502e-01
8.311793953180313110e-02
7.498264312744140625e-02
1.810371726751327515e-01
6.020575389266014099e-02
7.219430059194564819e-02
8.490675687789916992e-02
6.070964038372039795e-02
6.689264625310897827e-02
7.002186030149459839e-02
1.734661459922790527e-01
1.042959466576576233e-01
6.257741153240203857e-02
1.014411523938179016e-01
5.846252664923667908e-02
9.624493122100830078e-02
1.323262602090835571e-01
1.554146409034729004e-01
7.872775197029113770e-02
6.005768105387687683e-02
4.787464812397956848e-02
4.323413968086242676e-02
1.205639466643333435e-01
1.559526175260543823e-01
8.465015143156051636e-02
6.748147308826446533e-02
9.547144174575805664e-02
1.223063468933105469e-01
9.060975164175033569e-02
7.979845255613327026e-02
8.404403179883956909e-02
1.114065647125244141e-01
1.032843664288520813e-01
6.928752362728118896e-02
1.652975380420684814e-01
1.069945096969604492e-01
1.466544121503829956e-01
7.821794599294662476e-02
5.198876559734344482e-02
5.870343372225761414e-02
6.594160944223403931e-02
6.747297197580337524e-02
3.221594393253326416e-01
4.683093726634979248e-02
9.833269566297531128e-02
5.789751932024955750e-02
1.398632675409317017e-01
4.612395167350769043e-02
1.974526643753051758e-01
1.160214319825172424e-01
9.171229600906372070e-02
7.714468240737915039e-02
1.260718852281570435e-01
5.620189383625984192e-02
7.341559976339340210e-02
1.834170669317245483e-01
9.173160791397094727e-02
1.270116865634918213e-01
9.347242116928100586e-02
1.695515364408493042e-01
7.378732413053512573e-02
8.604622632265090942e-02
7.481538504362106323e-02
8.033402264118194580e-02
4.857181012630462646e-02
6.654815375804901123e-02
7.041712850332260132e-02
8.522627502679824829e-02
1.097117140889167786e-01
4.442514851689338684e-02
7.858267426490783691e-02
5.255630984902381897e-02
6.737690418958663940e-02
5.940239503979682922e-02
1.156180873513221741e-01
6.872463971376419067e-02
1.108098849654197693e-01
4.253171682357788086e-01
8.811539411544799805e-02
7.206841558218002319e-02
9.919780492782592773e-02
1.014181077480316162e-01
7.472053170204162598e-02
8.913757652044296265e-02
4.798015579581260681e-02
2.018293589353561401e-01
8.820959180593490601e-02
9.222305566072463989e-02
8.466824144124984741e-02
4.443456605076789856e-02
5.259020626544952393e-02
1.352387219667434692e-01
4.985177144408226013e-02
7.040859013795852661e-02
8.300117403268814087e-02
7.001330703496932983e-02
7.147975265979766846e-02
9.058160334825515747e-02
5.663884803652763367e-02
1.537407785654067993e-01
8.834586292505264282e-02
7.030718028545379639e-02
8.246442675590515137e-02
8.212351053953170776e-02
9.965410232543945312e-01
8.766611665487289429e-02
7.917354255914688110e-02
8.204416185617446899e-02
6.255977600812911987e-02
7.727929204702377319e-02
8.867564052343368530e-02
5.974024534225463867e-02
1.114160194993019104e-01
8.877144008874893188e-02
7.269045710563659668e-02
5.613118037581443787e-02
1.014804542064666748e-01
4.860396310687065125e-02
2.193069010972976685e-01
1.320824474096298218e-01
7.902570813894271851e-02
9.687601774930953979e-02
5.675175413489341736e-02
1.114897504448890686e-01
8.756003528833389282e-02
1.033926010131835938e-01
1.133967861533164978e-01
6.363344192504882812e-02
6.016896665096282959e-02
7.443996518850326538e-02
1.339151710271835327e-01
8.304565399885177612e-02
9.609945863485336304e-02
9.596848487854003906e-02
8.161842077970504761e-02
8.298921585083007812e-02
7.228748500347137451e-02
8.999516814947128296e-02
5.408991500735282898e-02
9.400976449251174927e-02
6.770062446594238281e-02
9.298671036958694458e-02
1.052758023142814636e-01
6.307239085435867310e-02
1.061795726418495178e-01
6.348241865634918213e-02
1.331348866224288940e-01
6.190912425518035889e-02
8.240739256143569946e-02
7.638947665691375732e-02
5.366629362106323242e-02
1.256480813026428223e-01
7.123965770006179810e-02
8.226521313190460205e-02
9.310626983642578125e-02
7.652831822633743286e-02
4.746098816394805908e-02
5.054533854126930237e-02
7.467319816350936890e-02
5.463171005249023438e-02
1.289165467023849487e-01
9.789206832647323608e-02
7.760026305913925171e-02
1.303314417600631714e-01
4.094973206520080566e-02
6.101974844932556152e-02
6.374305486679077148e-02
1.145716831088066101e-01
6.649415940046310425e-02
8.601776510477066040e-02
6.593272089958190918e-02
8.927383273839950562e-02
4.226914420723915100e-02
1.584890931844711304e-01
6.337154656648635864e-02
4.317577183246612549e-02
1.045605167746543884e-01
2.008913159370422363e-01
5.463505908846855164e-02
6.617095321416854858e-02
9.587617963552474976e-02
9.258615970611572266e-02
9.417343139648437500e-02
7.134262472391128540e-02
2.823440730571746826e-01
5.379058793187141418e-02
6.599450111389160156e-02
3.544012308120727539e-01
6.100261211395263672e-02
1.091480627655982971e-01
8.995678275823593140e-02
9.637693315744400024e-02
4.933441802859306335e-02
5.561533942818641663e-02
9.050017595291137695e-02
9.831605106592178345e-02
8.382333070039749146e-02
1.134718954563140869e-01
9.888271242380142212e-02
8.417302370071411133e-02
1.148324385285377502e-01
9.592767804861068726e-02
7.024326920509338379e-02
7.689157128334045410e-02
7.424194365739822388e-02
1.181162670254707336e-01
7.086541503667831421e-02
6.684443354606628418e-02
3.996509686112403870e-02
2.432872503995895386e-01
1.108074411749839783e-01
4.377052560448646545e-02
3.276947140693664551e-01
1.107004284858703613e-01
7.532127946615219116e-02
8.621365576982498169e-02
6.749293953180313110e-02
1.058056950569152832e-01
1.316982358694076538e-01
7.916954904794692993e-02
1.193590685725212097e-01
8.969271928071975708e-02
6.475432962179183960e-02
5.741262435913085938e-02
1.415989547967910767e-01
1.281163692474365234e-01
9.513003379106521606e-02
4.469360783696174622e-02
5.178667977452278137e-02
8.852603286504745483e-02
2.566579878330230713e-01
1.004815474152565002e-01
9.239018708467483521e-02
9.233168512582778931e-02
4.888842627406120300e-02
7.338088005781173706e-02
1.082801222801208496e-01
5.995982885360717773e-02
1.321818977594375610e-01
7.450572401285171509e-02
7.541794329881668091e-02
5.956738069653511047e-02
9.856875985860824585e-02
1.282580941915512085e-01
8.335687965154647827e-02
3.541991114616394043e-02
7.436285167932510376e-02
1.087549701333045959e-01
9.269767999649047852e-02
1.150869950652122498e-01
5.797702446579933167e-02
1.084776520729064941e-01
1.062008365988731384e-01
8.343907445669174194e-02
7.814996689558029175e-02
6.933256238698959351e-02
1.338756829500198364e-01
1.008656248450279236e-01
8.983554691076278687e-02
9.076779335737228394e-02
1.036051213741302490e-01
5.299435928463935852e-02
1.145413443446159363e-01
7.935360074043273926e-02
7.299607247114181519e-02
1.038179770112037659e-01
9.236406534910202026e-02
7.504922896623611450e-02
6.703118234872817993e-02
8.460269123315811157e-02
6.970103830099105835e-02
8.473596721887588501e-02
5.896392464637756348e-02
8.156294375658035278e-02
1.402003020048141479e-01
9.333012253046035767e-02
6.064211204648017883e-02
7.888186722993850708e-02
1.367156356573104858e-01
9.794777631759643555e-02
5.347006395459175110e-02
1.322465837001800537e-01
8.820599317550659180e-02
1.143919005990028381e-01
6.963840126991271973e-02
5.726226791739463806e-02
1.406831294298171997e-01
7.008898258209228516e-02
8.341762423515319824e-02
5.853359028697013855e-02
1.210435107350349426e-01
7.657263427972793579e-02
7.317870855331420898e-02
1.126577630639076233e-01
9.510511159896850586e-02
7.553937286138534546e-02
9.910938143730163574e-02
5.358135700225830078e-02
7.931844145059585571e-02
1.714065521955490112e-01
1.142377853393554688e-01
1.046455726027488708e-01
8.255224674940109253e-02
8.218053728342056274e-02
7.145882397890090942e-02
7.711706310510635376e-02
7.801665365695953369e-02
5.284551158547401428e-02
1.027222350239753723e-01
5.725897476077079773e-02
1.097692847251892090e-01
9.397486597299575806e-02
9.128642082214355469e-02
1.636618673801422119e-01
8.276502043008804321e-02
9.397417306900024414e-02
3.439040184020996094e-01
1.308845132589340210e-01
7.246663421392440796e-02
1.019989177584648132e-01
6.815894693136215210e-02
8.125523477792739868e-02
1.022272706031799316e-01
7.195968180894851685e-02
8.055467158555984497e-02
7.517733424901962280e-02
6.531468778848648071e-02
9.416532516479492188e-02
1.003083810210227966e-01
9.769263863563537598e-02
1.121045425534248352e-01
5.311158671975135803e-02
3.300340175628662109e-01
6.305468827486038208e-02
1.977510899305343628e-01
5.897260084748268127e-02
1.120569705963134766e-01
6.804738193750381470e-02
7.573474943637847900e-02
9.610191732645034790e-02
9.861668199300765991e-02
1.008519828319549561e-01
5.853302776813507080e-02
1.014267206192016602e-01
8.235017955303192139e-02
1.000973582267761230e-01
6.642150878906250000e-02
1.297161132097244263e-01
3.371692821383476257e-02
7.359122484922409058e-02
7.938485592603683472e-02
7.658024132251739502e-02
7.923045754432678223e-02
8.606854826211929321e-02
1.066244617104530334e-01
6.982155889272689819e-02
5.189046263694763184e-02
9.493046998977661133e-02
6.785465031862258911e-02
1.370527148246765137e-01
1.090375855565071106e-01
9.017498046159744263e-02
4.394173622131347656e-02
9.557330608367919922e-02
8.411353826522827148e-02
8.448424190282821655e-02
1.228612586855888367e-01
5.438062921166419983e-02
5.105948448181152344e-02
5.910759791731834412e-02
1.142446622252464294e-01
6.619218736886978149e-02
3.953900933265686035e-02
6.656197458505630493e-02
4.782307147979736328e-02
5.323184654116630554e-02
7.756061106920242310e-02
8.182534575462341309e-02
5.076752603054046631e-02
7.106515765190124512e-02
7.718628644943237305e-02
4.809494316577911377e-02
8.443427830934524536e-02
2.564512491226196289e-01
1.056459769606590271e-01
1.298115104436874390e-01
1.018830239772796631e-01
5.802080035209655762e-02
1.000151559710502625e-01
5.030455067753791809e-02
1.609149426221847534e-01
5.842470005154609680e-02
9.768476337194442749e-02
1.079163029789924622e-01
8.117820322513580322e-02
5.492350459098815918e-02
6.780227273702621460e-02
5.598818883299827576e-02
1.053808853030204773e-01
9.269592165946960449e-02
9.482812136411666870e-02
7.440562546253204346e-02
6.874933838844299316e-02
5.351294204592704773e-02
7.075512409210205078e-02
9.228882193565368652e-02
8.665347844362258911e-02
4.886852204799652100e-02
4.691950604319572449e-02
3.520086035132408142e-02
5.159242078661918640e-02
9.372052550315856934e-02
1.118084415793418884e-01
8.918634057044982910e-02
6.861749291419982910e-02
7.786406576633453369e-02
7.350774854421615601e-02
4.609153047204017639e-02
1.209123805165290833e-01
8.337610960006713867e-02
8.114579319953918457e-02
4.152259603142738342e-02
2.928807139396667480e-01
1.086783185601234436e-01
5.801117047667503357e-02
1.100182309746742249e-01
1.128771305084228516e-01
4.144341498613357544e-02
6.473030149936676025e-02
7.317517697811126709e-02
3.866026401519775391e-01
1.011323556303977966e-01
6.345472484827041626e-02
4.971480742096900940e-02
6.606513261795043945e-02
5.988307297229766846e-02
8.872979879379272461e-02
5.097177252173423767e-02
4.866076633334159851e-02
1.010019108653068542e-01
9.431082010269165039e-02
5.828542634844779968e-02
6.385876983404159546e-02
7.515624910593032837e-02
1.555386632680892944e-01
5.199752748012542725e-02
8.852218836545944214e-02
1.177670881152153015e-01
1.091076955199241638e-01
1.092081367969512939e-01
8.336826413869857788e-02
6.262627243995666504e-02
7.281249761581420898e-02
1.265173703432083130e-01
6.109572574496269226e-02
7.575335353612899780e-02
8.008155226707458496e-02
9.711393713951110840e-02
1.050842627882957458e-01
7.655000686645507812e-02
1.069668307900428772e-01
1.069604977965354919e-01
5.903246998786926270e-02
6.038343906402587891e-02
8.968985080718994141e-02
5.137574300169944763e-02
8.043792098760604858e-02
2.151657789945602417e-01
1.337128132581710815e-01
7.723730802536010742e-02
7.217621058225631714e-02
7.854674011468887329e-02
7.318826764822006226e-02
6.029078364372253418e-02
1.654206663370132446e-01
7.745216041803359985e-02
2.073116302490234375e-01
5.153581500053405762e-02
6.850906461477279663e-02
7.674238830804824829e-02
8.096224814653396606e-02
9.038750082254409790e-02
1.074326932430267334e-01
5.602548643946647644e-02
1.002997532486915588e-01
8.153500407934188843e-02
6.933755427598953247e-02
8.599337935447692871e-02
8.834435790777206421e-02
7.952364534139633179e-02
1.155308708548545837e-01
5.928095057606697083e-02
7.397634536027908325e-02
1.130604967474937439e-01
1.044853255152702332e-01
4.875281453132629395e-02
1.231891736388206482e-01
1.270579546689987183e-01
5.380604788661003113e-02
7.802248001098632812e-02
5.794623494148254395e-02
8.094571530818939209e-02
1.157881021499633789e-01
9.051269292831420898e-02
7.303655147552490234e-02
7.021100819110870361e-02
6.558503955602645874e-02
5.603994056582450867e-02
7.162480801343917847e-02
5.075633898377418518e-02
2.366898506879806519e-01
7.051016390323638916e-02
7.799240201711654663e-02
6.011301651597023010e-02
1.208781898021697998e-01
6.120505928993225098e-02
9.823105484247207642e-02
1.160567477345466614e-01
7.097886502742767334e-02
6.280703097581863403e-02
7.694525271654129028e-02
7.296356558799743652e-02
1.113252565264701843e-01
6.363260746002197266e-02
1.221104860305786133e-01
2.502101361751556396e-01
1.379341036081314087e-01
9.189998358488082886e-02
7.775012403726577759e-02
8.014713972806930542e-02
6.449521332979202271e-02
9.885666519403457642e-02
3.561829403042793274e-02
9.081204980611801147e-02
1.035231053829193115e-01
5.873347818851470947e-02
1.601293832063674927e-01
7.547273486852645874e-02
6.693660467863082886e-02
1.170041561126708984e-01
1.768951416015625000e-01
7.577653229236602783e-02
1.041511073708534241e-01
1.094072684645652771e-01
8.610359579324722290e-02
5.383465811610221863e-02
8.783152699470520020e-02
9.613718837499618530e-02
4.406391084194183350e-01
7.455543428659439087e-02
7.158169895410537720e-02
7.098876684904098511e-02
8.022081851959228516e-02
5.400641635060310364e-02
5.814641714096069336e-02
1.950695067644119263e-01
9.126079827547073364e-02
8.349082618951797485e-02
5.741980299353599548e-02
6.049121543765068054e-02
7.519518584012985229e-02
1.544993817806243896e-01
7.639374583959579468e-02
5.765068903565406799e-02
1.206114888191223145e-01
9.153717756271362305e-02
3.623435646295547485e-02
8.250100165605545044e-02
1.846539527177810669e-01
1.670730710029602051e-01
4.438419267535209656e-02
1.192241981625556946e-01
7.469151169061660767e-02
8.808460086584091187e-02
6.237092986702919006e-02
4.893896356225013733e-02
9.211886674165725708e-02
4.924346134066581726e-02
1.083024740219116211e-01
9.964580088853836060e-02
7.533135265111923218e-02
9.232201427221298218e-02
7.467183470726013184e-02
1.298271268606185913e-01
7.078755646944046021e-02
1.183922514319419861e-01
6.224746629595756531e-02
1.012828052043914795e-01
7.439727336168289185e-02
8.381870388984680176e-02
8.447057008743286133e-02
5.336770042777061462e-02
1.248595491051673889e-01
1.039699688553810120e-01
8.801730722188949585e-02
1.208940818905830383e-01
6.150440499186515808e-02
6.571212410926818848e-02
7.096735388040542603e-02
6.790504604578018188e-02
1.128089949488639832e-01
6.072194874286651611e-02
1.306875348091125488e+00
8.923095464706420898e-02
1.269713491201400757e-01
8.544345945119857788e-02
9.062925726175308228e-02
1.333870440721511841e-01
1.206737384200096130e-01
9.551217406988143921e-02
1.150919795036315918e-01
5.874514952301979065e-02
9.177100658416748047e-02
7.538864016532897949e-02
6.367786973714828491e-02
8.369389176368713379e-02
8.185326308012008667e-02
1.010586023330688477e-01
1.007305979728698730e-01
5.905586853623390198e-02
8.262910693883895874e-02
7.482957094907760620e-02
1.403434425592422485e-01
7.991221547126770020e-02
5.591420456767082214e-02
6.044187769293785095e-02
1.141419485211372375e-01
6.822196394205093384e-02
4.953928291797637939e-01
6.294772028923034668e-02
4.826083779335021973e-02
8.527777343988418579e-02
1.443649679422378540e-01
5.057152733206748962e-02
5.527138337492942810e-02
9.856510907411575317e-02
1.047275885939598083e-01
4.285021498799324036e-02
7.670094817876815796e-02
6.901112943887710571e-02
5.159905925393104553e-02
9.334149211645126343e-02
5.589154362678527832e-02
2.181725502014160156e-01
6.544670462608337402e-02
9.021245688199996948e-02
7.218160480260848999e-02
4.787714779376983643e-02
7.086885720491409302e-02
5.525234341621398926e-02
6.428997218608856201e-02
1.812989562749862671e-01
8.931112289428710938e-02
8.541137725114822388e-02
8.776369690895080566e-02
6.726804375648498535e-02
1.452650427818298340e-01
2.979252338409423828e-01
1.176532208919525146e-01
8.370829373598098755e-02
9.992314130067825317e-02
6.748662143945693970e-02
8.376362919807434082e-02
7.085726410150527954e-02
5.928074195981025696e-02
6.814117729663848877e-02
1.288331300020217896e-01
1.561138182878494263e-01
5.589624121785163879e-02
8.854933828115463257e-02
6.191756203770637512e-02
9.987434744834899902e-02
8.090719580650329590e-02
7.409464567899703979e-02
7.337751239538192749e-02
5.204971134662628174e-02
1.070241853594779968e-01
7.203949987888336182e-02
9.025498479604721069e-02
9.267456084489822388e-02
1.180444955825805664e-01
3.833677992224693298e-02
5.856763944029808044e-02
1.079001203179359436e-01
5.140057206153869629e-02
7.310421019792556763e-02
6.064870953559875488e-02
7.470002770423889160e-02
1.499640196561813354e-01
1.044412627816200256e-01
1.132672205567359924e-01
9.740906208753585815e-02
9.279036521911621094e-02
6.932456046342849731e-02
1.266161054372787476e-01
8.564583212137222290e-02
7.917205244302749634e-02
8.884193748235702515e-02
7.341947406530380249e-02
4.758759960532188416e-02
9.267777204513549805e-02
8.738449960947036743e-02
1.481339335441589355e-01
6.871544569730758667e-02
7.839507609605789185e-02
7.829636335372924805e-02
5.803020671010017395e-02
8.056021481752395630e-02
8.031555265188217163e-02
4.554942250251770020e-02
8.010911196470260620e-02
6.293854117393493652e-02
8.897461742162704468e-02
6.857987493276596069e-02
1.165930628776550293e-01
9.811791777610778809e-02
9.639269113540649414e-02
7.208302617073059082e-02
5.941503122448921204e-02
7.485162466764450073e-02
1.031534448266029358e-01
6.225227937102317810e-02
2.761023342609405518e-01
1.888068914413452148e-01
5.976143106818199158e-02
8.774702996015548706e-02
1.264190077781677246e-01
1.062571182847023010e-01
1.411599963903427124e-01
9.318063408136367798e-02
1.178634837269783020e-01
8.251538127660751343e-02
8.607134968042373657e-02
6.690505892038345337e-02
6.649184226989746094e-02
1.436165124177932739e-01
1.537023931741714478e-01
6.599935889244079590e-02
1.444372385740280151e-01
7.020504027605056763e-02
1.355461329221725464e-01
3.747688531875610352e-01
4.463986679911613464e-02
5.370132625102996826e-02
9.170076996088027954e-02
8.924361318349838257e-02
9.349679946899414062e-02
7.478614896535873413e-02
1.031514182686805725e-01
1.008826792240142822e-01
6.197744607925415039e-02
5.691414698958396912e-02
5.870604515075683594e-02
1.102812588214874268e-01
5.964262783527374268e-02
7.811694592237472534e-02
6.479712575674057007e-02
9.994647651910781860e-02
9.286113828420639038e-02
1.148089170455932617e-01
7.412933558225631714e-02
6.212862953543663025e-02
8.175508677959442139e-02
8.855140954256057739e-02
1.061061546206474304e-01
8.872895687818527222e-02
1.642365306615829468e-01
5.915099754929542542e-02
8.474376052618026733e-02
4.848456755280494690e-02
8.790651708841323853e-02
7.676070928573608398e-02
7.942704111337661743e-02
7.337506860494613647e-02
5.514445528388023376e-02
7.308667898178100586e-02
7.805744558572769165e-02
2.712685428559780121e-02
1.567931622266769409e-01
1.023955717682838440e-01
4.405695572495460510e-02
5.469547212123870850e-02
1.083704456686973572e-01
5.023860931396484375e-02
5.320323631167411804e-02
1.001168265938758850e-01
1.427098065614700317e-01
1.607000082731246948e-01
5.495168641209602356e-02
6.367818266153335571e-02
7.221369445323944092e-02
9.136991947889328003e-02
5.132611468434333801e-02
2.472162097692489624e-01
7.862742990255355835e-02
3.886312618851661682e-02
3.112767636775970459e-01
4.764432832598686218e-02
1.202104762196540833e-01
6.816126406192779541e-02
7.885956764221191406e-02
3.632275760173797607e-01
1.219738051295280457e-01
4.941912367939949036e-02
6.504189223051071167e-02
1.081151291728019714e-01
7.108110189437866211e-02
7.800599932670593262e-02
9.023559093475341797e-02
9.427520632743835449e-02
1.056335493922233582e-01
5.340451002120971680e-02
5.518894270062446594e-02
1.091143265366554260e-01
4.268782213330268860e-02
5.254371836781501770e-02
1.530515998601913452e-01
7.987638562917709351e-02
1.079836487770080566e-01
8.487451821565628052e-02
8.531127125024795532e-02
7.753629982471466064e-02
1.180533841252326965e-01
1.385848969221115112e-01
7.232574373483657837e-02
4.752336814999580383e-02
1.820510178804397583e-01
6.657763570547103882e-02
1.137592718005180359e-01
9.675528854131698608e-02
1.113927587866783142e-01
8.263981342315673828e-02
1.507305353879928589e-01
3.237703070044517517e-02
5.324015393853187561e-02
4.901788756251335144e-02
7.599375396966934204e-02
9.766729921102523804e-02
7.144806534051895142e-02
1.007162705063819885e-01
7.088685035705566406e-02
8.516013622283935547e-02
2.753441929817199707e-01
8.958047628402709961e-02
4.557376205921173096e-01
5.262713506817817688e-02
3.949419781565666199e-02
1.134721636772155762e-01
6.740068644285202026e-02
4.608522728085517883e-02
6.218056753277778625e-02
1.059875488281250000e-01
4.327410832047462463e-02
8.956744521856307983e-02
1.166687384247779846e-01
1.142373308539390564e-01
7.658799737691879272e-02
9.368862956762313843e-02
7.503554970026016235e-02
7.434030622243881226e-02
6.293884664773941040e-02
2.160705178976058960e-01
7.863459736108779907e-02
6.313008815050125122e-02
1.002380326390266418e-01
7.677302509546279907e-02
2.112607806921005249e-01
7.409187406301498413e-02
5.371699854731559753e-02
1.181423068046569824e-01
9.285187721252441406e-02
5.108021572232246399e-02
5.300761386752128601e-02
7.395283877849578857e-02
6.292403489351272583e-02
8.117531239986419678e-02
9.101822227239608765e-02
5.718089640140533447e-02
7.237382978200912476e-02
8.754327148199081421e-02
7.627391070127487183e-02
4.007830843329429626e-02
9.302294254302978516e-02
9.606188535690307617e-02
1.191243305802345276e-01
1.217778697609901428e-01
9.634167701005935669e-02
2.181224375963211060e-01
1.893910169601440430e-01
2.633662223815917969e-01
9.912284463644027710e-02
9.392961114645004272e-02
5.788344144821166992e-02
8.472565561532974243e-02
9.767021983861923218e-02
5.447906255722045898e-02
5.710817873477935791e-02
9.387122839689254761e-02
6.280487030744552612e-02
4.011660814285278320e-02
5.502190068364143372e-02
7.458827644586563110e-02
1.710818856954574585e-01
1.509472876787185669e-01
8.222781866788864136e-02
7.499960809946060181e-02
7.532016187906265259e-02
1.387204378843307495e-01
1.002974510192871094e-01
7.863359898328781128e-02
9.496051818132400513e-02
1.271272450685501099e-01
7.833523303270339966e-02
8.442560583353042603e-02
1.029649153351783752e-01
2.096249014139175415e-01
7.998418807983398438e-02
7.312317937612533569e-02
5.349884554743766785e-02
5.135027691721916199e-02
6.300326436758041382e-02
1.167188659310340881e-01
7.683259248733520508e-02
1.067035198211669922e-01
9.169653058052062988e-02
6.922210007905960083e-02
1.255550533533096313e-01
7.118051499128341675e-02
1.235545650124549866e-01
4.790826514363288879e-02
4.529945179820060730e-02
1.186985000967979431e-01
9.840043634176254272e-02
5.767196416854858398e-02
1.134661212563514709e-01
4.518125951290130615e-02
9.143612533807754517e-02
8.410016447305679321e-02
9.319186210632324219e-02
1.134389415383338928e-01
6.834241002798080444e-02
9.291326254606246948e-02
6.023011729121208191e-02
4.848546907305717468e-02
1.161711812019348145e-01
7.698684185743331909e-02
6.174935400485992432e-02
1.283073872327804565e-01
7.294013351202011108e-02
1.011181473731994629e-01
8.249459415674209595e-02
5.988587811589241028e-02
6.965333223342895508e-02
1.074683889746665955e-01
9.290653467178344727e-02
5.240831151604652405e-02
4.134268462657928467e-01
1.303969472646713257e-01
5.363446101546287537e-02
8.481308072805404663e-02
8.554062247276306152e-02
6.186156347393989563e-02
6.335069239139556885e-02
1.449871212244033813e-01
4.960827529430389404e-02
6.389032304286956787e-02
1.963045448064804077e-01
8.852646499872207642e-02
8.176580816507339478e-02
4.027465358376502991e-02
1.020809188485145569e-01
7.037319988012313843e-02
6.975279003381729126e-02
5.712759494781494141e-02
6.119291856884956360e-02
8.610963076353073120e-02
9.727437049150466919e-02
7.499244064092636108e-02
3.704247623682022095e-02
5.652157589793205261e-02
5.585498735308647156e-02
1.378638297319412231e-01
6.325071305036544800e-02
4.746093228459358215e-02
5.632402375340461731e-02
8.767741918563842773e-02
1.284322142601013184e-01
5.603961646556854248e-02
1.171806156635284424e-01
6.146287918090820312e-02
7.838299125432968140e-02
7.122024148702621460e-02
7.238900661468505859e-02
8.512052148580551147e-02
1.093594431877136230e-01
1.257038414478302002e-01
1.128220334649085999e-01
7.363449037075042725e-02
9.155469387769699097e-02
4.704661667346954346e-02
7.320741564035415649e-02
5.570298805832862854e-02
6.775129586458206177e-02
8.106663078069686890e-02
2.166340351104736328e-01
1.003832519054412842e-01
1.092046722769737244e-01
1.237342283129692078e-01
7.618567347526550293e-02
1.062829494476318359e-01
6.093662977218627930e-02
1.406179219484329224e-01
9.499905258417129517e-02
9.253091365098953247e-02
6.727404147386550903e-02
5.206286534667015076e-02
1.259095072746276855e-01
1.071939468383789062e-01
8.911689370870590210e-02
8.996076136827468872e-02
6.918413937091827393e-02
9.245038032531738281e-02
6.885596364736557007e-02
9.960705041885375977e-02
1.413254588842391968e-01
6.750509887933731079e-02
8.416990190744400024e-02
1.436405032873153687e-01
6.755787879228591919e-02
1.170874014496803284e-01
9.145339578390121460e-02
5.831066891551017761e-02
4.458447173237800598e-02
7.547616958618164062e-02
9.610083699226379395e-02
1.089499369263648987e-01
5.915751680731773376e-02
9.789043664932250977e-02
7.346016913652420044e-02
6.176678463816642761e-02
1.967870444059371948e-01
6.376519054174423218e-02
5.655270814895629883e-02
9.137669950723648071e-02
9.136207103729248047e-01
8.102500438690185547e-02
1.056364998221397400e-01
9.644236415624618530e-02
2.708416618406772614e-02
1.364543288946151733e-01
6.091555953025817871e-01
6.840988248586654663e-02
7.291798293590545654e-02
9.552269428968429565e-02
9.050204604864120483e-02
1.208890080451965332e-01
1.056227460503578186e-01
7.530041038990020752e-02
7.641819119453430176e-02
7.620819658041000366e-02
1.837407499551773071e-01
8.067353814840316772e-02
7.294737547636032104e-02
4.988716915249824524e-02
9.078323841094970703e-02
7.634187489748001099e-02
7.549145817756652832e-02
1.952102333307266235e-01
1.002423539757728577e-01
7.337375730276107788e-02
7.067922502756118774e-02
8.327620476484298706e-02
8.662361651659011841e-02
8.688209205865859985e-02
6.008745357394218445e-02
9.193333238363265991e-02
6.615161895751953125e-02
5.175631046295166016e-01
5.804952979087829590e-02
6.912478059530258179e-02
6.872580945491790771e-02
8.640056848526000977e-02
7.674270123243331909e-02
4.471617937088012695e-02
9.904357045888900757e-02
1.039502844214439392e-01
8.609467744827270508e-02
7.780935615301132202e-02
1.496306210756301880e-01
1.396768093109130859e-01
7.991643995046615601e-02
3.954862654209136963e-01
8.128941804170608521e-02
6.214771792292594910e-02
6.083859130740165710e-02
5.927326902747154236e-02
7.361196726560592651e-02
6.442230194807052612e-02
9.276083856821060181e-02
7.976050674915313721e-02
7.358258962631225586e-02
1.022728681564331055e-01
6.777116656303405762e-02
8.309096843004226685e-02
6.860999017953872681e-02
5.769171193242073059e-02
7.634498178958892822e-02
1.078090593218803406e-01
1.019393429160118103e-01
1.251550763845443726e-01
1.185530647635459900e-01
8.361481875181198120e-02
5.746692419052124023e-02
7.179068773984909058e-02
8.509459346532821655e-02
6.492566317319869995e-02
7.065033912658691406e-02
4.347723722457885742e-02
6.153790280222892761e-02
9.577018022537231445e-02
7.948005944490432739e-02
4.722934588789939880e-02
9.064725786447525024e-02
9.192196279764175415e-02
9.063193947076797485e-02
9.418066591024398804e-02
6.209117546677589417e-02
1.149694919586181641e-01
6.100156903266906738e-02
7.947406917810440063e-02
1.434321403503417969e-01
1.009401902556419373e-01
8.426615595817565918e-02
1.851572543382644653e-01
6.987296789884567261e-02
1.143165826797485352e-01
6.078698113560676575e-02
1.001108884811401367e-01
7.993156462907791138e-02
1.050137653946876526e-01
8.956551551818847656e-02
6.053426861763000488e-02
1.525616496801376343e-01
6.100447103381156921e-02
1.173378750681877136e-01
7.218951731920242310e-02
1.029435768723487854e-01
8.428320288658142090e-02
9.099438041448593140e-02
7.564191520214080811e-02
1.006432175636291504e-01
1.118673160672187805e-01
6.686988472938537598e-02
6.771066039800643921e-02
1.037468686699867249e-01
1.132229045033454895e-01
7.101259380578994751e-02
1.145011410117149353e-01
5.497061833739280701e-02
7.413279265165328979e-02
9.032424539327621460e-02
7.389962673187255859e-02
6.238350272178649902e-02
1.339953392744064331e-01
1.723272949457168579e-01
7.830846309661865234e-02
6.981875747442245483e-02
5.641759559512138367e-02
2.189478427171707153e-01
6.831903010606765747e-02
1.109787598252296448e-01
9.823784977197647095e-02
6.794605404138565063e-02
8.761527389287948608e-02
1.015755459666252136e-01
8.965865522623062134e-02
4.401393607258796692e-02
1.185102388262748718e-01
8.327294141054153442e-02
8.448419719934463501e-02
8.784168213605880737e-02
8.895126730203628540e-02
1.062758192420005798e-01
6.243771687150001526e-02
6.443858891725540161e-02
4.698520898818969727e-02
1.220235526561737061e-01
1.052288413047790527e-01
9.674628823995590210e-02
6.802538782358169556e-02
8.222123980522155762e-02
7.220273464918136597e-02
1.310328543186187744e-01
6.196995452046394348e-02
7.698509842157363892e-02
3.722724691033363342e-02
9.078884869813919067e-02
6.368396431207656860e-02
8.672702312469482422e-02
1.017677560448646545e-01
4.250468686223030090e-02
8.923477679491043091e-02
5.710380896925926208e-02
6.762243062257766724e-02
5.702206492424011230e-02
6.038167700171470642e-02
8.343689441680908203e-01
6.883853673934936523e-02
7.841318100690841675e-02
1.323918998241424561e-01
2.080781012773513794e-01
6.535973399877548218e-02
3.826878592371940613e-02
2.015510797500610352e-01
8.307861536741256714e-02
6.059144064784049988e-02
4.988395795226097107e-02
8.609694987535476685e-02
1.311491876840591431e-01
6.114105880260467529e-02
1.158577427268028259e-01
9.069633483886718750e-02
7.993515580892562866e-02
4.856336489319801331e-02
6.275893002748489380e-02
1.069773659110069275e-01
8.640668541193008423e-02
9.356262534856796265e-02
6.950636953115463257e-02
6.671767681837081909e-02
1.209464967250823975e-01
7.269493490457534790e-02
5.659447982907295227e-02
1.100547090172767639e-01
8.091643452644348145e-02
6.007704138755798340e-02
6.311357766389846802e-02
6.879424303770065308e-02
9.021440893411636353e-02
6.557217985391616821e-02
8.564802259206771851e-02
8.658816665410995483e-02
1.125685200095176697e-01
1.100902855396270752e-01
9.022463113069534302e-02
5.140870437026023865e-02
6.523105502128601074e-02
5.987053737044334412e-02
1.105324029922485352e-01
1.095159724354743958e-01
1.074558496475219727e-01
4.649897292256355286e-02
9.920451790094375610e-02
8.648038655519485474e-02
6.521142274141311646e-02
9.031303972005844116e-02
9.304354339838027954e-02
9.089681506156921387e-02
6.496678292751312256e-02
9.765616804361343384e-02
3.393811285495758057e-01
4.781156405806541443e-02
8.817835897207260132e-02
5.190153792500495911e-02
1.145026087760925293e-01
1.029881834983825684e-01
1.210952401161193848e-01
1.032357290387153625e-01
7.351955026388168335e-02
4.723231866955757141e-02
5.816397070884704590e-02
8.160174638032913208e-02
6.449460983276367188e-02
1.570324152708053589e-01
1.056922972202301025e-01
9.867127984762191772e-02
8.591403812170028687e-02
8.855309337377548218e-02
1.107291281223297119e-01
8.536010980606079102e-02
8.313331753015518188e-02
4.267103970050811768e-02
6.341516971588134766e-02
6.558992713689804077e-02
8.069951087236404419e-02
3.333812654018402100e-01
1.361372917890548706e-01
9.867607802152633667e-02
6.629199534654617310e-02
1.764452308416366577e-01
7.235572487115859985e-02
5.478734970092773438e-01
8.842146396636962891e-02
9.432538598775863647e-02
9.694684296846389771e-02
9.382425993680953979e-02
1.559232920408248901e-01
3.169300779700279236e-02
2.512510120868682861e-01
6.925941258668899536e-02
6.072484329342842102e-02
1.271601021289825439e-01
8.478162437677383423e-02
8.582544326782226562e-02
6.935320049524307251e-02
6.003050878643989563e-02
6.990823149681091309e-02
1.246329843997955322e-01
7.187922298908233643e-02
7.332214713096618652e-02
1.019087731838226318e-01
9.896368533372879028e-02
1.077959612011909485e-01
1.023752167820930481e-01
6.810850650072097778e-02
9.684292227029800415e-02
1.061769947409629822e-01
6.817562133073806763e-02
9.011560678482055664e-02
8.905402570962905884e-02
5.719894543290138245e-02
9.218778461217880249e-02
5.383734405040740967e-02
1.211508139967918396e-01
8.467271178960800171e-02
9.340760856866836548e-02
8.034848421812057495e-02
7.783783972263336182e-02
1.667994111776351929e-01
8.298680931329727173e-02
8.200640976428985596e-02
8.519709110260009766e-02
7.321686297655105591e-02
7.349950075149536133e-02
7.796321809291839600e-02
3.980656340718269348e-02
8.594091981649398804e-02
8.925307542085647583e-02
4.662292078137397766e-02
8.878701180219650269e-02
4.965149238705635071e-02
6.621712446212768555e-02
7.513406872749328613e-02
6.437052041292190552e-02
1.694133728742599487e-01
1.397235989570617676e-01
7.308726757764816284e-02
8.369615674018859863e-02
6.217931583523750305e-02
4.444834589958190918e-02
5.996154248714447021e-02
1.012368425726890564e-01
8.397697657346725464e-02
1.453759223222732544e-01
1.045126095414161682e-01
1.171943545341491699e-01
6.658776849508285522e-02
1.180492267012596130e-01
6.207348033785820007e-02
7.842802256345748901e-02
9.646368771791458130e-02
7.225003838539123535e-02
1.516404747962951660e-01
9.530647844076156616e-02
1.840527802705764771e-01
1.418437808752059937e-01
9.569475054740905762e-02
8.884034305810928345e-02
2.704802751541137695e-01
3.567525371909141541e-02
8.952534943819046021e-02
6.332806497812271118e-02
4.955245926976203918e-02
1.242669150233268738e-01
7.608786970376968384e-02
3.628863394260406494e-02
9.721696376800537109e-02
8.054305613040924072e-02
8.223637193441390991e-02
7.514242082834243774e-02
7.403845340013504028e-02
8.585921674966812134e-02
6.473099440336227417e-02
8.170979470014572144e-02
7.353102415800094604e-02
6.931612640619277954e-02
5.452760681509971619e-02
6.756656616926193237e-02
5.454954504966735840e-02
8.637867122888565063e-02
1.556489020586013794e-01
5.628013610839843750e-02
5.681314691901206970e-02
7.126412540674209595e-02
1.035822555422782898e-01
1.148821786046028137e-01
5.509677529335021973e-02
9.044823050498962402e-02
4.220591485500335693e-02
7.072394341230392456e-02
7.749714702367782593e-02
8.356807380914688110e-02
7.279846072196960449e-02
6.651655584573745728e-02
6.412865966558456421e-02
1.089147403836250305e-01
7.042125612497329712e-02
5.437798798084259033e-02
6.019697710871696472e-02
1.177737414836883545e-01
9.064833074808120728e-02
5.993294715881347656e-02
1.020501628518104553e-01
7.019498199224472046e-02
7.730975002050399780e-02
8.535131067037582397e-02
6.766093522310256958e-02
8.298370242118835449e-02
9.480875730514526367e-02
9.688893705606460571e-02
3.908941522240638733e-02
3.274625539779663086e-01
7.889913767576217651e-02
6.285472959280014038e-02
7.990685850381851196e-02
8.943971991539001465e-02
4.015812277793884277e-02
5.808110162615776062e-02
8.124154061079025269e-02
9.047923237085342407e-02
9.314046055078506470e-02
4.558979347348213196e-02
9.918027371168136597e-02
9.439482539892196655e-02
1.026247367262840271e-01
7.555910944938659668e-02
1.152098998427391052e-01
4.062919691205024719e-02
5.466217920184135437e-02
5.870008841156959534e-02
8.945568650960922241e-02
5.926802754402160645e-02
6.495402008295059204e-02
1.137131676077842712e-01
5.941528454422950745e-02
4.253876581788063049e-02
5.288017168641090393e-02
1.245709434151649475e-01
8.253739029169082642e-02
1.287770420312881470e-01
8.613195270299911499e-02
7.926214486360549927e-02
9.813513606786727905e-02
6.234109774231910706e-02
7.270244508981704712e-02
6.397605687379837036e-02
7.698758691549301147e-02
9.597577899694442749e-02
1.482784748077392578e-01
4.767287150025367737e-02
1.202120408415794373e-01
4.562900587916374207e-02
7.993676513433456421e-02
6.734321266412734985e-02
4.094766452908515930e-02
5.633080378174781799e-02
5.364818498492240906e-02
1.129315793514251709e-01
8.674956113100051880e-02
7.122191041707992554e-02
1.511879116296768188e-01
2.695104777812957764e-01
9.278917312622070312e-02
8.706460148096084595e-02
8.686786144971847534e-02
5.614168941974639893e-02
9.563240408897399902e-02
4.747391864657402039e-02
7.204433530569076538e-02
5.511315539479255676e-02
1.003983542323112488e-01
1.209440007805824280e-01
5.929586663842201233e-02
6.665340811014175415e-02
7.975157350301742554e-02
1.394904404878616333e-01
9.873370081186294556e-02
1.047255620360374451e-01
8.300515264272689819e-02
8.314847946166992188e-02
7.437807321548461914e-02
6.703507900238037109e-02
8.210491389036178589e-02
7.305292040109634399e-02
7.330548018217086792e-02
5.278744176030158997e-02
6.766334921121597290e-02
6.278572231531143188e-02
9.813209623098373413e-02
1.001654937863349915e-01
5.549487099051475525e-02
8.544770628213882446e-02
5.900760367512702942e-02
1.145741716027259827e-01
4.068053886294364929e-02
6.654653698205947876e-02
9.059003740549087524e-02
1.308199316263198853e-01
3.591542318463325500e-02
1.213499307632446289e-01
1.111266836524009705e-01
8.881977945566177368e-02
1.104567274451255798e-01
5.509050562977790833e-02
7.283844798803329468e-02
9.814862161874771118e-02
1.217938885092735291e-01
1.005060896277427673e-01
6.482452899217605591e-02
4.914285615086555481e-02
7.071295380592346191e-02
4.818306490778923035e-02
5.983557179570198059e-02
7.700897008180618286e-02
7.230358570814132690e-02
1.702353954315185547e-01
8.493521809577941895e-02
3.042937219142913818e-01
1.307099014520645142e-01
7.105594873428344727e-02
1.843314170837402344e-01
6.675405055284500122e-02
7.121709734201431274e-02
1.046496331691741943e-01
6.282589584589004517e-02
1.109272241592407227e-01
1.442476511001586914e-01
1.469425410032272339e-01
8.121626824140548706e-02
7.115450501441955566e-02
7.623668760061264038e-02
1.373706907033920288e-01
9.578782320022583008e-02
4.289712384343147278e-02
6.321231275796890259e-02
1.075044199824333191e-01
6.130848452448844910e-02
7.664374262094497681e-02
8.172854036092758179e-02
6.130392849445343018e-02
5.792622640728950500e-02
6.552683562040328979e-02
1.105844974517822266e-01
1.341527849435806274e-01
2.759870588779449463e-01
6.338334828615188599e-02
9.387675672769546509e-02
4.917915537953376770e-02
1.018547788262367249e-01
9.298177808523178101e-02
1.113290414214134216e-01
7.479164749383926392e-02
5.614278838038444519e-02
8.169221878051757812e-02
1.232759952545166016e-01
1.017604544758796692e-01
6.993990391492843628e-02
1.003431379795074463e-01
6.051438674330711365e-02
6.345484405755996704e-02
5.563842132687568665e-02
9.483369439840316772e-02
6.195800378918647766e-02
1.516890674829483032e-01
9.976755827665328979e-02
1.210106015205383301e-01
6.274527311325073242e-02
8.773251622915267944e-02
8.357891440391540527e-02
6.770196557044982910e-02
8.524576574563980103e-02
8.187603205442428589e-02
8.388958126306533813e-02
7.503028959035873413e-02
8.510694652795791626e-02
1.369616240262985229e-01
6.910789757966995239e-02
6.080419942736625671e-02
1.312946826219558716e-01
8.200801163911819458e-02
8.896476030349731445e-02
7.339320331811904907e-02
6.426612287759780884e-02
1.498280465602874756e-01
7.033181190490722656e-02
5.255580544471740723e-01
7.149445265531539917e-02
9.935849905014038086e-02
9.444916248321533203e-02
6.482705473899841309e-02
9.237698465585708618e-02
1.171525120735168457e-01
4.474214836955070496e-02
4.746355116367340088e-02
5.130144581198692322e-02
9.499650448560714722e-02
5.284977331757545471e-02
6.684071570634841919e-02
1.101459786295890808e-01
4.686507582664489746e-02
9.490177780389785767e-02
5.341680720448493958e-02
9.372191876173019409e-02
9.237129241228103638e-02
8.553256839513778687e-02
6.681933999061584473e-02
1.595488041639328003e-01
1.238616108894348145e-01
8.259337395429611206e-02
1.127943992614746094e-01
6.358285993337631226e-02
1.272433251142501831e-01
1.026426851749420166e-01
1.388853937387466431e-01
8.846813440322875977e-02
7.980126142501831055e-02
5.730839073657989502e-02
6.321135163307189941e-02
2.312445044517517090e-01
5.177546665072441101e-02
1.595545560121536255e-01
8.359698206186294556e-02
1.072107776999473572e-01
5.350953340530395508e-02
1.312204003334045410e-01
6.254001706838607788e-02
9.337299317121505737e-02
5.949625372886657715e-02
7.159113138914108276e-02
6.983017921447753906e-02
7.857874780893325806e-02
1.030069589614868164e-01
4.530492052435874939e-02
5.529515445232391357e-02
1.187912225723266602e-01
6.175574660301208496e-02
8.934238553047180176e-02
8.811210840940475464e-02
1.374333053827285767e-01
8.087452501058578491e-02
9.588650614023208618e-02
5.603939294815063477e-02
5.627139285206794739e-02
8.494289964437484741e-02
1.250527352094650269e-01
6.755363196134567261e-02
7.585137337446212769e-02
7.455763965845108032e-02
6.183616518974304199e-01
7.717186957597732544e-02
1.264621615409851074e-01
7.834088057279586792e-02
7.088825106620788574e-02
1.074791923165321350e-01
6.448330730199813843e-02
5.640961229801177979e-02
9.981536865234375000e-02
6.590699404478073120e-02
9.536316990852355957e-02
6.323728710412979126e-02
5.828418210148811340e-02
9.561850875616073608e-02
1.597888022661209106e-01
3.338522613048553467e-01
5.995856598019599915e-02
6.972735375165939331e-02
9.417577832937240601e-02
5.582816898822784424e-02
1.329787671566009521e-01
1.177588477730751038e-01
8.108103275299072266e-02
9.392505884170532227e-02
8.463788777589797974e-02
5.869476497173309326e-02
6.821870058774948120e-02
5.956633016467094421e-02
6.422818452119827271e-02
7.464540749788284302e-02
6.903616338968276978e-02
8.587027341127395630e-02
8.809532970190048218e-02
1.340789943933486938e-01
9.008427709341049194e-02
1.417127698659896851e-01
8.175393939018249512e-02
1.149046793580055237e-01
1.009561344981193542e-01
7.063951343297958374e-02
9.982800483703613281e-02
7.133717834949493408e-02
7.653676718473434448e-02
7.286486029624938965e-02
9.823179244995117188e-02
9.835729748010635376e-02
6.026174500584602356e-02
9.656965732574462891e-02
1.480382233858108521e-01
8.839011937379837036e-02
5.903784558176994324e-02
4.768739938735961914e-01
1.198669299483299255e-01
5.014925077557563782e-02
7.761342078447341919e-02
6.991178542375564575e-02
9.338905662298202515e-02
1.623032540082931519e-01
7.177884131669998169e-02
1.098070964217185974e-01
8.502715826034545898e-02
9.461257606744766235e-02
5.766432881355285645e-01
7.873269170522689819e-02
8.416403084993362427e-02
7.860183715820312500e-02
6.278440356254577637e-02
5.778806284070014954e-02
8.347010612487792969e-02
6.706329435110092163e-02
8.366101235151290894e-02
9.394793957471847534e-02
8.850710839033126831e-02
1.025257110595703125e-01
9.737548232078552246e-02
8.587881177663803101e-02
6.471232324838638306e-02
1.060279831290245056e-01
5.742255970835685730e-02
4.247520491480827332e-02
7.241376489400863647e-02
4.524415358901023865e-02
6.416037678718566895e-02
7.650282979011535645e-02
1.210586801171302795e-01
7.465188950300216675e-02
6.512287259101867676e-02
8.564257621765136719e-02
7.866080850362777710e-02
1.008053645491600037e-01
3.241243660449981689e-01
6.652299314737319946e-02
7.628168165683746338e-02
9.390322118997573853e-02
1.109706386923789978e-01
1.613799482583999634e-01
5.874405428767204285e-02
9.821840375661849976e-02
1.102583929896354675e-01
1.044388636946678162e-01
4.853234812617301941e-02
9.043888002634048462e-02
7.046040147542953491e-02
8.636492490768432617e-02
7.266972213983535767e-02
6.484419852495193481e-02
9.764903783798217773e-02
1.004746928811073303e-01
7.969547808170318604e-02
8.396964520215988159e-02
1.007033810019493103e-01
1.123336926102638245e-01
7.960327714681625366e-02
6.253111362457275391e-02
8.984582871198654175e-02
1.482825428247451782e-01
9.223469346761703491e-02
1.129742339253425598e-01
8.283017575740814209e-02
8.748143911361694336e-02
5.425150692462921143e-02
8.066185563802719116e-02
7.896520197391510010e-02
1.078935638070106506e-01
4.790069162845611572e-02
6.494895368814468384e-02
5.013751983642578125e-02
7.339587062597274780e-02
8.864826709032058716e-02
1.167569458484649658e-01
7.168246805667877197e-02
8.689078688621520996e-02
1.185794398188591003e-01
9.515732526779174805e-02
1.185833811759948730e-01
7.298695296049118042e-02
1.613722592592239380e-01
4.275690391659736633e-02
4.114351794123649597e-02
7.633682340383529663e-02
6.740841269493103027e-02
1.178734526038169861e-01
8.651564270257949829e-02
8.433374017477035522e-02
4.001872241497039795e-02
4.988768100738525391e-01
7.207923382520675659e-02
8.040851354598999023e-02
1.565491408109664917e-01
6.834925711154937744e-02
1.336467564105987549e-01
1.449764817953109741e-01
1.995304375886917114e-01
7.809763401746749878e-02
6.967001408338546753e-02
8.723584562540054321e-02
9.219447523355484009e-02
1.126720979809761047e-01
8.451223373413085938e-02
1.276327371597290039e-01
5.242612957954406738e-02
9.383035451173782349e-02
7.710849493741989136e-02
1.045120283961296082e-01
6.551476567983627319e-02
7.093735784292221069e-02
6.511349231004714966e-02
8.593696355819702148e-02
1.647083312273025513e-01
8.638402819633483887e-02
5.519251152873039246e-02
1.240535378456115723e-01
8.528205752372741699e-02
6.844774633646011353e-02
1.187699213624000549e-01
1.221939623355865479e-01
1.520214676856994629e-01
5.247639492154121399e-02
6.648728996515274048e-02
1.309831738471984863e-01
9.288648515939712524e-02
1.355710178613662720e-01
7.922487705945968628e-02
2.338680475950241089e-01
7.630879431962966919e-02
5.506260320544242859e-02
1.105054542422294617e-01
1.580350995063781738e-01
8.452644199132919312e-02
6.352808326482772827e-02
8.083996921777725220e-02
5.648178234696388245e-02
1.140235438942909241e-01
5.924236774444580078e-02
1.356125473976135254e-01
9.077920764684677124e-02
1.102460026741027832e-01
7.253702729940414429e-02
7.228530198335647583e-02
7.077819854021072388e-02
7.279235869646072388e-02
9.545924514532089233e-02
8.326204121112823486e-02
5.511920526623725891e-02
5.126942694187164307e-02
8.806151151657104492e-02
1.168139874935150146e-01
5.098775029182434082e-02
3.319204971194267273e-02
8.829146623611450195e-02
6.651493906974792480e-02
6.351781636476516724e-02
8.796180039644241333e-02
1.346106380224227905e-01
7.352288812398910522e-02
8.944312483072280884e-02
4.953953623771667480e-02
8.032270520925521851e-02
9.128212183713912964e-02
2.473965436220169067e-01
5.864160135388374329e-02
9.510511159896850586e-02
7.448875904083251953e-02
8.207768946886062622e-02
1.175456270575523376e-01
8.850608021020889282e-02
1.009113192558288574e-01
1.023310199379920959e-01
8.955506235361099243e-02
8.595535904169082642e-02
5.286361649632453918e-02
4.479082524776458740e-01
8.790946006774902344e-02
8.541530370712280273e-02
8.760973811149597168e-02
5.683671310544013977e-02
9.602051973342895508e-02
8.649022132158279419e-02
7.831334322690963745e-02
8.613535016775131226e-02
4.626591876149177551e-02
8.527356386184692383e-02
5.064042285084724426e-02
1.291050761938095093e-01
