5.484051629900932312e-02
6.669322401285171509e-02
4.226252436637878418e-02
6.399273127317428589e-02
4.705650731921195984e-02
4.414034262299537659e-02
5.128385499119758606e-02
5.855501890182495117e-01
6.114866212010383606e-02
7.200360298156738281e-02
6.927365809679031372e-02
3.256163895130157471e-01
7.400362193584442139e-02
6.237925961613655090e-02
5.903466418385505676e-02
6.404401361942291260e-02
9.269020706415176392e-02
4.515889286994934082e-02
5.761400237679481506e-02
5.190544947981834412e-02
4.274405911564826965e-02
6.896618008613586426e-02
6.121591851115226746e-02
6.266501545906066895e-02
2.350209839642047882e-02
6.854357570409774780e-02
8.158334344625473022e-02
5.981585010886192322e-02
4.379875585436820984e-02
3.429314121603965759e-02
6.913878768682479858e-02
4.409657418727874756e-02
9.989745169878005981e-02
6.032897904515266418e-02
2.573361806571483612e-02
4.381453990936279297e-02
3.720095753669738770e-02
4.960015416145324707e-02
4.084705933928489685e-02
2.234490402042865753e-02
6.513837724924087524e-02
7.891817390918731689e-02
6.232260540127754211e-02
4.497721418738365173e-02
4.943130537867546082e-02
5.726439878344535828e-02
7.204756140708923340e-02
7.143396884202957153e-02
7.688968628644943237e-02
5.069602653384208679e-02
6.119151785969734192e-02
4.603454098105430603e-02
6.195773184299468994e-02
4.886775091290473938e-02
5.764491483569145203e-02
5.244298279285430908e-02
6.115217134356498718e-02
6.545384973287582397e-02
3.820100054144859314e-02
7.723195850849151611e-02
3.504457697272300720e-02
8.758428692817687988e-02
8.302351087331771851e-02
4.116487130522727966e-02
5.575630441308021545e-02
4.689509794116020203e-02
1.209043264389038086e-01
8.249495178461074829e-02
5.078099295496940613e-02
5.755786225199699402e-02
3.742419555783271790e-02
3.452852740883827209e-02
6.559259444475173950e-02
4.267643019556999207e-02
3.916419669985771179e-02
5.082761123776435852e-02
7.223957777023315430e-02
6.385779380798339844e-02
5.154085755348205566e-01
4.633546993136405945e-02
5.396635457873344421e-02
3.670159354805946350e-02
2.706062793731689453e-02
4.901751503348350525e-02
5.287918820977210999e-02
5.185779556632041931e-02
7.158195227384567261e-02
4.398160055279731750e-02
4.231069982051849365e-02
9.373265504837036133e-02
4.240478947758674622e-02
3.910985216498374939e-02
8.099917322397232056e-02
6.442058831453323364e-02
4.466962441802024841e-02
5.202196910977363586e-02
5.156519636511802673e-02
4.712899401783943176e-02
6.620778888463973999e-02
3.962410613894462585e-02
6.363355368375778198e-02
6.577101349830627441e-02
5.138742551207542419e-02
4.514448717236518860e-02
1.024242341518402100e-01
3.967111185193061829e-02
5.422045662999153137e-02
3.829647228121757507e-02
6.175435706973075867e-02
4.387391731142997742e-02
7.284357398748397827e-02
3.786000609397888184e-02
5.168734863400459290e-02
2.778597734868526459e-02
8.055331557989120483e-02
4.518732428550720215e-02
9.380441159009933472e-02
4.860129952430725098e-02
7.824333757162094116e-02
1.002114787697792053e-01
4.417951032519340515e-02
4.488848522305488586e-02
5.849245190620422363e-02
4.877306893467903137e-02
3.783708438277244568e-02
4.899251461029052734e-02
4.019984230399131775e-02
3.356061503291130066e-02
6.221723556518554688e-02
3.946459665894508362e-02
2.216376364231109619e-02
4.035475850105285645e-02
3.121968172490596771e-02
6.778162717819213867e-02
3.436633944511413574e-02
5.714200064539909363e-02
6.179203093051910400e-02
3.307384252548217773e-02
3.449296578764915466e-02
5.188006162643432617e-02
5.217630788683891296e-02
7.815154641866683960e-02
7.615659385919570923e-02
7.469517737627029419e-02
6.445252150297164917e-02
5.599752068519592285e-02
3.313324227929115295e-02
3.420637175440788269e-02
4.819042608141899109e-02
4.929111525416374207e-02
9.753963351249694824e-02
3.890517354011535645e-02
7.003837078809738159e-02
5.531244352459907532e-02
1.442905217409133911e-01
3.140046074986457825e-02
6.024622917175292969e-02
6.583894044160842896e-02
4.860794916749000549e-02
3.581709787249565125e-02
5.645096302032470703e-02
3.968765959143638611e-02
3.404348716139793396e-02
4.343286156654357910e-02
3.623993322253227234e-02
5.381939932703971863e-02
3.984228894114494324e-02
2.676816582679748535e-01
7.553669065237045288e-02
5.018494650721549988e-02
8.085105568170547485e-02
5.904154106974601746e-02
7.841315120458602905e-02
7.138959318399429321e-02
1.747022718191146851e-01
4.759894683957099915e-02
5.051958560943603516e-02
5.613933876156806946e-02
7.431729882955551147e-02
6.765154749155044556e-02
7.960135489702224731e-02
5.395496264100074768e-02
5.485979840159416199e-02
6.894958764314651489e-02
4.306076094508171082e-02
4.675751924514770508e-02
2.898311614990234375e-02
5.338396504521369934e-02
4.715971276164054871e-02
7.848524302244186401e-02
7.141718268394470215e-02
9.313350915908813477e-02
5.871610715985298157e-02
3.343573957681655884e-02
5.045734718441963196e-02
2.828766405582427979e-02
6.032359972596168518e-02
8.015753328800201416e-02
4.293566942214965820e-02
7.057869434356689453e-02
8.414577692747116089e-02
2.847548760473728180e-02
4.762187227606773376e-02
6.036982312798500061e-02
4.008946195244789124e-02
4.189364984631538391e-02
4.250512644648551941e-02
6.271193176507949829e-02
5.048090219497680664e-02
7.849059253931045532e-02
2.984696440398693085e-02
4.933658242225646973e-02
5.973022058606147766e-02
5.280375108122825623e-02
4.376981779932975769e-02
4.035685956478118896e-02
9.442219138145446777e-02
8.318697661161422729e-02
3.290141373872756958e-02
3.976848721504211426e-02
4.645251855254173279e-02
5.080510303378105164e-02
6.818173080682754517e-02
2.940983138978481293e-02
7.542758435010910034e-02
4.532754048705101013e-02
5.089236423373222351e-02
8.070200681686401367e-02
6.641431897878646851e-02
9.391201287508010864e-02
4.251523315906524658e-02
4.302519559860229492e-02
5.328469350934028625e-02
6.212464347481727600e-02
4.793921485543251038e-02
4.557405039668083191e-02
4.595514014363288879e-02
4.288056492805480957e-02
1.531713306903839111e-01
3.692835196852684021e-02
7.478090375661849976e-02
4.397496581077575684e-02
3.832551464438438416e-02
7.648953050374984741e-02
3.722482174634933472e-02
7.324931770563125610e-02
9.506582468748092651e-02
5.575540661811828613e-02
9.953583031892776489e-02
5.047910287976264954e-02
8.041572570800781250e-02
2.614663839340209961e-01
1.366766821593046188e-02
6.045751646161079407e-02
6.234389171004295349e-02
5.268778279423713684e-02
6.027621030807495117e-02
5.355843529105186462e-02
1.045595929026603699e-01
5.518908426165580750e-02
6.569916009902954102e-02
6.169303134083747864e-02
3.526076674461364746e-02
4.287098720669746399e-02
1.134680509567260742e-01
1.053213253617286682e-01
4.351203516125679016e-02
6.166650354862213135e-02
4.582415521144866943e-02
7.840877771377563477e-02
6.829098612070083618e-02
6.533428281545639038e-02
5.131985247135162354e-02
4.603204727172851562e-01
4.052191600203514099e-02
5.983820930123329163e-02
5.907619372010231018e-02
4.105818644165992737e-02
5.020707845687866211e-02
3.523498773574829102e-02
6.419621407985687256e-02
3.572161868214607239e-02
7.810493558645248413e-02
7.254060357809066772e-02
7.871428132057189941e-02
2.928169257938861847e-02
1.783138662576675415e-01
7.011697441339492798e-02
4.830542206764221191e-02
5.522957071661949158e-02
1.916468590497970581e-01
5.800396203994750977e-02
5.318004265427589417e-02
6.975226849317550659e-02
6.484963744878768921e-02
5.724736675620079041e-02
4.967715218663215637e-02
3.772344067692756653e-02
5.027236044406890869e-02
7.290052622556686401e-02
5.306818708777427673e-02
4.244815185666084290e-02
4.394519701600074768e-02
7.802859693765640259e-02
3.912359848618507385e-02
9.645660966634750366e-02
2.311961352825164795e-02
3.670151159167289734e-02
3.674403205513954163e-02
6.666553765535354614e-02
4.662961885333061218e-02
3.732518479228019714e-02
5.278769135475158691e-02
5.831866338849067688e-02
7.620286196470260620e-02
9.800347685813903809e-02
9.328611940145492554e-02
3.341425955295562744e-02
1.431893557310104370e-01
4.484302178025245667e-02
6.179521605372428894e-02
7.658138871192932129e-02
5.229156091809272766e-02
8.200822025537490845e-02
7.062116265296936035e-02
4.167117550969123840e-02
4.731609299778938293e-02
8.455445617437362671e-02
4.516499042510986328e-01
6.159381940960884094e-02
6.528725475072860718e-02
5.630135536193847656e-02
6.580693274736404419e-02
4.385416209697723389e-02
6.397413462400436401e-02
6.728342920541763306e-02
5.807765945792198181e-02
3.144879639148712158e-02
6.394649296998977661e-02
4.245314374566078186e-02
3.880253061652183533e-02
4.186579585075378418e-02
5.528571084141731262e-02
4.200294241309165955e-02
6.044900789856910706e-02
2.874591760337352753e-02
4.427550733089447021e-02
5.303570628166198730e-02
2.614727057516574860e-02
4.104205220937728882e-02
2.747418582439422607e-01
6.380937248468399048e-02
7.992959767580032349e-02
6.558791548013687134e-02
2.593054808676242828e-02
5.938261747360229492e-02
3.688919544219970703e-02
5.440739169716835022e-02
4.281550645828247070e-02
7.088262587785720825e-02
6.404748558998107910e-02
1.130660176277160645e-01
3.759878873825073242e-02
4.511478543281555176e-02
7.462885230779647827e-02
5.522526428103446960e-02
2.334536053240299225e-02
2.883470617234706879e-02
8.327174931764602661e-02
3.968417271971702576e-02
9.485498815774917603e-02
6.179236993193626404e-02
7.347114384174346924e-02
1.359834522008895874e-01
5.590929463505744934e-02
3.783691301941871643e-02
5.263019725680351257e-02
3.997203707695007324e-02
6.617160886526107788e-02
3.880146145820617676e-02
2.102077752351760864e-01
7.611788064241409302e-02
4.696145653724670410e-02
3.386464715003967285e-02
3.192539885640144348e-02
4.004673063755035400e-01
2.936904132366180420e-02
1.977456063032150269e-01
9.504512697458267212e-02
6.071064993739128113e-02
4.958550259470939636e-02
4.113516956567764282e-02
7.400357723236083984e-02
4.750425741076469421e-02
5.702500045299530029e-02
7.290149480104446411e-02
3.529634699225425720e-02
3.950177505612373352e-02
6.060017645359039307e-02
4.510699585080146790e-02
3.564069420099258423e-02
3.840271010994911194e-02
6.982793658971786499e-02
6.756293773651123047e-02
3.930225595831871033e-02
2.409753948450088501e-02
6.875373423099517822e-02
4.764559864997863770e-02
6.787460297346115112e-02
5.006100609898567200e-02
4.276438429951667786e-02
6.447379291057586670e-02
3.750342875719070435e-02
4.127898067235946655e-02
3.559910878539085388e-02
8.134284615516662598e-02
7.161191105842590332e-02
7.235118001699447632e-02
2.962289750576019287e-02
6.062423810362815857e-02
3.547833487391471863e-02
4.724498465657234192e-02
2.828761935234069824e-02
5.096638202667236328e-02
5.217676982283592224e-02
5.602421239018440247e-02
4.509953781962394714e-02
8.223658800125122070e-02
4.129051789641380310e-02
3.849634528160095215e-02
4.415987804532051086e-02
7.183658331632614136e-02
5.433968082070350647e-02
6.700303405523300171e-02
8.163773268461227417e-02
1.046927496790885925e-01
6.543916463851928711e-02
7.169903069734573364e-02
5.768486857414245605e-02
5.646079778671264648e-02
5.258608981966972351e-02
6.438816338777542114e-02
3.146811202168464661e-02
4.661095142364501953e-02
6.058341637253761292e-02
5.316885188221931458e-02
9.126081317663192749e-02
9.644760936498641968e-02
4.693279042840003967e-02
5.448070168495178223e-02
6.008581444621086121e-02
4.804002121090888977e-02
1.337705850601196289e-01
5.699572339653968811e-02
4.751416668295860291e-02
1.621553152799606323e-01
6.008232757449150085e-02
4.810169339179992676e-02
4.754945635795593262e-02
4.970609024167060852e-02
6.198659166693687439e-02
4.598531126976013184e-02
4.571535065770149231e-02
3.179354965686798096e-02
7.313949614763259888e-02
2.979387901723384857e-02
1.076574698090553284e-01
8.915707468986511230e-02
6.735438853502273560e-02
5.684378370642662048e-02
7.473264634609222412e-02
2.021062374114990234e-02
2.492135763168334961e-02
7.434183359146118164e-02
5.105694010853767395e-02
4.551160335540771484e-02
5.229532718658447266e-02
6.354209035634994507e-02
4.719065502285957336e-02
4.003287851810455322e-02
3.020704351365566254e-02
3.989452868700027466e-02
3.744288906455039978e-02
6.060476973652839661e-02
5.738061666488647461e-02
6.385337561368942261e-02
7.209140807390213013e-02
1.082238927483558655e-01
5.862766876816749573e-02
5.205215141177177429e-02
4.290045425295829773e-02
5.854544043540954590e-02
4.945291206240653992e-02
3.520273417234420776e-02
6.918960064649581909e-02
3.934549167752265930e-02
1.046631559729576111e-01
1.243926286697387695e-01
3.002822957932949066e-02
4.276027902960777283e-02
4.892142117023468018e-02
3.534954786300659180e-02
4.859742522239685059e-02
3.827524557709693909e-02
8.225763589143753052e-02
4.596798121929168701e-02
3.872119262814521790e-02
2.838211655616760254e-01
4.557116329669952393e-02
4.377733170986175537e-02
7.295455038547515869e-02
1.514265537261962891e-01
5.700696632266044617e-02
8.160206675529479980e-02
8.096915483474731445e-02
6.145105138421058655e-02
9.639900177717208862e-02
2.665710635483264923e-02
9.380942583084106445e-02
3.822233900427818298e-02
7.226990908384323120e-02
5.169227719306945801e-02
4.408915713429450989e-02
5.684180557727813721e-02
1.436045616865158081e-01
3.245668858289718628e-02
3.604482859373092651e-02
5.032645165920257568e-02
4.833307489752769470e-02
2.622859776020050049e-01
6.149217486381530762e-02
7.714301347732543945e-02
6.003597378730773926e-02
5.587518587708473206e-02
4.853060841560363770e-02
7.503272593021392822e-02
6.232978031039237976e-02
3.725327178835868835e-02
1.083483338356018066e+00
5.911532044410705566e-02
3.112234771251678467e-01
7.433608919382095337e-02
8.149234205484390259e-02
4.800664260983467102e-02
4.420548677444458008e-02
7.439399510622024536e-02
3.846040740609169006e-02
5.163368210196495056e-02
1.121356561779975891e-01
4.843952879309654236e-02
4.094589874148368835e-02
8.556818962097167969e-02
5.928137525916099548e-02
5.505901575088500977e-02
1.380549818277359009e-01
6.132458522915840149e-02
3.416256979107856750e-02
4.408913850784301758e-02
9.694204479455947876e-02
5.650695040822029114e-02
5.690100789070129395e-02
7.680448889732360840e-02
4.751028493046760559e-02
6.537136435508728027e-02
3.999978303909301758e-02
1.189964413642883301e-01
6.053090095520019531e-02
4.598477482795715332e-02
6.343251466751098633e-02
4.210278764367103577e-02
4.655903577804565430e-02
4.480119049549102783e-02
7.891628891229629517e-02
5.391746759414672852e-02
5.220843479037284851e-02
3.391583263874053955e-02
4.404786229133605957e-02
3.504885733127593994e-02
5.907258763909339905e-02
7.867655158042907715e-02
3.539668396115303040e-02
4.304617643356323242e-02
6.009630486369132996e-02
5.504032596945762634e-02
3.761307522654533386e-02
8.430266380310058594e-02
5.194509029388427734e-02
4.262358322739601135e-02
2.030779235064983368e-02
5.163307115435600281e-02
1.152790784835815430e-01
8.464524149894714355e-02
5.129970237612724304e-02
4.090375080704689026e-02
7.134778052568435669e-02
4.575454071164131165e-02
5.180759727954864502e-02
3.690684959292411804e-02
3.232783079147338867e-02
5.397624149918556213e-02
7.237427830696105957e-01
5.956008657813072205e-02
4.969451949000358582e-02
5.022573471069335938e-02
3.883877024054527283e-02
5.049247667193412781e-02
6.518781930208206177e-02
5.790105089545249939e-02
4.031056538224220276e-02
6.298249959945678711e-02
5.501512810587882996e-02
3.280210494995117188e-02
4.346849396824836731e-02
4.114056006073951721e-02
5.666604638099670410e-02
6.916255503892898560e-02
6.893151253461837769e-02
4.286027327179908752e-02
5.671995505690574646e-02
5.836012959480285645e-02
4.319305345416069031e-02
3.667822480201721191e-02
6.462159752845764160e-02
4.684033989906311035e-02
6.040330603718757629e-02
7.063216716051101685e-02
2.983390539884567261e-02
9.264480322599411011e-02
7.849516719579696655e-02
7.540152221918106079e-02
4.719930887222290039e-02
2.183195203542709351e-02
4.614694789052009583e-02
5.518302321434020996e-02
7.557443529367446899e-02
7.165443152189254761e-02
1.053621545433998108e-01
6.026908755302429199e-02
4.673424363136291504e-02
4.105476662516593933e-02
8.740437030792236328e-02
6.132586300373077393e-02
7.461490482091903687e-02
1.984757184982299805e-02
3.697564825415611267e-02
5.092133209109306335e-02
5.037138983607292175e-02
5.912696197628974915e-02
5.130076035857200623e-02
4.558408260345458984e-02
5.435696244239807129e-02
7.663393765687942505e-02
5.123220011591911316e-02
8.171021193265914917e-02
9.131643176078796387e-02
5.216555297374725342e-02
6.989801675081253052e-02
3.059114702045917511e-02
7.382645606994628906e-01
8.180370181798934937e-02
6.364338845014572144e-02
5.094831064343452454e-02
5.277606472373008728e-02
4.822987318038940430e-02
5.681297555565834045e-02
3.809940069913864136e-02
7.994599640369415283e-02
6.280804425477981567e-02
6.135662272572517395e-02
4.375110194087028503e-02
5.028098449110984802e-02
5.957433581352233887e-02
1.017851158976554871e-01
3.887460008263587952e-02
5.292955413460731506e-02
2.642716281116008759e-02
5.104394257068634033e-02
3.747361525893211365e-02
7.169157266616821289e-02
8.223167806863784790e-02
8.257232606410980225e-02
2.855317294597625732e-02
5.677346512675285339e-02
7.803033292293548584e-02
6.728115677833557129e-02
7.328736782073974609e-02
9.276662021875381470e-02
3.321235999464988708e-02
4.891522601246833801e-02
5.969323217868804932e-02
5.940954014658927917e-02
4.764950647950172424e-02
6.304790824651718140e-02
1.168399155139923096e-01
3.410335257649421692e-02
5.775373056530952454e-02
6.663960963487625122e-02
6.371033191680908203e-02
8.397201448678970337e-02
3.289540484547615051e-02
5.656662210822105408e-02
7.171154767274856567e-02
4.629050567746162415e-02
5.982547625899314880e-02
3.501230105757713318e-02
4.322266951203346252e-02
4.634113609790802002e-02
4.119065403938293457e-02
4.140924289822578430e-02
2.682078443467617035e-02
2.945428341627120972e-02
4.749293997883796692e-02
4.445170983672142029e-02
6.443303078413009644e-02
4.283114969730377197e-01
1.130933836102485657e-01
7.623305916786193848e-02
4.486590623855590820e-02
4.150563850998878479e-02
5.275815725326538086e-02
5.992622300982475281e-02
4.115983471274375916e-02
2.828433178365230560e-02
8.788319677114486694e-02
7.177830487489700317e-02
3.868428245186805725e-02
6.843525916337966919e-02
5.734251812100410461e-02
3.699686005711555481e-02
3.647135570645332336e-02
4.418927431106567383e-02
3.909842297434806824e-02
5.270010232925415039e-02
5.192878842353820801e-02
9.117577224969863892e-02
4.783968254923820496e-02
4.344611242413520813e-02
2.427572570741176605e-02
3.744772449135780334e-02
1.538005918264389038e-01
7.727729529142379761e-02
4.452817514538764954e-02
5.604161694645881653e-02
4.212596639990806580e-02
4.813268408179283142e-02
5.745318904519081116e-02
5.704729631543159485e-02
5.774572864174842834e-02
8.739223331212997437e-02
3.706206381320953369e-02
8.005003631114959717e-02
7.653846591711044312e-02
4.505135491490364075e-02
8.022332191467285156e-02
6.290876865386962891e-02
5.616427659988403320e-01
7.730528712272644043e-02
5.096411705017089844e-02
6.049118936061859131e-02
5.723539367318153381e-02
3.638185188174247742e-02
5.362667515873908997e-02
9.088388830423355103e-02
6.482456624507904053e-02
6.193782389163970947e-02
8.772045373916625977e-02
4.362823069095611572e-02
9.118252992630004883e-02
3.115921467542648315e-02
6.664660573005676270e-02
6.835850328207015991e-02
6.304598599672317505e-02
4.160803928971290588e-02
4.971920326352119446e-02
5.839673057198524475e-02
4.477602615952491760e-02
6.703845411539077759e-02
4.916579648852348328e-02
5.007490515708923340e-02
7.138072699308395386e-02
5.325983837246894836e-02
3.678740561008453369e-02
3.400258347392082214e-02
5.651191994547843933e-02
3.809350728988647461e-02
3.690845146775245667e-02
3.409254923462867737e-02
1.275453567504882812e-01
6.417847424745559692e-02
2.204340100288391113e-01
6.465101987123489380e-02
4.608123376965522766e-02
4.832008853554725647e-02
5.432252213358879089e-02
5.310419201850891113e-02
4.748896881937980652e-02
4.816867411136627197e-02
7.372337579727172852e-02
7.293809205293655396e-02
4.846344515681266785e-02
3.601256012916564941e-02
4.156601056456565857e-02
3.359523415565490723e-02
1.135801598429679871e-01
5.313463136553764343e-02
4.511744156479835510e-02
4.110428690910339355e-02
5.310201644897460938e-02
5.930837616324424744e-02
7.238218933343887329e-02
4.767942428588867188e-02
3.545352816581726074e-02
5.276606976985931396e-02
4.990464821457862854e-02
2.801965177059173584e-02
4.058007150888442993e-02
4.352739080786705017e-02
4.530251026153564453e-02
7.568084448575973511e-02
3.559824451804161072e-02
7.227635383605957031e-02
7.433504611253738403e-02
5.572136864066123962e-02
3.474367782473564148e-02
2.493115328252315521e-02
6.258242577314376831e-02
9.100077301263809204e-02
4.504884406924247742e-02
6.783395260572433472e-02
3.410143777728080750e-02
4.216061532497406006e-02
4.615199938416481018e-02
7.703801989555358887e-02
6.269397586584091187e-02
3.782127052545547485e-02
4.563536122441291809e-02
6.986420601606369019e-02
6.068810448050498962e-02
3.309388831257820129e-02
4.716782644391059875e-02
4.654176160693168640e-02
7.955302298069000244e-02
5.216081812977790833e-02
4.401732981204986572e-02
3.703623637557029724e-02
5.521429702639579773e-02
7.344166189432144165e-02
1.061387434601783752e-01
7.395566254854202271e-02
6.941843032836914062e-02
7.738863676786422729e-02
4.491508007049560547e-02
5.490447953343391418e-02
4.186946526169776917e-02
5.292905494570732117e-02
5.634757876396179199e-02
3.791059926152229309e-02
9.085424989461898804e-02
5.569848045706748962e-02
3.568578884005546570e-02
6.135650351643562317e-02
5.639402195811271667e-02
5.167322978377342224e-02
4.192383214831352234e-02
6.476685404777526855e-02
4.438934847712516785e-02
7.959940284490585327e-02
6.084539368748664856e-02
7.217057049274444580e-02
8.548378199338912964e-02
4.556484520435333252e-02
6.189285591244697571e-02
3.953881189227104187e-02
7.489252090454101562e-02
5.339641496539115906e-02
6.312954425811767578e-02
5.503155663609504700e-02
7.869860529899597168e-02
6.406644731760025024e-02
5.282346904277801514e-02
8.616405725479125977e-02
3.488662093877792358e-02
2.706168778240680695e-02
4.314870014786720276e-02
4.306888207793235779e-02
3.096989728510379791e-02
4.895122349262237549e-02
6.571418046951293945e-02
4.849587976932525635e-01
4.100995510816574097e-02
8.393771201372146606e-02
4.237534478306770325e-02
2.158900536596775055e-02
3.884434700012207031e-02
9.406062960624694824e-02
5.484816059470176697e-02
4.299600049853324890e-02
7.276556640863418579e-02
1.211517080664634705e-01
3.791039809584617615e-02
6.629871577024459839e-02
6.892892718315124512e-02
4.480054974555969238e-02
3.361920416355133057e-01
1.352087855339050293e-01
4.727819189429283142e-02
9.088087081909179688e-02
7.236796617507934570e-02
4.499616101384162903e-02
7.335699349641799927e-02
5.710196122527122498e-02
5.560031160712242126e-02
4.082475230097770691e-02
3.941038250923156738e-02
5.283756181597709656e-02
4.692825675010681152e-02
2.404224425554275513e-01
4.910562932491302490e-02
5.470005795359611511e-02
5.536454916000366211e-02
2.860880456864833832e-02
3.061320446431636810e-02
5.025850608944892883e-02
6.015868112444877625e-02
5.661789700388908386e-02
5.211273208260536194e-02
4.558984935283660889e-02
6.384619325399398804e-02
2.987973950803279877e-02
4.739804938435554504e-02
1.448219269514083862e-01
2.913022600114345551e-02
5.126346647739410400e-02
6.640541553497314453e-02
4.076988622546195984e-02
2.550340257585048676e-02
6.047222390770912170e-02
1.325431615114212036e-01
3.525671735405921936e-02
5.109320953488349915e-02
5.621802434325218201e-02
5.035534873604774475e-02
3.766309842467308044e-02
6.703278422355651855e-02
3.241415321826934814e-01
6.093445047736167908e-02
3.319092467427253723e-02
5.701962113380432129e-02
7.015716284513473511e-02
5.211912468075752258e-02
3.527893126010894775e-02
5.319370701909065247e-02
9.525316208600997925e-02
6.347008794546127319e-02
4.601408913731575012e-02
5.381102487444877625e-02
3.614743053913116455e-02
4.770426452159881592e-02
7.192279696464538574e-01
2.551705390214920044e-02
6.611671298742294312e-02
5.827694013714790344e-02
1.926277875900268555e-01
1.159150227904319763e-01
8.651024103164672852e-02
4.660416767001152039e-02
5.999386310577392578e-02
6.384305655956268311e-02
6.745466589927673340e-02
6.509054452180862427e-02
4.153444990515708923e-02
6.859462708234786987e-02
3.227354958653450012e-02
3.137963637709617615e-02
5.771320685744285583e-02
6.012459471821784973e-02
7.606954127550125122e-02
5.832827091217041016e-02
4.768085479736328125e-02
9.858659654855728149e-02
6.961023062467575073e-02
3.501754626631736755e-02
4.474867507815361023e-02
2.875203639268875122e-02
4.612736403942108154e-02
4.103697836399078369e-02
6.522700935602188110e-02
5.518388748168945312e-02
6.036650761961936951e-02
5.888065323233604431e-02
4.672651588916778564e-01
4.709172248840332031e-02
2.250929027795791626e-01
5.763836205005645752e-02
3.490364924073219299e-02
5.543425679206848145e-02
6.018884852528572083e-02
6.671180576086044312e-02
4.354438558220863342e-02
2.993837930262088776e-02
4.648867249488830566e-02
4.709723591804504395e-02
4.656604304909706116e-02
3.936841711401939392e-02
4.917531087994575500e-02
4.737918078899383545e-02
5.254680290818214417e-02
4.767763614654541016e-02
2.677096985280513763e-02
6.081271171569824219e-02
5.723445490002632141e-02
4.605159163475036621e-02
3.886287659406661987e-02
1.577426642179489136e-01
1.056862547993659973e-01
4.258327558636665344e-02
6.287289410829544067e-02
6.849954277276992798e-02
5.049774423241615295e-02
1.223650500178337097e-01
5.632536485791206360e-02
1.859134621918201447e-02
4.912720248103141785e-02
4.778954386711120605e-02
5.326264724135398865e-02
4.528879001736640930e-02
4.093207046389579773e-02
6.365671008825302124e-02
5.864719673991203308e-02
5.856974795460700989e-02
4.407952353358268738e-02
3.473464027047157288e-02
1.178564429283142090e-01
5.585209652781486511e-02
6.697347015142440796e-02
3.567270189523696899e-02
4.039915651082992554e-02
6.283233314752578735e-02
9.514960646629333496e-02
4.625949263572692871e-02
7.147870212793350220e-02
1.968656294047832489e-02
6.219464540481567383e-02
4.406069591641426086e-02
6.868059933185577393e-02
4.613577947020530701e-02
5.030073598027229309e-02
7.800201326608657837e-02
2.759974896907806396e-01
4.844151437282562256e-02
4.934798181056976318e-02
9.217220544815063477e-02
5.517566576600074768e-02
3.990715369582176208e-02
4.795704782009124756e-02
2.909071743488311768e-02
7.895284146070480347e-02
6.085478141903877258e-02
3.784768655896186829e-02
4.695367813110351562e-02
4.525794461369514465e-02
2.534787915647029877e-02
1.375322490930557251e-01
3.057645261287689209e-01
5.275203660130500793e-02
4.666761681437492371e-02
4.704668000340461731e-02
7.279574871063232422e-02
6.436876207590103149e-02
5.214782059192657471e-02
5.266295745968818665e-02
5.572652816772460938e-02
2.905312180519104004e-02
4.576128721237182617e-02
7.058013975620269775e-02
5.676288902759552002e-02
3.554372489452362061e-02
3.686412051320075989e-02
5.181429907679557800e-02
4.221706464886665344e-02
4.960874095559120178e-02
5.902658030390739441e-02
2.089331485331058502e-02
8.204412460327148438e-02
1.043651774525642395e-01
1.874797791242599487e-01
2.818445116281509399e-02
1.047943159937858582e-01
3.531704843044281006e-02
4.687205329537391663e-02
4.532294347882270813e-02
5.976970866322517395e-02
8.177832514047622681e-02
4.897096753120422363e-02
4.004751518368721008e-02
8.767769485712051392e-02
3.990575671195983887e-02
4.764679074287414551e-02
7.358836382627487183e-02
6.304737180471420288e-02
5.909107252955436707e-02
8.446916192770004272e-02
5.056481435894966125e-02
4.097113385796546936e-02
5.146040394902229309e-02
5.616709217429161072e-02
5.099825933575630188e-02
5.598321557044982910e-02
6.307815760374069214e-02
8.198764175176620483e-02
4.380905628204345703e-02
4.043913260102272034e-02
3.187336027622222900e-02
5.157427489757537842e-02
3.254373744130134583e-02
2.419086731970310211e-02
4.127749055624008179e-02
5.429941043257713318e-02
5.485098436474800110e-02
4.097205772995948792e-02
4.866448417305946350e-02
7.511828094720840454e-02
2.355092912912368774e-01
5.708186700940132141e-02
2.175098061561584473e-01
5.994549393653869629e-02
3.797418624162673950e-02
3.808609768748283386e-02
4.115426540374755859e-02
2.425704151391983032e-02
7.928729802370071411e-02
5.621412768959999084e-02
5.745756626129150391e-02
2.646412700414657593e-02
3.978275880217552185e-02
8.260589838027954102e-02
5.294283106923103333e-02
6.166769564151763916e-02
4.338322952389717102e-02
6.481625884771347046e-02
6.956081837415695190e-02
5.645261332392692566e-02
6.581229716539382935e-02
7.126685231924057007e-02
4.565916582942008972e-02
5.404954031109809875e-02
3.728740662336349487e-02
3.228050842881202698e-02
2.693373523652553558e-02
4.881991073489189148e-02
2.384112961590290070e-02
8.286403119564056396e-02
3.890759870409965515e-02
5.712207034230232239e-02
8.404108136892318726e-02
8.923994749784469604e-02
5.587230995297431946e-02
2.897512353956699371e-02
5.410126224160194397e-02
3.927798569202423096e-02
5.015960335731506348e-02
6.700988858938217163e-02
3.086698986589908600e-02
5.659957602620124817e-02
3.438357636332511902e-02
5.582625791430473328e-02
4.023852199316024780e-02
3.420343622565269470e-02
6.342907994985580444e-02
9.019925445318222046e-02
6.348098069429397583e-02
6.710091233253479004e-02
5.467227101325988770e-02
6.886724382638931274e-02
1.033205389976501465e-01
5.052634701132774353e-02
9.043017774820327759e-02
3.982761129736900330e-02
2.802404575049877167e-02
8.004336804151535034e-02
3.930072113871574402e-02
5.160881951451301575e-02
5.420681834220886230e-02
3.898131474852561951e-02
4.076042398810386658e-02
3.836945071816444397e-02
4.561749100685119629e-02
5.369927361607551575e-02
4.872989654541015625e-02
6.944250315427780151e-02
5.314311757683753967e-02
1.026004925370216370e-01
7.826492190361022949e-02
6.618586182594299316e-02
3.290893137454986572e-01
5.204111710190773010e-02
4.968209937214851379e-02
3.747957572340965271e-02
4.701684787869453430e-02
3.378960862755775452e-02
7.249424606561660767e-02
6.715760380029678345e-02
5.448216199874877930e-02
6.686512380838394165e-02
6.985206156969070435e-02
4.362022876739501953e-02
2.956972457468509674e-02
2.584536187350749969e-02
6.378286331892013550e-02
4.737352952361106873e-02
3.516655042767524719e-02
5.359550938010215759e-02
6.201547384262084961e-02
3.411870077252388000e-02
4.910532012581825256e-02
1.945226080715656281e-02
6.840270012617111206e-02
6.478270888328552246e-02
5.395003780722618103e-02
7.420421391725540161e-02
5.609121918678283691e-02
4.806047305464744568e-02
4.410914704203605652e-02
5.404428020119667053e-02
4.300485923886299133e-02
4.878415167331695557e-02
8.655122667551040649e-02
3.085168637335300446e-02
5.006333068013191223e-02
4.502893611788749695e-02
3.939026221632957458e-02
3.629198297858238220e-02
4.128963127732276917e-02
5.460536852478981018e-02
5.543347075581550598e-02
6.985422223806381226e-02
5.312905088067054749e-02
6.293404847383499146e-02
9.728313237428665161e-02
4.830462113022804260e-02
3.171090409159660339e-02
6.267057359218597412e-02
3.866032883524894714e-02
5.965729057788848877e-02
4.074760898947715759e-02
5.406528338789939880e-02
4.236415028572082520e-02
3.008483909070491791e-02
3.865066170692443848e-02
7.278192043304443359e-02
5.215157195925712585e-02
3.593795746564865112e-02
9.038311988115310669e-02
3.820700198411941528e-02
4.087993502616882324e-02
6.008117273449897766e-02
1.341712623834609985e-01
6.130503490567207336e-02
4.649636149406433105e-02
3.706569969654083252e-02
4.405040666460990906e-02
7.237727195024490356e-02
4.990411922335624695e-02
1.154916360974311829e-01
4.447314143180847168e-02
4.361125454306602478e-02
2.699636109173297882e-02
5.722227320075035095e-02
6.859152764081954956e-02
6.284943968057632446e-02
6.218513846397399902e-02
6.449410319328308105e-02
1.058453917503356934e-01
7.106664031744003296e-02
4.042086377739906311e-02
2.084440439939498901e-01
6.677097827196121216e-02
7.164735347032546997e-02
9.047603607177734375e-02
5.233043059706687927e-02
4.221692308783531189e-02
5.929325148463249207e-02
4.933735728263854980e-02
4.067708551883697510e-02
5.547858402132987976e-02
5.006714165210723877e-02
6.572798639535903931e-02
4.761314019560813904e-02
3.427705168724060059e-02
8.101367205381393433e-02
8.784776180982589722e-02
9.903243929147720337e-02
4.621520265936851501e-02
3.805905953049659729e-02
3.788095712661743164e-02
6.787328422069549561e-02
5.626508593559265137e-02
2.311141975224018097e-02
2.436023391783237457e-02
5.147199705243110657e-02
1.036892831325531006e-01
7.613411545753479004e-02
4.728884994983673096e-02
5.038957297801971436e-02
7.538983225822448730e-02
5.706132948398590088e-02
4.801730439066886902e-02
4.574910178780555725e-02
5.341857671737670898e-02
8.890364319086074829e-02
3.981155529618263245e-02
5.654039606451988220e-02
3.959244117140769958e-02
5.001077055931091309e-02
3.817075863480567932e-02
5.051363632082939148e-02
5.895274505019187927e-02
4.022514447569847107e-02
5.094530060887336731e-02
7.984733581542968750e-02
4.978009685873985291e-02
2.548518031835556030e-02
4.444796964526176453e-02
5.780921876430511475e-02
5.842630937695503235e-02
2.773593366146087646e-01
7.172424346208572388e-02
7.341394573450088501e-02
6.315594166517257690e-02
5.507551506161689758e-02
3.469083607196807861e-01
8.449717611074447632e-02
9.180551767349243164e-02
1.500475555658340454e-01
2.757935971021652222e-02
6.145455315709114075e-02
4.613829776644706726e-02
5.057018995285034180e-02
7.139144092798233032e-02
7.142058014869689941e-02
5.024933815002441406e-02
8.497306704521179199e-02
5.786700919270515442e-02
3.203767538070678711e-02
4.977932944893836975e-02
3.705513477325439453e-02
6.177482008934020996e-02
5.716558918356895447e-02
6.841491162776947021e-02
3.628971427679061890e-02
4.596029222011566162e-02
7.040477544069290161e-02
5.005353316664695740e-02
4.831231757998466492e-02
4.353606700897216797e-02
4.915423318743705750e-02
5.916351079940795898e-02
5.502171441912651062e-02
3.081535361707210541e-02
5.707636475563049316e-02
3.386949375271797180e-02
4.713603481650352478e-02
9.336639195680618286e-02
3.912174701690673828e-02
5.419558882713317871e-01
4.603204131126403809e-02
4.686414077877998352e-02
4.252492263913154602e-02
2.659542299807071686e-02
5.736817419528961182e-02
8.741005510091781616e-02
6.555636525154113770e-01
6.575647741556167603e-02
6.502178311347961426e-02
3.673819825053215027e-02
3.078337572515010834e-02
7.606179267168045044e-02
6.365973502397537231e-02
6.873192638158798218e-02
4.214665666222572327e-02
4.736023023724555969e-02
6.699394434690475464e-02
3.839510679244995117e-02
3.470941632986068726e-02
7.431132346391677856e-02
3.756785765290260315e-02
4.000541940331459045e-02
6.181971356272697449e-02
6.380245089530944824e-02
2.336710542440414429e-01
5.405449867248535156e-02
9.632718563079833984e-02
5.650909245014190674e-02
1.038467511534690857e-01
6.634550541639328003e-02
4.919693991541862488e-02
4.160093143582344055e-02
7.557196915149688721e-02
4.450468346476554871e-02
5.361911654472351074e-02
3.937462568283081055e-01
7.164641469717025757e-02
3.992094099521636963e-02
3.474930301308631897e-02
3.787834569811820984e-02
4.021962359547615051e-02
4.054086282849311829e-02
7.947330921888351440e-02
6.550265848636627197e-02
6.762547045946121216e-02
5.413611605763435364e-02
7.289397716522216797e-02
3.144175186753273010e-02
5.559900030493736267e-02
2.324945479631423950e-01
8.316887170076370239e-02
4.554301872849464417e-02
3.373443707823753357e-02
7.192628830671310425e-02
5.493159592151641846e-02
1.078028306365013123e-01
4.814059659838676453e-02
9.467614442110061646e-02
6.495661288499832153e-02
3.834271803498268127e-02
7.563802599906921387e-02
1.506056934595108032e-01
3.697423636913299561e-02
7.641748338937759399e-02
4.448470100760459900e-02
3.238828852772712708e-02
4.943208768963813782e-02
8.409736305475234985e-02
5.743764713406562805e-02
5.182411149144172668e-02
2.586782537400722504e-02
4.368956387042999268e-02
4.362788796424865723e-02
7.006603479385375977e-02
5.880820378661155701e-02
5.066399648785591125e-02
8.142281323671340942e-02
3.731726482510566711e-02
7.211363315582275391e-02
5.437733232975006104e-02
5.809606611728668213e-02
6.791929900646209717e-02
5.313998833298683167e-02
4.671564698219299316e-02
2.777249552309513092e-02
7.720591872930526733e-02
5.914507806301116943e-02
7.449778169393539429e-02
8.175908774137496948e-02
7.344379276037216187e-02
4.856387898325920105e-02
3.455383703112602234e-02
1.580686867237091064e-01
7.676513493061065674e-02
3.165584802627563477e-02
6.708572804927825928e-02
5.667125061154365540e-02
6.243285909295082092e-02
8.773908019065856934e-02
6.116335093975067139e-02
6.813119351863861084e-02
5.046012625098228455e-02
3.357166051864624023e-02
4.140309616923332214e-02
5.502815917134284973e-02
4.620199277997016907e-02
7.912575453519821167e-02
4.529407620429992676e-02
4.071293398737907410e-02
6.201852485537528992e-02
5.795821174979209900e-02
4.594570398330688477e-02
1.163021847605705261e-01
3.157828003168106079e-02
2.639243751764297485e-02
5.133191868662834167e-02
4.898324608802795410e-02
5.977355316281318665e-02
4.981284961104393005e-02
1.084018349647521973e-01
6.277193874120712280e-02
5.109715089201927185e-02
5.734483897686004639e-02
5.302757397294044495e-02
5.037292838096618652e-02
7.755408436059951782e-02
8.212987333536148071e-02
4.117136448621749878e-02
1.032179221510887146e-01
4.251995682716369629e-02
5.840259417891502380e-02
5.205817148089408875e-02
4.194926097989082336e-02
4.426079988479614258e-02
5.967910215258598328e-02
3.135227039456367493e-02
9.107682853937149048e-02
3.314702585339546204e-02
2.957432158291339874e-02
5.286685749888420105e-02
4.981966689229011536e-02
3.576340153813362122e-02
3.914660215377807617e-02
6.497729569673538208e-02
7.553341239690780640e-02
5.933770537376403809e-02
4.274347051978111267e-02
4.254433512687683105e-02
4.108689352869987488e-02
4.637683555483818054e-02
5.579558387398719788e-02
1.344137936830520630e-01
6.366578489542007446e-02
3.512970507144927979e-01
6.349384039640426636e-02
4.913423582911491394e-02
4.553085565567016602e-02
5.985827371478080750e-02
3.922950476408004761e-02
7.323221117258071899e-02
1.120496466755867004e-01
6.341249495744705200e-02
4.050298407673835754e-02
7.635533809661865234e-02
9.484263509511947632e-02
5.190361663699150085e-02
2.696973085403442383e-02
4.042439162731170654e-02
4.874600842595100403e-02
4.775020480155944824e-02
5.959210172295570374e-02
5.740077793598175049e-02
6.622607260942459106e-02
5.098735168576240540e-02
2.806927822530269623e-02
3.033665753901004791e-02
3.124545514583587646e-01
8.376008272171020508e-02
5.601448938250541687e-02
7.125248759984970093e-02
1.992897242307662964e-01
7.056427747011184692e-02
5.878360569477081299e-02
3.952512517571449280e-02
6.246979907155036926e-02
9.302014112472534180e-02
4.189620912075042725e-02
5.144427344202995300e-02
8.407030254602432251e-02
7.818720489740371704e-02
6.365748494863510132e-02
4.096777364611625671e-02
5.384860560297966003e-02
3.550304472446441650e-02
4.515138268470764160e-02
2.601597644388675690e-02
3.872174397110939026e-02
6.048318743705749512e-02
5.030778422951698303e-02
5.405353382229804993e-02
6.579994410276412964e-02
1.097263097763061523e-01
4.398356750607490540e-02
2.604459971189498901e-02
4.903101027011871338e-01
4.843040183186531067e-02
5.330579355359077454e-02
1.156893745064735413e-01
5.909845232963562012e-02
6.703544408082962036e-02
3.196250274777412415e-02
2.747207321226596832e-02
9.387975931167602539e-02
3.361065313220024109e-02
1.495769470930099487e-01
5.607615411281585693e-02
3.480505570769309998e-02
6.808187812566757202e-02
5.548520013689994812e-02
3.666754439473152161e-02
3.723186254501342773e-01
9.477164596319198608e-02
4.087725281715393066e-02
3.519652038812637329e-02
6.459050625562667847e-02
6.540296971797943115e-02
4.662184044718742371e-02
9.263708442449569702e-02
5.245989561080932617e-02
6.393123418092727661e-02
1.971786022186279297e-01
6.559732556343078613e-02
6.240365281701087952e-02
4.735997319221496582e-02
4.367569461464881897e-02
2.979722432792186737e-02
6.740286201238632202e-02
4.872629418969154358e-02
5.820633098483085632e-02
4.656935855746269226e-02
5.182400718331336975e-02
5.720001086592674255e-02
4.916895553469657898e-02
2.594598829746246338e-01
2.768879570066928864e-02
5.525198206305503845e-02
4.374802112579345703e-02
3.070698119699954987e-02
6.412623822689056396e-02
4.639539122581481934e-02
2.271735854446887970e-02
4.998298361897468567e-02
4.346774518489837646e-02
7.064151018857955933e-02
4.153068736195564270e-02
6.392456591129302979e-02
8.965747803449630737e-02
6.490964442491531372e-02
3.709211573004722595e-02
5.932583287358283997e-02
2.087931148707866669e-02
4.704049229621887207e-02
3.575874119997024536e-02
6.752594560384750366e-02
6.425652652978897095e-02
3.790377452969551086e-02
7.126976549625396729e-02
7.250276207923889160e-02
2.664520777761936188e-02
6.075956299901008606e-02
3.054914623498916626e-02
7.156323641538619995e-02
4.035235941410064697e-02
7.126190513372421265e-02
8.439359813928604126e-02
6.609228998422622681e-02
5.581182241439819336e-02
5.056245625019073486e-02
3.249589353799819946e-02
7.904407382011413574e-02
1.888567060232162476e-01
3.954406827688217163e-02
4.117409884929656982e-02
6.115524843335151672e-02
2.283796072006225586e-01
3.688580170273780823e-02
1.887367516756057739e-01
3.242003545165061951e-02
6.817594915628433228e-02
5.034443736076354980e-02
5.262340605258941650e-02
8.310800045728683472e-02
7.029982656240463257e-02
6.548507511615753174e-02
6.287023425102233887e-02
7.295343279838562012e-02
3.008930385112762451e-02
3.352771326899528503e-02
4.658502712845802307e-02
7.758238166570663452e-02
5.573018267750740051e-02
7.315938919782638550e-02
7.647379487752914429e-02
3.110808692872524261e-02
6.038777530193328857e-02
5.681510642170906067e-02
2.858752571046352386e-02
5.333581194281578064e-02
8.414389938116073608e-02
5.509119108319282532e-02
6.906613707542419434e-02
3.350729867815971375e-02
6.631618738174438477e-02
5.080588534474372864e-02
8.449216932058334351e-02
7.013551145792007446e-02
6.371881067752838135e-02
3.667627647519111633e-02
1.077697873115539551e-01
2.933406531810760498e-01
5.463941767811775208e-02
4.038768261671066284e-02
4.403604939579963684e-02
4.803929850459098816e-02
3.193142265081405640e-02
4.234873130917549133e-02
3.884695097804069519e-02
5.160374566912651062e-02
1.548569947481155396e-01
8.320770412683486938e-02
1.168415024876594543e-01
1.083285212516784668e-01
6.249897181987762451e-02
9.687577933073043823e-02
5.563751980662345886e-02
1.262601464986801147e-01
8.949830383062362671e-02
6.208221241831779480e-02
4.412901401519775391e-02
6.036568060517311096e-02
4.140015318989753723e-02
8.431298285722732544e-02
9.486275911331176758e-02
6.030454114079475403e-02
2.880035899579524994e-02
6.189031898975372314e-02
5.994329974055290222e-02
4.960684105753898621e-02
3.495514765381813049e-02
8.119998872280120850e-02
3.741837665438652039e-02
4.871673509478569031e-02
2.591638825833797455e-02
6.965834647417068481e-02
6.010316312313079834e-02
6.439751982688903809e-01
8.874928206205368042e-02
6.619900465011596680e-02
4.697999730706214905e-02
8.236911147832870483e-02
8.969693630933761597e-02
4.008359089493751526e-02
3.329393640160560608e-02
5.585178360342979431e-02
5.371544882655143738e-02
4.817945137619972229e-02
7.689339667558670044e-02
4.981887340545654297e-02
1.651193946599960327e-01
4.288918897509574890e-02
4.072646424174308777e-02
1.187756955623626709e-01
7.359149307012557983e-02
5.655458569526672363e-02
5.235029384493827820e-02
5.501717329025268555e-02
9.194000810384750366e-02
4.430916905403137207e-02
4.521622136235237122e-02
1.111847534775733948e-01
5.789790675044059753e-02
5.119914934039115906e-02
7.697467505931854248e-02
7.766135782003402710e-02
6.774515658617019653e-02
4.908459261059761047e-02
5.977113172411918640e-02
3.880577161908149719e-02
5.020272731781005859e-02
4.884007945656776428e-02
2.461292780935764313e-02
6.206653639674186707e-02
5.031767487525939941e-02
4.374523460865020752e-02
4.649773240089416504e-02
5.642065033316612244e-02
1.592907458543777466e-01
3.889760375022888184e-02
4.326969757676124573e-02
2.229857631027698517e-02
7.635112851858139038e-02
2.698362804949283600e-02
3.281664103269577026e-02
1.729526072740554810e-01
5.582037568092346191e-02
4.461109638214111328e-02
3.050535172224044800e-02
6.300056725740432739e-02
6.217557191848754883e-02
7.741064578294754028e-02
5.479282513260841370e-02
4.534975811839103699e-02
8.392941206693649292e-02
1.012708023190498352e-01
6.016948446631431580e-02
4.977819696068763733e-02
3.424991667270660400e-02
3.598700091242790222e-02
6.260169297456741333e-02
5.857633426785469055e-02
7.249147444963455200e-02
7.283899188041687012e-02
6.458098441362380981e-02
5.448270961642265320e-02
4.865967854857444763e-02
4.410515353083610535e-02
4.747213050723075867e-02
3.603401184082031250e-01
4.528683796525001526e-02
7.193705439567565918e-02
3.381067514419555664e-02
4.038356989622116089e-02
5.839627608656883240e-02
4.736102744936943054e-02
3.945429623126983643e-02
3.960877656936645508e-02
2.416402846574783325e-02
3.354572877287864685e-02
4.714146628975868225e-02
3.938251361250877380e-02
5.353750661015510559e-02
7.390148192644119263e-02
3.665760532021522522e-02
3.546145930886268616e-02
7.656537741422653198e-02
4.236223921179771423e-02
5.476677790284156799e-02
5.568656325340270996e-02
4.163135960698127747e-02
4.062697291374206543e-02
6.132929399609565735e-02
9.547660499811172485e-02
4.356326162815093994e-02
6.299444288015365601e-02
5.268943682312965393e-02
5.986842885613441467e-02
7.424487471580505371e-01
7.634060829877853394e-02
1.253750920295715332e-01
7.883242517709732056e-02
1.314056664705276489e-01
8.626567572355270386e-02
3.930318355560302734e-02
6.059673428535461426e-02
3.958533331751823425e-02
7.337656617164611816e-02
2.970558963716030121e-02
4.804855957627296448e-02
4.259708523750305176e-02
1.131784543395042419e-01
4.929599165916442871e-02
6.345941871404647827e-02
8.368894457817077637e-02
6.865619868040084839e-02
6.101003289222717285e-02
3.181731998920440674e-01
4.985909163951873779e-02
4.370034858584403992e-02
6.125046685338020325e-02
2.804489433765411377e-02
4.452587291598320007e-02
3.798934817314147949e-02
5.809390544891357422e-02
6.759285926818847656e-02
5.051761865615844727e-02
3.902801498770713806e-02
5.903513357043266296e-02
2.880513854324817657e-02
5.474068224430084229e-02
4.639841988682746887e-02
6.520790606737136841e-02
4.370370134711265564e-02
4.742123559117317200e-02
4.634942114353179932e-02
6.074865534901618958e-02
3.457105532288551331e-02
2.909933589398860931e-02
6.071789935231208801e-02
5.945937335491180420e-02
4.219327867031097412e-02
6.585344672203063965e-02
5.815680697560310364e-02
4.179295524954795837e-02
1.875916495919227600e-02
4.437183216214179993e-02
3.176938369870185852e-02
5.626657605171203613e-02
4.178904369473457336e-02
3.696918487548828125e-01
3.283641859889030457e-02
8.690405637025833130e-02
4.665006697177886963e-02
2.982614934444427490e-02
5.714450776576995850e-02
3.962891921401023865e-02
8.018117398023605347e-02
6.303855776786804199e-02
8.660826086997985840e-02
3.632960841059684753e-02
7.457518577575683594e-02
4.542331025004386902e-02
2.490373142063617706e-02
6.663487106561660767e-02
4.247725382447242737e-02
4.552834853529930115e-02
4.156025126576423645e-02
5.347822234034538269e-02
7.481695711612701416e-02
2.589291892945766449e-02
4.564154520630836487e-02
3.570858761668205261e-02
4.732615128159523010e-02
3.195411711931228638e-02
9.039018303155899048e-02
4.747961089015007019e-02
4.994854331016540527e-02
3.849446401000022888e-02
6.494703143835067749e-02
2.969815395772457123e-02
3.834782540798187256e-02
5.023431777954101562e-02
7.406111806631088257e-02
5.415483191609382629e-02
5.130484700202941895e-02
4.338881000876426697e-02
6.447244435548782349e-02
4.722218587994575500e-02
5.343075469136238098e-02
3.812143579125404358e-02
5.012447014451026917e-02
4.745097085833549500e-02
3.070162236690521240e-02
4.927540943026542664e-02
7.632974535226821899e-02
3.852665051817893982e-02
7.433790713548660278e-02
4.096328839659690857e-02
4.538746178150177002e-02
8.427710086107254028e-02
3.571946918964385986e-02
5.365926027297973633e-02
7.666669040918350220e-02
7.260084152221679688e-02
6.673848628997802734e-02
2.524505555629730225e-02
3.963870555162429810e-02
8.197618275880813599e-02
8.487292379140853882e-02
7.399577647447586060e-02
4.195776581764221191e-02
3.632277622818946838e-02
5.465820431709289551e-02
3.423733264207839966e-02
1.948484629392623901e-01
5.072331801056861877e-02
4.160001873970031738e-02
3.793826326727867126e-02
4.061130806803703308e-02
8.758904784917831421e-02
5.729402974247932434e-02
8.531311899423599243e-02
3.224058821797370911e-02
5.627891793847084045e-02
3.645556792616844177e-02
7.739315927028656006e-02
4.926630258560180664e-01
9.529059380292892456e-02
5.490861833095550537e-02
3.273903205990791321e-02
6.551156193017959595e-02
8.421202749013900757e-02
4.643272235989570618e-02
5.630351230502128601e-02
6.653442233800888062e-02
6.300061196088790894e-02
3.192631900310516357e-01
5.225057527422904968e-02
5.180089548230171204e-02
5.753839015960693359e-02
5.504653230309486389e-02
4.675856232643127441e-02
7.790400832891464233e-02
4.907932877540588379e-02
4.175414517521858215e-02
3.941400721669197083e-02
5.432040616869926453e-02
4.320260882377624512e-02
9.343709796667098999e-02
4.730993881821632385e-02
4.882005229592323303e-02
6.378925591707229614e-02
4.672149941325187683e-02
2.792451344430446625e-02
6.269078701734542847e-02
6.856993585824966431e-02
8.736374974250793457e-02
3.772513940930366516e-02
6.378891319036483765e-02
6.577004492282867432e-02
6.048945710062980652e-02
7.939475029706954956e-02
7.476343959569931030e-02
4.683480784296989441e-02
3.729238733649253845e-02
7.580140978097915649e-02
4.499610140919685364e-02
4.314564168453216553e-02
1.118096709251403809e-01
3.445194289088249207e-02
6.652341037988662720e-02
5.871963500976562500e-02
4.207373037934303284e-02
6.699866056442260742e-02
8.685833960771560669e-02
4.104156792163848877e-02
4.316279292106628418e-02
6.975219398736953735e-02
9.224749356508255005e-02
8.377023786306381226e-02
3.207033500075340271e-02
6.862957030534744263e-02
7.195716351270675659e-02
6.896329671144485474e-02
5.730780959129333496e-02
6.193269416689872742e-02
1.190125346183776855e-01
4.113776609301567078e-02
4.897015914320945740e-02
6.497120857238769531e-02
4.320883750915527344e-02
3.701309487223625183e-02
7.283832877874374390e-02
3.624111041426658630e-02
5.485587194561958313e-02
4.369795694947242737e-02
4.710293933749198914e-02
5.460823699831962585e-02
4.086158797144889832e-02
4.078914597630500793e-02
6.436333805322647095e-02
5.712508037686347961e-02
5.946746841073036194e-02
3.208336606621742249e-02
6.719464063644409180e-02
6.440179795026779175e-02
6.738299876451492310e-02
3.647485747933387756e-02
3.989210724830627441e-02
4.222075268626213074e-02
3.051729500293731689e-02
4.819804430007934570e-02
4.966181889176368713e-02
5.698973312973976135e-02
6.288083642721176147e-02
5.259697511792182922e-02
3.968817368149757385e-02
7.715811580419540405e-02
1.012732312083244324e-01
4.797979071736335754e-02
8.278474211692810059e-02
5.799179151654243469e-02
6.104071065783500671e-02
4.311997815966606140e-02
8.319420367479324341e-02
3.383467346429824829e-02
4.138397797942161560e-02
6.905664503574371338e-02
4.861512780189514160e-02
4.479418322443962097e-02
6.442018598318099976e-02
1.026105582714080811e-01
7.252503186464309692e-02
4.359598085284233093e-02
9.224015474319458008e-02
8.543600887060165405e-02
4.105462133884429932e-02
4.820750281214714050e-02
4.269113019108772278e-02
4.240038990974426270e-02
5.620119348168373108e-02
6.637943536043167114e-02
4.027188941836357117e-02
4.726944491267204285e-02
3.497812151908874512e-02
1.878358572721481323e-01
7.019481062889099121e-02
7.470624893903732300e-02
3.913977369666099548e-02
5.069429054856300354e-02
6.024911627173423767e-02
5.001858249306678772e-02
4.314139485359191895e-02
5.743609368801116943e-02
9.075542539358139038e-02
8.033399581909179688e-01
4.997789859771728516e-02
4.369923472404479980e-02
3.937746584415435791e-02
5.281623825430870056e-02
2.699954248964786530e-02
4.790415242314338684e-02
5.341432616114616394e-02
6.263254582881927490e-02
5.787523090839385986e-02
5.696886777877807617e-02
3.741179034113883972e-02
5.484463647007942200e-02
3.732993081212043762e-02
2.792412042617797852e-02
3.125352039933204651e-02
6.301611661911010742e-02
5.202232673764228821e-02
4.862101376056671143e-02
3.381912708282470703e-01
5.285117030143737793e-02
4.136307537555694580e-02
7.315327972173690796e-02
3.672316297888755798e-02
4.822599887847900391e-02
7.470097392797470093e-02
4.245074093341827393e-02
4.683463275432586670e-02
5.776269733905792236e-02
1.161421760916709900e-01
3.644311800599098206e-02
6.749785691499710083e-02
4.718714952468872070e-02
3.966407105326652527e-02
6.170307472348213196e-02
4.526489600539207458e-02
8.548486977815628052e-02
7.862908393144607544e-02
4.930306971073150635e-02
5.491298809647560120e-02
7.801536470651626587e-02
1.918020695447921753e-01
6.031197309494018555e-02
3.379866853356361389e-02
6.214439496397972107e-02
8.553435653448104858e-02
6.164498627185821533e-02
5.320420488715171814e-02
8.596152812242507935e-02
4.877735301852226257e-02
6.554807722568511963e-02
4.917363449931144714e-02
4.905757680535316467e-02
3.520835936069488525e-02
9.732740372419357300e-02
9.011723846197128296e-02
4.208970069885253906e-02
6.239960715174674988e-02
6.778838485479354858e-02
4.200230166316032410e-02
4.490343108773231506e-02
4.129618778824806213e-02
1.139228343963623047e-01
3.168582171201705933e-02
5.249744653701782227e-02
5.539794638752937317e-02
3.529914095997810364e-02
3.277838602662086487e-02
1.102978512644767761e-01
3.100164234638214111e-02
1.984208263456821442e-02
6.537016481161117554e-02
5.239129066467285156e-02
4.489659890532493591e-02
5.311484262347221375e-02
6.991249322891235352e-02
3.396491333842277527e-02
5.506938695907592773e-02
3.354775160551071167e-02
5.387379601597785950e-02
7.158172130584716797e-02
7.312028855085372925e-02
5.023675039410591125e-02
6.081309542059898376e-02
9.445328265428543091e-02
7.688860595226287842e-02
5.622551217675209045e-02
4.413998126983642578e-02
4.755038022994995117e-02
3.293665498495101929e-02
5.905627086758613586e-02
5.923356488347053528e-02
4.824526980519294739e-02
6.670819967985153198e-02
6.120054051280021667e-02
5.676377937197685242e-02
3.697769716382026672e-02
5.375133082270622253e-02
5.228706821799278259e-02
5.565651133656501770e-02
6.539910286664962769e-02
6.924599409103393555e-02
6.073066592216491699e-02
4.509660601615905762e-02
3.656287863850593567e-02
6.199293211102485657e-02
3.658936545252799988e-02
9.445965290069580078e-02
4.563223198056221008e-02
6.354445964097976685e-02
5.213974416255950928e-02
4.651263058185577393e-01
8.284372836351394653e-02
4.371822252869606018e-02
5.748963356018066406e-02
3.744805976748466492e-02
9.237626940011978149e-02
1.440315842628479004e-01
5.653765797615051270e-02
7.387395203113555908e-02
5.800272151827812195e-02
4.196831211447715759e-02
5.976076051592826843e-02
5.070590972900390625e-02
6.415648013353347778e-02
5.107704922556877136e-02
6.330817192792892456e-02
4.231793805956840515e-02
3.212117776274681091e-02
4.442210868000984192e-02
5.501813814043998718e-02
6.459949165582656860e-02
3.045267425477504730e-02
4.668182134628295898e-02
4.576922580599784851e-02
5.086570978164672852e-02
7.937566936016082764e-02
6.576659530401229858e-02
7.359233498573303223e-02
3.660052642226219177e-02
4.975378885865211487e-02
6.251787394285202026e-02
4.139009118080139160e-02
4.207702353596687317e-02
5.094559863209724426e-02
5.759801343083381653e-02
5.335496366024017334e-02
5.717125162482261658e-02
7.098070532083511353e-02
5.665120109915733337e-02
8.438664674758911133e-02
4.872869327664375305e-02
4.777299240231513977e-02
5.346627160906791687e-02
7.881791889667510986e-02
2.581293322145938873e-02
1.883552782237529755e-02
3.008403629064559937e-02
6.432760506868362427e-02
6.262537837028503418e-02
3.302374854683876038e-02
4.980597272515296936e-02
4.248823225498199463e-02
4.843232408165931702e-02
3.511360287666320801e-02
3.268764913082122803e-02
6.447663158178329468e-02
8.184310048818588257e-02
6.429108977317810059e-02
3.241950646042823792e-02
4.973074793815612793e-02
6.735316663980484009e-02
4.231322184205055237e-02
4.393352940678596497e-02
4.879425838589668274e-02
3.271704167127609253e-02
4.299094155430793762e-02
4.860883951187133789e-02
1.027449741959571838e-01
3.654290363192558289e-02
3.429624736309051514e-01
5.784371495246887207e-02
3.546981513500213623e-02
2.228484302759170532e-02
5.126457288861274719e-02
4.339754581451416016e-02
5.718775093555450439e-02
5.179344117641448975e-02
5.078748241066932678e-02
1.448788493871688843e-01
6.886131316423416138e-02
9.604132920503616333e-02
2.786293067038059235e-02
5.094591900706291199e-02
8.742008358240127563e-02
5.603174865245819092e-02
2.392363548278808594e-02
6.729495525360107422e-02
5.570308491587638855e-02
7.739279419183731079e-02
6.986146420240402222e-02
2.845833264291286469e-02
4.057421162724494934e-02
6.724561750888824463e-02
8.054412901401519775e-02
3.801153227686882019e-02
6.117061153054237366e-02
1.106904745101928711e-01
5.342129990458488464e-02
4.518726840615272522e-02
7.532849907875061035e-02
7.687049359083175659e-02
3.532041609287261963e-02
3.707903251051902771e-02
6.091791391372680664e-02
4.777152463793754578e-02
4.868057370185852051e-02
1.064130961894989014e-01
3.627817332744598389e-02
5.471336469054222107e-02
7.476562261581420898e-02
6.379958242177963257e-02
5.960021540522575378e-02
8.004970103502273560e-02
4.093607366085052490e-01
1.098757386207580566e-01
6.263604015111923218e-02
7.840389013290405273e-02
3.927488252520561218e-02
7.729253172874450684e-02
4.505908116698265076e-02
6.305929273366928101e-02
4.634386301040649414e-02
2.838087640702724457e-02
4.766712710261344910e-02
8.165743201971054077e-02
6.959991902112960815e-02
4.768917337059974670e-02
2.561303414404392242e-02
1.457276195287704468e-01
4.113863036036491394e-02
5.745782330632209778e-02
5.377957597374916077e-02
7.250529527664184570e-02
2.580338530242443085e-02
4.392096400260925293e-02
7.162949442863464355e-02
3.905681893229484558e-02
8.005882054567337036e-02
2.934948168694972992e-02
4.541964828968048096e-02
3.838868439197540283e-02
3.381344303488731384e-02
4.349208250641822815e-02
4.996063187718391418e-02
3.620335832238197327e-02
3.968375548720359802e-02
7.562118023633956909e-02
5.646791681647300720e-02
5.103370174765586853e-02
5.205785110592842102e-02
2.966938726603984833e-02
3.197297081351280212e-02
8.059569448232650757e-02
5.164264515042304993e-02
5.026742443442344666e-02
3.837781026959419250e-02
7.278313487768173218e-02
7.103947550058364868e-02
9.073201566934585571e-02
4.311605170369148254e-02
7.955253869295120239e-02
5.682612583041191101e-02
6.376058608293533325e-02
5.338470265269279480e-02
4.298872873187065125e-02
4.325915500521659851e-02
7.830563187599182129e-02
4.416026175022125244e-02
5.441420152783393860e-02
1.290713548660278320e-01
7.945854961872100830e-02
2.593046128749847412e-01
6.924019008874893188e-02
4.371517896652221680e-02
8.938196301460266113e-02
6.050570681691169739e-02
7.841385900974273682e-02
4.063853994011878967e-02
5.649084970355033875e-02
5.838026478886604309e-02
6.171524524688720703e-02
8.242674916982650757e-02
6.165217235684394836e-02
3.355191648006439209e-02
5.754138529300689697e-02
5.221436917781829834e-02
2.687647938728332520e-02
3.499405086040496826e-02
5.936454609036445618e-02
4.730707406997680664e-02
3.658105060458183289e-02
6.323578208684921265e-02
5.751927196979522705e-02
9.978469461202621460e-02
4.227089881896972656e-02
1.345181018114089966e-01
4.269073903560638428e-02
4.344483092427253723e-02
5.424961820244789124e-02
5.257728695869445801e-02
7.314824312925338745e-02
6.780894100666046143e-02
4.968616738915443420e-02
5.706166103482246399e-02
6.687566637992858887e-02
4.435617849230766296e-02
3.115122206509113312e-02
1.536778360605239868e-01
1.635316312313079834e-01
5.672894045710563660e-02
7.607752084732055664e-02
8.136893063783645630e-02
7.026597112417221069e-02
4.814378917217254639e-02
7.279936224222183228e-02
5.951331928372383118e-02
3.892756253480911255e-02
4.080066084861755371e-02
9.647884964942932129e-02
6.695563346147537231e-02
4.495818540453910828e-02
6.580616533756256104e-02
7.449514418840408325e-02
4.215012118220329285e-02
1.930776089429855347e-01
7.796494662761688232e-02
7.863105088472366333e-02
4.731000587344169617e-02
4.297149181365966797e-02
3.344063460826873779e-02
2.403920739889144897e-01
6.037029623985290527e-02
4.784043133258819580e-02
2.284400314092636108e-01
6.508671492338180542e-02
5.918523669242858887e-02
3.743470087647438049e-02
6.581708788871765137e-02
4.793736711144447327e-02
5.815906450152397156e-02
5.531787499785423279e-02
6.036451458930969238e-02
6.561128050088882446e-02
2.891108393669128418e-02
4.438837990164756775e-02
5.380237475037574768e-02
9.555051475763320923e-02
2.042417973279953003e-01
6.821906566619873047e-02
3.789293020963668823e-02
5.876651406288146973e-02
4.801335558295249939e-02
4.512550309300422668e-02
3.068074025213718414e-02
4.028440639376640320e-02
5.185778811573982239e-02
7.551965117454528809e-02
5.051083490252494812e-02
7.901488989591598511e-02
3.926046565175056458e-02
5.375896766781806946e-02
6.722543388605117798e-02
8.827199786901473999e-02
5.416179820895195007e-02
4.279832541942596436e-02
3.317423909902572632e-02
5.034278705716133118e-02
6.786350160837173462e-02
5.903087928891181946e-02
6.042277812957763672e-02
2.115251868963241577e-01
3.871803358197212219e-02
3.226531296968460083e-02
3.904763981699943542e-02
6.181769445538520813e-02
4.520613327622413635e-02
6.459413468837738037e-02
3.767264634370803833e-02
4.648349061608314514e-02
5.332434177398681641e-02
4.247242212295532227e-02
4.520357772707939148e-02
1.463699936866760254e-01
8.193705230951309204e-02
5.864410474896430969e-02
6.590061634778976440e-02
5.687405541539192200e-02
7.418169081211090088e-02
6.629966944456100464e-02
6.095968559384346008e-02
7.087889313697814941e-02
9.097608178853988647e-02
4.829944670200347900e-02
7.997933775186538696e-02
4.992900788784027100e-02
4.322824254631996155e-02
2.463276870548725128e-02
4.174914956092834473e-02
7.222867012023925781e-02
5.309253931045532227e-02
3.551578521728515625e-02
5.962823703885078430e-02
6.755894422531127930e-02
7.492876797914505005e-02
8.079680800437927246e-02
9.008618444204330444e-02
4.425508901476860046e-02
4.294011369347572327e-02
4.094026610255241394e-02
5.715708434581756592e-02
5.760070681571960449e-02
5.468025431036949158e-02
4.806549474596977234e-02
2.275208085775375366e-01
9.571009874343872070e-02
4.411041736602783203e-02
7.964155822992324829e-02
5.394006147980690002e-02
5.249617621302604675e-02
3.346915170550346375e-02
6.033551692962646484e-02
3.305727243423461914e-02
5.069262161850929260e-02
5.636039748787879944e-02
2.911904454231262207e-02
6.435000896453857422e-02
4.803116992115974426e-02
7.737741619348526001e-02
4.246355965733528137e-02
4.393548890948295593e-02
1.626725196838378906e-01
3.692664578557014465e-02
4.638922587037086487e-02
4.695902764797210693e-02
3.201963752508163452e-02
4.306482151150703430e-02
4.828407242894172668e-02
6.636653095483779907e-02
5.716120824217796326e-02
5.151658132672309875e-02
6.385546177625656128e-02
5.976980924606323242e-02
4.779513552784919739e-02
2.100827358663082123e-02
4.181055724620819092e-02
7.305662035942077637e-01
3.754018247127532959e-02
5.400374531745910645e-02
7.320318371057510376e-02
8.007141947746276855e-02
4.101955890655517578e-02
5.930231139063835144e-02
3.031223453581333160e-02
5.030720308423042297e-02
6.920183449983596802e-02
7.799649983644485474e-02
4.114267975091934204e-02
3.435266762971878052e-02
7.016805559396743774e-02
9.392837435007095337e-02
4.761363193392753601e-02
4.122042283415794373e-02
3.352929651737213135e-02
3.077106364071369171e-02
4.642816260457038879e-02
4.317383095622062683e-02
4.012170061469078064e-02
4.645533859729766846e-02
4.723878577351570129e-02
5.405604839324951172e-02
3.209538757801055908e-02
5.367690697312355042e-02
8.714201301336288452e-02
6.205154955387115479e-02
4.077886417508125305e-02
5.439602956175804138e-02
4.220119118690490723e-02
5.913845077157020569e-02
5.233586207032203674e-02
5.488389730453491211e-02
4.057732969522476196e-02
6.335400789976119995e-02
4.801005497574806213e-02
3.472231701016426086e-02
5.682349205017089844e-02
4.661767557263374329e-02
3.186823055148124695e-02
2.738428115844726562e-02
7.138963788747787476e-02
5.307004228234291077e-02
6.213675066828727722e-02
5.278750881552696228e-02
4.922259226441383362e-02
3.748262301087379456e-02
8.479899168014526367e-02
4.296323657035827637e-02
9.459819644689559937e-02
5.163789913058280945e-02
4.963147267699241638e-02
6.414751708507537842e-02
4.927596449851989746e-02
3.632455319166183472e-02
6.990005075931549072e-02
6.865182518959045410e-02
5.392578244209289551e-02
9.105464816093444824e-02
1.144547089934349060e-01
6.341736763715744019e-02
5.251131579279899597e-02
5.293591693043708801e-02
8.498642593622207642e-02
4.266450926661491394e-02
4.496411606669425964e-02
3.571072220802307129e-02
5.220893397927284241e-02
4.755411669611930847e-02
