4.837245047092437744e-01
4.029397070407867432e-01
5.459429621696472168e-01
5.224594473838806152e-01
4.863893687725067139e-01
5.544721484184265137e-01
3.928680419921875000e-01
4.212610423564910889e-01
3.859864771366119385e-01
5.466365814208984375e-01
3.759270012378692627e-01
4.230045378208160400e-01
4.167794883251190186e-01
4.136243760585784912e-01
4.032315313816070557e-01
4.595408737659454346e-01
3.694828748703002930e-01
4.067360162734985352e-01
4.114160537719726562e-01
3.516565561294555664e-01
5.238072276115417480e-01
3.950047791004180908e-01
6.031070947647094727e-01
4.175511896610260010e-01
3.944007456302642822e-01
3.982259929180145264e-01
4.686425626277923584e-01
3.877824842929840088e-01
3.651494085788726807e-01
4.767053425312042236e-01
5.247090458869934082e-01
4.440265595912933350e-01
3.278202116489410400e-01
4.481966197490692139e-01
4.280587434768676758e-01
4.377053678035736084e-01
4.247885644435882568e-01
5.333029627799987793e-01
3.955587446689605713e-01
3.853301107883453369e-01
3.768878877162933350e-01
3.480352163314819336e-01
5.004568696022033691e-01
5.382273197174072266e-01
3.630064725875854492e-01
4.843229353427886963e-01
4.637919664382934570e-01
3.188456594944000244e-01
5.010555386543273926e-01
4.038091599941253662e-01
3.752011358737945557e-01
4.546864926815032959e-01
4.049788415431976318e-01
3.955144882202148438e-01
5.018505454063415527e-01
4.881722927093505859e-01
3.747462332248687744e-01
4.097312390804290771e-01
5.030286908149719238e-01
3.666745126247406006e-01
3.791909515857696533e-01
4.000199139118194580e-01
3.929866850376129150e-01
3.227783143520355225e-01
4.665913283824920654e-01
4.181739985942840576e-01
3.272604644298553467e-01
4.006115198135375977e-01
4.493372142314910889e-01
3.263727426528930664e-01
4.252264499664306641e-01
3.625540435314178467e-01
4.266560971736907959e-01
4.485054910182952881e-01
4.146676361560821533e-01
3.696135580539703369e-01
3.751613795757293701e-01
3.185319006443023682e-01
3.761976659297943115e-01
3.893028795719146729e-01
4.798410832881927490e-01
4.405044615268707275e-01
3.897700309753417969e-01
4.165571928024291992e-01
3.708964288234710693e-01
4.722137451171875000e-01
3.601863682270050049e-01
3.789356648921966553e-01
5.183609127998352051e-01
4.648046493530273438e-01
4.251930415630340576e-01
4.091297090053558350e-01
3.313879668712615967e-01
3.720672130584716797e-01
5.341640114784240723e-01
5.434339642524719238e-01
3.386307656764984131e-01
3.699361085891723633e-01
4.144682884216308594e-01
3.554222881793975830e-01
3.438286483287811279e-01
4.774973690509796143e-01
3.884514272212982178e-01
3.683288991451263428e-01
4.389334917068481445e-01
3.674694299697875977e-01
3.504736423492431641e-01
3.816338479518890381e-01
5.272107720375061035e-01
3.417504131793975830e-01
4.744855463504791260e-01
4.632109105587005615e-01
4.032505452632904053e-01
3.349741995334625244e-01
4.162461459636688232e-01
3.767527639865875244e-01
3.763702213764190674e-01
4.158435165882110596e-01
3.507417142391204834e-01
3.866105377674102783e-01
3.503961563110351562e-01
5.896177291870117188e-01
4.752171933650970459e-01
3.857393264770507812e-01
3.882368803024291992e-01
5.014784336090087891e-01
3.621544837951660156e-01
4.018448591232299805e-01
3.586214780807495117e-01
4.517998993396759033e-01
4.036307334899902344e-01
3.399682343006134033e-01
3.824529647827148438e-01
3.511306345462799072e-01
3.831638097763061523e-01
3.946303427219390869e-01
3.861915171146392822e-01
3.786355555057525635e-01
3.868406116962432861e-01
3.773744106292724609e-01
3.966702520847320557e-01
4.483936727046966553e-01
4.029564559459686279e-01
3.528596162796020508e-01
4.286518096923828125e-01
4.149483740329742432e-01
3.523393869400024414e-01
4.467755854129791260e-01
2.993677556514739990e-01
3.497561514377593994e-01
3.771451413631439209e-01
4.428010880947113037e-01
3.726563453674316406e-01
3.775916099548339844e-01
5.208983421325683594e-01
4.404148757457733154e-01
3.688956499099731445e-01
2.997631728649139404e-01
3.650716543197631836e-01
4.218987226486206055e-01
3.887042105197906494e-01
4.094647169113159180e-01
4.445639848709106445e-01
3.415116369724273682e-01
3.535527884960174561e-01
4.268059730529785156e-01
4.906806051731109619e-01
4.081286489963531494e-01
4.120579659938812256e-01
3.208847343921661377e-01
3.432814776897430420e-01
3.939548730850219727e-01
4.262015819549560547e-01
4.077762067317962646e-01
3.582612276077270508e-01
4.739769995212554932e-01
4.024709761142730713e-01
2.989572584629058838e-01
3.467259407043457031e-01
4.906151294708251953e-01
4.242081642150878906e-01
4.803929626941680908e-01
5.032404661178588867e-01
3.355844318866729736e-01
3.662713766098022461e-01
3.713820874691009521e-01
3.288876712322235107e-01
3.445791900157928467e-01
4.300287961959838867e-01
3.245481848716735840e-01
4.435511827468872070e-01
3.704704046249389648e-01
3.678084909915924072e-01
3.811063766479492188e-01
4.319757223129272461e-01
4.668842256069183350e-01
4.139248430728912354e-01
3.360472917556762695e-01
4.142046272754669189e-01
4.393600523471832275e-01
4.058838188648223877e-01
4.850542247295379639e-01
3.581334650516510010e-01
3.647874295711517334e-01
4.126554429531097412e-01
3.298493027687072754e-01
4.604159593582153320e-01
3.652391433715820312e-01
4.329391717910766602e-01
3.635857999324798584e-01
3.750072717666625977e-01
4.505412578582763672e-01
3.324885666370391846e-01
3.709356486797332764e-01
3.952300846576690674e-01
3.512857854366302490e-01
4.307161271572113037e-01
4.383051395416259766e-01
3.622179925441741943e-01
4.680241346359252930e-01
4.178036153316497803e-01
3.857746422290802002e-01
3.972191512584686279e-01
3.038044571876525879e-01
4.606960713863372803e-01
4.072760641574859619e-01
5.021472573280334473e-01
3.871101438999176025e-01
4.151586592197418213e-01
3.611058890819549561e-01
3.866526782512664795e-01
4.375160038471221924e-01
5.060966610908508301e-01
4.026609957218170166e-01
3.702938556671142578e-01
4.043551683425903320e-01
3.343007564544677734e-01
3.750495910644531250e-01
3.246067762374877930e-01
3.028331696987152100e-01
3.945578336715698242e-01
3.857302665710449219e-01
3.360617160797119141e-01
3.728234767913818359e-01
4.230350553989410400e-01
4.042194783687591553e-01
4.731502830982208252e-01
3.977200984954833984e-01
3.838650286197662354e-01
3.390253484249114990e-01
4.507435262203216553e-01
4.752365052700042725e-01
3.962113857269287109e-01
3.316085338592529297e-01
3.732391297817230225e-01
3.947035372257232666e-01
4.509250223636627197e-01
3.486741781234741211e-01
4.027852714061737061e-01
3.230276107788085938e-01
4.104519784450531006e-01
3.827681541442871094e-01
3.299949467182159424e-01
4.532195627689361572e-01
3.830246627330780029e-01
3.761310577392578125e-01
3.958895206451416016e-01
3.941760361194610596e-01
3.076529800891876221e-01
3.833021819591522217e-01
4.100157916545867920e-01
4.981674253940582275e-01
3.502312898635864258e-01
4.648598432540893555e-01
4.845407903194427490e-01
4.241412580013275146e-01
3.538345992565155029e-01
3.704019784927368164e-01
4.232981204986572266e-01
3.484939038753509521e-01
3.545637130737304688e-01
3.773096799850463867e-01
4.762715399265289307e-01
3.490589857101440430e-01
4.873957931995391846e-01
3.492658436298370361e-01
3.501533269882202148e-01
3.376371562480926514e-01
4.141146242618560791e-01
5.469777584075927734e-01
3.970317542552947998e-01
4.259224832057952881e-01
3.703358471393585205e-01
4.453840553760528564e-01
3.845536708831787109e-01
4.681730568408966064e-01
3.374241888523101807e-01
2.902288734912872314e-01
3.895325660705566406e-01
4.834899902343750000e-01
3.749076128005981445e-01
3.215854465961456299e-01
3.576574325561523438e-01
3.465878963470458984e-01
3.513798415660858154e-01
4.587714970111846924e-01
4.652408063411712646e-01
4.177187681198120117e-01
3.360172510147094727e-01
3.536386191844940186e-01
3.203445971012115479e-01
4.155659973621368408e-01
4.322296380996704102e-01
4.121020734310150146e-01
3.883033692836761475e-01
3.875533640384674072e-01
4.315489232540130615e-01
3.833746016025543213e-01
3.867740929126739502e-01
4.261374473571777344e-01
5.594990253448486328e-01
4.697400629520416260e-01
4.361078739166259766e-01
3.798871040344238281e-01
3.425884246826171875e-01
3.449456393718719482e-01
3.887813091278076172e-01
3.479763269424438477e-01
5.231828093528747559e-01
3.358285427093505859e-01
3.976863622665405273e-01
3.481272757053375244e-01
4.044322669506072998e-01
4.585525095462799072e-01
3.898154497146606445e-01
3.885523974895477295e-01
3.839420080184936523e-01
3.326431810855865479e-01
3.508784472942352295e-01
4.264639616012573242e-01
4.199251830577850342e-01
3.865653276443481445e-01
3.925496637821197510e-01
3.557893037796020508e-01
3.578386306762695312e-01
3.265871703624725342e-01
3.661747872829437256e-01
3.056946396827697754e-01
3.466521203517913818e-01
4.671530723571777344e-01
4.018190205097198486e-01
3.564466536045074463e-01
3.912982642650604248e-01
3.297162950038909912e-01
4.015081822872161865e-01
4.312942028045654297e-01
3.264205455780029297e-01
3.352824747562408447e-01
3.591336309909820557e-01
4.189312458038330078e-01
3.152247071266174316e-01
3.666184842586517334e-01
4.272819757461547852e-01
3.075256347656250000e-01
4.052887856960296631e-01
4.306335449218750000e-01
4.121599495410919189e-01
3.487558066844940186e-01
4.781971871852874756e-01
3.499425351619720459e-01
4.025113582611083984e-01
3.648759126663208008e-01
3.401213884353637695e-01
3.124777078628540039e-01
3.035174906253814697e-01
2.920749485492706299e-01
3.242432177066802979e-01
4.046620428562164307e-01
3.343780934810638428e-01
4.121412932872772217e-01
2.999782562255859375e-01
4.265333414077758789e-01
3.216892182826995850e-01
3.128711283206939697e-01
3.828448951244354248e-01
3.320672214031219482e-01
3.553410768508911133e-01
3.489390611648559570e-01
3.692120313644409180e-01
3.944220542907714844e-01
4.580365717411041260e-01
3.568149805068969727e-01
3.212397396564483643e-01
4.009766876697540283e-01
4.823013842105865479e-01
2.961278855800628662e-01
3.151043951511383057e-01
3.196956813335418701e-01
5.292612314224243164e-01
3.318311274051666260e-01
3.645506203174591064e-01
3.382019698619842529e-01
2.918176949024200439e-01
3.115398585796356201e-01
3.979536592960357666e-01
4.290909469127655029e-01
3.330610096454620361e-01
4.759776294231414795e-01
3.213650286197662354e-01
3.141239583492279053e-01
3.356502950191497803e-01
6.048108935356140137e-01
3.427038490772247314e-01
3.617087304592132568e-01
4.889494478702545166e-01
4.358023107051849365e-01
4.054610431194305420e-01
3.503401577472686768e-01
3.603544533252716064e-01
4.181628525257110596e-01
3.508195877075195312e-01
3.735369145870208740e-01
3.363841474056243896e-01
4.959078729152679443e-01
4.283114373683929443e-01
3.915097713470458984e-01
3.390842378139495850e-01
3.806536495685577393e-01
3.545894920825958252e-01
4.088943898677825928e-01
3.997299671173095703e-01
3.167888224124908447e-01
4.528937339782714844e-01
3.502539694309234619e-01
3.540381491184234619e-01
2.941699326038360596e-01
2.955166399478912354e-01
3.599452674388885498e-01
4.609718024730682373e-01
3.640018403530120850e-01
3.430447578430175781e-01
3.233971893787384033e-01
3.913041055202484131e-01
3.022612631320953369e-01
4.105992019176483154e-01
3.014406859874725342e-01
3.949764966964721680e-01
4.112225472927093506e-01
3.109355270862579346e-01
3.815664947032928467e-01
3.630093336105346680e-01
3.128513693809509277e-01
3.589765727519989014e-01
4.188375771045684814e-01
3.021266162395477295e-01
3.951541185379028320e-01
3.139777481555938721e-01
4.199874103069305420e-01
3.374684154987335205e-01
4.496452808380126953e-01
4.149643182754516602e-01
5.141216516494750977e-01
3.341633379459381104e-01
3.636196553707122803e-01
4.054718911647796631e-01
4.263862669467926025e-01
5.053348541259765625e-01
3.740952312946319580e-01
4.169939458370208740e-01
2.946343719959259033e-01
3.532734215259552002e-01
3.755271434783935547e-01
4.497599899768829346e-01
3.921445906162261963e-01
4.378215372562408447e-01
3.127658069133758545e-01
3.264420330524444580e-01
4.382397830486297607e-01
3.556786477565765381e-01
3.854196369647979736e-01
3.172841072082519531e-01
2.703113555908203125e-01
3.627365827560424805e-01
3.885589540004730225e-01
3.407451212406158447e-01
3.017427921295166016e-01
2.891884744167327881e-01
3.929545879364013672e-01
3.287893533706665039e-01
3.378263711929321289e-01
4.194867908954620361e-01
3.353700339794158936e-01
3.520732820034027100e-01
3.316655158996582031e-01
3.782362043857574463e-01
2.995543181896209717e-01
3.413635790348052979e-01
2.782194316387176514e-01
3.243048191070556641e-01
3.467127978801727295e-01
4.231345653533935547e-01
2.654143571853637695e-01
4.582394063472747803e-01
3.721761405467987061e-01
4.328062236309051514e-01
3.122394979000091553e-01
3.128829896450042725e-01
3.267445862293243408e-01
4.126790463924407959e-01
5.892429947853088379e-01
2.994293868541717529e-01
4.964844882488250732e-01
4.046992957592010498e-01
3.307102322578430176e-01
3.152920305728912354e-01
4.077626168727874756e-01
3.417503833770751953e-01
3.608956634998321533e-01
3.311857879161834717e-01
4.051380455493927002e-01
3.873953819274902344e-01
4.174907207489013672e-01
3.255480229854583740e-01
3.635338842868804932e-01
3.885920047760009766e-01
4.559465944766998291e-01
4.156405031681060791e-01
4.043843448162078857e-01
4.845602512359619141e-01
3.268470466136932373e-01
2.933506667613983154e-01
3.540946543216705322e-01
3.207042515277862549e-01
3.204004466533660889e-01
4.325637817382812500e-01
3.653557300567626953e-01
3.439186811447143555e-01
3.080471456050872803e-01
3.799831569194793701e-01
4.097933769226074219e-01
3.291069567203521729e-01
2.786373794078826904e-01
3.838448822498321533e-01
3.535707890987396240e-01
5.462603569030761719e-01
3.730028569698333740e-01
3.491961061954498291e-01
3.844372928142547607e-01
3.999795019626617432e-01
3.991124629974365234e-01
3.876758515834808350e-01
3.919783532619476318e-01
4.566928148269653320e-01
4.560244977474212646e-01
3.619397580623626709e-01
3.563154637813568115e-01
3.718662261962890625e-01
3.794595897197723389e-01
3.927216827869415283e-01
3.327428996562957764e-01
3.430436551570892334e-01
3.571295738220214844e-01
3.783433139324188232e-01
2.817705571651458740e-01
3.302040994167327881e-01
3.510462343692779541e-01
3.027163445949554443e-01
3.227573335170745850e-01
3.127198219299316406e-01
3.660849332809448242e-01
3.385771811008453369e-01
3.794446289539337158e-01
3.301854133605957031e-01
4.045893251895904541e-01
3.572241961956024170e-01
3.795540332794189453e-01
4.294568300247192383e-01
4.270891249179840088e-01
4.131219089031219482e-01
3.013876378536224365e-01
3.237533867359161377e-01
3.246223032474517822e-01
6.734080314636230469e-01
4.460847377777099609e-01
3.176132142543792725e-01
4.495175182819366455e-01
3.508813381195068359e-01
3.088823556900024414e-01
3.081530630588531494e-01
4.127663373947143555e-01
3.154611885547637939e-01
3.835867941379547119e-01
3.457205295562744141e-01
3.050887286663055420e-01
3.641909062862396240e-01
3.274543583393096924e-01
2.837460339069366455e-01
3.399686813354492188e-01
5.001257061958312988e-01
3.494251072406768799e-01
3.084688484668731689e-01
3.553259670734405518e-01
3.689130842685699463e-01
4.025643765926361084e-01
3.651499748229980469e-01
3.642870485782623291e-01
3.206539452075958252e-01
3.183020353317260742e-01
3.698047101497650146e-01
3.412591516971588135e-01
3.752167522907257080e-01
4.250448942184448242e-01
3.731312751770019531e-01
3.199007809162139893e-01
3.146189153194427490e-01
3.312368690967559814e-01
4.022178947925567627e-01
3.435813486576080322e-01
3.830560445785522461e-01
4.543294012546539307e-01
2.965358197689056396e-01
3.506998121738433838e-01
3.992894887924194336e-01
3.223770856857299805e-01
3.608107268810272217e-01
4.186793863773345947e-01
4.099403321743011475e-01
4.526057243347167969e-01
3.319895565509796143e-01
3.626495897769927979e-01
4.474246501922607422e-01
3.487578928470611572e-01
3.775248229503631592e-01
3.051206767559051514e-01
3.059928715229034424e-01
3.094429075717926025e-01
3.564591705799102783e-01
3.292238712310791016e-01
2.894820570945739746e-01
3.418654501438140869e-01
3.002222478389739990e-01
4.317987859249114990e-01
4.248414039611816406e-01
3.416318595409393311e-01
3.419175148010253906e-01
3.424465656280517578e-01
4.097156524658203125e-01
3.798455893993377686e-01
3.509238064289093018e-01
3.630779683589935303e-01
2.791181206703186035e-01
3.350903987884521484e-01
3.847964107990264893e-01
2.975585162639617920e-01
3.196920454502105713e-01
3.497890233993530273e-01
3.218934237957000732e-01
3.506513535976409912e-01
3.577246367931365967e-01
5.683683156967163086e-01
3.630435168743133545e-01
3.239724040031433105e-01
2.923590838909149170e-01
4.005046784877777100e-01
4.319610893726348877e-01
3.117201924324035645e-01
3.371967971324920654e-01
3.340593278408050537e-01
3.174331486225128174e-01
3.323941230773925781e-01
2.743597924709320068e-01
3.175354599952697754e-01
3.644332885742187500e-01
3.679186105728149414e-01
3.524748086929321289e-01
4.067960083484649658e-01
3.221843540668487549e-01
3.483141362667083740e-01
3.540798723697662354e-01
3.801778852939605713e-01
3.589173555374145508e-01
5.082943439483642578e-01
4.947435855865478516e-01
2.790277302265167236e-01
4.138400256633758545e-01
4.355990886688232422e-01
3.146947026252746582e-01
3.447510004043579102e-01
3.039929866790771484e-01
3.943084180355072021e-01
4.037834405899047852e-01
3.911971747875213623e-01
3.894663155078887939e-01
3.108167350292205811e-01
3.159795105457305908e-01
2.823097109794616699e-01
5.036596655845642090e-01
4.903436005115509033e-01
4.301846325397491455e-01
3.164914548397064209e-01
2.749693393707275391e-01
3.057710230350494385e-01
3.556898832321166992e-01
3.786500990390777588e-01
3.738693296909332275e-01
3.332473635673522949e-01
3.046032786369323730e-01
2.907538712024688721e-01
2.978864014148712158e-01
4.289822280406951904e-01
3.206447362899780273e-01
3.606004714965820312e-01
4.254659712314605713e-01
4.367273747920989990e-01
3.177773058414459229e-01
2.684761583805084229e-01
3.851534426212310791e-01
2.934482693672180176e-01
4.764655828475952148e-01
4.199018776416778564e-01
3.627584874629974365e-01
3.524138927459716797e-01
3.569562733173370361e-01
3.935956060886383057e-01
3.646878302097320557e-01
3.158336877822875977e-01
3.384012877941131592e-01
2.603132426738739014e-01
4.161169230937957764e-01
4.344488680362701416e-01
3.783372938632965088e-01
3.265456259250640869e-01
3.102535307407379150e-01
3.069502115249633789e-01
3.434324562549591064e-01
2.959659993648529053e-01
3.279467821121215820e-01
3.583294451236724854e-01
2.965370118618011475e-01
2.707619369029998779e-01
3.928795158863067627e-01
3.648681938648223877e-01
3.714739382266998291e-01
3.935736715793609619e-01
2.934434115886688232e-01
4.286607801914215088e-01
4.640986919403076172e-01
3.387002050876617432e-01
4.124772548675537109e-01
2.817634046077728271e-01
3.155910074710845947e-01
3.186749517917633057e-01
3.281574845314025879e-01
3.746822178363800049e-01
4.082971513271331787e-01
3.333388864994049072e-01
3.532373011112213135e-01
2.971745431423187256e-01
3.490554988384246826e-01
3.442575037479400635e-01
3.422572612762451172e-01
2.842386662960052490e-01
2.839753925800323486e-01
5.595901608467102051e-01
2.824907004833221436e-01
3.422985374927520752e-01
4.131052494049072266e-01
5.401205420494079590e-01
5.196540951728820801e-01
3.957282006740570068e-01
4.381524622440338135e-01
3.599970638751983643e-01
3.635298907756805420e-01
3.715460598468780518e-01
3.447663486003875732e-01
3.250472545623779297e-01
4.285726547241210938e-01
3.016934990882873535e-01
3.847925662994384766e-01
4.019989669322967529e-01
3.086431920528411865e-01
3.897708356380462646e-01
4.170095622539520264e-01
3.431872427463531494e-01
3.082178533077239990e-01
4.280470609664916992e-01
3.342134058475494385e-01
3.231467306613922119e-01
3.845160305500030518e-01
3.156325817108154297e-01
3.828488290309906006e-01
2.716847658157348633e-01
4.583282172679901123e-01
3.362587392330169678e-01
2.608377039432525635e-01
3.123389780521392822e-01
4.045419394969940186e-01
3.106833994388580322e-01
3.113784193992614746e-01
2.774786651134490967e-01
3.067107200622558594e-01
3.688079118728637695e-01
4.384552538394927979e-01
4.347433149814605713e-01
3.286055624485015869e-01
3.611038029193878174e-01
3.593045473098754883e-01
3.861651122570037842e-01
2.797121107578277588e-01
3.481782972812652588e-01
3.210459649562835693e-01
2.990784049034118652e-01
3.321206867694854736e-01
3.054049611091613770e-01
4.630929231643676758e-01
3.583715260028839111e-01
2.770392298698425293e-01
4.095422327518463135e-01
2.886328101158142090e-01
3.287679851055145264e-01
4.761997163295745850e-01
3.177026510238647461e-01
3.238395750522613525e-01
3.128338158130645752e-01
3.170570135116577148e-01
3.771943151950836182e-01
3.049478530883789062e-01
3.224423229694366455e-01
3.024032711982727051e-01
3.837743997573852539e-01
3.130356371402740479e-01
3.950171172618865967e-01
3.724541664123535156e-01
3.504306972026824951e-01
3.068563044071197510e-01
3.654279708862304688e-01
3.390547931194305420e-01
2.937500178813934326e-01
3.754371106624603271e-01
4.188974201679229736e-01
2.841381132602691650e-01
3.288196921348571777e-01
4.095790088176727295e-01
3.948754966259002686e-01
3.427065312862396240e-01
3.180768191814422607e-01
3.122953176498413086e-01
3.189505636692047119e-01
3.220721483230590820e-01
3.232887685298919678e-01
3.342081606388092041e-01
4.178148210048675537e-01
3.863860666751861572e-01
3.214226663112640381e-01
3.487013876438140869e-01
2.937341630458831787e-01
3.416047990322113037e-01
3.028287589550018311e-01
3.686671257019042969e-01
2.604229748249053955e-01
3.681285083293914795e-01
3.692642450332641602e-01
4.647363126277923584e-01
3.715756237506866455e-01
3.820386826992034912e-01
3.448170125484466553e-01
3.615672290325164795e-01
2.980709969997406006e-01
3.368570506572723389e-01
3.333193957805633545e-01
4.059279859066009521e-01
2.867920696735382080e-01
3.344767987728118896e-01
3.401631414890289307e-01
3.116978704929351807e-01
3.817166388034820557e-01
3.281978070735931396e-01
3.162719309329986572e-01
3.455049991607666016e-01
3.787406384944915771e-01
3.399018943309783936e-01
3.128788769245147705e-01
2.765737175941467285e-01
3.111850321292877197e-01
4.263980090618133545e-01
2.850779891014099121e-01
3.555992841720581055e-01
3.918970525264739990e-01
3.238496482372283936e-01
4.173245429992675781e-01
3.372243344783782959e-01
3.213094770908355713e-01
4.769692420959472656e-01
4.336729943752288818e-01
3.366117477416992188e-01
2.877075374126434326e-01
3.703351318836212158e-01
2.810162305831909180e-01
3.237999379634857178e-01
3.736448585987091064e-01
3.350784778594970703e-01
3.384032547473907471e-01
2.843275964260101318e-01
2.888878583908081055e-01
2.914116680622100830e-01
3.313941955566406250e-01
4.349060952663421631e-01
3.740027844905853271e-01
3.226499259471893311e-01
4.001562595367431641e-01
3.124026954174041748e-01
3.373679220676422119e-01
3.643577396869659424e-01
3.254854679107666016e-01
3.348936736583709717e-01
3.566293418407440186e-01
3.956903517246246338e-01
3.045417070388793945e-01
3.628273308277130127e-01
3.035179674625396729e-01
2.686276733875274658e-01
3.244143426418304443e-01
4.230660498142242432e-01
4.787649214267730713e-01
4.399818480014801025e-01
4.302129447460174561e-01
3.263702690601348877e-01
3.759187757968902588e-01
2.922675907611846924e-01
4.076655805110931396e-01
3.653790652751922607e-01
3.968324959278106689e-01
3.207907378673553467e-01
3.718544244766235352e-01
3.274088799953460693e-01
3.596384823322296143e-01
3.314493000507354736e-01
3.289698064327239990e-01
3.168572187423706055e-01
3.326753079891204834e-01
3.149185776710510254e-01
3.932254314422607422e-01
4.444297850131988525e-01
2.955645620822906494e-01
3.509444296360015869e-01
3.598478138446807861e-01
4.272217750549316406e-01
3.190560638904571533e-01
3.974592983722686768e-01
2.653836011886596680e-01
3.049120604991912842e-01
3.657296001911163330e-01
3.147793114185333252e-01
3.981206417083740234e-01
3.204152286052703857e-01
3.382214605808258057e-01
3.878003060817718506e-01
2.621575593948364258e-01
3.379597961902618408e-01
3.660154342651367188e-01
4.054110348224639893e-01
3.598396480083465576e-01
2.873754501342773438e-01
3.131864964962005615e-01
3.424844443798065186e-01
3.218038082122802734e-01
2.940708696842193604e-01
2.942957580089569092e-01
3.554176390171051025e-01
2.767397761344909668e-01
3.470787703990936279e-01
3.522983789443969727e-01
4.237795770168304443e-01
3.365223705768585205e-01
3.626066446304321289e-01
3.160587549209594727e-01
3.659924566745758057e-01
3.683713674545288086e-01
2.816416919231414795e-01
3.258547484874725342e-01
2.841909825801849365e-01
2.861317098140716553e-01
2.860212624073028564e-01
3.060223162174224854e-01
3.736214339733123779e-01
2.583104372024536133e-01
4.640555679798126221e-01
3.085390031337738037e-01
3.533159792423248291e-01
3.802071809768676758e-01
3.348974883556365967e-01
3.073221147060394287e-01
4.260338246822357178e-01
2.986948490142822266e-01
4.125997722148895264e-01
3.193764388561248779e-01
3.068279922008514404e-01
2.775506377220153809e-01
3.651987612247467041e-01
2.989445328712463379e-01
2.826528847217559814e-01
3.743246495723724365e-01
3.617402315139770508e-01
2.659350931644439697e-01
4.123960435390472412e-01
2.878443598747253418e-01
4.408962428569793701e-01
3.393073976039886475e-01
3.511756360530853271e-01
2.908912599086761475e-01
3.675671517848968506e-01
3.850654661655426025e-01
3.519373834133148193e-01
2.943291962146759033e-01
3.987256586551666260e-01
2.650386393070220947e-01
3.319072425365447998e-01
3.234529495239257812e-01
2.985950708389282227e-01
2.652673423290252686e-01
3.412988185882568359e-01
3.013176321983337402e-01
2.872365713119506836e-01
4.873191118240356445e-01
5.397593379020690918e-01
3.525148332118988037e-01
3.085957765579223633e-01
2.676546275615692139e-01
3.562498092651367188e-01
2.975201308727264404e-01
3.243794739246368408e-01
3.027123510837554932e-01
3.434091508388519287e-01
4.178278148174285889e-01
3.414681851863861084e-01
2.827972769737243652e-01
3.648621141910552979e-01
3.433745801448822021e-01
4.430766105651855469e-01
3.053207695484161377e-01
3.560973703861236572e-01
3.095375299453735352e-01
3.919963836669921875e-01
3.254963755607604980e-01
3.010412752628326416e-01
3.617488443851470947e-01
4.616121351718902588e-01
3.795392811298370361e-01
4.204166829586029053e-01
3.089810609817504883e-01
3.265802562236785889e-01
3.964013755321502686e-01
4.792600572109222412e-01
2.886475324630737305e-01
2.818641066551208496e-01
3.513301312923431396e-01
3.269641399383544922e-01
2.737957239151000977e-01
2.999595105648040771e-01
3.219374716281890869e-01
3.074573576450347900e-01
3.197846710681915283e-01
3.246753215789794922e-01
2.541771233081817627e-01
3.325690329074859619e-01
3.183157145977020264e-01
3.257819712162017822e-01
3.126450777053833008e-01
3.480770289897918701e-01
2.791469395160675049e-01
3.005810678005218506e-01
3.558835983276367188e-01
2.592396736145019531e-01
3.673056364059448242e-01
3.666030466556549072e-01
3.827241957187652588e-01
4.095462858676910400e-01
3.784612417221069336e-01
2.995098531246185303e-01
3.151322901248931885e-01
2.592582106590270996e-01
2.706634104251861572e-01
4.332592785358428955e-01
3.924002945423126221e-01
3.686996996402740479e-01
3.359181880950927734e-01
3.035863339900970459e-01
3.075496256351470947e-01
3.372869789600372314e-01
3.181027472019195557e-01
2.603184878826141357e-01
3.857179582118988037e-01
2.683392167091369629e-01
3.612275123596191406e-01
3.082514107227325439e-01
3.423798978328704834e-01
2.762208878993988037e-01
2.935750186443328857e-01
3.288467824459075928e-01
3.399076461791992188e-01
3.064708411693572998e-01
3.993040323257446289e-01
4.242325723171234131e-01
3.723701536655426025e-01
3.382979929447174072e-01
3.216857612133026123e-01
3.823472559452056885e-01
3.382331430912017822e-01
3.561147749423980713e-01
3.180285394191741943e-01
3.002389669418334961e-01
2.664655148983001709e-01
2.922962903976440430e-01
2.970908582210540771e-01
3.801886737346649170e-01
2.827796936035156250e-01
3.566239178180694580e-01
3.035959005355834961e-01
3.276618123054504395e-01
4.635673761367797852e-01
3.420467078685760498e-01
2.949837446212768555e-01
3.626570701599121094e-01
2.631257474422454834e-01
3.025155365467071533e-01
3.317101299762725830e-01
3.742385804653167725e-01
3.218233585357666016e-01
3.530924022197723389e-01
3.126408159732818604e-01
3.703185021877288818e-01
3.196309208869934082e-01
3.152188658714294434e-01
3.104274868965148926e-01
3.336121141910552979e-01
3.120751678943634033e-01
3.483338057994842529e-01
3.370181322097778320e-01
3.265469968318939209e-01
3.600520789623260498e-01
3.147034049034118652e-01
2.934763133525848389e-01
4.674977064132690430e-01
3.258590996265411377e-01
3.105951845645904541e-01
2.714734673500061035e-01
3.277312219142913818e-01
2.944609820842742920e-01
3.327095806598663330e-01
3.563328683376312256e-01
2.978719174861907959e-01
2.641369998455047607e-01
3.024469316005706787e-01
3.578006327152252197e-01
4.097453355789184570e-01
4.111742973327636719e-01
3.354264199733734131e-01
2.660770118236541748e-01
3.573764562606811523e-01
3.564127981662750244e-01
2.901936173439025879e-01
2.703968286514282227e-01
3.994295299053192139e-01
4.663846790790557861e-01
2.779572010040283203e-01
2.959175109863281250e-01
3.000936508178710938e-01
4.039980471134185791e-01
3.106913864612579346e-01
3.430898487567901611e-01
2.821647524833679199e-01
4.427357912063598633e-01
3.650154769420623779e-01
3.770447969436645508e-01
2.639085650444030762e-01
3.041754662990570068e-01
6.866797804832458496e-01
3.138612508773803711e-01
2.846443951129913330e-01
4.015612602233886719e-01
3.953437507152557373e-01
3.255969583988189697e-01
3.538381159305572510e-01
2.945566475391387939e-01
4.893173277378082275e-01
3.457340002059936523e-01
3.487673997879028320e-01
3.836322128772735596e-01
3.108265101909637451e-01
2.731061875820159912e-01
3.028144836425781250e-01
4.104026556015014648e-01
3.011507987976074219e-01
3.579311072826385498e-01
3.078014850616455078e-01
2.512926757335662842e-01
3.785555660724639893e-01
3.350712358951568604e-01
2.890728414058685303e-01
3.094027340412139893e-01
2.595939934253692627e-01
2.892914712429046631e-01
3.050670027732849121e-01
4.757529795169830322e-01
2.890186905860900879e-01
2.612580955028533936e-01
3.219013512134552002e-01
3.181608617305755615e-01
3.217471837997436523e-01
2.866354286670684814e-01
4.049006402492523193e-01
3.765181303024291992e-01
3.079319298267364502e-01
3.941841125488281250e-01
3.402571976184844971e-01
3.941448032855987549e-01
3.903882205486297607e-01
2.997901737689971924e-01
3.055908977985382080e-01
3.095843493938446045e-01
2.620818912982940674e-01
3.785075247287750244e-01
3.296602964401245117e-01
2.500567436218261719e-01
3.055401146411895752e-01
3.145508766174316406e-01
3.068233430385589600e-01
4.440719187259674072e-01
2.920803129673004150e-01
2.903857529163360596e-01
2.781966626644134521e-01
3.547393083572387695e-01
2.901401817798614502e-01
3.040027618408203125e-01
2.777427136898040771e-01
2.757878005504608154e-01
2.728567719459533691e-01
2.949810624122619629e-01
3.155223429203033447e-01
3.016567528247833252e-01
2.889453172683715820e-01
3.160323202610015869e-01
2.606241405010223389e-01
3.164807260036468506e-01
3.484963476657867432e-01
2.658356726169586182e-01
3.181161582469940186e-01
2.533116042613983154e-01
2.757501900196075439e-01
4.382374286651611328e-01
3.136853277683258057e-01
3.101664483547210693e-01
3.057787716388702393e-01
2.487116307020187378e-01
5.113391280174255371e-01
2.623724639415740967e-01
2.957324683666229248e-01
3.149213194847106934e-01
3.301917314529418945e-01
3.130951821804046631e-01
3.553310334682464600e-01
4.162912368774414062e-01
3.309700191020965576e-01
2.842854261398315430e-01
3.992919027805328369e-01
3.236127793788909912e-01
3.400054872035980225e-01
3.098550140857696533e-01
3.746105134487152100e-01
2.188923209905624390e-01
3.026545047760009766e-01
2.488501071929931641e-01
3.334115445613861084e-01
2.520566284656524658e-01
2.977273166179656982e-01
3.211472034454345703e-01
2.758333683013916016e-01
3.087522983551025391e-01
2.678991258144378662e-01
3.000576198101043701e-01
2.831789255142211914e-01
3.373754322528839111e-01
3.195644319057464600e-01
2.905902564525604248e-01
2.961312830448150635e-01
2.638183534145355225e-01
3.008823692798614502e-01
3.278205096721649170e-01
2.728037536144256592e-01
3.058184087276458740e-01
2.820292711257934570e-01
3.112469315528869629e-01
3.411699235439300537e-01
3.136687576770782471e-01
3.126417100429534912e-01
2.757018804550170898e-01
2.757137119770050049e-01
2.791838347911834717e-01
2.832002341747283936e-01
2.896130084991455078e-01
3.555541932582855225e-01
3.102548718452453613e-01
3.503431379795074463e-01
3.470912277698516846e-01
2.520971000194549561e-01
3.749008178710937500e-01
3.909901082515716553e-01
2.924842536449432373e-01
3.350237309932708740e-01
2.798147499561309814e-01
2.581022381782531738e-01
3.264600932598114014e-01
3.462189733982086182e-01
3.568741083145141602e-01
2.613976895809173584e-01
2.397724241018295288e-01
2.798372209072113037e-01
2.793731391429901123e-01
4.033612012863159180e-01
3.441767692565917969e-01
4.600165784358978271e-01
2.573185861110687256e-01
3.125377595424652100e-01
3.724052011966705322e-01
3.547408878803253174e-01
2.571108043193817139e-01
2.681288421154022217e-01
3.521413505077362061e-01
4.003047645092010498e-01
3.277700245380401611e-01
2.751575410366058350e-01
3.348439037799835205e-01
2.961953878402709961e-01
3.196650147438049316e-01
3.081139624118804932e-01
3.587066233158111572e-01
2.787663042545318604e-01
3.599043190479278564e-01
3.689582645893096924e-01
2.785607278347015381e-01
3.320146501064300537e-01
2.874718606472015381e-01
4.023800790309906006e-01
3.268070518970489502e-01
3.254518508911132812e-01
3.017490506172180176e-01
2.912120223045349121e-01
2.746421098709106445e-01
2.344406992197036743e-01
2.497578710317611694e-01
3.330998420715332031e-01
3.882548511028289795e-01
3.756616115570068359e-01
2.827382981777191162e-01
2.902438938617706299e-01
2.765446007251739502e-01
2.420514225959777832e-01
2.984296083450317383e-01
3.031156659126281738e-01
2.933779656887054443e-01
2.837819159030914307e-01
2.927395105361938477e-01
4.940460026264190674e-01
3.305846154689788818e-01
3.215646445751190186e-01
2.827940285205841064e-01
3.051554858684539795e-01
2.972873151302337646e-01
2.506393790245056152e-01
2.542779147624969482e-01
3.180280923843383789e-01
2.898985743522644043e-01
2.540372908115386963e-01
2.737142145633697510e-01
3.167471587657928467e-01
3.403106927871704102e-01
3.102392852306365967e-01
3.813083469867706299e-01
2.631837725639343262e-01
2.671809494495391846e-01
3.366944789886474609e-01
3.028605282306671143e-01
4.715604782104492188e-01
2.861764430999755859e-01
3.347068727016448975e-01
3.026150763034820557e-01
2.772453129291534424e-01
2.967699170112609863e-01
5.168142914772033691e-01
3.816662132740020752e-01
3.913495242595672607e-01
3.316046595573425293e-01
2.580674588680267334e-01
2.517129778861999512e-01
3.157683312892913818e-01
4.033184051513671875e-01
3.846027851104736328e-01
4.003756046295166016e-01
3.125288188457489014e-01
3.699116706848144531e-01
2.420510053634643555e-01
4.760906696319580078e-01
2.626616060733795166e-01
3.805015981197357178e-01
3.513322174549102783e-01
3.600023090839385986e-01
3.338390886783599854e-01
2.807402312755584717e-01
4.639380872249603271e-01
3.312740027904510498e-01
2.910307347774505615e-01
2.524691522121429443e-01
2.820697426795959473e-01
2.714360654354095459e-01
3.361253738403320312e-01
3.136051595211029053e-01
2.813519239425659180e-01
2.819375693798065186e-01
3.323552906513214111e-01
3.388983011245727539e-01
2.506778240203857422e-01
2.629460096359252930e-01
3.110905885696411133e-01
3.158420920372009277e-01
2.873293459415435791e-01
3.508346974849700928e-01
2.894683182239532471e-01
2.851956486701965332e-01
3.225130736827850342e-01
3.240553438663482666e-01
3.939225971698760986e-01
3.770753443241119385e-01
3.554696142673492432e-01
2.594310939311981201e-01
3.535322248935699463e-01
4.397367238998413086e-01
2.815975248813629150e-01
2.912744283676147461e-01
2.474520951509475708e-01
3.083744943141937256e-01
3.119859993457794189e-01
3.428763449192047119e-01
3.150817155838012695e-01
3.172753155231475830e-01
2.498344033956527710e-01
5.003868341445922852e-01
2.789088189601898193e-01
4.277051985263824463e-01
3.277818262577056885e-01
3.072377145290374756e-01
2.904378175735473633e-01
2.522191405296325684e-01
3.348572552204132080e-01
3.009281456470489502e-01
2.373276501893997192e-01
2.785201370716094971e-01
2.974706590175628662e-01
3.318115174770355225e-01
2.808759808540344238e-01
4.913430213928222656e-01
3.147920370101928711e-01
3.109974861145019531e-01
3.525369465351104736e-01
3.634040355682373047e-01
3.339028656482696533e-01
2.706998884677886963e-01
2.939208447933197021e-01
2.929270267486572266e-01
2.787723839282989502e-01
4.109243452548980713e-01
3.832640945911407471e-01
3.973838388919830322e-01
3.102229535579681396e-01
3.069851398468017578e-01
2.782356739044189453e-01
4.375658035278320312e-01
2.725754082202911377e-01
3.328209817409515381e-01
3.406868875026702881e-01
2.168323844671249390e-01
2.629409134387969971e-01
3.277926743030548096e-01
3.290650248527526855e-01
4.913610219955444336e-01
2.853034138679504395e-01
3.382754027843475342e-01
3.908585608005523682e-01
2.520405948162078857e-01
3.335900306701660156e-01
2.952741384506225586e-01
3.193684518337249756e-01
2.993052899837493896e-01
2.919981777667999268e-01
3.396575748920440674e-01
2.701325714588165283e-01
3.130393326282501221e-01
3.159920275211334229e-01
3.113994300365447998e-01
2.706494629383087158e-01
3.153201341629028320e-01
2.669479250907897949e-01
3.205634057521820068e-01
2.622352540493011475e-01
3.467047214508056641e-01
3.492769896984100342e-01
3.323889076709747314e-01
3.346472978591918945e-01
3.114555776119232178e-01
3.379115760326385498e-01
2.907151877880096436e-01
2.863816022872924805e-01
3.246535956859588623e-01
3.905821144580841064e-01
2.645022571086883545e-01
2.367021590471267700e-01
3.856379985809326172e-01
2.996883988380432129e-01
2.645754814147949219e-01
2.799306511878967285e-01
2.757696211338043213e-01
2.845381200313568115e-01
2.770877778530120850e-01
3.424334526062011719e-01
2.685144245624542236e-01
3.307591974735260010e-01
2.512565255165100098e-01
2.996498048305511475e-01
3.284448087215423584e-01
2.935059368610382080e-01
3.877251446247100830e-01
3.196888267993927002e-01
2.369872778654098511e-01
3.022052049636840820e-01
4.408141672611236572e-01
2.774668931961059570e-01
2.642489671707153320e-01
2.470290213823318481e-01
2.532683014869689941e-01
2.969554662704467773e-01
2.661281824111938477e-01
3.225801289081573486e-01
3.466826379299163818e-01
3.878765404224395752e-01
4.566836655139923096e-01
3.038619458675384521e-01
3.295940458774566650e-01
5.108060240745544434e-01
4.715567529201507568e-01
3.530961573123931885e-01
3.193669617176055908e-01
3.030430972576141357e-01
3.519889414310455322e-01
2.729640305042266846e-01
3.567922115325927734e-01
3.374231755733489990e-01
3.119749724864959717e-01
2.665398418903350830e-01
3.434161841869354248e-01
3.647488355636596680e-01
2.712201774120330811e-01
2.676964998245239258e-01
2.785535156726837158e-01
3.475064933300018311e-01
3.853402137756347656e-01
3.131226599216461182e-01
3.419631719589233398e-01
2.825015485286712646e-01
3.773707151412963867e-01
2.818701565265655518e-01
3.067462742328643799e-01
2.641495168209075928e-01
3.172558248043060303e-01
2.534349858760833740e-01
3.670634329319000244e-01
2.799486815929412842e-01
2.292913943529129028e-01
4.515859186649322510e-01
3.278810083866119385e-01
2.645240128040313721e-01
3.088845908641815186e-01
3.141256868839263916e-01
2.673917710781097412e-01
2.951245903968811035e-01
3.412759006023406982e-01
3.199775516986846924e-01
2.525383234024047852e-01
2.559394538402557373e-01
2.759447991847991943e-01
2.498361617326736450e-01
3.168580234050750732e-01
3.436545133590698242e-01
2.603294551372528076e-01
4.618853032588958740e-01
2.828237116336822510e-01
2.997869849205017090e-01
3.164962530136108398e-01
3.481294214725494385e-01
3.254155218601226807e-01
2.956646680831909180e-01
2.911690771579742432e-01
3.349704742431640625e-01
2.833141088485717773e-01
3.181763589382171631e-01
2.938005626201629639e-01
4.125213623046875000e-01
3.805768489837646484e-01
3.388790190219879150e-01
4.344737231731414795e-01
2.576099932193756104e-01
2.659995853900909424e-01
3.453805744647979736e-01
3.243972957134246826e-01
2.358942627906799316e-01
2.543553113937377930e-01
4.928475916385650635e-01
3.461106121540069580e-01
2.591586410999298096e-01
3.506784439086914062e-01
2.452867776155471802e-01
2.283214777708053589e-01
2.816684246063232422e-01
3.871779143810272217e-01
2.716141939163208008e-01
3.635609447956085205e-01
3.004575669765472412e-01
3.251523077487945557e-01
2.458550781011581421e-01
2.662891745567321777e-01
2.464749813079833984e-01
2.576115131378173828e-01
2.384657859802246094e-01
3.146523535251617432e-01
2.943511307239532471e-01
2.908843457698822021e-01
2.955516874790191650e-01
2.945176661014556885e-01
3.115992248058319092e-01
3.053436577320098877e-01
3.974725306034088135e-01
4.045549333095550537e-01
3.668633997440338135e-01
2.539052665233612061e-01
2.737450301647186279e-01
3.034260272979736328e-01
2.755162417888641357e-01
3.059950172901153564e-01
3.605125248432159424e-01
3.183364570140838623e-01
3.390986919403076172e-01
3.254329562187194824e-01
3.729730546474456787e-01
5.149623155593872070e-01
2.881639897823333740e-01
2.632173597812652588e-01
2.983286678791046143e-01
3.076637387275695801e-01
2.820675671100616455e-01
2.752655148506164551e-01
2.971434593200683594e-01
2.327196598052978516e-01
3.436901569366455078e-01
2.618199586868286133e-01
3.147211074829101562e-01
3.099172711372375488e-01
2.871130406856536865e-01
2.681498229503631592e-01
2.557838261127471924e-01
3.204087316989898682e-01
3.696777522563934326e-01
2.599204778671264648e-01
2.890417575836181641e-01
2.922900021076202393e-01
2.595451176166534424e-01
2.651375830173492432e-01
2.661341726779937744e-01
2.832865715026855469e-01
2.801586389541625977e-01
2.850414514541625977e-01
2.711178362369537354e-01
2.503008544445037842e-01
2.033681869506835938e-01
2.613502740859985352e-01
4.025252163410186768e-01
2.699124515056610107e-01
2.812083959579467773e-01
3.136644065380096436e-01
3.450137376785278320e-01
2.803876399993896484e-01
2.671703994274139404e-01
3.663779199123382568e-01
2.561164796352386475e-01
3.327632248401641846e-01
4.302382469177246094e-01
3.346584737300872803e-01
2.820121347904205322e-01
3.101212084293365479e-01
2.812873125076293945e-01
2.515054047107696533e-01
2.513154149055480957e-01
2.782261371612548828e-01
3.597573041915893555e-01
3.857468664646148682e-01
2.462946921586990356e-01
2.820393145084381104e-01
2.623644769191741943e-01
2.559064328670501709e-01
2.969504296779632568e-01
4.273816049098968506e-01
2.735695242881774902e-01
3.060200214385986328e-01
4.219119250774383545e-01
4.002176821231842041e-01
3.156639039516448975e-01
3.015268743038177490e-01
2.869111597537994385e-01
2.861716151237487793e-01
3.120025396347045898e-01
2.454131096601486206e-01
2.643103599548339844e-01
2.882458269596099854e-01
3.239072263240814209e-01
3.481835126876831055e-01
2.860816717147827148e-01
2.797301709651947021e-01
3.071006536483764648e-01
2.419918328523635864e-01
2.517391145229339600e-01
2.861696183681488037e-01
3.050492703914642334e-01
2.789418101310729980e-01
3.224808871746063232e-01
2.771396934986114502e-01
2.527654767036437988e-01
2.569443285465240479e-01
2.870238721370697021e-01
3.152078688144683838e-01
3.033649921417236328e-01
2.914035022258758545e-01
3.488877713680267334e-01
3.046313524246215820e-01
4.080058336257934570e-01
2.927739024162292480e-01
2.632515132427215576e-01
2.670114040374755859e-01
2.892058491706848145e-01
2.609912157058715820e-01
2.782681882381439209e-01
3.083243072032928467e-01
3.512945473194122314e-01
2.944137156009674072e-01
3.074028789997100830e-01
3.134979307651519775e-01
2.610464096069335938e-01
3.261671960353851318e-01
2.769682109355926514e-01
3.065107762813568115e-01
3.003800213336944580e-01
3.345403671264648438e-01
3.855141401290893555e-01
3.370133340358734131e-01
3.010167777538299561e-01
3.260839283466339111e-01
3.840626180171966553e-01
3.043552339076995850e-01
3.064322173595428467e-01
2.442238777875900269e-01
3.516644239425659180e-01
2.669150531291961670e-01
4.013819396495819092e-01
3.374085426330566406e-01
3.445963859558105469e-01
3.439467847347259521e-01
3.780947029590606689e-01
2.889933586120605469e-01
2.628221809864044189e-01
2.659690678119659424e-01
3.058259189128875732e-01
3.767578899860382080e-01
3.440806865692138672e-01
2.639605998992919922e-01
3.520302474498748779e-01
2.683524787425994873e-01
3.144059479236602783e-01
3.146127760410308838e-01
2.600183784961700439e-01
3.428931236267089844e-01
2.860066890716552734e-01
2.550106346607208252e-01
3.642967045307159424e-01
3.366286754608154297e-01
3.166505992412567139e-01
3.172512054443359375e-01
2.867558300495147705e-01
2.951594591140747070e-01
3.087209761142730713e-01
4.240849912166595459e-01
3.405884206295013428e-01
2.529489398002624512e-01
2.675974071025848389e-01
2.894562184810638428e-01
2.845935821533203125e-01
4.202835261821746826e-01
2.581247389316558838e-01
3.345136344432830811e-01
3.246769011020660400e-01
3.128458559513092041e-01
2.422872781753540039e-01
2.498726248741149902e-01
3.001208901405334473e-01
2.691957950592041016e-01
2.780576944351196289e-01
3.912720680236816406e-01
2.833358943462371826e-01
3.033110499382019043e-01
3.270246088504791260e-01
3.208409845829010010e-01
2.290451973676681519e-01
3.146990835666656494e-01
2.424070090055465698e-01
2.726968228816986084e-01
3.456319570541381836e-01
3.499650657176971436e-01
3.449381589889526367e-01
3.127062022686004639e-01
2.658348381519317627e-01
3.345584571361541748e-01
2.510234713554382324e-01
2.994292378425598145e-01
3.168421685695648193e-01
2.448185682296752930e-01
2.427762150764465332e-01
3.007721304893493652e-01
2.928036153316497803e-01
2.417813688516616821e-01
3.629179298877716064e-01
3.843208253383636475e-01
2.595028877258300781e-01
2.294865101575851440e-01
2.741815149784088135e-01
2.538887262344360352e-01
2.979009747505187988e-01
2.680112421512603760e-01
2.463424950838088989e-01
2.652331590652465820e-01
2.347798496484756470e-01
2.671134471893310547e-01
2.993450760841369629e-01
2.229642421007156372e-01
2.631650269031524658e-01
2.474482208490371704e-01
3.048234283924102783e-01
4.020956456661224365e-01
3.193123042583465576e-01
3.013852536678314209e-01
2.969807684421539307e-01
2.871459126472473145e-01
2.903323173522949219e-01
2.471290230751037598e-01
2.716777026653289795e-01
4.588884413242340088e-01
2.740589082241058350e-01
4.180403947830200195e-01
3.144578337669372559e-01
3.172188103199005127e-01
3.262311518192291260e-01
3.299354016780853271e-01
2.787038683891296387e-01
3.386429250240325928e-01
3.933724462985992432e-01
2.730536162853240967e-01
2.389413118362426758e-01
2.273787409067153931e-01
3.782445490360260010e-01
3.340711295604705811e-01
2.629802525043487549e-01
3.626202642917633057e-01
2.807448208332061768e-01
2.633951306343078613e-01
3.655931055545806885e-01
2.671933472156524658e-01
2.682204544544219971e-01
2.765442132949829102e-01
2.460290640592575073e-01
2.666861116886138916e-01
2.690846323966979980e-01
3.376351892948150635e-01
3.494207859039306641e-01
3.111547529697418213e-01
3.112142086029052734e-01
5.066534876823425293e-01
2.817277312278747559e-01
3.362058103084564209e-01
2.724079489707946777e-01
3.395899236202239990e-01
2.864938080310821533e-01
3.585094213485717773e-01
3.412614166736602783e-01
2.955186367034912109e-01
2.492482215166091919e-01
2.547619938850402832e-01
4.861425459384918213e-01
2.542563974857330322e-01
3.426617085933685303e-01
2.229679077863693237e-01
2.696794271469116211e-01
2.648380994796752930e-01
3.012146949768066406e-01
3.397482633590698242e-01
2.719736993312835693e-01
2.340145111083984375e-01
2.730924189090728760e-01
3.645775020122528076e-01
2.371583133935928345e-01
3.170394897460937500e-01
2.935970723628997803e-01
3.264650404453277588e-01
3.263557851314544678e-01
3.468666374683380127e-01
2.911680042743682861e-01
2.791197299957275391e-01
2.656000554561614990e-01
2.336022853851318359e-01
2.435609102249145508e-01
3.205638825893402100e-01
3.060345947742462158e-01
3.758523166179656982e-01
4.073956906795501709e-01
3.250671625137329102e-01
3.050756752490997314e-01
2.980138361454010010e-01
2.937377989292144775e-01
2.361378669738769531e-01
2.821449339389801025e-01
3.952051103115081787e-01
3.055927455425262451e-01
3.274715840816497803e-01
3.128398954868316650e-01
2.732353508472442627e-01
2.559893131256103516e-01
2.415367513895034790e-01
3.500006496906280518e-01
3.173645734786987305e-01
2.732204496860504150e-01
2.409658432006835938e-01
2.828587293624877930e-01
2.988130152225494385e-01
2.295060753822326660e-01
2.721476554870605469e-01
2.721479237079620361e-01
3.566447198390960693e-01
2.454810291528701782e-01
2.719549238681793213e-01
2.387993335723876953e-01
2.769416570663452148e-01
2.407815456390380859e-01
3.228106200695037842e-01
3.137822449207305908e-01
2.672940194606781006e-01
2.954373657703399658e-01
2.199156135320663452e-01
4.200004637241363525e-01
2.653540968894958496e-01
3.333297967910766602e-01
2.721208035945892334e-01
2.849687039852142334e-01
3.546145260334014893e-01
3.339039087295532227e-01
2.741794884204864502e-01
2.757088840007781982e-01
2.660825252532958984e-01
2.998646199703216553e-01
4.188703000545501709e-01
3.168484270572662354e-01
3.571598231792449951e-01
2.401018589735031128e-01
2.733239829540252686e-01
2.720928490161895752e-01
3.412560224533081055e-01
2.465939968824386597e-01
2.730305492877960205e-01
2.508841454982757568e-01
4.103522598743438721e-01
2.170890569686889648e-01
2.536822259426116943e-01
2.520489394664764404e-01
2.374028712511062622e-01
3.546045124530792236e-01
4.136433303356170654e-01
4.397619664669036865e-01
2.690682709217071533e-01
2.814120352268218994e-01
3.046920001506805420e-01
2.536367475986480713e-01
3.209577500820159912e-01
2.811001241207122803e-01
3.398825228214263916e-01
2.649524509906768799e-01
3.077286183834075928e-01
3.195868134498596191e-01
2.962756454944610596e-01
2.555432617664337158e-01
3.103672266006469727e-01
2.723444104194641113e-01
3.305043280124664307e-01
3.544333279132843018e-01
3.046755492687225342e-01
2.259342819452285767e-01
3.228774964809417725e-01
2.725211083889007568e-01
2.813639938831329346e-01
2.649904489517211914e-01
2.699131667613983154e-01
2.760954201221466064e-01
3.703103959560394287e-01
3.075017631053924561e-01
3.703926801681518555e-01
3.815769255161285400e-01
2.852081358432769775e-01
2.840939164161682129e-01
2.586516439914703369e-01
2.648380398750305176e-01
2.854228317737579346e-01
2.597635686397552490e-01
2.991451323032379150e-01
2.620722353458404541e-01
3.133144676685333252e-01
2.858379483222961426e-01
2.516547739505767822e-01
3.110992610454559326e-01
2.388100177049636841e-01
3.111909627914428711e-01
3.477198779582977295e-01
2.390884608030319214e-01
3.097496032714843750e-01
2.163054943084716797e-01
2.312409728765487671e-01
3.531475961208343506e-01
2.309767007827758789e-01
2.432712912559509277e-01
2.808071374893188477e-01
2.865889966487884521e-01
2.562931180000305176e-01
2.991195321083068848e-01
2.790949940681457520e-01
2.462477087974548340e-01
2.721006870269775391e-01
2.417603582143783569e-01
2.503883242607116699e-01
2.394297868013381958e-01
2.750934064388275146e-01
2.508775293827056885e-01
3.123699128627777100e-01
3.258328437805175781e-01
2.875159680843353271e-01
2.553791105747222900e-01
2.637366354465484619e-01
2.750492393970489502e-01
3.028810024261474609e-01
2.534717023372650146e-01
2.426954060792922974e-01
2.514599859714508057e-01
2.426956146955490112e-01
2.249464243650436401e-01
3.496315479278564453e-01
2.822861075401306152e-01
3.015272915363311768e-01
2.623824179172515869e-01
2.589778602123260498e-01
3.507764041423797607e-01
2.713004350662231445e-01
3.727721869945526123e-01
2.914260923862457275e-01
3.023258745670318604e-01
3.106552064418792725e-01
3.862183988094329834e-01
2.971418499946594238e-01
2.568776905536651611e-01
3.319366276264190674e-01
2.909828126430511475e-01
2.795204222202301025e-01
2.519110143184661865e-01
2.841944992542266846e-01
2.490635663270950317e-01
2.694828212261199951e-01
2.490264773368835449e-01
3.018999397754669189e-01
2.274959236383438110e-01
3.368254601955413818e-01
2.983307838439941406e-01
2.382843345403671265e-01
2.745798528194427490e-01
3.581584393978118896e-01
3.121969401836395264e-01
2.476441413164138794e-01
3.270651996135711670e-01
3.295720517635345459e-01
3.027123510837554932e-01
3.307136297225952148e-01
2.455941289663314819e-01
3.180239498615264893e-01
2.974905669689178467e-01
2.897649109363555908e-01
3.008089959621429443e-01
3.649418056011199951e-01
2.457829266786575317e-01
2.538690865039825439e-01
2.539835274219512939e-01
2.891966998577117920e-01
2.393659502267837524e-01
2.920298874378204346e-01
2.403716295957565308e-01
2.635466754436492920e-01
2.342131882905960083e-01
2.748509347438812256e-01
2.858337759971618652e-01
2.449208945035934448e-01
3.564583361148834229e-01
2.859134376049041748e-01
2.874310314655303955e-01
3.053273260593414307e-01
2.268010824918746948e-01
2.940615415573120117e-01
3.417493402957916260e-01
3.244757354259490967e-01
3.012035191059112549e-01
2.383855134248733521e-01
3.191464841365814209e-01
2.628574967384338379e-01
2.389549612998962402e-01
2.777710855007171631e-01
3.079335391521453857e-01
2.309573739767074585e-01
2.476618736982345581e-01
2.223080247640609741e-01
2.919097244739532471e-01
2.860507071018218994e-01
2.950748205184936523e-01
2.839942574501037598e-01
2.572130560874938965e-01
2.750309407711029053e-01
5.206241607666015625e-01
2.964284121990203857e-01
2.972194254398345947e-01
3.286025226116180420e-01
3.020280897617340088e-01
3.804707229137420654e-01
2.540661990642547607e-01
2.631437182426452637e-01
2.205569893121719360e-01
2.913466393947601318e-01
3.026256561279296875e-01
2.671037614345550537e-01
2.787371575832366943e-01
3.369936048984527588e-01
3.971074819564819336e-01
3.744091987609863281e-01
3.439419567584991455e-01
2.626399397850036621e-01
2.836166620254516602e-01
3.416487276554107666e-01
3.278761506080627441e-01
2.812491655349731445e-01
3.178772628307342529e-01
2.802776992321014404e-01
2.733210921287536621e-01
2.417085170745849609e-01
3.300965428352355957e-01
2.752231657505035400e-01
2.797770500183105469e-01
3.785266876220703125e-01
3.580638468265533447e-01
3.344600200653076172e-01
2.888638675212860107e-01
3.483862876892089844e-01
2.726343572139739990e-01
3.251268863677978516e-01
2.577050924301147461e-01
3.298584520816802979e-01
2.622027397155761719e-01
2.412317395210266113e-01
2.435141354799270630e-01
2.731431126594543457e-01
2.825835049152374268e-01
2.852206528186798096e-01
2.368075698614120483e-01
2.992524504661560059e-01
2.148354649543762207e-01
2.640945911407470703e-01
2.732464969158172607e-01
3.698939383029937744e-01
2.822530269622802734e-01
2.745347023010253906e-01
3.015026152133941650e-01
2.638044655323028564e-01
2.809578180313110352e-01
2.988751828670501709e-01
2.575415670871734619e-01
3.333370387554168701e-01
2.957346737384796143e-01
3.018342554569244385e-01
4.317870438098907471e-01
3.464431464672088623e-01
3.919844627380371094e-01
3.395704030990600586e-01
2.861615121364593506e-01
3.419338166713714600e-01
3.074156045913696289e-01
2.850367724895477295e-01
4.159439802169799805e-01
2.613524496555328369e-01
3.231462538242340088e-01
2.651527225971221924e-01
3.494445979595184326e-01
3.114291429519653320e-01
2.537489831447601318e-01
3.254151344299316406e-01
2.762809097766876221e-01
2.984751760959625244e-01
3.856678903102874756e-01
3.173026442527770996e-01
3.706725537776947021e-01
3.219198286533355713e-01
2.505539357662200928e-01
2.847860753536224365e-01
2.647389471530914307e-01
3.048030138015747070e-01
3.081918954849243164e-01
3.071886599063873291e-01
2.726757824420928955e-01
2.727148830890655518e-01
2.413303256034851074e-01
3.087196052074432373e-01
3.560045063495635986e-01
3.184735774993896484e-01
2.640277445316314697e-01
2.706984281539916992e-01
3.170576393604278564e-01
3.123472034931182861e-01
2.493798285722732544e-01
2.546118497848510742e-01
3.173267841339111328e-01
2.988213002681732178e-01
2.415398359298706055e-01
2.638436257839202881e-01
2.494550198316574097e-01
2.744359672069549561e-01
2.303140610456466675e-01
2.825529873371124268e-01
3.203135728836059570e-01
2.401954531669616699e-01
2.695148885250091553e-01
2.298136353492736816e-01
2.472990006208419800e-01
2.362865358591079712e-01
4.558524191379547119e-01
2.288507819175720215e-01
2.685475051403045654e-01
2.617633044719696045e-01
3.662604987621307373e-01
2.424479275941848755e-01
3.579026758670806885e-01
2.689080536365509033e-01
3.434769213199615479e-01
2.758577764034271240e-01
2.698317468166351318e-01
2.889135777950286865e-01
2.821597456932067871e-01
2.506763041019439697e-01
2.567057907581329346e-01
3.250052630901336670e-01
3.225328028202056885e-01
2.703063786029815674e-01
2.665418684482574463e-01
2.921369671821594238e-01
2.641645967960357666e-01
2.947215735912322998e-01
2.980047166347503662e-01
2.535124123096466064e-01
4.201330840587615967e-01
3.330328166484832764e-01
2.729108631610870361e-01
2.631872594356536865e-01
3.204731643199920654e-01
2.829320728778839111e-01
2.667985856533050537e-01
2.314963936805725098e-01
2.710317671298980713e-01
2.858602106571197510e-01
3.405569493770599365e-01
3.287257552146911621e-01
3.445084095001220703e-01
3.103792071342468262e-01
3.423625528812408447e-01
2.849631607532501221e-01
2.626490890979766846e-01
3.195852935314178467e-01
4.176819026470184326e-01
2.123665362596511841e-01
2.254737019538879395e-01
2.779932320117950439e-01
2.543949484825134277e-01
2.696072757244110107e-01
2.690894603729248047e-01
2.589643001556396484e-01
3.618612289428710938e-01
2.981918156147003174e-01
2.771056592464447021e-01
2.588243484497070312e-01
2.467813938856124878e-01
3.480127751827239990e-01
3.478626012802124023e-01
4.269385337829589844e-01
2.697083652019500732e-01
2.643290460109710693e-01
2.517648637294769287e-01
2.485150247812271118e-01
3.243634998798370361e-01
2.797516882419586182e-01
2.765988707542419434e-01
2.806093692779541016e-01
2.200687080621719360e-01
2.617062628269195557e-01
2.620465457439422607e-01
2.723611593246459961e-01
2.949165999889373779e-01
2.235920578241348267e-01
3.342212438583374023e-01
2.482363730669021606e-01
2.245920449495315552e-01
2.656171917915344238e-01
2.328544706106185913e-01
2.360102385282516479e-01
2.942080199718475342e-01
2.867105305194854736e-01
2.717085182666778564e-01
2.709574997425079346e-01
2.980696856975555420e-01
2.505020499229431152e-01
2.508727014064788818e-01
2.453888207674026489e-01
2.754078209400177002e-01
2.530128359794616699e-01
3.012368083000183105e-01
3.162441551685333252e-01
3.006197810173034668e-01
2.808834314346313477e-01
3.030678927898406982e-01
2.572313845157623291e-01
2.221997380256652832e-01
3.024939298629760742e-01
2.467717081308364868e-01
2.832604944705963135e-01
2.836601734161376953e-01
2.307809144258499146e-01
2.072200030088424683e-01
2.545287609100341797e-01
3.013443648815155029e-01
3.272568285465240479e-01
2.671871185302734375e-01
2.237193435430526733e-01
2.317028045654296875e-01
3.233444988727569580e-01
2.457473278045654297e-01
3.061990439891815186e-01
2.454349994659423828e-01
2.511112689971923828e-01
2.753070592880249023e-01
3.048612177371978760e-01
2.657465934753417969e-01
2.738792598247528076e-01
2.295497655868530273e-01
2.577578425407409668e-01
2.070242613554000854e-01
3.461525738239288330e-01
2.629974484443664551e-01
2.690308392047882080e-01
2.404852658510208130e-01
2.108967453241348267e-01
2.893997430801391602e-01
2.729561626911163330e-01
2.682848274707794189e-01
2.591594457626342773e-01
2.574357986450195312e-01
4.920565783977508545e-01
2.718411982059478760e-01
2.447883635759353638e-01
2.166702002286911011e-01
3.278240263462066650e-01
2.162340432405471802e-01
2.660470604896545410e-01
2.324671149253845215e-01
2.421179413795471191e-01
2.113713473081588745e-01
3.407029807567596436e-01
2.750814855098724365e-01
3.072700202465057373e-01
2.401957511901855469e-01
2.414786070585250854e-01
2.587478160858154297e-01
2.270361185073852539e-01
3.032577037811279297e-01
2.356145828962326050e-01
2.601460516452789307e-01
2.276815026998519897e-01
2.511350214481353760e-01
3.179499208927154541e-01
2.325257807970046997e-01
2.983383238315582275e-01
2.803464531898498535e-01
2.439575791358947754e-01
3.067639768123626709e-01
3.014356195926666260e-01
2.471912950277328491e-01
2.932040393352508545e-01
2.513546049594879150e-01
2.751116156578063965e-01
2.579558193683624268e-01
3.651655614376068115e-01
2.551304996013641357e-01
2.362303137779235840e-01
2.603016197681427002e-01
3.346828222274780273e-01
3.080510795116424561e-01
2.534014284610748291e-01
3.401490151882171631e-01
2.382066398859024048e-01
3.608186244964599609e-01
3.614511489868164062e-01
2.602160274982452393e-01
2.874665856361389160e-01
2.684766352176666260e-01
2.276714593172073364e-01
2.552601397037506104e-01
3.422529399394989014e-01
3.006665408611297607e-01
2.356669157743453979e-01
2.696494758129119873e-01
2.535615265369415283e-01
2.576265335083007812e-01
2.636791169643402100e-01
2.144597917795181274e-01
3.470246791839599609e-01
3.570375740528106689e-01
2.257126569747924805e-01
2.709480822086334229e-01
2.813044190406799316e-01
3.502638041973114014e-01
2.471686005592346191e-01
4.279141426086425781e-01
2.184199839830398560e-01
2.975417375564575195e-01
3.590197265148162842e-01
2.381232976913452148e-01
2.590431272983551025e-01
3.500480353832244873e-01
2.812056243419647217e-01
3.582883775234222412e-01
2.708059549331665039e-01
2.787939310073852539e-01
2.543476819992065430e-01
2.497255653142929077e-01
3.729269504547119141e-01
2.550673782825469971e-01
2.552407085895538330e-01
2.500492632389068604e-01
3.088260889053344727e-01
2.631340622901916504e-01
3.097687363624572754e-01
2.834934890270233154e-01
2.353897094726562500e-01
2.763806283473968506e-01
2.827697694301605225e-01
2.162453383207321167e-01
2.401282042264938354e-01
2.374038249254226685e-01
2.735193669795989990e-01
3.156498372554779053e-01
3.167510926723480225e-01
2.970161139965057373e-01
2.711898386478424072e-01
2.440273016691207886e-01
3.155718147754669189e-01
2.889392673969268799e-01
2.803982496261596680e-01
3.369143009185791016e-01
3.308730125427246094e-01
2.851511240005493164e-01
2.303775548934936523e-01
2.522340118885040283e-01
2.522108256816864014e-01
2.197264283895492554e-01
2.969438731670379639e-01
2.454643100500106812e-01
2.257190942764282227e-01
2.745958566665649414e-01
3.106858432292938232e-01
3.016174733638763428e-01
3.034872412681579590e-01
2.236524969339370728e-01
2.567531764507293701e-01
2.343282252550125122e-01
3.013100922107696533e-01
2.768088579177856445e-01
1.954993009567260742e-01
2.334982305765151978e-01
2.112375497817993164e-01
2.765801548957824707e-01
2.639934122562408447e-01
2.261306047439575195e-01
2.567923069000244141e-01
2.542678415775299072e-01
3.204901218414306641e-01
3.109630942344665527e-01
2.777808010578155518e-01
3.217677772045135498e-01
2.602098882198333740e-01
2.618400156497955322e-01
3.479342758655548096e-01
2.843548953533172607e-01
4.190863668918609619e-01
5.269978642463684082e-01
4.846237003803253174e-01
4.850857257843017578e-01
3.286902010440826416e-01
3.766416609287261963e-01
4.598802328109741211e-01
3.504084348678588867e-01
4.504613876342773438e-01
4.409428536891937256e-01
3.136934936046600342e-01
2.314065247774124146e-01
4.438443481922149658e-01
3.022181093692779541e-01
3.344958722591400146e-01
3.351306021213531494e-01
3.294173181056976318e-01
4.486226141452789307e-01
3.384195268154144287e-01
2.795935571193695068e-01
3.449239730834960938e-01
2.886356115341186523e-01
3.214363157749176025e-01
3.659017384052276611e-01
3.199944198131561279e-01
3.212850689888000488e-01
3.397900760173797607e-01
3.484661281108856201e-01
2.830947935581207275e-01
2.997598350048065186e-01
3.085194826126098633e-01
2.756545543670654297e-01
2.952566742897033691e-01
2.632185518741607666e-01
2.615348398685455322e-01
2.749913632869720459e-01
3.460255861282348633e-01
2.942188978195190430e-01
3.417505919933319092e-01
3.099539577960968018e-01
2.777103185653686523e-01
2.624606788158416748e-01
3.108456432819366455e-01
3.470332324504852295e-01
2.775305211544036865e-01
3.619598150253295898e-01
2.518103420734405518e-01
2.744200527667999268e-01
2.905964553356170654e-01
3.755610287189483643e-01
2.626161873340606689e-01
3.576719462871551514e-01
2.845800518989562988e-01
3.151766359806060791e-01
2.414811849594116211e-01
2.592092454433441162e-01
2.795280218124389648e-01
2.624630331993103027e-01
3.409471809864044189e-01
2.543238103389739990e-01
2.732463777065277100e-01
2.302229553461074829e-01
2.192163616418838501e-01
2.646401226520538330e-01
2.363392561674118042e-01
2.525624632835388184e-01
2.828418612480163574e-01
2.564673125743865967e-01
2.261845320463180542e-01
2.780049741268157959e-01
3.031707406044006348e-01
2.346130460500717163e-01
2.481270283460617065e-01
2.477787733078002930e-01
2.651863992214202881e-01
2.668005228042602539e-01
2.984938323497772217e-01
2.248660176992416382e-01
3.536703288555145264e-01
2.518856525421142578e-01
2.800647318363189697e-01
2.394415140151977539e-01
3.147035241127014160e-01
2.297532409429550171e-01
3.116539716720581055e-01
2.896911799907684326e-01
5.030133724212646484e-01
