4.125694334506988525e-01
4.688365161418914795e-01
5.657734870910644531e-01
6.517276167869567871e-01
2.770601212978363037e-01
3.377774655818939209e-01
5.126752853393554688e-01
4.052163660526275635e-01
5.674458146095275879e-01
3.639405667781829834e-01
4.457264840602874756e-01
4.469048976898193359e-01
2.910781204700469971e-01
4.688700735569000244e-01
5.245429873466491699e-01
5.552660822868347168e-01
3.927856385707855225e-01
3.953804671764373779e-01
4.035337269306182861e-01
4.439748525619506836e-01
4.213663041591644287e-01
3.921482861042022705e-01
3.869805335998535156e-01
4.440734386444091797e-01
5.288961529731750488e-01
3.830281496047973633e-01
4.807150363922119141e-01
4.765094220638275146e-01
3.387914597988128662e-01
4.787554442882537842e-01
7.288021445274353027e-01
4.066369831562042236e-01
4.972135722637176514e-01
4.043923318386077881e-01
4.308228492736816406e-01
4.931546747684478760e-01
4.256314933300018311e-01
5.386634469032287598e-01
4.965367019176483154e-01
5.917147397994995117e-01
5.082486271858215332e-01
5.881120562553405762e-01
4.425227642059326172e-01
3.276282250881195068e-01
4.714685976505279541e-01
6.664260029792785645e-01
4.113668501377105713e-01
4.588284790515899658e-01
4.098932743072509766e-01
3.825865983963012695e-01
4.417362213134765625e-01
4.346945285797119141e-01
1.059643983840942383e+00
3.794960677623748779e-01
3.652103245258331299e-01
4.073108434677124023e-01
4.698643386363983154e-01
4.032487869262695312e-01
5.113306045532226562e-01
4.685890376567840576e-01
5.438942313194274902e-01
3.765253126621246338e-01
7.253000140190124512e-01
7.673068642616271973e-01
3.956420421600341797e-01
5.064416527748107910e-01
4.749210178852081299e-01
6.236732006072998047e-01
4.257175028324127197e-01
3.732845485210418701e-01
3.780584335327148438e-01
5.566512346267700195e-01
4.275389611721038818e-01
4.924384057521820068e-01
4.223611652851104736e-01
4.721962213516235352e-01
3.975918591022491455e-01
3.963552415370941162e-01
5.505867600440979004e-01
5.026612281799316406e-01
5.229082107543945312e-01
4.684271812438964844e-01
3.942685425281524658e-01
3.617993593215942383e-01
4.354549944400787354e-01
3.900542557239532471e-01
3.776537179946899414e-01
4.046536386013031006e-01
3.841222822666168213e-01
5.096530318260192871e-01
3.789846599102020264e-01
4.992906749248504639e-01
5.340552926063537598e-01
7.654457688331604004e-01
5.815237164497375488e-01
4.943092167377471924e-01
4.226244390010833740e-01
4.581823647022247314e-01
3.932632207870483398e-01
5.261296629905700684e-01
3.402686119079589844e-01
5.184131264686584473e-01
5.861563086509704590e-01
4.764398336410522461e-01
3.488360643386840820e-01
5.588546395301818848e-01
4.112156927585601807e-01
6.115252375602722168e-01
4.149098396301269531e-01
2.884969413280487061e-01
3.135221302509307861e-01
4.873046875000000000e-01
4.681839942932128906e-01
4.200382232666015625e-01
4.296824634075164795e-01
4.135713577270507812e-01
3.139354884624481201e-01
4.356125295162200928e-01
7.332866787910461426e-01
4.513700902462005615e-01
6.786007285118103027e-01
3.611095249652862549e-01
5.693265795707702637e-01
5.201094746589660645e-01
5.000227093696594238e-01
3.856844007968902588e-01
3.928872048854827881e-01
3.952773511409759521e-01
4.668992459774017334e-01
4.222605228424072266e-01
4.241080284118652344e-01
4.403491914272308350e-01
3.899337947368621826e-01
3.345409333705902100e-01
3.644720017910003662e-01
4.500255882740020752e-01
3.583091199398040771e-01
4.996469020843505859e-01
6.900303959846496582e-01
3.994385898113250732e-01
4.025148153305053711e-01
4.948327541351318359e-01
4.325488507747650146e-01
4.633481800556182861e-01
4.374215900897979736e-01
4.517096579074859619e-01
3.506197929382324219e-01
3.321087062358856201e-01
3.956638276576995850e-01
3.756556212902069092e-01
4.615252017974853516e-01
4.461387097835540771e-01
4.293710291385650635e-01
5.157739520072937012e-01
4.704215824604034424e-01
3.931581974029541016e-01
4.094589054584503174e-01
4.783135354518890381e-01
5.257293581962585449e-01
3.770023882389068604e-01
3.672036230564117432e-01
4.440648853778839111e-01
3.603917658329010010e-01
3.396049439907073975e-01
3.587090075016021729e-01
3.405763804912567139e-01
3.328132927417755127e-01
4.004635512828826904e-01
4.841027259826660156e-01
4.439764916896820068e-01
4.110403358936309814e-01
4.474053382873535156e-01
4.426552355289459229e-01
3.972645699977874756e-01
4.223842620849609375e-01
4.434910714626312256e-01
6.111894845962524414e-01
4.102957546710968018e-01
3.660216033458709717e-01
5.125532150268554688e-01
4.046694040298461914e-01
4.048204421997070312e-01
5.899910926818847656e-01
5.071725845336914062e-01
5.212182998657226562e-01
4.966459274291992188e-01
4.673307836055755615e-01
4.203784465789794922e-01
3.580154180526733398e-01
4.746270179748535156e-01
3.742942810058593750e-01
4.892576634883880615e-01
4.182029664516448975e-01
4.594699144363403320e-01
3.091080784797668457e-01
5.444629788398742676e-01
4.637296199798583984e-01
4.874736368656158447e-01
4.748049080371856689e-01
3.866799771785736084e-01
4.771010875701904297e-01
6.447036862373352051e-01
4.715999066829681396e-01
3.553232848644256592e-01
4.486311972141265869e-01
3.473880589008331299e-01
3.781325519084930420e-01
3.565221726894378662e-01
3.442473411560058594e-01
3.155112266540527344e-01
5.544742941856384277e-01
9.225714206695556641e-01
3.973707258701324463e-01
4.985552728176116943e-01
4.990720450878143311e-01
3.811611235141754150e-01
4.881840050220489502e-01
4.039598405361175537e-01
4.874147474765777588e-01
3.336715400218963623e-01
4.596252739429473877e-01
4.284639358520507812e-01
3.643273115158081055e-01
5.033029317855834961e-01
5.382394790649414062e-01
4.826300144195556641e-01
3.516783714294433594e-01
4.899939596652984619e-01
4.484524726867675781e-01
4.918499290943145752e-01
4.144130945205688477e-01
4.780735671520233154e-01
5.433551669120788574e-01
4.559050798416137695e-01
5.178651213645935059e-01
4.687713384628295898e-01
4.550867080688476562e-01
3.962185680866241455e-01
4.982563257217407227e-01
4.845784604549407959e-01
4.923435449600219727e-01
5.299991965293884277e-01
4.152100980281829834e-01
4.130327999591827393e-01
5.774203538894653320e-01
4.622147083282470703e-01
6.695006489753723145e-01
3.931023180484771729e-01
4.924791157245635986e-01
4.632462263107299805e-01
4.905630052089691162e-01
4.621137678623199463e-01
6.376707553863525391e-01
4.468139410018920898e-01
3.068510591983795166e-01
5.051882266998291016e-01
3.850048780441284180e-01
3.816522061824798584e-01
3.309762477874755859e-01
4.179395139217376709e-01
3.397299349308013916e-01
3.549568653106689453e-01
3.869636058807373047e-01
4.623737335205078125e-01
3.726711273193359375e-01
4.524995088577270508e-01
4.271873533725738525e-01
3.852468729019165039e-01
5.949615836143493652e-01
4.775917828083038330e-01
5.118865966796875000e-01
3.086894750595092773e-01
6.206234693527221680e-01
3.868720531463623047e-01
3.983619213104248047e-01
1.276499509811401367e+00
3.908400535583496094e-01
4.748506247997283936e-01
3.730432689189910889e-01
3.884920179843902588e-01
5.334607958793640137e-01
4.223909080028533936e-01
3.973287343978881836e-01
4.082479178905487061e-01
4.186425507068634033e-01
3.307376801967620850e-01
5.017099976539611816e-01
4.002428948879241943e-01
4.861650764942169189e-01
3.967955410480499268e-01
3.437520265579223633e-01
5.224348306655883789e-01
3.812182843685150146e-01
5.598477125167846680e-01
3.447749614715576172e-01
3.711401224136352539e-01
1.273955702781677246e+00
1.092431783676147461e+00
6.644697785377502441e-01
4.645108878612518311e-01
3.823671340942382812e-01
3.337129056453704834e-01
4.789324700832366943e-01
4.300832450389862061e-01
3.435488045215606689e-01
7.165780067443847656e-01
4.075129032135009766e-01
4.682054221630096436e-01
3.821791708469390869e-01
4.404085576534271240e-01
4.265286922454833984e-01
2.973876893520355225e-01
4.270031154155731201e-01
8.826233744621276855e-01
5.036854743957519531e-01
5.176238417625427246e-01
4.164700210094451904e-01
5.187605023384094238e-01
4.113429784774780273e-01
4.604646265506744385e-01
4.888664484024047852e-01
4.701632261276245117e-01
3.779757916927337646e-01
1.013164401054382324e+00
5.425511002540588379e-01
4.271787703037261963e-01
4.376248419284820557e-01
4.030519425868988037e-01
1.032684922218322754e+00
5.558233857154846191e-01
4.068996012210845947e-01
4.371671676635742188e-01
4.604823291301727295e-01
2.699859440326690674e-01
4.000520408153533936e-01
3.897443711757659912e-01
5.451883673667907715e-01
4.051500856876373291e-01
6.459452509880065918e-01
4.332369863986968994e-01
3.662043511867523193e-01
4.148124456405639648e-01
4.355875253677368164e-01
3.456401824951171875e-01
4.155621826648712158e-01
4.273580312728881836e-01
3.585295975208282471e-01
5.006272792816162109e-01
4.206194877624511719e-01
4.329121410846710205e-01
4.592417776584625244e-01
3.942314088344573975e-01
6.301221251487731934e-01
4.923232793807983398e-01
5.007080435752868652e-01
4.018955528736114502e-01
5.285722613334655762e-01
5.665984749794006348e-01
4.127354919910430908e-01
5.014316439628601074e-01
3.717673718929290771e-01
4.182430803775787354e-01
4.580939710140228271e-01
3.302634060382843018e-01
3.807760477066040039e-01
5.351287722587585449e-01
3.498117625713348389e-01
3.715302944183349609e-01
5.148718357086181641e-01
4.268360137939453125e-01
4.559211432933807373e-01
4.293022155761718750e-01
3.212088048458099365e-01
4.366663396358489990e-01
4.820099771022796631e-01
4.023564755916595459e-01
4.100642502307891846e-01
4.594665765762329102e-01
4.988786280155181885e-01
4.425852000713348389e-01
3.248282670974731445e-01
4.670788049697875977e-01
5.923957228660583496e-01
4.322321712970733643e-01
3.846508264541625977e-01
4.034887254238128662e-01
4.167462885379791260e-01
4.839390218257904053e-01
4.028638601303100586e-01
4.695889651775360107e-01
3.494138717651367188e-01
3.413251638412475586e-01
4.828239977359771729e-01
4.524293243885040283e-01
9.521913528442382812e-01
4.616456925868988037e-01
4.041226804256439209e-01
4.097828865051269531e-01
4.361800253391265869e-01
4.546765387058258057e-01
4.102454185485839844e-01
3.599968254566192627e-01
4.278579652309417725e-01
5.074206590652465820e-01
3.322246074676513672e-01
5.208041071891784668e-01
3.866221010684967041e-01
4.147838354110717773e-01
4.315721988677978516e-01
5.455864667892456055e-01
4.537707567214965820e-01
3.659438788890838623e-01
4.278366863727569580e-01
4.316149950027465820e-01
3.487308025360107422e-01
4.917141199111938477e-01
4.227016270160675049e-01
3.393987119197845459e-01
4.331067800521850586e-01
4.945806562900543213e-01
3.965886831283569336e-01
4.292365312576293945e-01
3.166354298591613770e-01
5.684805512428283691e-01
3.121132552623748779e-01
3.996171951293945312e-01
5.725941658020019531e-01
4.301351010799407959e-01
6.170066595077514648e-01
4.475885927677154541e-01
3.708285987377166748e-01
4.134940803050994873e-01
5.437225699424743652e-01
6.102594733238220215e-01
3.799656927585601807e-01
4.702074825763702393e-01
5.677139759063720703e-01
3.413477241992950439e-01
4.282967746257781982e-01
4.394042491912841797e-01
4.711332321166992188e-01
3.694597482681274414e-01
4.147855937480926514e-01
3.881454467773437500e-01
4.353768825531005859e-01
4.397196769714355469e-01
3.268789947032928467e-01
5.244403481483459473e-01
2.951127290725708008e-01
5.355075001716613770e-01
5.078070163726806641e-01
2.869679033756256104e-01
4.118437767028808594e-01
3.650985658168792725e-01
3.913700878620147705e-01
3.743845522403717041e-01
3.451733291149139404e-01
5.712801218032836914e-01
4.380376338958740234e-01
3.389953374862670898e-01
5.091986656188964844e-01
5.153367519378662109e-01
3.585133850574493408e-01
6.458081007003784180e-01
4.960772693157196045e-01
3.643721044063568115e-01
3.203589916229248047e-01
4.774781167507171631e-01
4.524589776992797852e-01
3.462120592594146729e-01
3.441315889358520508e-01
4.915977418422698975e-01
3.778584301471710205e-01
4.146874845027923584e-01
3.959870338439941406e-01
3.598679006099700928e-01
4.851970672607421875e-01
5.011232495307922363e-01
3.378432691097259521e-01
4.335381984710693359e-01
4.378761053085327148e-01
3.401549756526947021e-01
5.254644751548767090e-01
5.987100005149841309e-01
5.192845463752746582e-01
4.782440662384033203e-01
4.924992620944976807e-01
3.751608431339263916e-01
4.317760765552520752e-01
4.460365474224090576e-01
5.254854559898376465e-01
6.345440745353698730e-01
3.654145300388336182e-01
5.602644085884094238e-01
5.058279037475585938e-01
5.107077360153198242e-01
3.648366034030914307e-01
3.211959004402160645e-01
4.673889577388763428e-01
3.654625713825225830e-01
4.401429593563079834e-01
3.922896683216094971e-01
4.351813495159149170e-01
5.625586509704589844e-01
3.795186579227447510e-01
3.636125028133392334e-01
3.336568176746368408e-01
3.588266074657440186e-01
4.524615705013275146e-01
4.387409687042236328e-01
5.184110999107360840e-01
4.074705839157104492e-01
4.672122895717620850e-01
5.146591067314147949e-01
4.424183070659637451e-01
5.331764221191406250e-01
3.940810859203338623e-01
4.519419372081756592e-01
4.550000131130218506e-01
4.917489588260650635e-01
4.133805930614471436e-01
6.746847033500671387e-01
4.456922113895416260e-01
4.686162471771240234e-01
3.856501579284667969e-01
4.410737454891204834e-01
3.917915821075439453e-01
4.460248053073883057e-01
4.236592948436737061e-01
3.807956278324127197e-01
4.573511779308319092e-01
4.083749353885650635e-01
4.025710523128509521e-01
3.940261602401733398e-01
5.748061537742614746e-01
3.729566633701324463e-01
3.047805726528167725e-01
3.517795503139495850e-01
5.297340750694274902e-01
4.613193273544311523e-01
5.941650867462158203e-01
4.986668527126312256e-01
3.633553087711334229e-01
5.280290842056274414e-01
4.154572486877441406e-01
4.214043319225311279e-01
4.793975353240966797e-01
3.753267526626586914e-01
3.642918765544891357e-01
6.034418344497680664e-01
5.583713650703430176e-01
5.692857503890991211e-01
5.083782076835632324e-01
4.688749611377716064e-01
4.593892991542816162e-01
3.869632184505462646e-01
3.207850158214569092e-01
4.188396930694580078e-01
4.894018471240997314e-01
4.629925191402435303e-01
5.322669148445129395e-01
4.610272943973541260e-01
3.876519501209259033e-01
4.670991897583007812e-01
5.104613304138183594e-01
4.822877645492553711e-01
4.212904870510101318e-01
4.263361990451812744e-01
7.744290232658386230e-01
4.113544523715972900e-01
5.059732794761657715e-01
4.113844931125640869e-01
3.965041935443878174e-01
3.592497408390045166e-01
3.522489368915557861e-01
5.003730654716491699e-01
4.590999782085418701e-01
4.998020231723785400e-01
2.976467311382293701e-01
3.943634927272796631e-01
4.274212121963500977e-01
4.721044003963470459e-01
4.003045260906219482e-01
5.023855566978454590e-01
3.352696597576141357e-01
3.934459686279296875e-01
3.190761804580688477e-01
4.285723268985748291e-01
4.791806936264038086e-01
4.472618997097015381e-01
4.405756890773773193e-01
4.341112077236175537e-01
5.430174469947814941e-01
4.314276278018951416e-01
4.217577874660491943e-01
5.145623087882995605e-01
3.744980990886688232e-01
4.419049322605133057e-01
4.693291187286376953e-01
4.537851512432098389e-01
3.509500920772552490e-01
3.248550593852996826e-01
5.851088166236877441e-01
5.363153815269470215e-01
3.838267326354980469e-01
4.195661842823028564e-01
4.799021780490875244e-01
3.675179481506347656e-01
4.175440967082977295e-01
5.395013689994812012e-01
4.104090631008148193e-01
5.018078684806823730e-01
5.104131102561950684e-01
4.227437973022460938e-01
3.973268270492553711e-01
1.072872400283813477e+00
4.828146696090698242e-01
4.075267612934112549e-01
5.210381150245666504e-01
3.564005792140960693e-01
1.763077855110168457e+00
3.261947333812713623e-01
3.030266463756561279e-01
3.232944011688232422e-01
9.430093169212341309e-01
4.266171455383300781e-01
4.135240614414215088e-01
3.957812786102294922e-01
4.645260274410247803e-01
4.959058761596679688e-01
4.940794408321380615e-01
4.806932508945465088e-01
4.460914433002471924e-01
5.492780208587646484e-01
3.765328228473663330e-01
4.061224162578582764e-01
3.613370656967163086e-01
4.484466016292572021e-01
3.203558921813964844e-01
5.045663714408874512e-01
4.307680428028106689e-01
3.588898479938507080e-01
4.664088189601898193e-01
4.099042415618896484e-01
4.572413265705108643e-01
5.394454002380371094e-01
4.255346953868865967e-01
3.732655346393585205e-01
3.512319028377532959e-01
5.399788022041320801e-01
4.333820343017578125e-01
4.199976027011871338e-01
3.540570735931396484e-01
4.437853991985321045e-01
4.367593228816986084e-01
2.958417832851409912e-01
4.051165878772735596e-01
4.558965265750885010e-01
3.830897510051727295e-01
4.068457186222076416e-01
5.690899491310119629e-01
4.973314702510833740e-01
4.098986685276031494e-01
5.307393670082092285e-01
4.350262880325317383e-01
4.864940643310546875e-01
4.930215179920196533e-01
3.651377260684967041e-01
4.950796067714691162e-01
3.627963364124298096e-01
4.058743417263031006e-01
3.412223756313323975e-01
4.892231523990631104e-01
4.039905071258544922e-01
3.133152127265930176e-01
3.432963192462921143e-01
4.526756703853607178e-01
4.452479779720306396e-01
4.223226308822631836e-01
3.718081414699554443e-01
3.823696374893188477e-01
4.604385197162628174e-01
4.165925681591033936e-01
4.540552198886871338e-01
3.645026981830596924e-01
7.544953823089599609e-01
4.091231524944305420e-01
3.896794021129608154e-01
5.189450979232788086e-01
4.354886114597320557e-01
3.262832462787628174e-01
3.379875719547271729e-01
6.695153117179870605e-01
4.992551803588867188e-01
4.024476706981658936e-01
3.834564685821533203e-01
5.225229263305664062e-01
4.724693298339843750e-01
3.285606801509857178e-01
5.606206655502319336e-01
3.950804769992828369e-01
3.883435726165771484e-01
3.717721700668334961e-01
4.584930241107940674e-01
4.149261415004730225e-01
4.681446552276611328e-01
3.903796374797821045e-01
4.264740943908691406e-01
3.638794422149658203e-01
5.220253467559814453e-01
3.818030059337615967e-01
5.065330266952514648e-01
4.057705104351043701e-01
3.849850893020629883e-01
4.997310638427734375e-01
5.032486319541931152e-01
4.846282005310058594e-01
8.728580474853515625e-01
4.675568640232086182e-01
5.126562714576721191e-01
5.352082252502441406e-01
5.035248994827270508e-01
3.731502294540405273e-01
4.494813680648803711e-01
3.817790746688842773e-01
4.138806760311126709e-01
3.698420822620391846e-01
5.897884964942932129e-01
4.977852404117584229e-01
3.425751924514770508e-01
5.613481998443603516e-01
4.873869121074676514e-01
4.264944791793823242e-01
3.929899036884307861e-01
4.075152575969696045e-01
4.806692302227020264e-01
3.493205010890960693e-01
3.486011922359466553e-01
4.801150858402252197e-01
3.681560754776000977e-01
4.569135904312133789e-01
4.391384124755859375e-01
3.506189584732055664e-01
4.874479472637176514e-01
3.628307878971099854e-01
3.387791216373443604e-01
3.487591445446014404e-01
4.330450594425201416e-01
3.812547624111175537e-01
3.888677060604095459e-01
3.806162774562835693e-01
4.604875147342681885e-01
3.698184788227081299e-01
5.856505036354064941e-01
3.546712696552276611e-01
3.714227676391601562e-01
4.176291525363922119e-01
4.297439157962799072e-01
4.299997389316558838e-01
4.032774865627288818e-01
4.634229242801666260e-01
2.741393744945526123e-01
4.191210567951202393e-01
4.567836821079254150e-01
4.107382297515869141e-01
4.166227877140045166e-01
3.936424553394317627e-01
4.179861545562744141e-01
3.955204486846923828e-01
4.447447955608367920e-01
4.377835988998413086e-01
3.607701957225799561e-01
4.408583641052246094e-01
5.014526844024658203e-01
4.032459557056427002e-01
3.663842380046844482e-01
4.119664430618286133e-01
3.734778165817260742e-01
3.783009350299835205e-01
5.040547847747802734e-01
3.271748721599578857e-01
7.217553257942199707e-01
4.039030075073242188e-01
3.674642145633697510e-01
4.137515127658843994e-01
3.671160042285919189e-01
4.557670354843139648e-01
3.979223966598510742e-01
3.779364526271820068e-01
3.300915360450744629e-01
3.075197041034698486e-01
9.681804180145263672e-01
4.296937286853790283e-01
3.910336792469024658e-01
3.734371662139892578e-01
3.410621583461761475e-01
4.205489456653594971e-01
4.779681861400604248e-01
3.675419092178344727e-01
4.271122515201568604e-01
3.725973665714263916e-01
4.467835426330566406e-01
3.562184870243072510e-01
5.069516301155090332e-01
5.298450589179992676e-01
4.868507087230682373e-01
5.369015336036682129e-01
3.389426767826080322e-01
4.634064733982086182e-01
7.588244080543518066e-01
4.591328203678131104e-01
4.118586480617523193e-01
4.439450204372406006e-01
3.983820378780364990e-01
3.741964399814605713e-01
5.445625185966491699e-01
3.943819105625152588e-01
3.255210220813751221e-01
4.590738117694854736e-01
5.464740395545959473e-01
4.439267814159393311e-01
4.994926154613494873e-01
4.010940492153167725e-01
4.541516005992889404e-01
4.197641909122467041e-01
3.969454467296600342e-01
4.046067893505096436e-01
4.320195615291595459e-01
3.946032226085662842e-01
5.563632845878601074e-01
3.923725187778472900e-01
7.219677567481994629e-01
5.680378079414367676e-01
4.616608321666717529e-01
4.749454259872436523e-01
3.256334364414215088e-01
4.172011613845825195e-01
3.502340614795684814e-01
4.368287324905395508e-01
4.262248575687408447e-01
6.575038433074951172e-01
4.988641440868377686e-01
1.099205613136291504e+00
5.251780152320861816e-01
4.350275099277496338e-01
4.307982921600341797e-01
4.148672521114349365e-01
4.252303838729858398e-01
5.050193071365356445e-01
5.530853867530822754e-01
8.430444598197937012e-01
5.357105135917663574e-01
3.501751422882080078e-01
5.507647395133972168e-01
4.848905503749847412e-01
3.641273677349090576e-01
3.282020092010498047e-01
4.428992271423339844e-01
4.662155807018280029e-01
4.585525691509246826e-01
3.560712635517120361e-01
4.459695518016815186e-01
4.187639653682708740e-01
3.793261051177978516e-01
4.381531774997711182e-01
3.866479098796844482e-01
4.638168811798095703e-01
4.215964972972869873e-01
3.808626234531402588e-01
7.006071209907531738e-01
4.689327776432037354e-01
4.576162099838256836e-01
3.529128730297088623e-01
3.420411646366119385e-01
3.560051620006561279e-01
4.034960269927978516e-01
3.344595730304718018e-01
5.342969298362731934e-01
5.021807551383972168e-01
3.785861432552337646e-01
3.243482410907745361e-01
5.973581075668334961e-01
1.143899559974670410e+00
5.069751143455505371e-01
4.286695420742034912e-01
4.472557008266448975e-01
4.289370775222778320e-01
5.085381865501403809e-01
5.058557391166687012e-01
5.554008483886718750e-01
4.738518893718719482e-01
4.564521610736846924e-01
4.836541116237640381e-01
3.802722692489624023e-01
4.638043642044067383e-01
3.952412605285644531e-01
5.021153688430786133e-01
6.727191805839538574e-01
5.236226916313171387e-01
3.378314077854156494e-01
3.361625671386718750e-01
4.347048699855804443e-01
3.976942002773284912e-01
3.903477191925048828e-01
5.244879126548767090e-01
4.637222290039062500e-01
4.066030681133270264e-01
5.811573863029479980e-01
3.407131731510162354e-01
3.378819525241851807e-01
4.848840236663818359e-01
3.540852367877960205e-01
3.888303339481353760e-01
4.871021509170532227e-01
4.301172196865081787e-01
4.570962488651275635e-01
4.906800985336303711e-01
4.522815644741058350e-01
3.304085135459899902e-01
4.671335518360137939e-01
5.329735875129699707e-01
5.554901957511901855e-01
3.258504569530487061e-01
3.736153542995452881e-01
3.964309394359588623e-01
4.703420400619506836e-01
4.684547483921051025e-01
4.349770545959472656e-01
4.879540503025054932e-01
3.551259338855743408e-01
7.057979702949523926e-01
3.884185552597045898e-01
4.453725814819335938e-01
3.830746710300445557e-01
4.158063828945159912e-01
3.791450560092926025e-01
4.389544427394866943e-01
4.961299598217010498e-01
4.264280498027801514e-01
3.792758285999298096e-01
3.954978287220001221e-01
4.563177824020385742e-01
4.191150963306427002e-01
4.053343534469604492e-01
7.503027915954589844e-01
3.520641326904296875e-01
5.088233351707458496e-01
5.162350535392761230e-01
5.096063017845153809e-01
5.992238521575927734e-01
4.652081429958343506e-01
3.431023359298706055e-01
4.434725344181060791e-01
4.175281822681427002e-01
3.625637292861938477e-01
6.080228090286254883e-01
4.592443406581878662e-01
9.823467731475830078e-01
3.891473710536956787e-01
4.468243122100830078e-01
4.101188182830810547e-01
4.045420587062835693e-01
3.890354335308074951e-01
4.761656820774078369e-01
3.979125022888183594e-01
5.054121017456054688e-01
3.931818008422851562e-01
3.260679841041564941e-01
4.216468036174774170e-01
3.651545941829681396e-01
4.122681915760040283e-01
5.421850681304931641e-01
3.630423843860626221e-01
4.268827140331268311e-01
3.654560148715972900e-01
4.571593105792999268e-01
5.209464430809020996e-01
4.579518735408782959e-01
3.648815155029296875e-01
4.689762294292449951e-01
4.037185013294219971e-01
3.930317461490631104e-01
3.727769851684570312e-01
4.354852735996246338e-01
8.974773287773132324e-01
4.863332509994506836e-01
3.924506902694702148e-01
4.751065969467163086e-01
5.637823939323425293e-01
5.080947875976562500e-01
4.500184357166290283e-01
4.069935381412506104e-01
4.380044937133789062e-01
5.320578813552856445e-01
2.895921170711517334e-01
3.651292622089385986e-01
3.402458429336547852e-01
3.784807026386260986e-01
3.124824464321136475e-01
5.032709240913391113e-01
3.762068748474121094e-01
5.049665570259094238e-01
3.993585109710693359e-01
4.272624254226684570e-01
3.838787972927093506e-01
4.331259429454803467e-01
5.312914252281188965e-01
3.551420271396636963e-01
3.938288986682891846e-01
3.851534426212310791e-01
3.749373853206634521e-01
2.805957794189453125e-01
5.870128273963928223e-01
7.933805584907531738e-01
4.178383648395538330e-01
4.321881532669067383e-01
3.569715917110443115e-01
4.799568951129913330e-01
4.560957252979278564e-01
4.329576492309570312e-01
6.418450474739074707e-01
4.480903446674346924e-01
8.347217440605163574e-01
5.075717568397521973e-01
4.279614388942718506e-01
4.646797180175781250e-01
1.065016627311706543e+00
4.564044773578643799e-01
4.220325648784637451e-01
3.723565340042114258e-01
3.808968067169189453e-01
5.136687755584716797e-01
5.245779752731323242e-01
2.921273410320281982e-01
4.449416697025299072e-01
3.773707151412963867e-01
4.342373907566070557e-01
4.103552401065826416e-01
3.592516481876373291e-01
5.540061593055725098e-01
5.232737660408020020e-01
5.119618177413940430e-01
5.018300414085388184e-01
4.223726689815521240e-01
4.632670879364013672e-01
1.365723133087158203e+00
4.913321435451507568e-01
3.600219786167144775e-01
3.093010187149047852e-01
4.502811729907989502e-01
3.774788379669189453e-01
5.149933695793151855e-01
4.429724216461181641e-01
4.942148923873901367e-01
4.733693897724151611e-01
3.818796873092651367e-01
4.846003055572509766e-01
4.004552066326141357e-01
5.260447859764099121e-01
4.182138144969940186e-01
5.347239375114440918e-01
3.790791928768157959e-01
3.458797931671142578e-01
3.337667882442474365e-01
4.007946550846099854e-01
4.223117828369140625e-01
4.481041729450225830e-01
5.227053761482238770e-01
3.601484298706054688e-01
4.550143778324127197e-01
4.023455083370208740e-01
4.052351713180541992e-01
4.143034219741821289e-01
4.850356876850128174e-01
4.502229690551757812e-01
4.179525077342987061e-01
3.187842667102813721e-01
3.090862929821014404e-01
4.474645853042602539e-01
4.199072420597076416e-01
3.519769906997680664e-01
4.129855334758758545e-01
3.362015187740325928e-01
3.763084709644317627e-01
4.417185783386230469e-01
4.347726404666900635e-01
4.292155802249908447e-01
3.480664789676666260e-01
4.010840952396392822e-01
4.189062416553497314e-01
3.928369283676147461e-01
5.173036456108093262e-01
3.302740454673767090e-01
3.744670450687408447e-01
4.276109635829925537e-01
3.883202970027923584e-01
4.347741603851318359e-01
3.709070384502410889e-01
3.301788270473480225e-01
4.677480161190032959e-01
3.616016209125518799e-01
3.560907840728759766e-01
4.052245616912841797e-01
4.566386938095092773e-01
3.918598890304565430e-01
4.662280082702636719e-01
7.081501483917236328e-01
4.373106062412261963e-01
4.373277425765991211e-01
4.417825937271118164e-01
3.939490616321563721e-01
4.755027294158935547e-01
3.445521891117095947e-01
4.003779590129852295e-01
4.783602654933929443e-01
4.280445575714111328e-01
5.067169070243835449e-01
7.010385990142822266e-01
5.331388115882873535e-01
4.530339539051055908e-01
4.013356268405914307e-01
3.964177072048187256e-01
4.981971681118011475e-01
4.122122526168823242e-01
4.075730144977569580e-01
3.869118988513946533e-01
4.921609163284301758e-01
3.968077898025512695e-01
3.518714606761932373e-01
3.269227743148803711e-01
4.435639679431915283e-01
4.142998158931732178e-01
3.980010747909545898e-01
5.210955739021301270e-01
4.526000320911407471e-01
4.309058189392089844e-01
4.193907976150512695e-01
3.460497558116912842e-01
3.292026221752166748e-01
4.889127016067504883e-01
2.560414373874664307e-01
3.872623741626739502e-01
4.994138181209564209e-01
3.105754852294921875e-01
5.300730466842651367e-01
3.846219480037689209e-01
5.455672144889831543e-01
6.111223101615905762e-01
3.550756275653839111e-01
5.201826691627502441e-01
4.396914541721343994e-01
4.680922031402587891e-01
4.014339148998260498e-01
3.875908851623535156e-01
5.248457193374633789e-01
4.218216240406036377e-01
4.566148221492767334e-01
3.890129625797271729e-01
4.668689966201782227e-01
4.828629791736602783e-01
3.813706934452056885e-01
4.502326250076293945e-01
4.162048399448394775e-01
4.308798611164093018e-01
4.083090722560882568e-01
4.112042188644409180e-01
3.954996168613433838e-01
3.779822885990142822e-01
3.520107269287109375e-01
2.955606877803802490e-01
5.353866219520568848e-01
4.464837014675140381e-01
4.196117818355560303e-01
4.478822648525238037e-01
3.642514944076538086e-01
4.131723940372467041e-01
5.104571580886840820e-01
4.792562425136566162e-01
4.138829410076141357e-01
4.719952046871185303e-01
3.612210452556610107e-01
3.176114261150360107e-01
4.462316036224365234e-01
4.804655015468597412e-01
5.159812569618225098e-01
3.218794167041778564e-01
3.780484497547149658e-01
4.438372552394866943e-01
7.026572227478027344e-01
4.426147937774658203e-01
3.532726764678955078e-01
4.890659749507904053e-01
3.717240989208221436e-01
3.727947175502777100e-01
4.835988581180572510e-01
4.657266139984130859e-01
4.873301088809967041e-01
4.180392324924468994e-01
4.282377958297729492e-01
5.227737426757812500e-01
4.709794521331787109e-01
3.996440470218658447e-01
3.832782506942749023e-01
3.648333251476287842e-01
4.237435758113861084e-01
3.931247293949127197e-01
4.524120092391967773e-01
4.454219341278076172e-01
5.682740807533264160e-01
5.902278423309326172e-01
3.889921009540557861e-01
3.495274484157562256e-01
4.812925755977630615e-01
5.180091261863708496e-01
2.967288494110107422e-01
5.263999104499816895e-01
4.604558050632476807e-01
5.424918532371520996e-01
4.366931021213531494e-01
4.637241661548614502e-01
4.530006349086761475e-01
4.096133708953857422e-01
4.180190265178680420e-01
8.992981910705566406e-01
5.046623945236206055e-01
4.048732817173004150e-01
5.093894600868225098e-01
4.557372331619262695e-01
5.445081591606140137e-01
8.074612617492675781e-01
3.393252789974212646e-01
4.119678735733032227e-01
4.689365327358245850e-01
4.564324617385864258e-01
4.129470288753509521e-01
3.818546235561370850e-01
8.584737777709960938e-01
4.839386940002441406e-01
3.598892390727996826e-01
4.148303568363189697e-01
4.141928851604461670e-01
3.288849294185638428e-01
4.159536063671112061e-01
3.894199430942535400e-01
4.246461093425750732e-01
5.037558674812316895e-01
3.385439217090606689e-01
6.157419085502624512e-01
6.385449171066284180e-01
3.156213462352752686e-01
3.889214992523193359e-01
5.047567486763000488e-01
4.493333399295806885e-01
4.531166553497314453e-01
2.609487771987915039e-01
4.319169521331787109e-01
4.510300159454345703e-01
3.565237224102020264e-01
3.557534515857696533e-01
4.189265966415405273e-01
5.007535815238952637e-01
3.969101607799530029e-01
4.865230321884155273e-01
3.552309572696685791e-01
3.031391203403472900e-01
6.478614211082458496e-01
3.376269638538360596e-01
4.070031642913818359e-01
4.772990047931671143e-01
5.039861202239990234e-01
4.283545017242431641e-01
4.130050837993621826e-01
4.229505956172943115e-01
4.197734892368316650e-01
3.962493836879730225e-01
4.380919635295867920e-01
5.813131332397460938e-01
4.045128822326660156e-01
4.204217493534088135e-01
6.223291754722595215e-01
4.302112758159637451e-01
4.398641586303710938e-01
4.205293655395507812e-01
4.422486126422882080e-01
3.964854180812835693e-01
4.566554725170135498e-01
3.584736883640289307e-01
3.756282329559326172e-01
3.353197574615478516e-01
4.546847343444824219e-01
3.004910349845886230e-01
4.276888370513916016e-01
4.267220199108123779e-01
3.634934425354003906e-01
1.203089237213134766e+00
4.843747615814208984e-01
5.232045054435729980e-01
4.016369879245758057e-01
3.611597716808319092e-01
6.083427071571350098e-01
4.064831733703613281e-01
4.299212992191314697e-01
3.945397138595581055e-01
6.008669734001159668e-01
3.975477218627929688e-01
3.967674970626831055e-01
3.820456564426422119e-01
3.569333851337432861e-01
3.852748870849609375e-01
4.473490715026855469e-01
3.828147351741790771e-01
3.464305698871612549e-01
4.433493614196777344e-01
4.287376701831817627e-01
3.317414820194244385e-01
4.196228086948394775e-01
3.686002492904663086e-01
3.999511301517486572e-01
5.916336178779602051e-01
5.814748406410217285e-01
3.363539874553680420e-01
3.303537666797637939e-01
3.012244403362274170e-01
3.114135563373565674e-01
5.502422451972961426e-01
3.750801980495452881e-01
4.511434733867645264e-01
4.594198465347290039e-01
4.535208046436309814e-01
5.368755459785461426e-01
4.363907277584075928e-01
4.833886623382568359e-01
5.508145689964294434e-01
3.627624511718750000e-01
3.246930539608001709e-01
4.769810438156127930e-01
6.039991378784179688e-01
4.221386611461639404e-01
4.625985324382781982e-01
4.102331101894378662e-01
3.516655266284942627e-01
4.378332793712615967e-01
3.763485848903656006e-01
3.730798065662384033e-01
3.467063903808593750e-01
4.505934417247772217e-01
3.462063968181610107e-01
3.763726055622100830e-01
6.518846154212951660e-01
3.355408012866973877e-01
4.471701681613922119e-01
5.295999646186828613e-01
3.784441053867340088e-01
3.772317469120025635e-01
4.922779500484466553e-01
4.509599208831787109e-01
3.912284672260284424e-01
4.559119939804077148e-01
3.963412046432495117e-01
4.058597385883331299e-01
4.207462370395660400e-01
4.417957067489624023e-01
3.774168789386749268e-01
3.942140340805053711e-01
3.882721960544586182e-01
3.594846725463867188e-01
3.109706044197082520e-01
5.096119046211242676e-01
4.876486063003540039e-01
5.431842207908630371e-01
6.322402954101562500e-01
5.164485573768615723e-01
4.987570345401763916e-01
4.587701559066772461e-01
3.321975171566009521e-01
4.510616362094879150e-01
4.844214022159576416e-01
4.310448169708251953e-01
3.666082322597503662e-01
4.388321936130523682e-01
3.129212856292724609e-01
4.275874197483062744e-01
3.810535669326782227e-01
4.112425744533538818e-01
5.827005505561828613e-01
3.622649610042572021e-01
3.365424871444702148e-01
5.769947171211242676e-01
4.511980712413787842e-01
3.208002150058746338e-01
4.486342370510101318e-01
3.527526557445526123e-01
2.995719313621520996e-01
3.798539638519287109e-01
3.794129788875579834e-01
4.290664196014404297e-01
2.800548672676086426e-01
7.343136668205261230e-01
4.049368202686309814e-01
3.944325447082519531e-01
4.129974842071533203e-01
4.771867990493774414e-01
4.188309013843536377e-01
4.220019578933715820e-01
3.919658660888671875e-01
4.386236369609832764e-01
4.271317422389984131e-01
3.990638256072998047e-01
4.787251949310302734e-01
4.161679446697235107e-01
3.999337255954742432e-01
5.259883999824523926e-01
1.127754807472229004e+00
4.586854279041290283e-01
3.121132552623748779e-01
3.358627557754516602e-01
3.407773673534393311e-01
3.517117202281951904e-01
5.052887797355651855e-01
2.984635531902313232e-01
5.085545778274536133e-01
3.727307617664337158e-01
4.036267995834350586e-01
4.748527705669403076e-01
4.272376000881195068e-01
4.061855375766754150e-01
5.202510356903076172e-01
3.810077011585235596e-01
4.411641061305999756e-01
4.197897017002105713e-01
2.909215986728668213e-01
3.896480798721313477e-01
2.905610203742980957e-01
4.812052249908447266e-01
4.237241446971893311e-01
3.124765157699584961e-01
4.268485307693481445e-01
4.427407681941986084e-01
4.838318526744842529e-01
3.881263732910156250e-01
4.256463050842285156e-01
4.534984529018402100e-01
4.909761250019073486e-01
3.305559754371643066e-01
3.261506855487823486e-01
5.115401148796081543e-01
4.414217770099639893e-01
3.551640510559082031e-01
4.244923889636993408e-01
2.981991767883300781e-01
3.756766021251678467e-01
3.282901942729949951e-01
4.195278584957122803e-01
4.363646507263183594e-01
3.624365031719207764e-01
3.817496001720428467e-01
4.890619218349456787e-01
5.577947497367858887e-01
6.380482316017150879e-01
4.369376003742218018e-01
4.073611199855804443e-01
4.863671362400054932e-01
3.286347687244415283e-01
3.755342066287994385e-01
3.816658258438110352e-01
3.453065454959869385e-01
4.011476933956146240e-01
4.305573701858520508e-01
4.640699326992034912e-01
4.871039688587188721e-01
4.319373369216918945e-01
4.546235799789428711e-01
3.208452761173248291e-01
3.850103318691253662e-01
4.052095711231231689e-01
3.601269423961639404e-01
3.847201168537139893e-01
3.775168359279632568e-01
4.173737466335296631e-01
6.405658125877380371e-01
4.875371754169464111e-01
3.996051251888275146e-01
4.491563737392425537e-01
3.960161209106445312e-01
3.944822251796722412e-01
4.589952528476715088e-01
3.957779109477996826e-01
1.107371211051940918e+00
4.356038272380828857e-01
2.967563271522521973e-01
4.383960664272308350e-01
4.023932218551635742e-01
4.678947925567626953e-01
3.737318515777587891e-01
3.576288521289825439e-01
4.243029654026031494e-01
3.426715433597564697e-01
3.651303052902221680e-01
3.925068080425262451e-01
4.508070051670074463e-01
4.515589177608489990e-01
3.403216898441314697e-01
4.119343757629394531e-01
4.206607043743133545e-01
4.110518395900726318e-01
3.766684532165527344e-01
4.168009459972381592e-01
5.887734293937683105e-01
5.246897339820861816e-01
4.460699856281280518e-01
3.866930902004241943e-01
3.785579204559326172e-01
4.338395595550537109e-01
4.156270325183868408e-01
3.544525206089019775e-01
3.710002899169921875e-01
3.144315779209136963e-01
4.341771602630615234e-01
4.651770591735839844e-01
4.996506869792938232e-01
4.810619056224822998e-01
3.431319296360015869e-01
4.489440619945526123e-01
4.151214659214019775e-01
3.454443514347076416e-01
5.581012368202209473e-01
4.621921479701995850e-01
4.749710261821746826e-01
4.333597719669342041e-01
3.369370996952056885e-01
3.425230681896209717e-01
3.151708543300628662e-01
4.316375255584716797e-01
4.907489120960235596e-01
5.395036339759826660e-01
3.952749967575073242e-01
3.608724772930145264e-01
4.992514848709106445e-01
3.449162244796752930e-01
3.375524580478668213e-01
4.060262739658355713e-01
5.961028933525085449e-01
4.294913113117218018e-01
3.963747918605804443e-01
4.022895097732543945e-01
3.856633007526397705e-01
4.553756415843963623e-01
4.602992534637451172e-01
3.465954959392547607e-01
4.482375085353851318e-01
5.449248552322387695e-01
3.810940980911254883e-01
3.268829286098480225e-01
3.613729476928710938e-01
4.862727224826812744e-01
4.130707681179046631e-01
4.611971378326416016e-01
4.357372224330902100e-01
4.534390270709991455e-01
3.577354848384857178e-01
3.460039198398590088e-01
2.924291193485260010e-01
4.314136207103729248e-01
3.557630479335784912e-01
2.962736785411834717e-01
4.091603755950927734e-01
4.502306878566741943e-01
4.018367826938629150e-01
4.409289360046386719e-01
3.318935930728912354e-01
3.557600975036621094e-01
4.158194959163665771e-01
3.295879662036895752e-01
4.414316415786743164e-01
4.378539621829986572e-01
4.304826557636260986e-01
3.436619043350219727e-01
3.278099000453948975e-01
3.687064647674560547e-01
3.243687450885772705e-01
3.282557725906372070e-01
3.891361951828002930e-01
4.815380275249481201e-01
4.900517165660858154e-01
4.603201448917388916e-01
5.015729069709777832e-01
4.243691265583038330e-01
4.058156013488769531e-01
4.345375597476959229e-01
4.300781190395355225e-01
8.145540356636047363e-01
3.315216004848480225e-01
5.121557116508483887e-01
4.323031008243560791e-01
4.974491298198699951e-01
4.155034720897674561e-01
4.247273504734039307e-01
3.932916224002838135e-01
4.008168280124664307e-01
3.043191432952880859e-01
3.721891343593597412e-01
4.329533874988555908e-01
4.162218272686004639e-01
4.093032777309417725e-01
3.212685286998748779e-01
3.525195121765136719e-01
3.429702222347259521e-01
4.116561114788055420e-01
4.894658029079437256e-01
2.799535095691680908e-01
4.150436818599700928e-01
3.178199529647827148e-01
3.345119059085845947e-01
4.994618594646453857e-01
3.707624375820159912e-01
3.055231869220733643e-01
4.732925891876220703e-01
4.314969778060913086e-01
3.938210308551788330e-01
3.742382228374481201e-01
5.852362513542175293e-01
4.629028737545013428e-01
4.693248271942138672e-01
4.405739307403564453e-01
3.816924095153808594e-01
4.540665149688720703e-01
5.194876790046691895e-01
3.988412618637084961e-01
4.365297853946685791e-01
3.456104695796966553e-01
3.935319185256958008e-01
3.510706424713134766e-01
5.701090693473815918e-01
6.160402894020080566e-01
4.330664873123168945e-01
4.891586005687713623e-01
5.308086276054382324e-01
5.412191748619079590e-01
4.747894108295440674e-01
4.623979330062866211e-01
3.740772306919097900e-01
3.930427730083465576e-01
4.258241355419158936e-01
4.566643238067626953e-01
5.145012140274047852e-01
4.744107723236083984e-01
4.623434543609619141e-01
4.208481013774871826e-01
4.387441575527191162e-01
3.534448444843292236e-01
3.545105755329132080e-01
5.534290075302124023e-01
2.964045703411102295e-01
4.577514231204986572e-01
5.035459399223327637e-01
3.679315149784088135e-01
4.366304576396942139e-01
3.413127958774566650e-01
5.320601463317871094e-01
3.344134986400604248e-01
3.877688944339752197e-01
4.268239438533782959e-01
3.650188744068145752e-01
4.764140546321868896e-01
3.228199779987335205e-01
4.598687589168548584e-01
6.906952857971191406e-01
3.799291849136352539e-01
4.333295524120330811e-01
4.230954945087432861e-01
4.054976403713226318e-01
4.294515848159790039e-01
4.801860153675079346e-01
4.248328506946563721e-01
3.506091535091400146e-01
4.680955111980438232e-01
5.871238112449645996e-01
4.262485504150390625e-01
4.272111952304840088e-01
4.538397490978240967e-01
5.892631411552429199e-01
4.940510690212249756e-01
4.728724956512451172e-01
4.426918923854827881e-01
3.661920130252838135e-01
4.372284114360809326e-01
1.213076949119567871e+00
4.527314603328704834e-01
4.822638034820556641e-01
4.100056886672973633e-01
3.919108211994171143e-01
3.648624420166015625e-01
4.182657301425933838e-01
5.364137291908264160e-01
3.135146796703338623e-01
4.356569349765777588e-01
3.865433037281036377e-01
3.929479420185089111e-01
4.314625263214111328e-01
3.787915706634521484e-01
4.018463194370269775e-01
4.541321098804473877e-01
5.122197270393371582e-01
4.147944748401641846e-01
3.176938593387603760e-01
5.136871337890625000e-01
3.918891251087188721e-01
5.012182593345642090e-01
3.812503516674041748e-01
4.083552360534667969e-01
4.371896088123321533e-01
3.687291145324707031e-01
3.567191362380981445e-01
4.003385007381439209e-01
3.587118089199066162e-01
3.582755625247955322e-01
4.560931622982025146e-01
3.940131664276123047e-01
4.089392721652984619e-01
3.729534447193145752e-01
4.135762155055999756e-01
4.109918177127838135e-01
4.602133929729461670e-01
3.755220174789428711e-01
3.470805585384368896e-01
4.283438622951507568e-01
3.901698291301727295e-01
4.354249238967895508e-01
3.628813326358795166e-01
4.277237653732299805e-01
3.376421034336090088e-01
4.175613820552825928e-01
3.428698778152465820e-01
3.852536380290985107e-01
3.860581815242767334e-01
5.290940999984741211e-01
4.014944136142730713e-01
2.875766158103942871e-01
6.451641917228698730e-01
4.450700283050537109e-01
5.219367146492004395e-01
3.611894547939300537e-01
4.651843309402465820e-01
9.327745437622070312e-01
3.365615606307983398e-01
4.249260425567626953e-01
4.552643597126007080e-01
3.954448401927947998e-01
4.177807569503784180e-01
4.074613749980926514e-01
4.050848484039306641e-01
3.965620696544647217e-01
3.601589202880859375e-01
3.637209236621856689e-01
4.274255335330963135e-01
4.167495965957641602e-01
4.290740191936492920e-01
4.986371099948883057e-01
5.934687256813049316e-01
2.994931042194366455e-01
5.203754305839538574e-01
4.317616522312164307e-01
4.446304142475128174e-01
4.836383759975433350e-01
3.841451108455657959e-01
3.884103298187255859e-01
4.266664683818817139e-01
3.822524249553680420e-01
4.191737174987792969e-01
4.615051746368408203e-01
3.318803012371063232e-01
3.745652735233306885e-01
4.128749370574951172e-01
5.432178378105163574e-01
4.494383037090301514e-01
4.009485244750976562e-01
4.212770462036132812e-01
3.752402365207672119e-01
3.865835666656494141e-01
5.470718741416931152e-01
4.310193955898284912e-01
3.442142903804779053e-01
3.637667596340179443e-01
4.280152618885040283e-01
4.279089272022247314e-01
3.668625354766845703e-01
3.737845718860626221e-01
3.281842768192291260e-01
4.300867021083831787e-01
3.885907828807830811e-01
2.964397966861724854e-01
4.744488298892974854e-01
6.487563252449035645e-01
3.701737821102142334e-01
3.605329096317291260e-01
3.669314086437225342e-01
3.307276070117950439e-01
5.012376904487609863e-01
4.325340986251831055e-01
6.629991531372070312e-01
7.227157950401306152e-01
3.594901859760284424e-01
3.898132741451263428e-01
4.066102504730224609e-01
4.191311895847320557e-01
4.178410768508911133e-01
3.191490173339843750e-01
4.095090627670288086e-01
3.242693841457366943e-01
3.869830369949340820e-01
3.289969563484191895e-01
5.061075091361999512e-01
4.165994226932525635e-01
3.496103286743164062e-01
4.376348257064819336e-01
3.551193177700042725e-01
3.458157777786254883e-01
3.448616266250610352e-01
4.853509962558746338e-01
3.217575848102569580e-01
3.755731880664825439e-01
3.413489758968353271e-01
6.287778615951538086e-01
3.996942341327667236e-01
4.767490327358245850e-01
4.272559583187103271e-01
3.972158133983612061e-01
4.717803895473480225e-01
3.155097067356109619e-01
4.535206556320190430e-01
4.154898226261138916e-01
3.603962957859039307e-01
3.406591713428497314e-01
3.107636272907257080e-01
4.288438856601715088e-01
3.165809810161590576e-01
3.450691401958465576e-01
3.865241706371307373e-01
3.907217085361480713e-01
4.595318138599395752e-01
4.465599358081817627e-01
5.500293970108032227e-01
4.383662939071655273e-01
4.757973253726959229e-01
3.636438548564910889e-01
3.751195371150970459e-01
3.745265007019042969e-01
5.070587396621704102e-01
4.064299762248992920e-01
3.838971555233001709e-01
3.334107697010040283e-01
3.534033000469207764e-01
3.723913133144378662e-01
3.400244712829589844e-01
4.278484284877777100e-01
3.622710704803466797e-01
3.817496001720428467e-01
4.206712245941162109e-01
4.071997404098510742e-01
3.398803770542144775e-01
3.826829195022583008e-01
4.332875311374664307e-01
4.644226729869842529e-01
3.757790625095367432e-01
5.149019360542297363e-01
3.848927021026611328e-01
3.577628135681152344e-01
3.073213994503021240e-01
3.371679484844207764e-01
5.566878318786621094e-01
4.154830873012542725e-01
3.104263246059417725e-01
4.441803991794586182e-01
4.634487926959991455e-01
3.818931281566619873e-01
4.089451730251312256e-01
3.616988360881805420e-01
3.814634978771209717e-01
4.584767520427703857e-01
3.978292047977447510e-01
4.738372266292572021e-01
3.937262594699859619e-01
3.862507045269012451e-01
3.431338965892791748e-01
4.511326551437377930e-01
4.677067697048187256e-01
3.691562116146087646e-01
4.710030555725097656e-01
3.445153236389160156e-01
3.991043567657470703e-01
3.169612586498260498e-01
3.928161561489105225e-01
3.993404805660247803e-01
4.722938239574432373e-01
4.088504016399383545e-01
4.086892902851104736e-01
3.137306869029998779e-01
3.873011171817779541e-01
4.350392818450927734e-01
8.826238512992858887e-01
4.056259095668792725e-01
3.346317112445831299e-01
4.324569702148437500e-01
3.630124330520629883e-01
2.990009486675262451e-01
4.371262490749359131e-01
4.754358828067779541e-01
4.269835948944091797e-01
2.871405184268951416e-01
3.322422802448272705e-01
6.767651438713073730e-01
4.200784862041473389e-01
4.692691266536712646e-01
4.072329103946685791e-01
4.187882840633392334e-01
5.274584293365478516e-01
3.863978683948516846e-01
2.797684371471405029e-01
3.195551633834838867e-01
3.810007274150848389e-01
3.308701515197753906e-01
3.604508340358734131e-01
3.988920450210571289e-01
4.540063142776489258e-01
4.611844718456268311e-01
3.939886391162872314e-01
7.149211764335632324e-01
3.426683843135833740e-01
4.069224894046783447e-01
4.215337336063385010e-01
3.865479230880737305e-01
3.888016641139984131e-01
4.065754115581512451e-01
5.445023179054260254e-01
5.313436388969421387e-01
5.225086212158203125e-01
4.548010826110839844e-01
4.540303647518157959e-01
3.539910614490509033e-01
3.345710039138793945e-01
3.680787980556488037e-01
1.076015830039978027e+00
3.884852826595306396e-01
4.008618891239166260e-01
1.020208835601806641e+00
3.099410235881805420e-01
4.168346226215362549e-01
4.571842253208160400e-01
4.618854522705078125e-01
4.210927784442901611e-01
4.589418470859527588e-01
5.199294090270996094e-01
3.174964487552642822e-01
4.828162193298339844e-01
4.392189085483551025e-01
3.575673401355743408e-01
6.383370757102966309e-01
5.945385098457336426e-01
3.512742221355438232e-01
3.952126801013946533e-01
3.251845836639404297e-01
6.709253191947937012e-01
4.019339382648468018e-01
5.127274394035339355e-01
3.439907729625701904e-01
3.880263566970825195e-01
4.083775579929351807e-01
4.388388395309448242e-01
3.846080303192138672e-01
4.194126427173614502e-01
4.549926221370697021e-01
5.115807652473449707e-01
4.585562944412231445e-01
6.906797885894775391e-01
9.261312484741210938e-01
3.647910654544830322e-01
3.262959420680999756e-01
5.051629543304443359e-01
3.758149147033691406e-01
4.513789117336273193e-01
4.510997831821441650e-01
4.747025072574615479e-01
5.170236825942993164e-01
4.143562614917755127e-01
3.564450740814208984e-01
3.681899011135101318e-01
4.427597522735595703e-01
5.252249836921691895e-01
4.102063179016113281e-01
4.886865615844726562e-01
3.790518343448638916e-01
4.058460295200347900e-01
4.551071226596832275e-01
5.456425547599792480e-01
3.120450079441070557e-01
4.060615003108978271e-01
4.033012092113494873e-01
4.167658388614654541e-01
3.585440218448638916e-01
3.058651387691497803e-01
3.376407325267791748e-01
3.935441076755523682e-01
4.764271080493927002e-01
5.203041434288024902e-01
3.604357540607452393e-01
3.208416700363159180e-01
3.414433002471923828e-01
5.465399622917175293e-01
3.253041803836822510e-01
3.753936588764190674e-01
4.318332374095916748e-01
4.325253963470458984e-01
4.000139236450195312e-01
3.960391581058502197e-01
3.852894008159637451e-01
3.267990648746490479e-01
3.717757463455200195e-01
3.966478407382965088e-01
4.053143262863159180e-01
2.901298701763153076e-01
2.944677770137786865e-01
2.931866049766540527e-01
3.588681221008300781e-01
3.742215335369110107e-01
3.652956485748291016e-01
2.920109033584594727e-01
3.637346327304840088e-01
5.286908745765686035e-01
3.779679834842681885e-01
4.839012622833251953e-01
3.182467520236968994e-01
3.797762095928192139e-01
3.531767427921295166e-01
3.912657201290130615e-01
3.187660574913024902e-01
4.632793664932250977e-01
4.505064487457275391e-01
4.191728532314300537e-01
4.663189649581909180e-01
3.622426986694335938e-01
4.135889112949371338e-01
9.338852763175964355e-01
3.939127027988433838e-01
3.640429973602294922e-01
2.834662497043609619e-01
5.277460217475891113e-01
4.307289421558380127e-01
4.106424748897552490e-01
3.982742726802825928e-01
3.840694427490234375e-01
3.423096835613250732e-01
4.489624798297882080e-01
4.839433133602142334e-01
4.392286837100982666e-01
4.270581305027008057e-01
4.022723138332366943e-01
3.500133454799652100e-01
5.621363520622253418e-01
3.984495401382446289e-01
3.208850324153900146e-01
3.796440064907073975e-01
5.053899884223937988e-01
3.840702474117279053e-01
3.319516479969024658e-01
4.623137414455413818e-01
3.044945001602172852e-01
3.825410902500152588e-01
4.888116419315338135e-01
4.595791995525360107e-01
4.606578052043914795e-01
5.126993060111999512e-01
4.600291550159454346e-01
3.522448837757110596e-01
3.650592267513275146e-01
1.368292689323425293e+00
3.763272762298583984e-01
5.044358372688293457e-01
4.766820669174194336e-01
5.448134541511535645e-01
4.373954832553863525e-01
3.588622510433197021e-01
4.963565766811370850e-01
4.437533318996429443e-01
5.169042348861694336e-01
4.070145785808563232e-01
4.429341554641723633e-01
5.125226378440856934e-01
6.389964222908020020e-01
1.812729239463806152e+00
4.383254051208496094e-01
6.591581702232360840e-01
4.114684164524078369e-01
4.424901008605957031e-01
3.901074826717376709e-01
3.160409331321716309e-01
4.147180616855621338e-01
4.299671649932861328e-01
5.071563720703125000e-01
3.336437046527862549e-01
3.720977604389190674e-01
5.055900812149047852e-01
5.003973841667175293e-01
4.488359987735748291e-01
6.799758076667785645e-01
3.794607818126678467e-01
3.757551014423370361e-01
5.029342174530029297e-01
6.169188618659973145e-01
3.914564847946166992e-01
3.971324861049652100e-01
4.818074703216552734e-01
4.230671226978302002e-01
4.493590295314788818e-01
3.677516877651214600e-01
4.942314624786376953e-01
4.288062751293182373e-01
3.831147849559783936e-01
4.336521625518798828e-01
3.779868185520172119e-01
3.585984706878662109e-01
4.507550895214080811e-01
4.032356441020965576e-01
2.959393262863159180e-01
4.016597270965576172e-01
5.664029717445373535e-01
4.496908187866210938e-01
3.788669407367706299e-01
3.828522264957427979e-01
4.532150328159332275e-01
4.730676114559173584e-01
3.884108066558837891e-01
5.757970809936523438e-01
5.586637854576110840e-01
3.249026834964752197e-01
3.983858525753021240e-01
4.952852427959442139e-01
3.147851228713989258e-01
2.368487268686294556e-01
3.497123718261718750e-01
4.244586527347564697e-01
4.668844640254974365e-01
4.185098707675933838e-01
3.975167274475097656e-01
3.709405958652496338e-01
4.789010286331176758e-01
1.166725873947143555e+00
4.015202522277832031e-01
3.654762506484985352e-01
4.553411900997161865e-01
4.116685390472412109e-01
6.154459118843078613e-01
4.760015308856964111e-01
4.676078259944915771e-01
3.176851868629455566e-01
4.615822732448577881e-01
3.169189393520355225e-01
3.929480314254760742e-01
3.192746937274932861e-01
5.044220089912414551e-01
3.770553767681121826e-01
3.695739805698394775e-01
4.312258958816528320e-01
4.129251539707183838e-01
3.272772133350372314e-01
5.294492244720458984e-01
4.579724967479705811e-01
5.793848633766174316e-01
3.154159486293792725e-01
4.413330554962158203e-01
4.404485225677490234e-01
5.099307298660278320e-01
4.484056532382965088e-01
3.698751032352447510e-01
3.724743127822875977e-01
3.780270814895629883e-01
2.976364791393280029e-01
4.439323842525482178e-01
4.534699916839599609e-01
4.271052181720733643e-01
2.997048497200012207e-01
3.315166532993316650e-01
4.336148798465728760e-01
4.760287106037139893e-01
4.289726018905639648e-01
4.739447534084320068e-01
3.688540458679199219e-01
3.807437717914581299e-01
4.010901749134063721e-01
4.021481275558471680e-01
3.418360948562622070e-01
3.263110816478729248e-01
3.532373607158660889e-01
3.715564310550689697e-01
2.995195686817169189e-01
7.385509014129638672e-01
3.888901770114898682e-01
5.066439509391784668e-01
4.293133020401000977e-01
5.203704833984375000e-01
5.128413438796997070e-01
5.296026468276977539e-01
3.486003577709197998e-01
4.778241217136383057e-01
3.214976787567138672e-01
4.725559055805206299e-01
3.685509264469146729e-01
3.989268243312835693e-01
4.066858291625976562e-01
5.046851038932800293e-01
3.943880796432495117e-01
3.123409748077392578e-01
4.362452328205108643e-01
6.021866798400878906e-01
3.785473406314849854e-01
4.319861829280853271e-01
3.080234527587890625e-01
4.751755893230438232e-01
3.564691841602325439e-01
5.331970453262329102e-01
3.945000469684600830e-01
4.305405616760253906e-01
4.306416213512420654e-01
4.232636690139770508e-01
4.108077287673950195e-01
3.148599863052368164e-01
4.484386742115020752e-01
4.468704462051391602e-01
3.906629383563995361e-01
4.763677120208740234e-01
4.721186459064483643e-01
4.889377355575561523e-01
4.912570416927337646e-01
5.044875741004943848e-01
3.329010009765625000e-01
4.361323416233062744e-01
3.672088384628295898e-01
2.935700416564941406e-01
2.979972362518310547e-01
4.665004312992095947e-01
3.224318325519561768e-01
3.482471704483032227e-01
3.331586122512817383e-01
3.417775332927703857e-01
3.683927059173583984e-01
3.577739298343658447e-01
5.027031302452087402e-01
5.342559218406677246e-01
4.682157337665557861e-01
3.804807364940643311e-01
4.541679918766021729e-01
4.515991508960723877e-01
3.091323077678680420e-01
3.836292326450347900e-01
4.604798853397369385e-01
4.014919698238372803e-01
3.598672449588775635e-01
3.733753263950347900e-01
3.490792512893676758e-01
4.119825661182403564e-01
3.827336728572845459e-01
4.001920223236083984e-01
4.128700494766235352e-01
3.700384795665740967e-01
3.425091505050659180e-01
3.314987719058990479e-01
3.762622773647308350e-01
4.952352046966552734e-01
4.628075659275054932e-01
3.201956450939178467e-01
4.741311967372894287e-01
4.734098911285400391e-01
4.178494215011596680e-01
3.837640285491943359e-01
3.988431394100189209e-01
3.706786632537841797e-01
2.889938056468963623e-01
3.636128604412078857e-01
4.877301454544067383e-01
4.459518492221832275e-01
3.400132358074188232e-01
4.501861035823822021e-01
4.195610284805297852e-01
3.742028772830963135e-01
4.127069413661956787e-01
5.389704704284667969e-01
4.041465222835540771e-01
3.971809148788452148e-01
4.260691702365875244e-01
3.360024988651275635e-01
5.384414792060852051e-01
3.468244075775146484e-01
5.965949892997741699e-01
4.510436058044433594e-01
3.917475938796997070e-01
3.928259611129760742e-01
3.696234524250030518e-01
5.023419857025146484e-01
4.742516577243804932e-01
4.064397811889648438e-01
3.850579261779785156e-01
3.847055435180664062e-01
3.909877240657806396e-01
3.474378883838653564e-01
1.289251208305358887e+00
4.718949496746063232e-01
5.052281022071838379e-01
3.851055800914764404e-01
3.779191970825195312e-01
3.323666453361511230e-01
4.406411647796630859e-01
4.687693417072296143e-01
4.697504937648773193e-01
3.645102977752685547e-01
3.819238841533660889e-01
3.710716664791107178e-01
4.005154073238372803e-01
4.087446033954620361e-01
3.667528927326202393e-01
4.269675314426422119e-01
4.560749828815460205e-01
3.637893199920654297e-01
3.925773799419403076e-01
4.190212190151214600e-01
3.111940026283264160e-01
4.167006015777587891e-01
3.860466778278350830e-01
5.105439424514770508e-01
4.838123321533203125e-01
3.555640876293182373e-01
4.927447140216827393e-01
5.114541053771972656e-01
3.008033335208892822e-01
4.929958879947662354e-01
3.841010630130767822e-01
3.348821103572845459e-01
4.978102743625640869e-01
3.827243149280548096e-01
3.340301215648651123e-01
5.099409222602844238e-01
4.129442274570465088e-01
4.542564451694488525e-01
3.634186685085296631e-01
4.243052005767822266e-01
3.715157508850097656e-01
2.705649435520172119e-01
4.931023418903350830e-01
4.031599462032318115e-01
4.905721247196197510e-01
4.706853330135345459e-01
4.768898487091064453e-01
3.064086735248565674e-01
4.729903936386108398e-01
4.192831814289093018e-01
3.966188132762908936e-01
7.497364878654479980e-01
5.150915980339050293e-01
7.260764241218566895e-01
3.638789653778076172e-01
3.019558489322662354e-01
3.895363509654998779e-01
5.052080154418945312e-01
4.722375869750976562e-01
4.168839156627655029e-01
3.611695766448974609e-01
5.557155609130859375e-01
3.181479275226593018e-01
3.326852619647979736e-01
3.584552705287933350e-01
3.741282522678375244e-01
2.543060779571533203e-01
4.665700495243072510e-01
3.361302614212036133e-01
5.730602145195007324e-01
4.289996623992919922e-01
9.096924662590026855e-01
3.882982432842254639e-01
5.120593309402465820e-01
3.878425359725952148e-01
3.764092624187469482e-01
3.388892114162445068e-01
2.816889286041259766e-01
4.085588157176971436e-01
7.865864634513854980e-01
3.546216785907745361e-01
3.110194504261016846e-01
5.224328637123107910e-01
3.424515426158905029e-01
3.100552558898925781e-01
3.976562321186065674e-01
2.690458893775939941e-01
4.898575544357299805e-01
3.688900768756866455e-01
4.264374971389770508e-01
4.128521978855133057e-01
3.543620407581329346e-01
3.479156494140625000e-01
4.536489546298980713e-01
3.954021632671356201e-01
4.566971957683563232e-01
4.401454925537109375e-01
4.566892683506011963e-01
3.058169782161712646e-01
3.688768446445465088e-01
4.563969671726226807e-01
4.467427432537078857e-01
5.601506233215332031e-01
4.788923263549804688e-01
4.668231010437011719e-01
3.474428951740264893e-01
3.562147319316864014e-01
3.747079670429229736e-01
3.501398563385009766e-01
4.244990348815917969e-01
3.185552060604095459e-01
2.865104079246520996e-01
3.795939683914184570e-01
4.002007544040679932e-01
3.327946364879608154e-01
9.259865880012512207e-01
3.074764013290405273e-01
4.858362674713134766e-01
4.258058369159698486e-01
4.072674214839935303e-01
4.744020998477935791e-01
3.702499866485595703e-01
4.667174816131591797e-01
4.844898879528045654e-01
5.515863299369812012e-01
4.270050525665283203e-01
3.420820236206054688e-01
4.361116588115692139e-01
3.853236138820648193e-01
3.611387014389038086e-01
4.316464662551879883e-01
4.154229164123535156e-01
3.826846778392791748e-01
4.283410012722015381e-01
3.974072635173797607e-01
5.311770439147949219e-01
4.846807420253753662e-01
4.101758897304534912e-01
3.497227430343627930e-01
4.758733510971069336e-01
2.764642834663391113e-01
3.598838746547698975e-01
3.342523872852325439e-01
4.054797589778900146e-01
4.095366895198822021e-01
5.500852465629577637e-01
3.489704132080078125e-01
4.356159865856170654e-01
4.866824150085449219e-01
3.782139122486114502e-01
4.296319186687469482e-01
4.067557156085968018e-01
4.236303269863128662e-01
4.278975427150726318e-01
5.057722926139831543e-01
3.830963075160980225e-01
3.342544138431549072e-01
3.784389197826385498e-01
3.066357076168060303e-01
3.707778453826904297e-01
3.215407133102416992e-01
4.898715019226074219e-01
5.753244161605834961e-01
3.480242788791656494e-01
3.880310356616973877e-01
3.457438945770263672e-01
4.310222566127777100e-01
3.648039996623992920e-01
4.148172438144683838e-01
3.574933707714080811e-01
3.797962665557861328e-01
2.842211127281188965e-01
4.163555800914764404e-01
4.138364493846893311e-01
4.979333579540252686e-01
3.707979917526245117e-01
5.884124636650085449e-01
2.960652410984039307e-01
3.210934400558471680e-01
4.680889844894409180e-01
3.467246592044830322e-01
3.209693133831024170e-01
3.497644960880279541e-01
3.676067292690277100e-01
3.411171734333038330e-01
4.192042648792266846e-01
4.140175879001617432e-01
4.035866558551788330e-01
4.738212525844573975e-01
3.516120016574859619e-01
2.997830212116241455e-01
3.554522693157196045e-01
3.199687898159027100e-01
4.667558372020721436e-01
2.971539795398712158e-01
5.249372124671936035e-01
4.666957855224609375e-01
3.563617467880249023e-01
1.008916497230529785e+00
2.999534010887145996e-01
4.938175678253173828e-01
2.921085059642791748e-01
4.277755916118621826e-01
3.269767463207244873e-01
3.079910278320312500e-01
3.878456056118011475e-01
3.207585811614990234e-01
5.397306680679321289e-01
3.385504186153411865e-01
3.129594624042510986e-01
4.733017385005950928e-01
4.397813081741333008e-01
4.249145090579986572e-01
5.000750422477722168e-01
4.735258817672729492e-01
5.131312608718872070e-01
3.379219472408294678e-01
3.865329921245574951e-01
3.689084053039550781e-01
3.477579653263092041e-01
3.668471276760101318e-01
3.369445502758026123e-01
3.011869788169860840e-01
4.302795827388763428e-01
5.348498225212097168e-01
3.703704774379730225e-01
5.358135104179382324e-01
3.964647352695465088e-01
4.879471063613891602e-01
4.904220104217529297e-01
3.239386975765228271e-01
4.600198268890380859e-01
3.394956886768341064e-01
3.851165771484375000e-01
3.681689798831939697e-01
4.645762443542480469e-01
3.321730792522430420e-01
3.850791454315185547e-01
4.548362493515014648e-01
4.145199954509735107e-01
3.725896179676055908e-01
4.081084728240966797e-01
3.116160333156585693e-01
3.740617930889129639e-01
4.156846106052398682e-01
3.324600458145141602e-01
3.412691056728363037e-01
5.286553502082824707e-01
3.425029218196868896e-01
3.974914848804473877e-01
3.873461186885833740e-01
4.023174941539764404e-01
3.838112652301788330e-01
4.806229174137115479e-01
6.864795088768005371e-01
3.192930519580841064e-01
4.149363338947296143e-01
4.448085129261016846e-01
4.873196780681610107e-01
4.677938222885131836e-01
4.534734785556793213e-01
3.713760673999786377e-01
4.886636734008789062e-01
4.729292690753936768e-01
3.103570640087127686e-01
4.818892478942871094e-01
4.344733953475952148e-01
3.747228682041168213e-01
3.281582295894622803e-01
4.074202477931976318e-01
4.523337781429290771e-01
4.222241938114166260e-01
3.635470867156982422e-01
3.064419329166412354e-01
4.558891057968139648e-01
3.916475772857666016e-01
3.606118261814117432e-01
3.639846146106719971e-01
5.249101519584655762e-01
4.227477014064788818e-01
4.462903738021850586e-01
4.269943237304687500e-01
4.277023375034332275e-01
3.768753111362457275e-01
3.939311504364013672e-01
5.191296935081481934e-01
4.368672370910644531e-01
5.456915497779846191e-01
3.827009201049804688e-01
4.874105155467987061e-01
3.850064575672149658e-01
4.806317389011383057e-01
3.655920922756195068e-01
3.381130993366241455e-01
5.581126809120178223e-01
3.979996740818023682e-01
3.785784244537353516e-01
4.351433217525482178e-01
3.689818084239959717e-01
4.790698289871215820e-01
4.187837541103363037e-01
5.262692570686340332e-01
5.008472204208374023e-01
