2.589712440967559814e-01
2.428187876939773560e-01
2.960497736930847168e-01
2.881282866001129150e-01
2.102706879377365112e-01
3.566601276397705078e-01
2.026080042123794556e-01
2.450187057256698608e-01
2.198351174592971802e-01
1.916672438383102417e-01
5.344412326812744141e-01
2.660639584064483643e-01
3.655674457550048828e-01
2.050079852342605591e-01
2.127228975296020508e-01
2.424196749925613403e-01
2.266014963388442993e-01
2.512850463390350342e-01
2.220379114151000977e-01
2.055142521858215332e-01
2.335881441831588745e-01
2.230652719736099243e-01
1.968077272176742554e-01
2.226579785346984863e-01
2.412967085838317871e-01
2.631873786449432373e-01
2.098706811666488647e-01
2.124575823545455933e-01
1.878531128168106079e-01
3.048336803913116455e-01
2.696878612041473389e-01
3.071371614933013916e-01
2.347349077463150024e-01
2.288542538881301880e-01
2.239181995391845703e-01
2.728675901889801025e-01
2.220062762498855591e-01
2.663254439830780029e-01
3.195570409297943115e-01
2.067963033914566040e-01
2.417180687189102173e-01
2.758547961711883545e-01
2.725153267383575439e-01
2.272432893514633179e-01
2.401812523603439331e-01
2.706711590290069580e-01
2.640835046768188477e-01
1.908030509948730469e-01
2.685264647006988525e-01
1.836171597242355347e-01
2.419642806053161621e-01
1.989602446556091309e-01
1.794390231370925903e-01
2.566449344158172607e-01
2.323731184005737305e-01
2.307875305414199829e-01
2.313672304153442383e-01
2.073411345481872559e-01
1.884406358003616333e-01
2.150841206312179565e-01
2.597749531269073486e-01
2.176951915025711060e-01
2.959708869457244873e-01
2.710022628307342529e-01
2.085210531949996948e-01
1.988495141267776489e-01
2.547416985034942627e-01
2.674265205860137939e-01
2.036464214324951172e-01
2.076492458581924438e-01
1.889360547065734863e-01
2.173433303833007812e-01
2.279665470123291016e-01
1.372246593236923218e-01
2.167614549398422241e-01
2.709627747535705566e-01
2.031951546669006348e-01
1.837940067052841187e-01
2.158253639936447144e-01
6.785547733306884766e-01
1.608028858900070190e-01
1.969918012619018555e-01
5.944446921348571777e-01
2.111895084381103516e-01
2.004226446151733398e-01
7.911815643310546875e-01
2.445734888315200806e-01
2.582521736621856689e-01
2.102226167917251587e-01
3.165593743324279785e-01
1.990119367837905884e-01
2.279399037361145020e-01
1.728240847587585449e-01
2.680547833442687988e-01
2.595205605030059814e-01
2.051638811826705933e-01
1.513836085796356201e-01
2.371332198381423950e-01
2.056903690099716187e-01
3.783859014511108398e-01
2.693952322006225586e-01
2.356914281845092773e-01
2.225199192762374878e-01
2.350157350301742554e-01
2.150842547416687012e-01
2.670888602733612061e-01
1.544997841119766235e-01
1.623533517122268677e-01
1.868407875299453735e-01
2.119684964418411255e-01
2.365322560071945190e-01
1.448088288307189941e-01
2.526390850543975830e-01
2.269297391176223755e-01
1.740463972091674805e-01
1.696373969316482544e-01
2.253815084695816040e-01
2.364806681871414185e-01
1.738120913505554199e-01
2.088593095541000366e-01
2.320742756128311157e-01
2.079021334648132324e-01
2.255718111991882324e-01
1.935435533523559570e-01
2.498216480016708374e-01
1.631790548563003540e-01
1.593218594789505005e-01
2.322029620409011841e-01
2.640984356403350830e-01
2.051609158515930176e-01
2.216800451278686523e-01
2.798648178577423096e-01
2.759783565998077393e-01
2.482595890760421753e-01
2.320131808519363403e-01
2.286131978034973145e-01
2.948327958583831787e-01
2.026848196983337402e-01
1.894346922636032104e-01
2.364879101514816284e-01
2.332280129194259644e-01
2.730601131916046143e-01
2.609727978706359863e-01
1.832477450370788574e-01
2.176617532968521118e-01
2.235037833452224731e-01
2.864378690719604492e-01
2.429956793785095215e-01
4.114669263362884521e-01
1.645811349153518677e-01
1.994780749082565308e-01
2.028089165687561035e-01
2.468008399009704590e-01
1.902625709772109985e-01
2.638521492481231689e-01
3.897122144699096680e-01
1.760984808206558228e-01
1.979151219129562378e-01
1.850543022155761719e-01
2.511983811855316162e-01
2.257979363203048706e-01
2.038732022047042847e-01
1.923853605985641479e-01
2.193260937929153442e-01
2.019695490598678589e-01
2.261093109846115112e-01
1.962746977806091309e-01
2.717422544956207275e-01
2.396274805068969727e-01
1.674430817365646362e-01
2.133935689926147461e-01
2.285767048597335815e-01
2.743701338768005371e-01
2.816158235073089600e-01
1.451589912176132202e-01
2.085468322038650513e-01
1.824636012315750122e-01
2.137656211853027344e-01
1.900846958160400391e-01
2.889905869960784912e-01
2.338190674781799316e-01
2.626077830791473389e-01
2.268067747354507446e-01
2.134077697992324829e-01
2.335350066423416138e-01
1.870613247156143188e-01
2.530276775360107422e-01
2.393046170473098755e-01
2.246846109628677368e-01
2.642399966716766357e-01
4.571642577648162842e-01
2.817828953266143799e-01
1.829969435930252075e-01
2.276054769754409790e-01
2.597647011280059814e-01
2.571865320205688477e-01
2.321508973836898804e-01
2.145480364561080933e-01
2.280706316232681274e-01
1.554104685783386230e-01
1.851900964975357056e-01
2.243796437978744507e-01
2.381172925233840942e-01
1.931187957525253296e-01
2.277545928955078125e-01
1.811699867248535156e-01
2.238504886627197266e-01
2.739280760288238525e-01
2.440966367721557617e-01
2.417298406362533569e-01
3.232845067977905273e-01
2.484962344169616699e-01
2.362200021743774414e-01
1.772150397300720215e-01
1.621291637420654297e-01
2.045284062623977661e-01
7.378969192504882812e-01
3.361773490905761719e-01
1.532631963491439819e-01
2.181304246187210083e-01
1.924147009849548340e-01
2.215394526720046997e-01
2.252022176980972290e-01
2.351073175668716431e-01
2.145306020975112915e-01
1.697146296501159668e-01
2.722906172275543213e-01
2.347045540809631348e-01
2.054824978113174438e-01
1.915632337331771851e-01
1.932301968336105347e-01
2.455512434244155884e-01
1.791827231645584106e-01
2.197684496641159058e-01
2.024036049842834473e-01
2.348422408103942871e-01
2.036011070013046265e-01
2.268905788660049438e-01
2.479805499315261841e-01
2.295619249343872070e-01
1.966671198606491089e-01
2.566933929920196533e-01
2.176855206489562988e-01
2.206601351499557495e-01
2.031054496765136719e-01
2.159982770681381226e-01
2.174053937196731567e-01
3.573078215122222900e-01
1.398108899593353271e-01
2.226342111825942993e-01
1.823041290044784546e-01
1.838204264640808105e-01
1.767607927322387695e-01
1.757902055978775024e-01
2.177579998970031738e-01
2.107046395540237427e-01
2.120425105094909668e-01
1.698442697525024414e-01
2.019565105438232422e-01
2.466114014387130737e-01
1.955911368131637573e-01
1.798321008682250977e-01
2.229802459478378296e-01
1.801408529281616211e-01
1.936438828706741333e-01
1.990530490875244141e-01
2.172538787126541138e-01
2.129148989915847778e-01
2.118851989507675171e-01
2.462013512849807739e-01
1.969656348228454590e-01
2.211621552705764771e-01
2.034988552331924438e-01
1.909296661615371704e-01
2.645932435989379883e-01
2.235261201858520508e-01
2.234240323305130005e-01
2.153520584106445312e-01
1.798695325851440430e-01
2.280137687921524048e-01
2.698011994361877441e-01
1.650031059980392456e-01
2.830149829387664795e-01
2.316689342260360718e-01
1.803111284971237183e-01
2.523947358131408691e-01
1.910919100046157837e-01
2.410254031419754028e-01
2.000909298658370972e-01
2.212675958871841431e-01
1.993501186370849609e-01
1.810142844915390015e-01
2.240479439496994019e-01
1.810558438301086426e-01
2.480539828538894653e-01
2.438315898180007935e-01
1.789994686841964722e-01
2.526703178882598877e-01
2.261000871658325195e-01
1.793683022260665894e-01
2.144135236740112305e-01
4.278729856014251709e-01
1.843145936727523804e-01
2.517535090446472168e-01
2.147539258003234863e-01
2.421373128890991211e-01
2.389377355575561523e-01
2.045695334672927856e-01
2.043902724981307983e-01
2.590978443622589111e-01
1.975613236427307129e-01
2.432177811861038208e-01
2.211132049560546875e-01
2.241554707288742065e-01
2.084882706403732300e-01
1.673960685729980469e-01
2.299500852823257446e-01
2.561689615249633789e-01
1.841618567705154419e-01
1.621493250131607056e-01
2.430903464555740356e-01
2.047798484563827515e-01
2.689031660556793213e-01
1.732937842607498169e-01
1.911967992782592773e-01
1.913439482450485229e-01
1.585568040609359741e-01
2.341179400682449341e-01
2.299589663743972778e-01
2.769358456134796143e-01
2.225025445222854614e-01
2.418338507413864136e-01
1.990495175123214722e-01
2.068748474121093750e-01
1.749292761087417603e-01
2.506642639636993408e-01
2.035447806119918823e-01
1.960300952196121216e-01
2.256567925214767456e-01
1.708515137434005737e-01
2.451662570238113403e-01
2.054175883531570435e-01
1.449314206838607788e-01
2.626878321170806885e-01
1.906252354383468628e-01
1.768774837255477905e-01
2.804000079631805420e-01
2.401735037565231323e-01
2.054920643568038940e-01
2.573368847370147705e-01
1.579001247882843018e-01
2.019763141870498657e-01
2.404951304197311401e-01
1.835160851478576660e-01
5.405848622322082520e-01
2.502375543117523193e-01
2.234040498733520508e-01
1.668824553489685059e-01
1.982608437538146973e-01
2.567118704319000244e-01
2.911605536937713623e-01
2.921914756298065186e-01
2.265439033508300781e-01
2.328473478555679321e-01
1.890035122632980347e-01
1.588047593832015991e-01
2.336748689413070679e-01
3.393621742725372314e-01
2.523773014545440674e-01
2.220835834741592407e-01
2.148200124502182007e-01
2.399316281080245972e-01
2.102489471435546875e-01
2.755579650402069092e-01
2.229582518339157104e-01
2.225070148706436157e-01
2.019914835691452026e-01
1.953197121620178223e-01
1.628892272710800171e-01
2.603515684604644775e-01
1.852648407220840454e-01
2.110278159379959106e-01
2.036917358636856079e-01
2.466085702180862427e-01
2.417998164892196655e-01
3.072353899478912354e-01
2.690063118934631348e-01
2.480227202177047729e-01
2.602396309375762939e-01
2.388972491025924683e-01
2.024530172348022461e-01
2.872372865676879883e-01
2.322805523872375488e-01
6.571615338325500488e-01
1.843292713165283203e-01
3.097763955593109131e-01
2.627031505107879639e-01
2.032806426286697388e-01
2.166224271059036255e-01
1.616254448890686035e-01
2.201202511787414551e-01
2.287356853485107422e-01
2.447044402360916138e-01
2.525302767753601074e-01
2.501704990863800049e-01
1.777117401361465454e-01
1.964369416236877441e-01
2.319341450929641724e-01
2.430822998285293579e-01
1.903416663408279419e-01
2.036353945732116699e-01
2.188243120908737183e-01
1.664843857288360596e-01
2.048925161361694336e-01
1.861927062273025513e-01
1.635607630014419556e-01
1.902315616607666016e-01
1.864389926195144653e-01
1.881835013628005981e-01
2.185616493225097656e-01
2.716184556484222412e-01
2.030396014451980591e-01
2.320740222930908203e-01
2.638023197650909424e-01
2.173810601234436035e-01
1.676574200391769409e-01
1.443942636251449585e-01
2.510724961757659912e-01
2.507711946964263916e-01
1.916785687208175659e-01
2.640095651149749756e-01
2.351001054048538208e-01
2.375381737947463989e-01
1.959556937217712402e-01
1.568301916122436523e-01
3.032903969287872314e-01
2.221568673849105835e-01
2.472993880510330200e-01
1.207930818200111389e-01
2.146000266075134277e-01
2.165424078702926636e-01
1.657744348049163818e-01
2.052839249372482300e-01
2.779300808906555176e-01
2.672945857048034668e-01
2.375507354736328125e-01
4.856363534927368164e-01
2.096969634294509888e-01
2.135805040597915649e-01
7.999886870384216309e-01
1.914062500000000000e-01
2.342349737882614136e-01
1.900764554738998413e-01
2.468598037958145142e-01
2.935864031314849854e-01
1.934927552938461304e-01
1.963376849889755249e-01
2.625819146633148193e-01
1.515924632549285889e-01
2.100030183792114258e-01
1.937578469514846802e-01
2.134085744619369507e-01
1.959244012832641602e-01
3.032300174236297607e-01
1.910204142332077026e-01
1.799127608537673950e-01
2.206207960844039917e-01
1.880182027816772461e-01
2.344493716955184937e-01
1.648374348878860474e-01
2.007230520248413086e-01
2.687563598155975342e-01
3.578672409057617188e-01
2.344061881303787231e-01
2.202285379171371460e-01
2.093110829591751099e-01
2.899128496646881104e-01
1.962747126817703247e-01
2.209713011980056763e-01
1.821296215057373047e-01
1.909829229116439819e-01
2.209797948598861694e-01
2.339441031217575073e-01
2.551438510417938232e-01
2.175774723291397095e-01
1.554401218891143799e-01
2.197384089231491089e-01
2.403006106615066528e-01
2.164376825094223022e-01
1.849584132432937622e-01
2.086453288793563843e-01
2.419393807649612427e-01
1.832775324583053589e-01
3.441062271595001221e-01
2.124377638101577759e-01
1.915641278028488159e-01
1.840551942586898804e-01
3.193670511245727539e-01
2.784125208854675293e-01
2.679801285266876221e-01
1.831088811159133911e-01
1.795427799224853516e-01
1.870355010032653809e-01
2.093139737844467163e-01
1.697860807180404663e-01
2.320391386747360229e-01
1.814191341400146484e-01
2.240694314241409302e-01
2.935626506805419922e-01
4.205996990203857422e-01
2.243153452873229980e-01
2.288013100624084473e-01
2.323549538850784302e-01
2.115236073732376099e-01
2.331910282373428345e-01
2.633354663848876953e-01
1.877285391092300415e-01
1.678555458784103394e-01
2.154771536588668823e-01
1.773716062307357788e-01
1.849765181541442871e-01
2.172194272279739380e-01
3.474319279193878174e-01
1.567922532558441162e-01
2.134159356355667114e-01
1.794225573539733887e-01
2.059713006019592285e-01
2.338367253541946411e-01
2.116222530603408813e-01
2.779347598552703857e-01
1.794258356094360352e-01
2.137218713760375977e-01
2.149110436439514160e-01
1.991854310035705566e-01
1.938645839691162109e-01
2.033672332763671875e-01
2.675808072090148926e-01
1.973434686660766602e-01
1.764075160026550293e-01
2.369265109300613403e-01
2.222736328840255737e-01
2.581796348094940186e-01
2.432856708765029907e-01
2.752678692340850830e-01
2.035830467939376831e-01
2.019070386886596680e-01
2.005996257066726685e-01
1.952798962593078613e-01
1.866376996040344238e-01
1.865383237600326538e-01
1.717894673347473145e-01
7.332620620727539062e-01
2.450304627418518066e-01
2.248502969741821289e-01
2.053831815719604492e-01
1.918715834617614746e-01
3.221624791622161865e-01
2.744775712490081787e-01
2.007352113723754883e-01
1.636713296175003052e-01
3.012609779834747314e-01
1.738553792238235474e-01
1.905490756034851074e-01
2.339720726013183594e-01
2.133660912513732910e-01
1.760241836309432983e-01
1.535525470972061157e-01
2.759779393672943115e-01
2.238683253526687622e-01
2.549642622470855713e-01
2.701949477195739746e-01
2.077006846666336060e-01
4.754992425441741943e-01
3.471013605594635010e-01
1.797061562538146973e-01
1.980320662260055542e-01
2.151956558227539062e-01
1.633945107460021973e-01
1.710605025291442871e-01
2.128151506185531616e-01
3.253414332866668701e-01
1.768964380025863647e-01
1.787183731794357300e-01
2.049051076173782349e-01
3.843958079814910889e-01
2.473733425140380859e-01
1.848002672195434570e-01
2.149087935686111450e-01
2.529153525829315186e-01
5.012266039848327637e-01
1.676253229379653931e-01
1.933877021074295044e-01
3.334245383739471436e-01
2.500062286853790283e-01
3.522715866565704346e-01
1.982886642217636108e-01
2.467494606971740723e-01
1.773443669080734253e-01
1.944914460182189941e-01
1.983051300048828125e-01
2.208244949579238892e-01
1.946367174386978149e-01
2.560882270336151123e-01
1.986521631479263306e-01
2.175489068031311035e-01
2.191050797700881958e-01
2.569731473922729492e-01
1.846294403076171875e-01
2.949253916740417480e-01
1.964027732610702515e-01
2.265879511833190918e-01
1.843794435262680054e-01
2.141207307577133179e-01
2.624448239803314209e-01
4.749372005462646484e-01
2.633641958236694336e-01
2.271185070276260376e-01
2.331194877624511719e-01
2.249232083559036255e-01
2.772082984447479248e-01
2.328308224678039551e-01
2.477045208215713501e-01
2.030632048845291138e-01
3.641676604747772217e-01
1.873490810394287109e-01
2.719541788101196289e-01
2.399482280015945435e-01
2.780802249908447266e-01
2.069515436887741089e-01
2.875888645648956299e-01
1.877400279045104980e-01
2.517766952514648438e-01
2.909049987792968750e-01
2.111135125160217285e-01
2.117018848657608032e-01
2.609069049358367920e-01
2.093081921339035034e-01
2.130324840545654297e-01
1.917737275362014771e-01
2.342475801706314087e-01
2.232471108436584473e-01
2.032891958951950073e-01
2.480878978967666626e-01
2.961286604404449463e-01
2.666796743869781494e-01
1.997909098863601685e-01
2.196154743432998657e-01
1.709808856248855591e-01
1.334050744771957397e-01
1.979925632476806641e-01
1.625321656465530396e-01
2.039099484682083130e-01
2.050089836120605469e-01
1.769877225160598755e-01
1.780910342931747437e-01
1.800142675638198853e-01
1.862863153219223022e-01
1.801777333021163940e-01
1.969740539789199829e-01
2.400688976049423218e-01
2.824191749095916748e-01
2.226385474205017090e-01
2.763765156269073486e-01
2.036920189857482910e-01
2.753348648548126221e-01
1.829455494880676270e-01
2.213566750288009644e-01
2.150096297264099121e-01
2.012556940317153931e-01
2.669860422611236572e-01
1.663904339075088501e-01
2.482809275388717651e-01
2.016439437866210938e-01
2.195243388414382935e-01
2.137510180473327637e-01
1.522946506738662720e-01
2.066526561975479126e-01
1.614410132169723511e-01
1.926415562629699707e-01
1.650271117687225342e-01
2.162709087133407593e-01
6.917487978935241699e-01
1.654107719659805298e-01
1.801974028348922729e-01
1.889537721872329712e-01
1.972814053297042847e-01
2.604774236679077148e-01
1.957074403762817383e-01
2.114076167345046997e-01
2.296160906553268433e-01
2.457422167062759399e-01
1.918267011642456055e-01
2.599305808544158936e-01
1.739738732576370239e-01
1.666701287031173706e-01
1.894349604845046997e-01
2.122970968484878540e-01
1.730401664972305298e-01
2.155811637639999390e-01
1.929623484611511230e-01
2.337579727172851562e-01
2.438243776559829712e-01
2.154089063405990601e-01
2.027537077665328979e-01
2.876929938793182373e-01
1.993581801652908325e-01
2.487677335739135742e-01
1.973156481981277466e-01
2.166182547807693481e-01
1.967124938964843750e-01
2.731661796569824219e-01
2.483835965394973755e-01
1.791924387216567993e-01
3.072533309459686279e-01
2.364953756332397461e-01
1.721547842025756836e-01
2.137968540191650391e-01
2.252988070249557495e-01
2.106189280748367310e-01
2.027680426836013794e-01
2.285365015268325806e-01
2.129996269941329956e-01
2.377725839614868164e-01
2.258541136980056763e-01
1.887665390968322754e-01
2.298641055822372437e-01
1.652701944112777710e-01
1.506456285715103149e-01
2.096297293901443481e-01
2.498184889554977417e-01
2.481670528650283813e-01
1.806242614984512329e-01
3.013641238212585449e-01
1.975259035825729370e-01
2.232542186975479126e-01
2.216086238622665405e-01
2.103332430124282837e-01
2.471559047698974609e-01
1.931469440460205078e-01
1.558395177125930786e-01
2.442136853933334351e-01
2.320764511823654175e-01
2.838036715984344482e-01
1.890183538198471069e-01
3.388737440109252930e-01
1.744099110364913940e-01
1.993841975927352905e-01
2.128023356199264526e-01
2.226967364549636841e-01
2.640139758586883545e-01
2.100181579589843750e-01
2.574851810932159424e-01
2.189674377441406250e-01
1.590292453765869141e-01
1.979984194040298462e-01
1.671837568283081055e-01
2.570459842681884766e-01
2.004105299711227417e-01
2.465045899152755737e-01
2.666378319263458252e-01
1.827050000429153442e-01
2.427176833152770996e-01
2.333626598119735718e-01
1.733411997556686401e-01
2.327208518981933594e-01
2.320405989885330200e-01
1.887406557798385620e-01
2.116695046424865723e-01
2.373503595590591431e-01
2.535888552665710449e-01
2.421732693910598755e-01
1.419790834188461304e-01
2.340875416994094849e-01
2.559764385223388672e-01
4.847195148468017578e-01
2.035965919494628906e-01
2.390628308057785034e-01
2.090412974357604980e-01
2.272311002016067505e-01
2.499766349792480469e-01
1.739078015089035034e-01
2.098601013422012329e-01
2.030800431966781616e-01
2.170953601598739624e-01
1.842096596956253052e-01
2.319860905408859253e-01
2.773979604244232178e-01
1.778322309255599976e-01
2.844350934028625488e-01
1.717530936002731323e-01
2.232803553342819214e-01
2.224308997392654419e-01
2.272047847509384155e-01
2.526058256626129150e-01
1.705133169889450073e-01
2.665391862392425537e-01
2.254294902086257935e-01
2.341832965612411499e-01
2.140284627676010132e-01
2.098304778337478638e-01
2.579794824123382568e-01
1.788458228111267090e-01
2.159414291381835938e-01
2.246517688035964966e-01
1.892408132553100586e-01
2.005252689123153687e-01
2.494469434022903442e-01
1.635701209306716919e-01
2.727747261524200439e-01
1.854318231344223022e-01
2.974988222122192383e-01
3.398363590240478516e-01
2.371029853820800781e-01
2.910065650939941406e-01
1.427566558122634888e-01
1.634590774774551392e-01
2.386724203824996948e-01
2.021867036819458008e-01
2.065578699111938477e-01
2.353751510381698608e-01
1.842135041952133179e-01
1.973254680633544922e-01
1.648600697517395020e-01
2.126014083623886108e-01
2.480700463056564331e-01
1.898784786462783813e-01
2.565667331218719482e-01
2.145989686250686646e-01
1.743361204862594604e-01
2.104743570089340210e-01
2.468944638967514038e-01
2.634141743183135986e-01
2.294781208038330078e-01
2.229412645101547241e-01
2.509180009365081787e-01
1.636756807565689087e-01
2.418561130762100220e-01
1.744829267263412476e-01
2.667227089405059814e-01
2.000174671411514282e-01
2.627641856670379639e-01
1.720131635665893555e-01
2.024160772562026978e-01
2.128834724426269531e-01
2.029493451118469238e-01
3.042745888233184814e-01
2.182947397232055664e-01
1.722800731658935547e-01
2.102923393249511719e-01
2.325874119997024536e-01
1.955220103263854980e-01
2.463622540235519409e-01
1.963491588830947876e-01
3.260026872158050537e-01
3.225265741348266602e-01
2.198942750692367554e-01
1.891817301511764526e-01
2.099893838167190552e-01
3.390113115310668945e-01
2.544031441211700439e-01
2.200895100831985474e-01
1.732624918222427368e-01
2.775466144084930420e-01
1.559959501028060913e-01
2.047873884439468384e-01
2.019519954919815063e-01
2.449474334716796875e-01
2.231445908546447754e-01
2.674466669559478760e-01
3.103061616420745850e-01
2.140266895294189453e-01
1.965465992689132690e-01
8.484924435615539551e-01
1.890118271112442017e-01
2.007963210344314575e-01
1.909235715866088867e-01
5.576973557472229004e-01
2.081969231367111206e-01
2.219480425119400024e-01
2.501636743545532227e-01
2.300134152173995972e-01
2.272842675447463989e-01
2.005691975355148315e-01
2.218637913465499878e-01
1.905353665351867676e-01
2.284899353981018066e-01
2.131912112236022949e-01
2.370002865791320801e-01
1.597107499837875366e-01
1.927671581506729126e-01
2.416736632585525513e-01
1.847150325775146484e-01
1.888986825942993164e-01
2.191842794418334961e-01
2.206621021032333374e-01
2.591034471988677979e-01
2.527771890163421631e-01
2.001415044069290161e-01
2.039356082677841187e-01
2.319718748331069946e-01
2.506076991558074951e-01
2.585221827030181885e-01
2.270570248365402222e-01
2.185677289962768555e-01
2.440983057022094727e-01
2.614281773567199707e-01
1.922200769186019897e-01
3.226313889026641846e-01
2.224708795547485352e-01
2.270147204399108887e-01
2.371620386838912964e-01
2.545938491821289062e-01
2.716943919658660889e-01
2.421971112489700317e-01
1.686867326498031616e-01
1.933607459068298340e-01
1.696378588676452637e-01
2.148938626050949097e-01
2.021127194166183472e-01
2.826279997825622559e-01
2.492988109588623047e-01
2.524513900279998779e-01
1.821295022964477539e-01
2.238432317972183228e-01
2.480835914611816406e-01
3.039015233516693115e-01
3.309220969676971436e-01
2.177616208791732788e-01
1.936915069818496704e-01
2.083965986967086792e-01
1.878603249788284302e-01
1.816396713256835938e-01
1.569134891033172607e-01
2.460554093122482300e-01
3.489086329936981201e-01
2.096580713987350464e-01
2.338974028825759888e-01
2.057988047599792480e-01
1.617641597986221313e-01
2.191856354475021362e-01
2.032709866762161255e-01
2.701398730278015137e-01
4.234676361083984375e-01
2.047923058271408081e-01
2.848723530769348145e-01
2.100023627281188965e-01
2.131644487380981445e-01
2.716411054134368896e-01
1.886671036481857300e-01
1.559585779905319214e-01
2.494004517793655396e-01
2.265146821737289429e-01
1.893249303102493286e-01
2.838531434535980225e-01
2.096461802721023560e-01
2.287756353616714478e-01
2.441092282533645630e-01
2.167840152978897095e-01
2.854107916355133057e-01
2.951164543628692627e-01
4.869900643825531006e-01
2.688564956188201904e-01
1.781485527753829956e-01
1.956601887941360474e-01
1.553905010223388672e-01
2.204127907752990723e-01
2.570461332798004150e-01
1.690764427185058594e-01
2.753165364265441895e-01
2.062688469886779785e-01
2.064657956361770630e-01
2.115021795034408569e-01
1.808280199766159058e-01
5.503149628639221191e-01
1.711227744817733765e-01
2.765041589736938477e-01
2.417082190513610840e-01
2.474188357591629028e-01
1.575452834367752075e-01
2.698787748813629150e-01
2.176606804132461548e-01
2.335076481103897095e-01
2.228396534919738770e-01
2.699646949768066406e-01
1.766581386327743530e-01
2.642579972743988037e-01
4.159502983093261719e-01
2.810394465923309326e-01
2.354566603899002075e-01
2.326204180717468262e-01
2.641895711421966553e-01
2.860530912876129150e-01
2.081297188997268677e-01
2.190849781036376953e-01
1.580899804830551147e-01
1.849776059389114380e-01
2.332552075386047363e-01
2.541074156761169434e-01
2.563349902629852295e-01
2.596573531627655029e-01
2.199110388755798340e-01
2.169987112283706665e-01
2.445632964372634888e-01
2.334731668233871460e-01
2.616946399211883545e-01
7.331665158271789551e-01
2.652671635150909424e-01
2.729567289352416992e-01
2.596026360988616943e-01
2.887219190597534180e-01
2.913054823875427246e-01
3.121487200260162354e-01
2.321666330099105835e-01
2.015398889780044556e-01
1.955382823944091797e-01
2.485585212707519531e-01
2.627767324447631836e-01
2.339055985212326050e-01
2.014375329017639160e-01
1.429305225610733032e-01
2.017986178398132324e-01
2.028824836015701294e-01
2.533582448959350586e-01
1.666677445173263550e-01
1.892646700143814087e-01
1.630261391401290894e-01
2.127902358770370483e-01
2.230241745710372925e-01
1.871604174375534058e-01
2.581114768981933594e-01
2.198516130447387695e-01
2.316518872976303101e-01
1.327553868293762207e+00
2.774647772312164307e-01
2.308025360107421875e-01
2.230259031057357788e-01
2.068673521280288696e-01
2.193996161222457886e-01
1.999562382698059082e-01
1.550876200199127197e-01
1.752532124519348145e-01
1.760437488555908203e-01
1.889476925134658813e-01
2.327890545129776001e-01
1.843672543764114380e-01
2.381552010774612427e-01
2.174622416496276855e-01
2.212135046720504761e-01
2.412075251340866089e-01
2.107083797454833984e-01
1.836950778961181641e-01
2.119419574737548828e-01
1.879094392061233521e-01
1.977925300598144531e-01
2.079703211784362793e-01
2.617291510105133057e-01
1.832797527313232422e-01
2.463358491659164429e-01
2.075866460800170898e-01
2.125708311796188354e-01
2.271542102098464966e-01
2.119764536619186401e-01
2.023091763257980347e-01
2.935953438282012939e-01
1.812873333692550659e-01
1.726460307836532593e-01
1.409174650907516479e-01
2.284073382616043091e-01
2.393150478601455688e-01
2.439973503351211548e-01
2.499732375144958496e-01
2.439956814050674438e-01
2.163765579462051392e-01
1.526351571083068848e-01
2.330292016267776489e-01
2.416559308767318726e-01
2.297186404466629028e-01
1.538690626621246338e-01
2.792025804519653320e-01
2.640018761157989502e-01
2.023184448480606079e-01
2.328407913446426392e-01
9.556886553764343262e-01
1.871286630630493164e-01
2.931675016880035400e-01
2.065079063177108765e-01
2.108216434717178345e-01
2.273744195699691772e-01
2.430176585912704468e-01
2.199860811233520508e-01
2.483064979314804077e-01
1.808639764785766602e-01
2.627133131027221680e-01
1.851453632116317749e-01
2.691250741481781006e-01
2.347721308469772339e-01
2.027739137411117554e-01
2.385104298591613770e-01
1.786683797836303711e-01
1.754208058118820190e-01
2.086444348096847534e-01
1.705385446548461914e-01
1.506053954362869263e-01
1.899673193693161011e-01
2.845313549041748047e-01
2.237827330827713013e-01
2.051181346178054810e-01
2.246245890855789185e-01
2.052841335535049438e-01
1.945181041955947876e-01
1.485524177551269531e-01
1.645733863115310669e-01
2.222346812486648560e-01
2.698264420032501221e-01
2.053911089897155762e-01
2.295524626970291138e-01
2.103473544120788574e-01
1.854295581579208374e-01
1.893568783998489380e-01
2.951537370681762695e-01
2.192685455083847046e-01
2.771719694137573242e-01
1.835997253656387329e-01
2.179938554763793945e-01
1.896422058343887329e-01
2.873055934906005859e-01
3.223904669284820557e-01
3.000204563140869141e-01
2.433009147644042969e-01
1.796655058860778809e-01
2.132393717765808105e-01
3.418428897857666016e-01
2.375357151031494141e-01
2.311823815107345581e-01
2.860675752162933350e-01
2.843835651874542236e-01
1.474791169166564941e-01
2.381545454263687134e-01
1.848466992378234863e-01
2.839985787868499756e-01
2.204477787017822266e-01
2.236446738243103027e-01
2.280421704053878784e-01
2.127324789762496948e-01
2.257419079542160034e-01
1.691151410341262817e-01
1.356712430715560913e-01
2.265767902135848999e-01
2.372139692306518555e-01
1.412370204925537109e-01
1.380214095115661621e-01
2.029748111963272095e-01
2.957640290260314941e-01
1.834480613470077515e-01
1.939998865127563477e-01
2.310828119516372681e-01
2.503820955753326416e-01
2.638872861862182617e-01
2.722698152065277100e-01
2.523694634437561035e-01
4.045160114765167236e-01
1.753482669591903687e-01
1.956818848848342896e-01
1.991345286369323730e-01
2.220727950334548950e-01
1.489355117082595825e-01
2.033602148294448853e-01
2.258711010217666626e-01
1.844916343688964844e-01
1.995832324028015137e-01
1.622021794319152832e-01
2.316801100969314575e-01
2.278380542993545532e-01
2.520864903926849365e-01
3.116100728511810303e-01
2.096656560897827148e-01
2.496223002672195435e-01
1.395963281393051147e-01
2.552081644535064697e-01
2.382065802812576294e-01
1.642609834671020508e-01
1.593900769948959351e-01
3.225642442703247070e-01
2.371937781572341919e-01
2.415934801101684570e-01
1.942130923271179199e-01
1.888248175382614136e-01
1.827347278594970703e-01
1.963400840759277344e-01
1.817976981401443481e-01
2.852117717266082764e-01
2.227315157651901245e-01
2.438312619924545288e-01
1.992278546094894409e-01
2.457740306854248047e-01
2.268931269645690918e-01
4.309315979480743408e-01
2.777622044086456299e-01
3.793631494045257568e-01
2.362798452377319336e-01
2.672289311885833740e-01
2.852060198783874512e-01
2.144958525896072388e-01
2.195065617561340332e-01
2.203705757856369019e-01
2.227576971054077148e-01
1.638723462820053101e-01
3.155219852924346924e-01
1.833405047655105591e-01
2.523000538349151611e-01
2.437146306037902832e-01
2.782800197601318359e-01
1.915809661149978638e-01
2.206578999757766724e-01
2.156101614236831665e-01
2.314774841070175171e-01
1.785557270050048828e-01
1.813036650419235229e-01
2.275362163782119751e-01
2.233775109052658081e-01
2.769969701766967773e-01
1.939428299665451050e-01
2.870472371578216553e-01
2.159159630537033081e-01
2.659279406070709229e-01
2.277614474296569824e-01
1.690715551376342773e-01
1.616915166378021240e-01
2.191135883331298828e-01
3.030212223529815674e-01
1.925274282693862915e-01
2.277820855379104614e-01
2.215010970830917358e-01
2.374664098024368286e-01
3.214130103588104248e-01
1.898869276046752930e-01
1.756846904754638672e-01
1.924059838056564331e-01
1.697339862585067749e-01
2.744813561439514160e-01
1.881550103425979614e-01
2.195619791746139526e-01
1.958908289670944214e-01
1.361615806818008423e-01
2.008342891931533813e-01
2.293503731489181519e-01
1.542027443647384644e-01
2.095512151718139648e-01
1.683980226516723633e-01
2.311752587556838989e-01
1.615457385778427124e-01
2.501576840877532959e-01
1.741687804460525513e-01
1.830895096063613892e-01
2.185802906751632690e-01
1.926481574773788452e-01
2.141754627227783203e-01
2.251234501600265503e-01
1.764480322599411011e-01
1.455009728670120239e-01
2.880101501941680908e-01
2.427532076835632324e-01
1.593032628297805786e-01
1.416681557893753052e-01
2.068546265363693237e-01
1.822899132966995239e-01
1.500537246465682983e-01
3.271971046924591064e-01
1.324502974748611450e-01
2.416078895330429077e-01
2.186855077743530273e-01
1.935631781816482544e-01
1.949458122253417969e-01
1.964035034179687500e-01
2.117663621902465820e-01
1.662111282348632812e-01
2.474372982978820801e-01
1.699927598237991333e-01
1.881281882524490356e-01
2.987851798534393311e-01
2.408397197723388672e-01
2.300893813371658325e-01
2.296003699302673340e-01
1.924281865358352661e-01
1.904330402612686157e-01
2.313733249902725220e-01
2.599563896656036377e-01
2.039774209260940552e-01
1.799281984567642212e-01
1.561224013566970825e-01
2.209215760231018066e-01
6.029388904571533203e-01
2.601386606693267822e-01
2.732084095478057861e-01
2.280581146478652954e-01
1.827227324247360229e-01
2.064846307039260864e-01
1.703508943319320679e-01
2.605457305908203125e-01
2.250057011842727661e-01
2.080882936716079712e-01
2.520036399364471436e-01
1.474668085575103760e-01
1.735882610082626343e-01
2.361952215433120728e-01
2.534402310848236084e-01
2.107620835304260254e-01
2.274509221315383911e-01
2.271891832351684570e-01
2.333719134330749512e-01
2.218520492315292358e-01
2.528832256793975830e-01
1.959238052368164062e-01
2.134360074996948242e-01
2.738291323184967041e-01
2.003208249807357788e-01
2.135224938392639160e-01
2.488468438386917114e-01
1.970483511686325073e-01
1.503856927156448364e-01
1.965864151716232300e-01
2.315191626548767090e-01
2.256518602371215820e-01
1.914654225111007690e-01
2.831414639949798584e-01
2.378011345863342285e-01
2.681287229061126709e-01
1.896039396524429321e-01
1.604438424110412598e-01
2.007391005754470825e-01
2.960910499095916748e-01
1.922430247068405151e-01
2.635192871093750000e-01
2.418988943099975586e-01
2.580383121967315674e-01
1.919704079627990723e-01
1.777112632989883423e-01
2.276111692190170288e-01
3.029799163341522217e-01
2.340591698884963989e-01
4.290068149566650391e-01
1.701907366514205933e-01
2.329475134611129761e-01
2.905993163585662842e-01
1.891169100999832153e-01
2.202661782503128052e-01
2.061588019132614136e-01
2.200944423675537109e-01
2.871036529541015625e-01
2.368302792310714722e-01
2.287912815809249878e-01
2.343655079603195190e-01
3.157058656215667725e-01
2.202988415956497192e-01
1.597748994827270508e-01
2.058937549591064453e-01
2.165715098381042480e-01
1.941039115190505981e-01
1.526488512754440308e-01
2.452787011861801147e-01
1.962562352418899536e-01
2.089872956275939941e-01
2.944854199886322021e-01
2.522798478603363037e-01
1.537134498357772827e-01
1.562382429838180542e-01
2.192930579185485840e-01
2.537594139575958252e-01
1.787151098251342773e-01
2.678048312664031982e-01
2.070692330598831177e-01
2.387295514345169067e-01
2.116524428129196167e-01
2.020945698022842407e-01
1.658251285552978516e-01
1.596449017524719238e-01
2.001634985208511353e-01
2.301307469606399536e-01
2.944512069225311279e-01
2.413077354431152344e-01
2.104648500680923462e-01
2.202860116958618164e-01
2.160887718200683594e-01
2.105726748704910278e-01
1.795614510774612427e-01
2.673637866973876953e-01
1.670304536819458008e-01
2.227734774351119995e-01
2.332126349210739136e-01
2.086319774389266968e-01
2.087751626968383789e-01
2.793042361736297607e-01
2.336180657148361206e-01
1.839571148157119751e-01
1.991338729858398438e-01
1.919979304075241089e-01
2.580487728118896484e-01
1.890413761138916016e-01
2.120404392480850220e-01
1.773425340652465820e-01
2.077538967132568359e-01
4.061039984226226807e-01
2.523017525672912598e-01
1.989821195602416992e-01
1.823203563690185547e-01
1.788023710250854492e-01
2.587816119194030762e-01
2.087513208389282227e-01
2.301269322633743286e-01
2.377924472093582153e-01
3.936344385147094727e-01
1.906506419181823730e-01
1.827093213796615601e-01
3.335473537445068359e-01
2.050780057907104492e-01
1.930042505264282227e-01
2.577587664127349854e-01
2.724549472332000732e-01
2.273748964071273804e-01
2.966978549957275391e-01
2.393663376569747925e-01
2.186942100524902344e-01
1.913650184869766235e-01
1.781965047121047974e-01
2.369500398635864258e-01
2.051463127136230469e-01
2.268403917551040649e-01
1.992673277854919434e-01
2.597481310367584229e-01
2.250467091798782349e-01
1.824515312910079956e-01
1.521290987730026245e-01
2.574614882469177246e-01
2.045821547508239746e-01
2.077472656965255737e-01
2.128604054450988770e-01
2.354464977979660034e-01
2.475038170814514160e-01
2.432209104299545288e-01
1.607367545366287231e-01
2.334658503532409668e-01
2.092201709747314453e-01
2.135972976684570312e-01
2.806557714939117432e-01
1.908509135246276855e-01
2.119678258895874023e-01
3.129123151302337646e-01
2.164159566164016724e-01
1.541318297386169434e-01
2.443413585424423218e-01
1.784617751836776733e-01
2.107809036970138550e-01
1.809545606374740601e-01
1.589624136686325073e-01
2.480908185243606567e-01
2.598591744899749756e-01
1.815673112869262695e-01
2.746123075485229492e-01
2.063491493463516235e-01
1.736178994178771973e-01
2.292401045560836792e-01
1.821687221527099609e-01
2.191526889801025391e-01
1.646564304828643799e-01
1.866875290870666504e-01
2.140076607465744019e-01
2.934515476226806641e-01
2.071652412414550781e-01
2.979393005371093750e-01
1.959353238344192505e-01
2.586090862751007080e-01
2.386048585176467896e-01
2.408169507980346680e-01
2.435463517904281616e-01
1.750206202268600464e-01
2.383674979209899902e-01
1.762983947992324829e-01
1.842628717422485352e-01
1.549969315528869629e-01
1.618646830320358276e-01
1.826450377702713013e-01
2.115843147039413452e-01
2.412206530570983887e-01
2.603151202201843262e-01
2.238199114799499512e-01
2.442017644643783569e-01
1.818609237670898438e-01
2.313244789838790894e-01
2.134882062673568726e-01
1.666777133941650391e-01
2.493559867143630981e-01
1.709712892770767212e-01
2.001426815986633301e-01
1.655354946851730347e-01
2.368394136428833008e-01
2.549036741256713867e-01
2.951103746891021729e-01
1.768887639045715332e-01
2.902137935161590576e-01
2.523344457149505615e-01
2.649700641632080078e-01
2.268016785383224487e-01
1.763570904731750488e-01
2.550626099109649658e-01
1.892786026000976562e-01
1.750389486551284790e-01
4.971009790897369385e-01
2.509951293468475342e-01
2.589240968227386475e-01
2.091688960790634155e-01
1.941490322351455688e-01
2.193580418825149536e-01
1.546304821968078613e-01
2.169764041900634766e-01
2.416448593139648438e-01
1.778202205896377563e-01
3.024035394191741943e-01
2.058994174003601074e-01
3.353854715824127197e-01
1.755333393812179565e-01
1.410836726427078247e-01
2.514189183712005615e-01
2.211324572563171387e-01
2.026133388280868530e-01
2.262320369482040405e-01
2.186270803213119507e-01
2.425011545419692993e-01
2.742138803005218506e-01
2.383395582437515259e-01
3.409014940261840820e-01
1.982708424329757690e-01
2.198298573493957520e-01
2.676800191402435303e-01
2.321116477251052856e-01
1.941860914230346680e-01
2.106919139623641968e-01
2.115139961242675781e-01
1.948029994964599609e-01
1.864321231842041016e-01
2.237071543931961060e-01
1.771820038557052612e-01
1.925322860479354858e-01
1.807789355516433716e-01
2.445156127214431763e-01
2.242736071348190308e-01
2.083280682563781738e-01
2.009446620941162109e-01
1.796138435602188110e-01
1.744204163551330566e-01
1.762030571699142456e-01
2.370487302541732788e-01
2.149512618780136108e-01
1.777420043945312500e-01
1.992402821779251099e-01
2.195736169815063477e-01
2.411630600690841675e-01
1.758581548929214478e-01
2.699990570545196533e-01
2.059224694967269897e-01
2.493062466382980347e-01
2.751672267913818359e-01
1.709196120500564575e-01
1.971422433853149414e-01
2.371381670236587524e-01
2.230050563812255859e-01
2.837718129158020020e-01
2.534026801586151123e-01
1.947452425956726074e-01
2.599099874496459961e-01
2.419422268867492676e-01
1.646461635828018188e-01
1.960734128952026367e-01
2.004967331886291504e-01
1.988371163606643677e-01
2.477134913206100464e-01
2.405898422002792358e-01
2.308057546615600586e-01
1.848700046539306641e-01
2.145662456750869751e-01
1.701657325029373169e-01
2.292632460594177246e-01
2.591388523578643799e-01
1.834150999784469604e-01
2.960020005702972412e-01
2.575188279151916504e-01
2.920178771018981934e-01
2.543117105960845947e-01
1.751235723495483398e-01
2.013617753982543945e-01
2.206375002861022949e-01
2.120305746793746948e-01
2.750017344951629639e-01
2.380996197462081909e-01
1.875013262033462524e-01
2.100584954023361206e-01
1.522785872220993042e-01
2.062087506055831909e-01
2.174956649541854858e-01
1.952923387289047241e-01
2.618251442909240723e-01
1.479869037866592407e-01
1.662061810493469238e-01
1.568563729524612427e-01
2.410315871238708496e-01
1.755592226982116699e-01
7.488241791725158691e-01
2.375557273626327515e-01
1.599905043840408325e-01
2.329833507537841797e-01
2.086889296770095825e-01
2.165513634681701660e-01
2.330658435821533203e-01
2.123748809099197388e-01
2.487559467554092407e-01
2.178132534027099609e-01
1.978191137313842773e-01
2.052258253097534180e-01
1.661968827247619629e-01
2.338054180145263672e-01
2.051951140165328979e-01
2.310684472322463989e-01
2.360372394323348999e-01
2.265217304229736328e-01
2.082510143518447876e-01
2.336936444044113159e-01
2.119335681200027466e-01
2.154446244239807129e-01
2.332088798284530640e-01
2.376924157142639160e-01
1.685320287942886353e-01
2.291333675384521484e-01
3.349288702011108398e-01
1.782699972391128540e-01
2.050955891609191895e-01
1.976611614227294922e-01
2.314112633466720581e-01
2.455334216356277466e-01
1.531106382608413696e-01
2.203726321458816528e-01
2.238736897706985474e-01
2.074992656707763672e-01
1.756899803876876831e-01
1.606738418340682983e-01
2.208446264266967773e-01
2.456984519958496094e-01
2.025106549263000488e-01
2.771110832691192627e-01
2.899058163166046143e-01
4.818218648433685303e-01
1.772003173828125000e-01
1.677196472883224487e-01
1.793247312307357788e-01
2.640152871608734131e-01
2.488006502389907837e-01
1.578852534294128418e-01
1.912945955991744995e-01
2.072736024856567383e-01
2.210804671049118042e-01
4.495487511157989502e-01
2.216434478759765625e-01
2.306341379880905151e-01
4.091413021087646484e-01
2.220938652753829956e-01
1.834301948547363281e-01
2.455232590436935425e-01
1.868106573820114136e-01
2.437631934881210327e-01
2.111095190048217773e-01
2.764372229576110840e-01
1.997930258512496948e-01
1.919343918561935425e-01
2.422664761543273926e-01
1.585465073585510254e-01
1.978953331708908081e-01
1.837181001901626587e-01
1.566571742296218872e-01
1.985607892274856567e-01
1.671804338693618774e-01
1.769822835922241211e-01
2.695198953151702881e-01
1.849963515996932983e-01
2.002374678850173950e-01
1.794785708189010620e-01
1.804610937833786011e-01
2.009541243314743042e-01
2.452174276113510132e-01
2.257584184408187866e-01
2.217216044664382935e-01
1.682977825403213501e-01
2.007412165403366089e-01
3.141832053661346436e-01
1.790492683649063110e-01
2.685821950435638428e-01
1.616043001413345337e-01
3.984328508377075195e-01
2.070875763893127441e-01
2.223118394613265991e-01
1.663645654916763306e-01
2.769722640514373779e-01
1.818342953920364380e-01
1.866636425256729126e-01
2.540922760963439941e-01
1.885964721441268921e-01
2.462781220674514771e-01
2.122906595468521118e-01
2.883561253547668457e-01
2.117208689451217651e-01
2.147894352674484253e-01
1.565340757369995117e-01
2.228692770004272461e-01
2.550605833530426025e-01
2.290034443140029907e-01
2.751162350177764893e-01
2.929712533950805664e-01
1.924985498189926147e-01
1.879864335060119629e-01
1.793726235628128052e-01
2.478526681661605835e-01
1.924356222152709961e-01
2.596497535705566406e-01
1.918317526578903198e-01
2.455259412527084351e-01
2.164854258298873901e-01
1.889456510543823242e-01
1.743097156286239624e-01
2.124185115098953247e-01
2.770541012287139893e-01
2.211034297943115234e-01
2.225267887115478516e-01
2.417482286691665649e-01
2.452855110168457031e-01
1.782210469245910645e-01
1.917430907487869263e-01
1.836728900671005249e-01
2.724809348583221436e-01
2.657359838485717773e-01
2.096671611070632935e-01
2.735923230648040771e-01
1.548168063163757324e-01
2.276919037103652954e-01
2.188631892204284668e-01
1.695168465375900269e-01
1.325001567602157593e-01
3.009931147098541260e-01
3.241046071052551270e-01
1.917077749967575073e-01
2.931019961833953857e-01
2.184341400861740112e-01
2.160290628671646118e-01
2.273700982332229614e-01
2.056073397397994995e-01
2.317612171173095703e-01
2.963218688964843750e-01
2.291080951690673828e-01
1.992452144622802734e-01
2.260141819715499878e-01
2.479234188795089722e-01
2.569942772388458252e-01
2.422463297843933105e-01
2.407199591398239136e-01
1.888457536697387695e-01
2.262340039014816284e-01
2.566325664520263672e-01
1.740373522043228149e-01
2.443012148141860962e-01
2.694684565067291260e-01
1.908648163080215454e-01
2.366056591272354126e-01
1.655139178037643433e-01
4.900622367858886719e-01
1.661391705274581909e-01
2.349841743707656860e-01
1.730866432189941406e-01
2.504509091377258301e-01
1.858158111572265625e-01
1.976841688156127930e-01
2.250941246747970581e-01
5.905786156654357910e-01
2.236751466989517212e-01
1.992251127958297729e-01
2.403725534677505493e-01
1.975873112678527832e-01
1.919954568147659302e-01
2.137457132339477539e-01
3.024105429649353027e-01
2.587526142597198486e-01
2.131441682577133179e-01
2.559078037738800049e-01
2.668022215366363525e-01
2.305476218461990356e-01
1.964479684829711914e-01
1.602296382188796997e-01
3.117282390594482422e-01
1.708480864763259888e-01
2.124771326780319214e-01
2.636773288249969482e-01
2.506505548954010010e-01
2.376263290643692017e-01
2.169625163078308105e-01
2.709105312824249268e-01
2.414684146642684937e-01
2.716919183731079102e-01
1.596801578998565674e-01
2.113903611898422241e-01
2.659687995910644531e-01
1.977300494909286499e-01
1.841617077589035034e-01
1.853659898042678833e-01
1.946582645177841187e-01
1.900270581245422363e-01
2.276972532272338867e-01
2.568011879920959473e-01
3.392591774463653564e-01
2.187073975801467896e-01
1.836308091878890991e-01
2.699942886829376221e-01
1.479568183422088623e-01
2.016901373863220215e-01
2.308732867240905762e-01
1.846808046102523804e-01
2.040349692106246948e-01
3.317610919475555420e-01
1.728430837392807007e-01
2.581977248191833496e-01
2.256339788436889648e-01
2.097685486078262329e-01
1.289667636156082153e-01
2.218859940767288208e-01
2.906140387058258057e-01
1.690805554389953613e-01
2.454452961683273315e-01
2.444786280393600464e-01
2.170296162366867065e-01
2.136141508817672729e-01
2.165780663490295410e-01
2.686753273010253906e-01
1.971253901720046997e-01
2.138269692659378052e-01
1.901034712791442871e-01
2.146148234605789185e-01
2.528937757015228271e-01
2.893571555614471436e-01
2.456908077001571655e-01
2.584978640079498291e-01
1.975684911012649536e-01
1.772602200508117676e-01
2.503038048744201660e-01
2.230889350175857544e-01
2.102366238832473755e-01
2.109883576631546021e-01
1.863189935684204102e-01
2.136960774660110474e-01
1.785162091255187988e-01
2.259267121553421021e-01
1.779992133378982544e-01
2.357867807149887085e-01
1.886279582977294922e-01
1.953594684600830078e-01
1.689824461936950684e-01
2.034301906824111938e-01
2.827954292297363281e-01
1.835609078407287598e-01
2.097934037446975708e-01
2.295047193765640259e-01
1.815803050994873047e-01
2.030972987413406372e-01
1.810365915298461914e-01
2.296717017889022827e-01
2.336013168096542358e-01
2.360010892152786255e-01
1.633191257715225220e-01
2.437611669301986694e-01
2.144553214311599731e-01
1.570903062820434570e-01
1.777624338865280151e-01
2.704941034317016602e-01
1.633645892143249512e-01
2.963377535343170166e-01
3.042180240154266357e-01
1.730310320854187012e-01
1.856462806463241577e-01
1.639489680528640747e-01
1.676083654165267944e-01
2.188236266374588013e-01
2.101324051618576050e-01
1.873090118169784546e-01
3.408065736293792725e-01
2.535595297813415527e-01
2.137963920831680298e-01
1.730222105979919434e-01
2.450613528490066528e-01
2.187661379575729370e-01
1.813722103834152222e-01
1.785729676485061646e-01
1.651307195425033569e-01
1.588776409626007080e-01
2.686734497547149658e-01
2.660565376281738281e-01
5.785560607910156250e-01
2.080494612455368042e-01
2.150152921676635742e-01
2.429742068052291870e-01
2.192943245172500610e-01
1.989219635725021362e-01
2.013521343469619751e-01
2.577430903911590576e-01
2.760128080844879150e-01
1.876181513071060181e-01
2.556821405887603760e-01
1.890311390161514282e-01
1.775699108839035034e-01
2.196854501962661743e-01
2.024015337228775024e-01
1.791359633207321167e-01
1.302857398986816406e-01
2.603049278259277344e-01
2.529031932353973389e-01
1.340093314647674561e-01
2.083824723958969116e-01
1.997637301683425903e-01
2.144521027803421021e-01
2.196679115295410156e-01
5.756685137748718262e-01
2.754848003387451172e-01
1.691357344388961792e-01
2.049405425786972046e-01
1.850262433290481567e-01
2.010822296142578125e-01
2.206379920244216919e-01
1.926354020833969116e-01
2.537741065025329590e-01
2.063733786344528198e-01
2.653482258319854736e-01
2.405126839876174927e-01
1.812285035848617554e-01
2.525924742221832275e-01
2.125566154718399048e-01
1.984889954328536987e-01
1.988172084093093872e-01
2.573808729648590088e-01
2.381808012723922729e-01
1.640232205390930176e-01
2.719144821166992188e-01
2.130483388900756836e-01
2.340387552976608276e-01
3.198701441287994385e-01
2.544464170932769775e-01
2.015955448150634766e-01
2.009136676788330078e-01
1.780589222908020020e-01
2.308471202850341797e-01
2.868413329124450684e-01
3.101735413074493408e-01
2.186619043350219727e-01
1.525141745805740356e-01
1.644056588411331177e-01
3.007649183273315430e-01
1.818489879369735718e-01
2.472048401832580566e-01
1.706760972738265991e-01
1.903550475835800171e-01
2.144116908311843872e-01
2.111726254224777222e-01
1.775678247213363647e-01
1.512437164783477783e-01
1.843673139810562134e-01
2.128185629844665527e-01
2.006080001592636108e-01
2.674351930618286133e-01
1.812392324209213257e-01
1.782412081956863403e-01
1.801551431417465210e-01
2.815033197402954102e-01
1.944969892501831055e-01
1.871012449264526367e-01
2.821421325206756592e-01
2.453046590089797974e-01
5.138900279998779297e-01
1.876267790794372559e-01
2.387060970067977905e-01
2.645136117935180664e-01
1.814614087343215942e-01
2.120203226804733276e-01
1.922830343246459961e-01
2.151191830635070801e-01
1.683278530836105347e-01
2.168961763381958008e-01
2.099135369062423706e-01
2.573180496692657471e-01
1.520347595214843750e-01
2.594851255416870117e-01
6.018106341361999512e-01
2.979615032672882080e-01
1.914372891187667847e-01
1.456600725650787354e-01
1.713053435087203979e-01
2.644815444946289062e-01
2.282775640487670898e-01
2.048999518156051636e-01
2.059601545333862305e-01
2.269817143678665161e-01
3.204652070999145508e-01
2.046910673379898071e-01
2.007927745580673218e-01
1.909901946783065796e-01
2.576462030410766602e-01
1.942484825849533081e-01
2.023737877607345581e-01
2.439103275537490845e-01
2.213688343763351440e-01
1.933956593275070190e-01
2.124997228384017944e-01
1.721748858690261841e-01
2.367375493049621582e-01
2.256815284490585327e-01
2.745048403739929199e-01
2.639234662055969238e-01
1.686598509550094604e-01
2.033514380455017090e-01
2.214509248733520508e-01
1.895666867494583130e-01
1.754519939422607422e-01
2.389868348836898804e-01
2.267234474420547485e-01
2.462664097547531128e-01
2.367551773786544800e-01
2.549774944782257080e-01
2.058606147766113281e-01
2.199646234512329102e-01
2.130446285009384155e-01
2.024398595094680786e-01
1.875369697809219360e-01
2.536944448947906494e-01
2.565697133541107178e-01
2.736852467060089111e-01
2.487812489271163940e-01
2.490848153829574585e-01
1.711227744817733765e-01
1.587612926959991455e-01
3.899694383144378662e-01
2.253879755735397339e-01
1.854186058044433594e-01
2.402888536453247070e-01
2.999873459339141846e-01
4.001179635524749756e-01
1.817654371261596680e-01
1.749601513147354126e-01
2.537676990032196045e-01
2.231590300798416138e-01
2.335986942052841187e-01
2.906955480575561523e-01
1.959961801767349243e-01
1.903888434171676636e-01
1.906470507383346558e-01
2.050543874502182007e-01
1.641940921545028687e-01
2.067857235670089722e-01
2.262650877237319946e-01
2.583974897861480713e-01
2.032871246337890625e-01
2.463195323944091797e-01
1.478232294321060181e-01
1.852016597986221313e-01
2.151146084070205688e-01
1.739180535078048706e-01
2.194062471389770508e-01
1.642370969057083130e-01
4.078315496444702148e-01
1.547566056251525879e-01
2.488953918218612671e-01
1.970340609550476074e-01
2.050286084413528442e-01
2.055502682924270630e-01
2.221788913011550903e-01
1.857869625091552734e-01
2.070401161909103394e-01
1.364823430776596069e-01
1.952570527791976929e-01
2.080108970403671265e-01
2.362122982740402222e-01
1.689725965261459351e-01
1.657815128564834595e-01
2.497509270906448364e-01
2.443692833185195923e-01
2.560582160949707031e-01
1.842562556266784668e-01
2.451085001230239868e-01
2.450270056724548340e-01
2.200237959623336792e-01
1.955211758613586426e-01
2.005810290575027466e-01
2.537647783756256104e-01
2.881946265697479248e-01
1.355829089879989624e-01
1.854684948921203613e-01
1.637967824935913086e-01
4.340373277664184570e-01
1.764537245035171509e-01
1.995808333158493042e-01
2.352259159088134766e-01
1.756866425275802612e-01
1.732684224843978882e-01
2.846582233905792236e-01
1.953804343938827515e-01
1.913457363843917847e-01
2.158264666795730591e-01
1.991970092058181763e-01
2.205310016870498657e-01
2.981967628002166748e-01
1.726216524839401245e-01
1.783891469240188599e-01
2.267979234457015991e-01
2.413635700941085815e-01
2.427818030118942261e-01
2.193908840417861938e-01
2.559798657894134521e-01
1.867704838514328003e-01
5.060586333274841309e-01
1.994051337242126465e-01
1.642215847969055176e-01
2.417314499616622925e-01
2.031598091125488281e-01
1.567470431327819824e-01
1.832547038793563843e-01
1.952478289604187012e-01
1.872014999389648438e-01
1.950067728757858276e-01
1.627963781356811523e-01
4.984488785266876221e-01
2.849017977714538574e-01
1.929053068161010742e-01
2.331074327230453491e-01
2.541992962360382080e-01
2.113807797431945801e-01
2.387355715036392212e-01
2.381232976913452148e-01
2.675855755805969238e-01
2.557081282138824463e-01
1.781688481569290161e-01
2.177107930183410645e-01
1.933693438768386841e-01
2.990458905696868896e-01
2.063496112823486328e-01
1.846728324890136719e-01
2.071598768234252930e-01
1.559351533651351929e-01
1.987772434949874878e-01
2.137751132249832153e-01
3.467195034027099609e-01
1.539067178964614868e-01
2.226432561874389648e-01
2.625191509723663330e-01
2.685650289058685303e-01
2.114021331071853638e-01
1.883737891912460327e-01
7.651124596595764160e-01
1.737741231918334961e-01
1.880025416612625122e-01
2.483253031969070435e-01
5.111409425735473633e-01
2.848702967166900635e-01
3.317008614540100098e-01
2.049031853675842285e-01
1.893188953399658203e-01
2.066958695650100708e-01
2.053137272596359253e-01
1.736221760511398315e-01
1.692352741956710815e-01
2.231124490499496460e-01
2.135485857725143433e-01
5.504320263862609863e-01
2.413618117570877075e-01
2.508718669414520264e-01
2.151741385459899902e-01
2.198961824178695679e-01
2.327720969915390015e-01
2.291508316993713379e-01
1.655350476503372192e-01
2.481262236833572388e-01
1.799771040678024292e-01
1.483506113290786743e-01
2.376758009195327759e-01
2.398588210344314575e-01
2.003470063209533691e-01
2.042234390974044800e-01
3.023985326290130615e-01
2.347497195005416870e-01
3.095425665378570557e-01
2.016566395759582520e-01
2.159969061613082886e-01
2.130405157804489136e-01
1.882666200399398804e-01
1.822423189878463745e-01
1.850908249616622925e-01
1.458360999822616577e-01
1.651839911937713623e-01
2.170253545045852661e-01
1.840445548295974731e-01
2.134887576103210449e-01
2.104586362838745117e-01
2.253166586160659790e-01
1.671325564384460449e-01
2.041248232126235962e-01
2.725096642971038818e-01
2.293083220720291138e-01
2.169455289840698242e-01
3.565042018890380859e-01
2.260515838861465454e-01
2.343981862068176270e-01
1.892613619565963745e-01
2.114030867815017700e-01
2.049609422683715820e-01
1.984617710113525391e-01
1.507742851972579956e-01
2.147195488214492798e-01
2.482432276010513306e-01
3.204311728477478027e-01
2.210297584533691406e-01
2.289230674505233765e-01
2.091397494077682495e-01
1.844187974929809570e-01
2.559737861156463623e-01
2.034470587968826294e-01
3.005595505237579346e-01
2.774718999862670898e-01
1.895182281732559204e-01
1.898189634084701538e-01
2.744386494159698486e-01
2.962666451930999756e-01
2.208569496870040894e-01
2.060634642839431763e-01
1.791500598192214966e-01
2.012793570756912231e-01
1.722153872251510620e-01
1.840103417634963989e-01
1.759809255599975586e-01
2.117016464471817017e-01
2.470679134130477905e-01
2.131954580545425415e-01
2.371015995740890503e-01
4.195708334445953369e-01
2.194334864616394043e-01
1.875226497650146484e-01
1.890001296997070312e-01
1.906937807798385620e-01
2.229617089033126831e-01
3.657822608947753906e-01
3.285108208656311035e-01
1.778983622789382935e-01
2.155256718397140503e-01
2.689810097217559814e-01
2.314822524785995483e-01
2.003427594900131226e-01
2.186551839113235474e-01
1.946737617254257202e-01
1.988063603639602661e-01
2.499558329582214355e-01
2.329675555229187012e-01
1.701412051916122437e-01
1.934105902910232544e-01
2.109905928373336792e-01
2.084767222404479980e-01
1.962201446294784546e-01
2.205408364534378052e-01
2.595648169517517090e-01
1.651090532541275024e-01
2.618357241153717041e-01
2.059784531593322754e-01
2.413332015275955200e-01
1.558782607316970825e-01
2.332525104284286499e-01
2.920888364315032959e-01
2.314091324806213379e-01
1.858896762132644653e-01
2.235270589590072632e-01
1.622245907783508301e-01
2.584373354911804199e-01
1.970880031585693359e-01
1.820585578680038452e-01
2.320215702056884766e-01
2.605305910110473633e-01
1.588760614395141602e-01
2.788909077644348145e-01
2.350843995809555054e-01
2.337447553873062134e-01
3.379394114017486572e-01
2.327973991632461548e-01
4.511775672435760498e-01
2.679097950458526611e-01
2.186313718557357788e-01
2.506640255451202393e-01
1.599697470664978027e-01
5.829402804374694824e-01
2.829155027866363525e-01
2.112662047147750854e-01
2.818093597888946533e-01
3.375353813171386719e-01
2.241569161415100098e-01
2.292602211236953735e-01
2.110163569450378418e-01
2.131264209747314453e-01
1.989864557981491089e-01
2.362343072891235352e-01
1.712760478258132935e-01
2.133389711380004883e-01
1.660359501838684082e-01
2.870441079139709473e-01
1.532386541366577148e-01
1.965002864599227905e-01
1.687730550765991211e-01
2.555327415466308594e-01
2.292691469192504883e-01
1.896771341562271118e-01
2.182421535253524780e-01
2.423911541700363159e-01
1.766765117645263672e-01
2.317576408386230469e-01
1.903450936079025269e-01
2.179195284843444824e-01
1.813915371894836426e-01
1.942701339721679688e-01
2.490434646606445312e-01
1.976129263639450073e-01
1.282082349061965942e-01
7.399382591247558594e-01
2.807351350784301758e-01
2.572727501392364502e-01
2.664217650890350342e-01
1.789066195487976074e-01
1.626636534929275513e-01
2.177071720361709595e-01
1.944815665483474731e-01
1.953751295804977417e-01
2.942956686019897461e-01
3.481377065181732178e-01
1.602462530136108398e-01
2.120619565248489380e-01
1.905785053968429565e-01
1.952153891324996948e-01
2.241384983062744141e-01
2.576740980148315430e-01
4.195805490016937256e-01
2.270067930221557617e-01
2.134580463171005249e-01
2.063035219907760620e-01
2.019008547067642212e-01
2.449597865343093872e-01
2.241173982620239258e-01
1.562780737876892090e-01
2.425092458724975586e-01
1.819064766168594360e-01
2.705305516719818115e-01
2.207463383674621582e-01
2.150709629058837891e-01
1.996106654405593872e-01
2.128131985664367676e-01
2.520507872104644775e-01
2.043816298246383667e-01
1.461665034294128418e-01
2.630673944950103760e-01
1.725528091192245483e-01
1.826227158308029175e-01
1.657040268182754517e-01
2.273923009634017944e-01
1.643072813749313354e-01
1.766009181737899780e-01
2.278348058462142944e-01
2.208100110292434692e-01
2.372945100069046021e-01
2.195673435926437378e-01
2.361744493246078491e-01
2.214033454656600952e-01
2.334028035402297974e-01
1.608734577894210815e-01
2.435205429792404175e-01
2.070252746343612671e-01
2.436458617448806763e-01
2.986811399459838867e-01
1.955043226480484009e-01
2.034150809049606323e-01
2.206828594207763672e-01
1.783260852098464966e-01
2.516431510448455811e-01
1.902210265398025513e-01
2.313066720962524414e-01
1.811232119798660278e-01
2.820660769939422607e-01
1.739100813865661621e-01
1.883958578109741211e-01
1.850012540817260742e-01
2.523263990879058838e-01
1.998306959867477417e-01
2.085175365209579468e-01
1.633376330137252808e-01
2.232311517000198364e-01
2.120739072561264038e-01
2.248461395502090454e-01
1.634347885847091675e-01
2.243717163801193237e-01
2.651123702526092529e-01
2.204681187868118286e-01
1.990604400634765625e-01
2.074480652809143066e-01
2.305186539888381958e-01
6.029726862907409668e-01
1.857240647077560425e-01
2.080225944519042969e-01
2.114812135696411133e-01
2.388830631971359253e-01
2.985976636409759521e-01
1.858900785446166992e-01
2.005483508110046387e-01
7.196090817451477051e-01
2.521172761917114258e-01
2.299052476882934570e-01
2.148663997650146484e-01
2.265118360519409180e-01
2.031297236680984497e-01
2.194872498512268066e-01
1.871294975280761719e-01
2.153809815645217896e-01
2.678328752517700195e-01
1.813597679138183594e-01
5.551847815513610840e-01
2.580289542675018311e-01
2.139130085706710815e-01
2.601269185543060303e-01
2.321609705686569214e-01
2.828400135040283203e-01
1.567831784486770630e-01
3.484170436859130859e-01
2.306424379348754883e-01
2.035173922777175903e-01
2.450170964002609253e-01
1.875347346067428589e-01
1.804238408803939819e-01
1.685621291399002075e-01
2.192396968603134155e-01
1.547234654426574707e-01
2.321746349334716797e-01
2.020050436258316040e-01
1.503167152404785156e-01
2.588234245777130127e-01
1.792413145303726196e-01
2.082015126943588257e-01
2.019104808568954468e-01
2.339929193258285522e-01
2.557616531848907471e-01
2.587977647781372070e-01
2.880564928054809570e-01
2.273307293653488159e-01
5.433432459831237793e-01
1.958098411560058594e-01
1.603033691644668579e-01
2.154489606618881226e-01
2.972944974899291992e-01
3.201567232608795166e-01
1.763765215873718262e-01
2.374346703290939331e-01
3.087176084518432617e-01
2.171463221311569214e-01
2.428226917982101440e-01
1.976459473371505737e-01
2.936870753765106201e-01
1.973235011100769043e-01
2.339164763689041138e-01
1.687309890985488892e-01
2.297645807266235352e-01
2.217397242784500122e-01
2.322930097579956055e-01
2.307643443346023560e-01
2.127445191144943237e-01
1.514445096254348755e-01
2.515257596969604492e-01
2.104665786027908325e-01
1.833525300025939941e-01
2.858696877956390381e-01
1.508258730173110962e-01
2.074942141771316528e-01
1.746891736984252930e-01
4.681248664855957031e-01
2.559287250041961670e-01
1.925638318061828613e-01
2.510338127613067627e-01
2.333229929208755493e-01
2.064221352338790894e-01
1.841764301061630249e-01
1.865247935056686401e-01
2.890967130661010742e-01
1.979637593030929565e-01
1.709400415420532227e-01
2.425274103879928589e-01
1.955630928277969360e-01
2.370882779359817505e-01
2.071345299482345581e-01
1.969056129455566406e-01
2.541320621967315674e-01
9.081173539161682129e-01
2.399581074714660645e-01
2.021719366312026978e-01
2.139035463333129883e-01
2.829926013946533203e-01
1.844318062067031860e-01
2.044395208358764648e-01
1.816277503967285156e-01
1.541872024536132812e-01
2.288806587457656860e-01
2.706123888492584229e-01
1.031545877456665039e+00
2.035503387451171875e-01
2.015293091535568237e-01
2.425622493028640747e-01
2.338258177042007446e-01
3.258307874202728271e-01
2.246838361024856567e-01
6.847959160804748535e-01
2.199075967073440552e-01
2.040808647871017456e-01
1.746440380811691284e-01
2.446434497833251953e-01
2.255254834890365601e-01
1.938555389642715454e-01
2.005519121885299683e-01
2.571319639682769775e-01
2.234668880701065063e-01
1.542310714721679688e-01
2.712464630603790283e-01
1.828701943159103394e-01
2.543390691280364990e-01
2.238249778747558594e-01
1.883594840764999390e-01
1.663240045309066772e-01
2.394536882638931274e-01
1.795548647642135620e-01
2.332021147012710571e-01
2.821326553821563721e-01
1.872714906930923462e-01
1.813001781702041626e-01
1.782646626234054565e-01
2.132141441106796265e-01
2.096610516309738159e-01
1.608028262853622437e-01
2.441031932830810547e-01
2.065780162811279297e-01
1.874168515205383301e-01
1.981268078088760376e-01
2.305831164121627808e-01
2.441285103559494019e-01
2.346619218587875366e-01
1.938664764165878296e-01
1.887592822313308716e-01
4.040519893169403076e-01
2.196519970893859863e-01
2.191689461469650269e-01
1.872347146272659302e-01
2.112210541963577271e-01
2.621204853057861328e-01
3.007941246032714844e-01
2.732649743556976318e-01
2.129956632852554321e-01
3.246701061725616455e-01
1.701374053955078125e-01
1.621085256338119507e-01
2.281804233789443970e-01
5.413343310356140137e-01
3.000745475292205811e-01
1.689170002937316895e-01
2.610820233821868896e-01
1.730831414461135864e-01
2.196877449750900269e-01
2.054278701543807983e-01
1.719618588685989380e-01
2.008761167526245117e-01
5.507670044898986816e-01
1.756801605224609375e-01
2.318637222051620483e-01
2.042641192674636841e-01
1.692448109388351440e-01
2.301916629076004028e-01
1.808044463396072388e-01
2.193303853273391724e-01
1.901172399520874023e-01
2.535706460475921631e-01
1.618885248899459839e-01
1.633229702711105347e-01
1.823444366455078125e-01
1.438794285058975220e-01
2.086454480886459351e-01
1.985102742910385132e-01
1.734805554151535034e-01
1.904607415199279785e-01
2.673680186271667480e-01
5.304822325706481934e-01
2.348735481500625610e-01
2.505663335323333740e-01
1.600978970527648926e-01
9.976384639739990234e-01
2.460538148880004883e-01
2.325199246406555176e-01
2.259531468152999878e-01
1.767342835664749146e-01
1.767134666442871094e-01
1.705981492996215820e-01
1.604555696249008179e-01
2.774369418621063232e-01
2.657119631767272949e-01
