3.414574861526489258e-01
3.751476705074310303e-01
4.814110994338989258e-01
5.663156509399414062e-01
2.127179652452468872e-01
2.675058841705322266e-01
4.238649904727935791e-01
3.241427242755889893e-01
4.860162734985351562e-01
2.807174921035766602e-01
3.493752479553222656e-01
3.485819399356842041e-01
2.136836051940917969e-01
3.886653482913970947e-01
4.487586319446563721e-01
4.331120252609252930e-01
3.117278516292572021e-01
3.132111728191375732e-01
3.288858234882354736e-01
3.531993329524993896e-01
3.443638086318969727e-01
3.124120235443115234e-01
3.049144446849822998e-01
3.724900782108306885e-01
4.426523447036743164e-01
3.057990074157714844e-01
3.952965438365936279e-01
4.001242220401763916e-01
2.665297091007232666e-01
3.836869299411773682e-01
5.554854273796081543e-01
3.038298189640045166e-01
4.165225028991699219e-01
3.305872678756713867e-01
3.598132431507110596e-01
4.239061772823333740e-01
3.369242250919342041e-01
4.480329453945159912e-01
4.157283306121826172e-01
5.075761079788208008e-01
4.172770977020263672e-01
5.007521510124206543e-01
3.655894100666046143e-01
2.521902918815612793e-01
3.887155950069427490e-01
5.702786445617675781e-01
3.386752903461456299e-01
3.806431591510772705e-01
3.311943113803863525e-01
2.885538637638092041e-01
3.667508363723754883e-01
3.590039908885955811e-01
6.862270236015319824e-01
3.095204532146453857e-01
2.857777178287506104e-01
3.283694684505462646e-01
3.969418108463287354e-01
3.280934393405914307e-01
3.707249462604522705e-01
3.866019546985626221e-01
4.602554738521575928e-01
2.891412675380706787e-01
5.047108530998229980e-01
5.912168025970458984e-01
3.145018815994262695e-01
4.146331846714019775e-01
3.562986552715301514e-01
5.413752198219299316e-01
3.493472635746002197e-01
2.933716475963592529e-01
3.048034310340881348e-01
4.121551811695098877e-01
3.279091417789459229e-01
4.044210612773895264e-01
3.444822728633880615e-01
3.877091109752655029e-01
3.127440512180328369e-01
3.245489299297332764e-01
4.585177004337310791e-01
4.237178862094879150e-01
4.311600625514984131e-01
3.739780485630035400e-01
3.177820444107055664e-01
2.883824110031127930e-01
3.160814940929412842e-01
3.202813267707824707e-01
3.008879721164703369e-01
3.318074643611907959e-01
3.016120195388793945e-01
4.125186502933502197e-01
2.998107373714447021e-01
4.061436653137207031e-01
4.564088881015777588e-01
5.964642763137817383e-01
4.945359230041503906e-01
4.117704331874847412e-01
3.506966531276702881e-01
3.757866621017456055e-01
3.058623373508453369e-01
4.405888319015502930e-01
2.557151615619659424e-01
3.979143798351287842e-01
5.018057823181152344e-01
3.959096968173980713e-01
2.700156271457672119e-01
4.602643549442291260e-01
3.333105742931365967e-01
5.019376277923583984e-01
3.443575799465179443e-01
2.010868787765502930e-01
2.343734055757522583e-01
4.040547311305999756e-01
3.812203705310821533e-01
3.280425965785980225e-01
3.497673571109771729e-01
3.260800540447235107e-01
2.398299574851989746e-01
3.660357892513275146e-01
6.212694048881530762e-01
3.603685796260833740e-01
4.918507337570190430e-01
2.727813124656677246e-01
4.745389521121978760e-01
4.369002878665924072e-01
4.194813966751098633e-01
3.089920878410339355e-01
3.097040057182312012e-01
3.226387798786163330e-01
3.896547853946685791e-01
3.195120990276336670e-01
3.436553776264190674e-01
3.668239414691925049e-01
3.181582689285278320e-01
2.590202391147613525e-01
2.926444113254547119e-01
3.649947345256805420e-01
2.879745960235595703e-01
4.193602800369262695e-01
6.007608771324157715e-01
3.181473910808563232e-01
3.046739995479583740e-01
4.006857872009277344e-01
3.550044596195220947e-01
3.933372497558593750e-01
3.633466064929962158e-01
3.790730535984039307e-01
2.760340273380279541e-01
2.640452682971954346e-01
3.064323961734771729e-01
2.920789122581481934e-01
3.762527406215667725e-01
3.703912198543548584e-01
3.532586395740509033e-01
4.380532205104827881e-01
3.947762548923492432e-01
3.183065652847290039e-01
3.407214879989624023e-01
4.020508229732513428e-01
4.153602123260498047e-01
2.944930195808410645e-01
2.879839241504669189e-01
3.653534352779388428e-01
2.791882753372192383e-01
2.583076953887939453e-01
2.926333546638488770e-01
2.731936275959014893e-01
2.594609558582305908e-01
3.218083977699279785e-01
4.064186513423919678e-01
3.672203123569488525e-01
3.422521650791168213e-01
3.662970960140228271e-01
3.641190528869628906e-01
3.060579299926757812e-01
3.293186724185943604e-01
3.710012435913085938e-01
5.203151106834411621e-01
3.384265005588531494e-01
2.925222516059875488e-01
4.361917674541473389e-01
3.230295479297637939e-01
3.264735043048858643e-01
4.372852742671966553e-01
4.254184663295745850e-01
4.517039358615875244e-01
4.226815402507781982e-01
3.950978815555572510e-01
3.412966430187225342e-01
2.831144332885742188e-01
3.959830701351165771e-01
2.984197139739990234e-01
4.189829826354980469e-01
3.351817131042480469e-01
3.818086087703704834e-01
2.327142953872680664e-01
4.666409790515899658e-01
3.702872991561889648e-01
4.126090109348297119e-01
3.922905027866363525e-01
3.095014393329620361e-01
4.002996981143951416e-01
5.007628798484802246e-01
4.010166227817535400e-01
2.714408338069915771e-01
3.596304655075073242e-01
2.754064798355102539e-01
2.978318631649017334e-01
2.762182950973510742e-01
2.529213130474090576e-01
2.406258136034011841e-01
4.773710966110229492e-01
7.267086505889892578e-01
3.142604529857635498e-01
4.008660614490509033e-01
4.199667274951934814e-01
3.056651055812835693e-01
4.063517749309539795e-01
3.227027356624603271e-01
3.973147869110107422e-01
2.614039182662963867e-01
3.911646306514739990e-01
3.410154581069946289e-01
2.681415081024169922e-01
4.096596240997314453e-01
4.022947251796722412e-01
4.033982753753662109e-01
2.715413272380828857e-01
4.127390086650848389e-01
3.685173094272613525e-01
3.981799781322479248e-01
3.291894197463989258e-01
4.008195102214813232e-01
4.636444151401519775e-01
3.849021494388580322e-01
4.168853759765625000e-01
3.821045458316802979e-01
3.598842322826385498e-01
3.138256072998046875e-01
4.261542260646820068e-01
3.918049335479736328e-01
4.039132297039031982e-01
4.536603391170501709e-01
3.032672107219696045e-01
3.341948091983795166e-01
4.854754507541656494e-01
3.773132860660552979e-01
5.073912143707275391e-01
3.265109956264495850e-01
4.090672433376312256e-01
3.884811103343963623e-01
3.882189691066741943e-01
3.852784931659698486e-01
5.531533956527709961e-01
3.754136264324188232e-01
2.318254262208938599e-01
4.057078361511230469e-01
3.025446236133575439e-01
3.098309338092803955e-01
2.586901485919952393e-01
3.454138934612274170e-01
2.672867774963378906e-01
2.819928228855133057e-01
3.121029138565063477e-01
3.763647973537445068e-01
2.957020103931427002e-01
3.597169220447540283e-01
3.330740034580230713e-01
2.959248125553131104e-01
5.089610219001770020e-01
4.044129550457000732e-01
4.387832581996917725e-01
2.285116910934448242e-01
4.763406813144683838e-01
3.104215562343597412e-01
3.203566372394561768e-01
8.998706340789794922e-01
3.176802396774291992e-01
4.016452729701995850e-01
3.040025532245635986e-01
3.072599470615386963e-01
4.528464376926422119e-01
3.435235321521759033e-01
3.063437640666961670e-01
3.332385122776031494e-01
3.517788350582122803e-01
2.524141967296600342e-01
4.246453046798706055e-01
3.135927021503448486e-01
4.126684665679931641e-01
3.204523026943206787e-01
2.780416011810302734e-01
4.379200935363769531e-01
2.867527902126312256e-01
4.606094658374786377e-01
2.829976379871368408e-01
2.994968891143798828e-01
8.984651565551757812e-01
8.106729388236999512e-01
5.795857906341552734e-01
3.879492282867431641e-01
3.106523454189300537e-01
2.642994821071624756e-01
3.610614836215972900e-01
3.537492752075195312e-01
2.683810293674468994e-01
5.412583351135253906e-01
3.344885408878326416e-01
3.935742378234863281e-01
3.071387708187103271e-01
3.467907607555389404e-01
3.519064188003540039e-01
2.181586772203445435e-01
3.552691936492919922e-01
5.866725444793701172e-01
4.084732830524444580e-01
4.260582923889160156e-01
3.389183580875396729e-01
4.473951756954193115e-01
3.383423388004302979e-01
3.877020776271820068e-01
4.078135192394256592e-01
3.889430463314056396e-01
2.997818887233734131e-01
7.703542709350585938e-01
4.485344886779785156e-01
3.415353298187255859e-01
3.641406297683715820e-01
3.301723897457122803e-01
6.138696670532226562e-01
4.719475209712982178e-01
3.258574306964874268e-01
3.601519167423248291e-01
3.778489530086517334e-01
1.957672834396362305e-01
3.294528424739837646e-01
3.042779862880706787e-01
4.635262787342071533e-01
3.256973922252655029e-01
5.032660961151123047e-01
3.432135581970214844e-01
2.839241325855255127e-01
3.236099779605865479e-01
3.518973290920257568e-01
2.744317054748535156e-01
3.088405728340148926e-01
3.432396948337554932e-01
2.800305485725402832e-01
4.169433116912841797e-01
3.434284925460815430e-01
3.377146720886230469e-01
3.810657560825347900e-01
3.115507066249847412e-01
4.186374843120574951e-01
4.132091999053955078e-01
3.621687889099121094e-01
3.309712409973144531e-01
4.030686914920806885e-01
4.847404062747955322e-01
3.208859264850616455e-01
4.176405966281890869e-01
2.990522980690002441e-01
3.464585840702056885e-01
3.881087601184844971e-01
2.588372528553009033e-01
3.086584806442260742e-01
4.481836259365081787e-01
2.768853008747100830e-01
2.924287617206573486e-01
4.333566129207611084e-01
3.448363840579986572e-01
3.593092858791351318e-01
3.626933097839355469e-01
2.405979484319686890e-01
3.543240725994110107e-01
3.966093063354492188e-01
3.300200402736663818e-01
3.317382931709289551e-01
3.791434764862060547e-01
4.236671924591064453e-01
3.607549369335174561e-01
2.536356151103973389e-01
3.857956826686859131e-01
5.104840397834777832e-01
3.499855995178222656e-01
3.098985254764556885e-01
3.327946364879608154e-01
3.445795476436614990e-01
4.030998945236206055e-01
3.048494756221771240e-01
3.651100099086761475e-01
2.729929685592651367e-01
2.658019363880157471e-01
3.952927589416503906e-01
3.784075677394866943e-01
6.802627444267272949e-01
3.944763839244842529e-01
3.256843984127044678e-01
3.416666090488433838e-01
3.426389694213867188e-01
3.608811795711517334e-01
3.386009037494659424e-01
2.885798513889312744e-01
3.507771790027618408e-01
4.161965847015380859e-01
2.676023840904235840e-01
4.466514587402343750e-01
3.145647346973419189e-01
3.334330022335052490e-01
3.424817323684692383e-01
4.540669620037078857e-01
3.660251796245574951e-01
2.930939495563507080e-01
3.564943373203277588e-01
3.628984689712524414e-01
2.710033953189849854e-01
4.058322906494140625e-01
3.456698358058929443e-01
2.628289759159088135e-01
3.499025404453277588e-01
4.219543933868408203e-01
3.137829601764678955e-01
3.491909801959991455e-01
2.473070621490478516e-01
4.985915124416351318e-01
2.471127361059188843e-01
3.310346305370330811e-01
4.781610071659088135e-01
3.574097156524658203e-01
3.785457313060760498e-01
3.627533912658691406e-01
2.984542846679687500e-01
3.340531587600708008e-01
4.660243988037109375e-01
5.169581770896911621e-01
3.021930456161499023e-01
3.752216398715972900e-01
4.818138182163238525e-01
2.638966143131256104e-01
3.583183288574218750e-01
3.715715110301971436e-01
3.781383931636810303e-01
2.981740236282348633e-01
3.428203165531158447e-01
3.230036199092864990e-01
3.516660928726196289e-01
3.692447245121002197e-01
2.541203200817108154e-01
4.397512674331665039e-01
2.072742730379104614e-01
4.475342333316802979e-01
4.382354021072387695e-01
2.157519012689590454e-01
3.298831284046173096e-01
2.765698134899139404e-01
3.158338963985443115e-01
3.038730919361114502e-01
2.830559909343719482e-01
4.791150987148284912e-01
3.687876760959625244e-01
2.623592913150787354e-01
4.188466966152191162e-01
4.228136241436004639e-01
2.851939499378204346e-01
5.262890458106994629e-01
4.192626476287841797e-01
2.919739782810211182e-01
2.473369240760803223e-01
3.986414968967437744e-01
3.749169111251831055e-01
2.726817429065704346e-01
2.735586464405059814e-01
3.979310095310211182e-01
2.853491008281707764e-01
3.358074724674224854e-01
3.215731978416442871e-01
2.767030596733093262e-01
4.014612734317779541e-01
4.136333465576171875e-01
2.584496140480041504e-01
3.569620847702026367e-01
3.691275417804718018e-01
2.614334821701049805e-01
4.467523097991943359e-01
5.185301303863525391e-01
4.373923242092132568e-01
3.910093605518341064e-01
4.179531633853912354e-01
3.045647740364074707e-01
3.573802709579467773e-01
3.773322999477386475e-01
4.440838992595672607e-01
4.292130768299102783e-01
2.827986478805541992e-01
4.831179678440093994e-01
4.244320392608642578e-01
4.298590719699859619e-01
2.935436367988586426e-01
2.562713921070098877e-01
3.913774788379669189e-01
2.872628271579742432e-01
3.666606247425079346e-01
3.295998871326446533e-01
3.500622808933258057e-01
3.883358538150787354e-01
3.017181456089019775e-01
2.791535854339599609e-01
2.632270753383636475e-01
2.891568243503570557e-01
3.761723041534423828e-01
3.654864728450775146e-01
3.964232504367828369e-01
3.301919996738433838e-01
3.695199489593505859e-01
4.218115508556365967e-01
3.556431829929351807e-01
4.377225935459136963e-01
3.241805136203765869e-01
3.774216175079345703e-01
3.838814496994018555e-01
4.019103050231933594e-01
3.351072371006011963e-01
4.690185487270355225e-01
3.568406105041503906e-01
3.829381167888641357e-01
3.158178627490997314e-01
3.600895404815673828e-01
3.060711920261383057e-01
3.602173328399658203e-01
3.401995897293090820e-01
3.075093328952789307e-01
3.804273605346679688e-01
3.314779996871948242e-01
3.298313021659851074e-01
3.277249336242675781e-01
4.773407280445098877e-01
2.865518927574157715e-01
2.318253964185714722e-01
2.813534736633300781e-01
4.418585598468780518e-01
3.868512213230133057e-01
4.090715348720550537e-01
4.147033393383026123e-01
2.941410243511199951e-01
4.490043222904205322e-01
3.051952421665191650e-01
3.496100902557373047e-01
3.881890773773193359e-01
2.964775264263153076e-01
2.868935763835906982e-01
5.143842697143554688e-01
4.812593758106231689e-01
4.845612943172454834e-01
4.342906475067138672e-01
3.857675492763519287e-01
3.830926418304443359e-01
2.981863021850585938e-01
2.375059574842453003e-01
3.472270965576171875e-01
4.075000286102294922e-01
3.804192245006561279e-01
4.586053192615509033e-01
3.824604749679565430e-01
3.158256113529205322e-01
3.928329050540924072e-01
4.193440973758697510e-01
4.019556045532226562e-01
3.540614843368530273e-01
3.603274524211883545e-01
4.533698856830596924e-01
3.341137170791625977e-01
3.960637152194976807e-01
3.408305644989013672e-01
3.197889924049377441e-01
2.903086245059967041e-01
2.797554135322570801e-01
4.004792273044586182e-01
3.770365417003631592e-01
4.137853682041168213e-01
2.348077744245529175e-01
3.140076994895935059e-01
3.588154017925262451e-01
3.989241123199462891e-01
3.089304566383361816e-01
4.102915227413177490e-01
2.725431025028228760e-01
3.223104178905487061e-01
2.448647469282150269e-01
3.486412465572357178e-01
3.988849222660064697e-01
3.802514076232910156e-01
3.459920883178710938e-01
3.529275357723236084e-01
4.537687301635742188e-01
3.611411154270172119e-01
3.059045076370239258e-01
4.373967647552490234e-01
3.086315095424652100e-01
3.642044961452484131e-01
3.969059884548187256e-01
3.812462389469146729e-01
2.883624732494354248e-01
2.559704482555389404e-01
4.921288490295410156e-01
4.128631055355072021e-01
3.071832954883575439e-01
3.464057743549346924e-01
4.032503068447113037e-01
2.986334264278411865e-01
3.396325409412384033e-01
4.641326665878295898e-01
3.346936404705047607e-01
4.008022248744964600e-01
4.327359199523925781e-01
3.404798805713653564e-01
3.238154947757720947e-01
6.643314361572265625e-01
3.986487090587615967e-01
3.296560347080230713e-01
4.223434031009674072e-01
2.810106575489044189e-01
1.127652525901794434e+00
2.569480240345001221e-01
2.283128947019577026e-01
2.534844577312469482e-01
5.722010731697082520e-01
3.141475021839141846e-01
3.355584442615509033e-01
3.168636560440063477e-01
3.951412439346313477e-01
4.117480218410491943e-01
4.004811048507690430e-01
4.036740064620971680e-01
3.617461919784545898e-01
4.559442102909088135e-01
3.050071597099304199e-01
3.348040580749511719e-01
2.750515639781951904e-01
3.683393299579620361e-01
2.496079355478286743e-01
3.614018857479095459e-01
3.483236730098724365e-01
2.969601452350616455e-01
3.858366012573242188e-01
3.348808288574218750e-01
3.839784860610961914e-01
4.617934226989746094e-01
3.504042625427246094e-01
3.027233183383941650e-01
2.708136141300201416e-01
4.356513321399688721e-01
3.432310521602630615e-01
3.458144664764404297e-01
2.786091864109039307e-01
3.741565942764282227e-01
3.577864170074462891e-01
2.217202037572860718e-01
3.294971287250518799e-01
3.729960024356842041e-01
3.149321973323822021e-01
3.336678743362426758e-01
4.872666597366333008e-01
4.099991321563720703e-01
3.306178450584411621e-01
4.441300332546234131e-01
3.664649724960327148e-01
4.147397577762603760e-01
4.085824489593505859e-01
2.820851504802703857e-01
4.196147024631500244e-01
2.896101474761962891e-01
3.217041790485382080e-01
2.692979872226715088e-01
4.094994068145751953e-01
3.306932449340820312e-01
2.429386228322982788e-01
2.587524950504302979e-01
3.635840117931365967e-01
3.234996497631072998e-01
3.400952517986297607e-01
3.007712066173553467e-01
3.137406408786773682e-01
3.924708664417266846e-01
3.337795436382293701e-01
3.562114238739013672e-01
2.854657173156738281e-01
4.645657539367675781e-01
3.408851623535156250e-01
3.167193830013275146e-01
4.434400796890258789e-01
3.676729500293731689e-01
2.514430582523345947e-01
2.594358026981353760e-01
5.521060824394226074e-01
3.954099714756011963e-01
3.346644639968872070e-01
3.177812695503234863e-01
4.515905678272247314e-01
3.976145088672637939e-01
2.565788924694061279e-01
4.656913280487060547e-01
3.178240358829498291e-01
2.989991605281829834e-01
3.002271354198455811e-01
3.382236063480377197e-01
3.327029645442962646e-01
3.828605413436889648e-01
3.113733530044555664e-01
3.580897748470306396e-01
2.772598564624786377e-01
4.427510797977447510e-01
3.089566230773925781e-01
4.094442427158355713e-01
3.276382982730865479e-01
3.181658983230590820e-01
3.804826438426971436e-01
4.188684225082397461e-01
4.091006517410278320e-01
4.984131157398223877e-01
3.864907920360565186e-01
4.446508884429931641e-01
4.527253210544586182e-01
4.125904142856597900e-01
3.031732738018035889e-01
3.738656938076019287e-01
3.086577355861663818e-01
3.437941074371337891e-01
3.043015301227569580e-01
5.169872641563415527e-01
3.957248628139495850e-01
2.666639387607574463e-01
4.787860214710235596e-01
4.177037775516510010e-01
3.486812114715576172e-01
3.277741968631744385e-01
3.284417688846588135e-01
3.303844630718231201e-01
2.774370014667510986e-01
2.678487598896026611e-01
4.108565747737884521e-01
2.976695001125335693e-01
3.888488709926605225e-01
3.640899956226348877e-01
2.897545695304870605e-01
4.122748374938964844e-01
2.848401963710784912e-01
2.614456415176391602e-01
2.785833775997161865e-01
3.517231047153472900e-01
3.065237998962402344e-01
3.172193467617034912e-01
3.110914826393127441e-01
3.867554962635040283e-01
3.027938902378082275e-01
4.971920251846313477e-01
2.732148170471191406e-01
2.867360115051269531e-01
3.441528379917144775e-01
3.549223840236663818e-01
3.539376556873321533e-01
3.189392685890197754e-01
3.888100087642669678e-01
1.944595128297805786e-01
3.249911963939666748e-01
3.609151840209960938e-01
3.346042633056640625e-01
3.418339192867279053e-01
3.176995813846588135e-01
3.453835248947143555e-01
3.236118257045745850e-01
3.566800057888031006e-01
3.651807308197021484e-01
2.840925753116607666e-01
3.593562543392181396e-01
4.221841990947723389e-01
3.341328799724578857e-01
2.971304357051849365e-01
3.348478078842163086e-01
3.013024628162384033e-01
2.958231270313262939e-01
4.151461422443389893e-01
2.481060028076171875e-01
5.161996483802795410e-01
3.342858552932739258e-01
3.004644215106964111e-01
3.301399052143096924e-01
3.006106913089752197e-01
3.651631772518157959e-01
3.257555663585662842e-01
3.047376573085784912e-01
2.610611915588378906e-01
2.376723289489746094e-01
5.580034255981445312e-01
3.479174077510833740e-01
2.866261303424835205e-01
2.977894842624664307e-01
2.690469026565551758e-01
3.365730047225952148e-01
3.870984613895416260e-01
3.011920750141143799e-01
3.376602828502655029e-01
2.971526980400085449e-01
3.624891340732574463e-01
2.808802425861358643e-01
4.310277998447418213e-01
4.523220062255859375e-01
4.130116701126098633e-01
4.499224722385406494e-01
2.534961402416229248e-01
3.930197656154632568e-01
6.688836216926574707e-01
3.864770829677581787e-01
3.350706100463867188e-01
3.682519495487213135e-01
3.323479294776916504e-01
3.098185062408447266e-01
4.537240564823150635e-01
3.208746314048767090e-01
2.525766193866729736e-01
3.875552713871002197e-01
4.634777605533599854e-01
3.622077405452728271e-01
4.226324260234832764e-01
3.245635330677032471e-01
3.803032934665679932e-01
3.469127118587493896e-01
3.198148906230926514e-01
3.259209096431732178e-01
3.528365194797515869e-01
3.147182166576385498e-01
4.747858047485351562e-01
3.196851909160614014e-01
5.827817320823669434e-01
4.564672410488128662e-01
3.844598829746246338e-01
3.610768020153045654e-01
2.360811233520507812e-01
3.436324596405029297e-01
2.673063278198242188e-01
3.546312749385833740e-01
3.365813195705413818e-01
5.741262435913085938e-01
4.109279215335845947e-01
5.375139117240905762e-01
4.430786669254302979e-01
3.684535920619964600e-01
3.554773330688476562e-01
3.455838263034820557e-01
3.550890982151031494e-01
4.197554290294647217e-01
4.579059779644012451e-01
7.290540337562561035e-01
4.427509605884552002e-01
2.795441448688507080e-01
4.741380512714385986e-01
3.925986289978027344e-01
2.865565419197082520e-01
2.583154439926147461e-01
3.638007938861846924e-01
3.852384090423583984e-01
3.863209187984466553e-01
2.851185500621795654e-01
3.729560375213623047e-01
3.447919785976409912e-01
2.965798079967498779e-01
3.583451211452484131e-01
3.041204512119293213e-01
3.752299547195434570e-01
3.391218185424804688e-01
3.048045337200164795e-01
6.217629313468933105e-01
3.883095979690551758e-01
3.813035786151885986e-01
2.844290137290954590e-01
2.629208862781524658e-01
2.769314944744110107e-01
3.264635801315307617e-01
2.499548196792602539e-01
4.563066959381103516e-01
4.197423160076141357e-01
2.961105406284332275e-01
2.464125901460647583e-01
4.917455017566680908e-01
7.863566279411315918e-01
4.228653907775878906e-01
3.555826842784881592e-01
3.588999807834625244e-01
3.505553007125854492e-01
4.304293692111968994e-01
4.109343290328979492e-01
4.798363745212554932e-01
4.031934738159179688e-01
3.779048919677734375e-01
4.056712687015533447e-01
2.927237451076507568e-01
3.861552774906158447e-01
3.264430463314056396e-01
4.112218320369720459e-01
5.569183230400085449e-01
4.447919428348541260e-01
2.591309249401092529e-01
2.641785740852355957e-01
3.569370210170745850e-01
3.265981674194335938e-01
3.087804615497589111e-01
4.349158704280853271e-01
3.692803382873535156e-01
3.357895314693450928e-01
4.987148344516754150e-01
2.699476182460784912e-01
2.718464434146881104e-01
3.992520868778228760e-01
2.588954865932464600e-01
3.149000406265258789e-01
4.087290465831756592e-01
3.597629070281982422e-01
3.867966234683990479e-01
4.139500558376312256e-01
3.707339763641357422e-01
2.534263432025909424e-01
3.084124326705932617e-01
4.264803826808929443e-01
4.692451059818267822e-01
2.469183206558227539e-01
2.869144380092620850e-01
3.168682157993316650e-01
3.983580768108367920e-01
3.940493762493133545e-01
3.535957336425781250e-01
3.906217813491821289e-01
2.774813771247863770e-01
5.672094821929931641e-01
3.030576705932617188e-01
3.728458583354949951e-01
3.069295585155487061e-01
3.296208381652832031e-01
3.068099021911621094e-01
3.671922683715820312e-01
4.286151826381683350e-01
3.471014499664306641e-01
2.930631339550018311e-01
3.161928355693817139e-01
3.675185441970825195e-01
3.364532291889190674e-01
3.283360898494720459e-01
6.646193861961364746e-01
2.858699262142181396e-01
3.900845348834991455e-01
4.241815805435180664e-01
4.334246218204498291e-01
4.273972511291503906e-01
3.584934473037719727e-01
2.671204209327697754e-01
3.705348074436187744e-01
3.407536447048187256e-01
2.858844101428985596e-01
5.083333849906921387e-01
3.807003498077392578e-01
7.323951721191406250e-01
3.167252242565155029e-01
3.689046800136566162e-01
3.154737055301666260e-01
3.232181966304779053e-01
3.192472755908966064e-01
3.844364881515502930e-01
3.269879519939422607e-01
4.314371645450592041e-01
3.279639780521392822e-01
2.437613010406494141e-01
3.504327833652496338e-01
2.903055846691131592e-01
3.387049436569213867e-01
4.697444140911102295e-01
2.905197441577911377e-01
3.138832449913024902e-01
2.864101827144622803e-01
3.883344233036041260e-01
4.452031552791595459e-01
3.636730611324310303e-01
2.805494070053100586e-01
3.907958567142486572e-01
3.302826583385467529e-01
2.918567061424255371e-01
3.010460436344146729e-01
3.556014001369476318e-01
6.628537774085998535e-01
4.067796766757965088e-01
3.222636580467224121e-01
3.996721804141998291e-01
4.820903241634368896e-01
4.289796054363250732e-01
3.760555982589721680e-01
3.299317061901092529e-01
3.552803993225097656e-01
4.553732872009277344e-01
2.222155332565307617e-01
2.859052717685699463e-01
2.676107585430145264e-01
2.907278835773468018e-01
2.398469448089599609e-01
4.146107137203216553e-01
2.988370954990386963e-01
4.071164429187774658e-01
3.295120298862457275e-01
3.482526242733001709e-01
3.050858080387115479e-01
3.647930324077606201e-01
4.547154009342193604e-01
2.707377672195434570e-01
3.187399804592132568e-01
3.026359081268310547e-01
2.940923869609832764e-01
2.085356712341308594e-01
3.654269278049468994e-01
7.029592394828796387e-01
3.446035385131835938e-01
3.558584153652191162e-01
2.915039658546447754e-01
3.961428403854370117e-01
3.399420678615570068e-01
3.571542501449584961e-01
5.330052375793457031e-01
3.670444786548614502e-01
6.501401066780090332e-01
4.106530249118804932e-01
3.606640100479125977e-01
3.853670656681060791e-01
5.798484683036804199e-01
3.710333406925201416e-01
3.410116732120513916e-01
2.994264364242553711e-01
3.091723024845123291e-01
4.374738633632659912e-01
4.224124848842620850e-01
2.187542170286178589e-01
3.657676279544830322e-01
3.073973357677459717e-01
3.486308157444000244e-01
3.378024101257324219e-01
2.777499854564666748e-01
4.222534596920013428e-01
4.397835433483123779e-01
4.342549145221710205e-01
4.232679307460784912e-01
3.539350032806396484e-01
3.791557848453521729e-01
8.874136805534362793e-01
4.042542874813079834e-01
2.805924117565155029e-01
2.405093312263488770e-01
3.760038912296295166e-01
2.928170859813690186e-01
4.334882497787475586e-01
3.709778785705566406e-01
4.182031154632568359e-01
3.918368816375732422e-01
3.019669055938720703e-01
4.101289808750152588e-01
3.261863291263580322e-01
4.484719336032867432e-01
3.481853306293487549e-01
4.365666210651397705e-01
3.002433776855468750e-01
2.743277251720428467e-01
2.586074769496917725e-01
3.173458874225616455e-01
3.461891412734985352e-01
3.485125303268432617e-01
4.428564012050628662e-01
2.805426418781280518e-01
3.822940289974212646e-01
3.331854641437530518e-01
3.294818401336669922e-01
3.282714784145355225e-01
4.023723900318145752e-01
3.712306320667266846e-01
3.136850893497467041e-01
2.333858460187911987e-01
2.328732162714004517e-01
3.779722750186920166e-01
3.387942314147949219e-01
2.825324535369873047e-01
3.328195810317993164e-01
2.451371401548385620e-01
3.049969971179962158e-01
3.522877991199493408e-01
3.502813279628753662e-01
3.560343980789184570e-01
2.792226970195770264e-01
3.246427178382873535e-01
3.360929489135742188e-01
3.219645023345947266e-01
4.352708756923675537e-01
2.557957470417022705e-01
2.968176305294036865e-01
3.320358991622924805e-01
3.098020851612091064e-01
3.607355654239654541e-01
2.959457933902740479e-01
2.654630839824676514e-01
3.942081034183502197e-01
2.950711548328399658e-01
2.662019729614257812e-01
3.405679762363433838e-01
3.848477602005004883e-01
3.079675137996673584e-01
3.810149729251861572e-01
4.314999878406524658e-01
3.634744584560394287e-01
3.583435118198394775e-01
3.699782192707061768e-01
3.289853632450103760e-01
3.651449680328369141e-01
2.766952812671661377e-01
3.268094956874847412e-01
3.964223861694335938e-01
3.494356870651245117e-01
3.955334722995758057e-01
6.164287924766540527e-01
4.468201398849487305e-01
2.685893476009368896e-01
3.190250098705291748e-01
3.317934572696685791e-01
4.223524034023284912e-01
3.305340111255645752e-01
3.242256343364715576e-01
3.229105472564697266e-01
4.023543894290924072e-01
3.133865594863891602e-01
2.716363966464996338e-01
2.559386789798736572e-01
3.680049479007720947e-01
3.204816877841949463e-01
3.276950418949127197e-01
4.354175627231597900e-01
3.477779328823089600e-01
3.423729240894317627e-01
3.337216675281524658e-01
2.702582776546478271e-01
2.588441371917724609e-01
4.107382297515869141e-01
1.867723315954208374e-01
3.094640076160430908e-01
3.981243073940277100e-01
2.365929931402206421e-01
4.490926265716552734e-01
3.062839508056640625e-01
4.513665139675140381e-01
4.759088456630706787e-01
2.828788459300994873e-01
4.468595683574676514e-01
3.692694008350372314e-01
3.924486637115478516e-01
3.295976817607879639e-01
2.832355797290802002e-01
4.294287860393524170e-01
3.321839869022369385e-01
3.816458284854888916e-01
3.201672732830047607e-01
3.854068219661712646e-01
3.953316211700439453e-01
3.088790476322174072e-01
3.645632266998291016e-01
3.224956095218658447e-01
3.567554056644439697e-01
3.340065479278564453e-01
3.387486040592193604e-01
3.193559944629669189e-01
2.984814345836639404e-01
2.739559113979339600e-01
2.359005212783813477e-01
4.620387554168701172e-01
3.583479225635528564e-01
3.477830886840820312e-01
3.675343990325927734e-01
2.809967100620269775e-01
3.453980982303619385e-01
4.385965764522552490e-01
4.061548411846160889e-01
3.486271798610687256e-01
3.961518704891204834e-01
2.818107903003692627e-01
2.531833946704864502e-01
3.389835655689239502e-01
4.008363783359527588e-01
4.148335158824920654e-01
2.543660402297973633e-01
2.944010496139526367e-01
3.626590073108673096e-01
6.176019310951232910e-01
3.661871850490570068e-01
2.810539305210113525e-01
4.118734300136566162e-01
2.909360527992248535e-01
2.959917485713958740e-01
3.960451185703277588e-01
3.468313217163085938e-01
4.162726700305938721e-01
3.447314500808715820e-01
3.538812398910522461e-01
4.502072632312774658e-01
3.947417736053466797e-01
3.285657763481140137e-01
3.129215538501739502e-01
2.928929030895233154e-01
3.092211484909057617e-01
3.296544253826141357e-01
3.734058439731597900e-01
3.712586462497711182e-01
4.892594516277313232e-01
4.997402727603912354e-01
3.130863010883331299e-01
2.796765863895416260e-01
3.896267414093017578e-01
3.493609130382537842e-01
2.182270437479019165e-01
3.935953378677368164e-01
3.770565092563629150e-01
4.636691510677337646e-01
3.630009889602661133e-01
3.864141404628753662e-01
3.682795464992523193e-01
3.372011184692382812e-01
3.162375688552856445e-01
6.638228297233581543e-01
4.252388775348663330e-01
3.333084583282470703e-01
4.246932268142700195e-01
3.758998811244964600e-01
4.581432342529296875e-01
5.381291508674621582e-01
2.618393599987030029e-01
3.192788660526275635e-01
3.898902237415313721e-01
3.839128911495208740e-01
3.335401117801666260e-01
3.035081624984741211e-01
5.557951927185058594e-01
4.011987149715423584e-01
2.906853556632995605e-01
3.341967165470123291e-01
3.446238934993743896e-01
2.619663178920745850e-01
3.425219953060150146e-01
3.179146349430084229e-01
3.419703245162963867e-01
3.775641024112701416e-01
2.504796087741851807e-01
4.540917873382568359e-01
5.102132558822631836e-01
2.421398907899856567e-01
3.236913383007049561e-01
4.338796138763427734e-01
3.746503889560699463e-01
3.816180527210235596e-01
1.962477415800094604e-01
3.477399647235870361e-01
3.817531168460845947e-01
2.836326360702514648e-01
2.823882997035980225e-01
3.533790111541748047e-01
4.228010177612304688e-01
3.227963745594024658e-01
4.080188274383544922e-01
2.816409766674041748e-01
2.320428937673568726e-01
5.610938072204589844e-01
2.733192741870880127e-01
3.167904913425445557e-01
3.713855743408203125e-01
4.100261628627777100e-01
3.517943322658538818e-01
3.468753397464752197e-01
2.980651259422302246e-01
3.314485251903533936e-01
3.282473385334014893e-01
3.648076057434082031e-01
4.796624183654785156e-01
3.286434113979339600e-01
3.422991335391998291e-01
5.290091633796691895e-01
3.498484790325164795e-01
3.617530763149261475e-01
3.323099911212921143e-01
3.722282350063323975e-01
3.213444650173187256e-01
3.884943723678588867e-01
2.910748422145843506e-01
3.056814074516296387e-01
2.721955478191375732e-01
3.840998411178588867e-01
2.210219055414199829e-01
3.518763482570648193e-01
3.607740104198455811e-01
2.925314903259277344e-01
8.531115651130676270e-01
4.035480916500091553e-01
4.354926645755767822e-01
3.341020345687866211e-01
2.879390418529510498e-01
5.220239758491516113e-01
3.082016408443450928e-01
3.631534576416015625e-01
3.288197815418243408e-01
4.810125529766082764e-01
3.233990967273712158e-01
3.186414539813995361e-01
3.084312379360198975e-01
2.871397435665130615e-01
3.116486966609954834e-01
3.767209947109222412e-01
3.094055056571960449e-01
2.798438966274261475e-01
3.588622510433197021e-01
3.376257419586181641e-01
2.625066637992858887e-01
3.407385349273681641e-01
3.020682334899902344e-01
3.342200517654418945e-01
4.209920167922973633e-01
5.010545253753662109e-01
2.602634727954864502e-01
2.626399099826812744e-01
2.338829487562179565e-01
2.287257164716720581e-01
4.467808306217193604e-01
2.990106642246246338e-01
3.716245591640472412e-01
3.857778012752532959e-01
3.817620277404785156e-01
4.539152085781097412e-01
3.396112918853759766e-01
4.077941477298736572e-01
4.767290651798248291e-01
2.926292121410369873e-01
2.566510736942291260e-01
4.028959572315216064e-01
4.736058413982391357e-01
3.497984409332275391e-01
3.771591186523437500e-01
3.447172939777374268e-01
2.865643799304962158e-01
3.662173748016357422e-01
3.080509603023529053e-01
2.945880591869354248e-01
2.784981429576873779e-01
3.512176275253295898e-01
2.765806615352630615e-01
3.062479496002197266e-01
5.111104249954223633e-01
2.716813087463378906e-01
3.840036392211914062e-01
4.402798116207122803e-01
2.993365824222564697e-01
2.969656288623809814e-01
4.129627943038940430e-01
3.775461018085479736e-01
3.194327056407928467e-01
3.759788572788238525e-01
3.313386738300323486e-01
3.362342417240142822e-01
3.433801233768463135e-01
3.480155467987060547e-01
3.126175701618194580e-01
3.171420395374298096e-01
3.190834224224090576e-01
2.895536422729492188e-01
2.409502267837524414e-01
4.222576916217803955e-01
4.101814329624176025e-01
4.651659429073333740e-01
4.559283256530761719e-01
4.347673952579498291e-01
4.218288958072662354e-01
3.858110904693603516e-01
2.639762461185455322e-01
3.808740675449371338e-01
3.988841772079467773e-01
3.533689975738525391e-01
3.048287630081176758e-01
3.648875653743743896e-01
2.471694499254226685e-01
3.515214025974273682e-01
3.126741945743560791e-01
3.354381322860717773e-01
5.037845969200134277e-01
2.931693494319915771e-01
2.614850699901580811e-01
4.549717903137207031e-01
3.584429323673248291e-01
2.554351985454559326e-01
3.686963021755218506e-01
2.733570039272308350e-01
2.317072898149490356e-01
3.105707168579101562e-01
3.040602207183837891e-01
3.654846847057342529e-01
2.214252203702926636e-01
5.456526279449462891e-01
3.222826719284057617e-01
3.305176794528961182e-01
3.424103260040283203e-01
3.892384767532348633e-01
3.460404872894287109e-01
3.419775068759918213e-01
3.088830411434173584e-01
3.674147427082061768e-01
3.514124453067779541e-01
3.203981220722198486e-01
4.046919345855712891e-01
3.431144654750823975e-01
3.360755145549774170e-01
4.399768412113189697e-01
6.342796683311462402e-01
3.842410743236541748e-01
2.441062927246093750e-01
2.630707025527954102e-01
2.726646363735198975e-01
2.672365903854370117e-01
4.243359863758087158e-01
2.275000065565109253e-01
3.305255770683288574e-01
3.047204315662384033e-01
3.347992002964019775e-01
3.953788578510284424e-01
3.578182458877563477e-01
3.265339136123657227e-01
4.331691265106201172e-01
3.073591887950897217e-01
3.593292236328125000e-01
3.502461910247802734e-01
2.284936159849166870e-01
3.210838735103607178e-01
2.234264612197875977e-01
4.104115664958953857e-01
3.535339832305908203e-01
2.457098215818405151e-01
3.465446531772613525e-01
2.986817955970764160e-01
4.124774634838104248e-01
3.155609071254730225e-01
3.570306599140167236e-01
3.819292485713958740e-01
3.866893351078033447e-01
2.523957490921020508e-01
2.291294783353805542e-01
4.244077205657958984e-01
3.742338120937347412e-01
2.943601310253143311e-01
3.459267914295196533e-01
2.329346090555191040e-01
3.067739903926849365e-01
2.558239400386810303e-01
3.235587179660797119e-01
3.598854541778564453e-01
2.837682664394378662e-01
3.140243291854858398e-01
4.065036773681640625e-01
3.972943723201751709e-01
4.356912076473236084e-01
3.631713390350341797e-01
3.281480371952056885e-01
4.147048294544219971e-01
2.562174499034881592e-01
2.714381515979766846e-01
2.942021191120147705e-01
2.692846953868865967e-01
3.382093906402587891e-01
3.544761240482330322e-01
3.664017617702484131e-01
4.008152484893798828e-01
3.568340539932250977e-01
3.507820665836334229e-01
2.586750686168670654e-01
3.064628541469573975e-01
3.283945620059967041e-01
2.928992509841918945e-01
3.170034587383270264e-01
3.089131414890289307e-01
3.266116082668304443e-01
5.635226368904113770e-01
4.055450856685638428e-01
3.125415444374084473e-01
3.657346069812774658e-01
3.187803924083709717e-01
3.294490575790405273e-01
3.783855736255645752e-01
3.179185986518859863e-01
7.746518254280090332e-01
3.547251522541046143e-01
2.321354150772094727e-01
3.652435243129730225e-01
3.073772788047790527e-01
3.746852874755859375e-01
3.074771165847778320e-01
2.745499908924102783e-01
3.293208181858062744e-01
2.771371603012084961e-01
2.887233197689056396e-01
3.196009397506713867e-01
3.757337331771850586e-01
3.751872479915618896e-01
2.533906996250152588e-01
3.165592253208160400e-01
3.416315615177154541e-01
3.351514637470245361e-01
2.961644828319549561e-01
3.450835645198822021e-01
5.054738521575927734e-01
4.536283910274505615e-01
3.739489316940307617e-01
3.067019581794738770e-01
3.014369606971740723e-01
3.509140312671661377e-01
3.289864659309387207e-01
2.853882908821105957e-01
3.039483129978179932e-01
2.451987266540527344e-01
3.613568246364593506e-01
3.918133676052093506e-01
4.188146591186523438e-01
3.984010219573974609e-01
2.728276252746582031e-01
3.773201704025268555e-01
3.440794944763183594e-01
2.672230303287506104e-01
4.864443242549896240e-01
3.862673342227935791e-01
3.949186801910400391e-01
3.262204527854919434e-01
2.770851254463195801e-01
2.682504355907440186e-01
2.486350536346435547e-01
3.602974414825439453e-01
3.488471210002899170e-01
4.652161896228790283e-01
3.228691518306732178e-01
2.939103841781616211e-01
4.199289381504058838e-01
2.719774544239044189e-01
2.692649960517883301e-01
3.278565406799316406e-01
5.226499438285827637e-01
3.593684434890747070e-01
3.249025642871856689e-01
3.248542845249176025e-01
3.168278932571411133e-01
3.680213987827301025e-01
3.853346407413482666e-01
2.731117904186248779e-01
2.900518178939819336e-01
4.545520246028900146e-01
3.029200732707977295e-01
2.653214037418365479e-01
2.974723577499389648e-01
3.945907354354858398e-01
3.356560170650482178e-01
3.836623728275299072e-01
3.596291542053222656e-01
3.734938800334930420e-01
2.907900214195251465e-01
2.760106027126312256e-01
2.295431643724441528e-01
3.615694940090179443e-01
2.737452089786529541e-01
2.179457396268844604e-01
3.373848199844360352e-01
3.743952810764312744e-01
3.357883989810943604e-01
3.631542921066284180e-01
2.655506432056427002e-01
2.837621569633483887e-01
3.290165364742279053e-01
2.648987770080566406e-01
3.702379763126373291e-01
3.663428723812103271e-01
3.551151454448699951e-01
2.766750752925872803e-01
2.322275191545486450e-01
3.015344440937042236e-01
2.593338787555694580e-01
2.536236941814422607e-01
3.153252601623535156e-01
3.928203880786895752e-01
4.090303182601928711e-01
3.831413984298706055e-01
4.319282472133636475e-01
3.510579168796539307e-01
3.243828713893890381e-01
3.531717360019683838e-01
3.492416441440582275e-01
6.014397740364074707e-01
2.593580484390258789e-01
3.971644341945648193e-01
3.584699630737304688e-01
4.243083894252777100e-01
3.375809192657470703e-01
3.286816775798797607e-01
3.080960214138031006e-01
3.253228664398193359e-01
2.199252396821975708e-01
2.829624116420745850e-01
3.562930822372436523e-01
3.414880037307739258e-01
3.275405466556549072e-01
2.421681135892868042e-01
2.840435504913330078e-01
2.690598666667938232e-01
3.415263593196868896e-01
4.145768582820892334e-01
2.164880186319351196e-01
3.306268751621246338e-01
2.422784715890884399e-01
2.712334096431732178e-01
4.228998124599456787e-01
2.985716164112091064e-01
2.444675713777542114e-01
3.943117856979370117e-01
3.598806858062744141e-01
3.131084144115447998e-01
3.048036396503448486e-01
3.529079854488372803e-01
3.837110996246337891e-01
3.992730379104614258e-01
3.676993846893310547e-01
3.160346448421478271e-01
3.840149939060211182e-01
4.137240350246429443e-01
3.202415406703948975e-01
3.620636761188507080e-01
2.709123790264129639e-01
3.210978209972381592e-01
2.696723043918609619e-01
4.344445168972015381e-01
5.249525904655456543e-01
3.625744879245758057e-01
3.952480852603912354e-01
4.572759568691253662e-01
4.546046257019042969e-01
3.981293737888336182e-01
3.450467586517333984e-01
2.862800657749176025e-01
3.187327682971954346e-01
3.417467176914215088e-01
3.822002112865447998e-01
4.359771311283111572e-01
4.040253460407257080e-01
3.865764141082763672e-01
3.284566104412078857e-01
3.553582727909088135e-01
2.520153522491455078e-01
2.824649810791015625e-01
4.529772996902465820e-01
2.322312742471694946e-01
3.828947842121124268e-01
3.649140298366546631e-01
2.963391840457916260e-01
3.641706705093383789e-01
2.740707695484161377e-01
4.459145069122314453e-01
2.563582360744476318e-01
3.064137399196624756e-01
3.483431637287139893e-01
2.826651632785797119e-01
4.035990238189697266e-01
2.562358677387237549e-01
3.886000216007232666e-01
5.182324051856994629e-01
3.128773272037506104e-01
3.520261943340301514e-01
3.470931947231292725e-01
3.339736461639404297e-01
3.511619567871093750e-01
3.292720913887023926e-01
3.515278995037078857e-01
2.733625471591949463e-01
3.778162896633148193e-01
4.915257692337036133e-01
3.482606410980224609e-01
3.461139500141143799e-01
3.876591622829437256e-01
5.031470060348510742e-01
3.933994472026824951e-01
3.786164224147796631e-01
3.652994930744171143e-01
3.007113039493560791e-01
3.608453273773193359e-01
8.674017786979675293e-01
3.684962689876556396e-01
4.126706421375274658e-01
3.365344107151031494e-01
3.117413818836212158e-01
2.926217615604400635e-01
2.717171013355255127e-01
3.923434913158416748e-01
2.428019791841506958e-01
3.594872057437896729e-01
3.132053613662719727e-01
3.232760727405548096e-01
3.553502559661865234e-01
3.140611350536346436e-01
3.196930289268493652e-01
3.695580065250396729e-01
4.310388565063476562e-01
3.399196863174438477e-01
2.539707720279693604e-01
4.350660145282745361e-01
3.236722648143768311e-01
4.112399518489837646e-01
3.144427537918090820e-01
3.276704251766204834e-01
3.661537170410156250e-01
2.861548960208892822e-01
2.735678851604461670e-01
3.282599151134490967e-01
2.929257452487945557e-01
2.868160009384155273e-01
3.726546466350555420e-01
3.241057693958282471e-01
3.378476202487945557e-01
3.028031289577484131e-01
2.923570573329925537e-01
3.370414674282073975e-01
3.861433565616607666e-01
3.118610680103302002e-01
2.736733853816986084e-01
3.479333221912384033e-01
3.102127313613891602e-01
3.528784215450286865e-01
2.948714792728424072e-01
3.466322720050811768e-01
2.611842453479766846e-01
2.781040370464324951e-01
2.743932902812957764e-01
3.129609823226928711e-01
3.155515491962432861e-01
4.551244676113128662e-01
3.277755081653594971e-01
2.237443476915359497e-01
5.580381155014038086e-01
3.696396052837371826e-01
4.497219026088714600e-01
2.745900750160217285e-01
3.898335397243499756e-01
5.128955245018005371e-01
2.736449837684631348e-01
3.536399602890014648e-01
3.816558122634887695e-01
3.135685026645660400e-01
3.455823957920074463e-01
3.200765848159790039e-01
3.217734396457672119e-01
3.290180861949920654e-01
2.883921861648559570e-01
2.990714311599731445e-01
3.636210858821868896e-01
3.419741392135620117e-01
3.537459671497344971e-01
4.165078103542327881e-01
3.925410807132720947e-01
2.269774675369262695e-01
4.545129239559173584e-01
3.541732728481292725e-01
3.654094934463500977e-01
4.098245799541473389e-01
3.211464583873748779e-01
3.162329494953155518e-01
3.513855040073394775e-01
3.057009279727935791e-01
3.396088778972625732e-01
3.691730499267578125e-01
2.699840366840362549e-01
2.985628545284271240e-01
3.384985625743865967e-01
4.693613350391387939e-01
3.631714880466461182e-01
3.298607170581817627e-01
3.453595340251922607e-01
3.101661503314971924e-01
3.202407658100128174e-01
4.692383706569671631e-01
3.580633699893951416e-01
2.681924998760223389e-01
2.882393598556518555e-01
3.471831083297729492e-01
3.447137773036956787e-01
2.864880859851837158e-01
3.106707632541656494e-01
2.570851147174835205e-01
3.521679937839508057e-01
3.168587088584899902e-01
2.331221550703048706e-01
4.083265364170074463e-01
4.976226091384887695e-01
2.918686866760253906e-01
2.903614342212677002e-01
2.811493873596191406e-01
2.696313261985778809e-01
3.435275256633758545e-01
3.580209016799926758e-01
4.410865306854248047e-01
3.846350014209747314e-01
2.918602228164672852e-01
2.881554365158081055e-01
3.308439254760742188e-01
3.271240890026092529e-01
3.430968523025512695e-01
2.535398304462432861e-01
3.415819704532623291e-01
2.495230436325073242e-01
3.172316551208496094e-01
2.549692988395690918e-01
4.014308452606201172e-01
3.356583118438720703e-01
2.852583825588226318e-01
3.658095896244049072e-01
2.955199480056762695e-01
2.790813744068145752e-01
2.738541662693023682e-01
4.038269817829132080e-01
2.443491965532302856e-01
3.081879317760467529e-01
2.595065534114837646e-01
4.494197368621826172e-01
3.194810152053833008e-01
4.048352241516113281e-01
3.574573993682861328e-01
3.272479772567749023e-01
3.973115980625152588e-01
2.427914887666702271e-01
3.019088208675384521e-01
3.412396609783172607e-01
2.860553264617919922e-01
2.750015556812286377e-01
2.400837540626525879e-01
3.629239797592163086e-01
2.472159117460250854e-01
2.723597288131713867e-01
3.109477162361145020e-01
3.227562904357910156e-01
3.814683258533477783e-01
3.740996420383453369e-01
4.606993198394775391e-01
3.512468338012695312e-01
3.860853016376495361e-01
2.866057753562927246e-01
3.084539473056793213e-01
3.019086718559265137e-01
4.300041496753692627e-01
3.363314568996429443e-01
3.072570264339447021e-01
2.596520483493804932e-01
2.789909541606903076e-01
3.006340563297271729e-01
2.694837749004364014e-01
3.543192148208618164e-01
2.935862243175506592e-01
3.173444271087646484e-01
3.116848766803741455e-01
3.333649635314941406e-01
2.750119864940643311e-01
2.998472750186920166e-01
3.644382655620574951e-01
3.862046301364898682e-01
3.093319833278656006e-01
4.136825501918792725e-01
3.202531039714813232e-01
2.842324078083038330e-01
2.431566566228866577e-01
2.688632607460021973e-01
4.531993865966796875e-01
3.290639221668243408e-01
2.465869635343551636e-01
3.778845071792602539e-01
3.112717270851135254e-01
2.946936786174774170e-01
3.257169425487518311e-01
2.921928465366363525e-01
3.097600936889648438e-01
3.878606259822845459e-01
3.294125199317932129e-01
3.962561786174774170e-01
3.236387968063354492e-01
3.041441738605499268e-01
2.678526639938354492e-01
3.726651966571807861e-01
3.966526985168457031e-01
2.957433760166168213e-01
3.918913602828979492e-01
2.501391470432281494e-01
3.276180922985076904e-01
2.471600770950317383e-01
3.291761875152587891e-01
3.017246425151824951e-01
3.979435861110687256e-01
3.379833400249481201e-01
3.253762125968933105e-01
2.472541928291320801e-01
3.067785203456878662e-01
3.592274188995361328e-01
5.915692448616027832e-01
3.137024343013763428e-01
2.693198025226593018e-01
3.543434143066406250e-01
3.045012056827545166e-01
2.358311265707015991e-01
3.353673219680786133e-01
3.955374956130981445e-01
3.438880443572998047e-01
2.039651125669479370e-01
2.663515806198120117e-01
5.329918265342712402e-01
3.417482078075408936e-01
3.883579671382904053e-01
3.266175091266632080e-01
3.354786336421966553e-01
4.365693628787994385e-01
3.095737993717193604e-01
2.131394743919372559e-01
2.499165087938308716e-01
3.089058399200439453e-01
2.591144144535064697e-01
2.860954105854034424e-01
3.185633718967437744e-01
3.555316925048828125e-01
3.899173438549041748e-01
3.290265500545501709e-01
4.692078828811645508e-01
2.788903713226318359e-01
3.339805305004119873e-01
3.446459472179412842e-01
3.175328075885772705e-01
3.113032281398773193e-01
3.366750776767730713e-01
4.438038170337677002e-01
4.362592697143554688e-01
4.392205774784088135e-01
3.666892051696777344e-01
3.806585073471069336e-01
2.818347215652465820e-01
2.676552832126617432e-01
2.999052703380584717e-01
7.168082594871520996e-01
3.170408904552459717e-01
3.301933705806732178e-01
4.806985855102539062e-01
2.372225373983383179e-01
3.459574878215789795e-01
3.898138999938964844e-01
3.847338259220123291e-01
3.458253443241119385e-01
3.950053751468658447e-01
3.929592072963714600e-01
2.468743324279785156e-01
4.144783914089202881e-01
3.486727774143218994e-01
2.846393883228302002e-01
4.731612503528594971e-01
4.369666576385498047e-01
2.692978978157043457e-01
3.170081377029418945e-01
2.628179490566253662e-01
5.895996689796447754e-01
3.213923871517181396e-01
4.427545070648193359e-01
2.821112871170043945e-01
3.219600617885589600e-01
3.402115404605865479e-01
3.517405688762664795e-01
3.069861829280853271e-01
3.426449298858642578e-01
3.844090402126312256e-01
4.015305936336517334e-01
3.708362579345703125e-01
4.188772737979888916e-01
6.124671697616577148e-01
2.954114973545074463e-01
2.544012367725372314e-01
4.269613325595855713e-01
3.035849034786224365e-01
3.617413043975830078e-01
3.636450767517089844e-01
3.973516225814819336e-01
4.355089664459228516e-01
3.367451131343841553e-01
2.893862128257751465e-01
3.008211553096771240e-01
3.691554367542266846e-01
4.505206048488616943e-01
3.252275288105010986e-01
3.645162582397460938e-01
2.949899435043334961e-01
3.110367357730865479e-01
3.661847114562988281e-01
4.285457134246826172e-01
2.435637563467025757e-01
3.295797407627105713e-01
3.234560787677764893e-01
3.484658896923065186e-01
2.775657474994659424e-01
2.362513095140457153e-01
2.655917704105377197e-01
3.175676465034484863e-01
4.141197502613067627e-01
4.350855350494384766e-01
2.888714373111724854e-01
2.520910203456878662e-01
2.670919001102447510e-01
4.684988558292388916e-01
2.614321410655975342e-01
3.077431023120880127e-01
3.468936383724212646e-01
3.599418103694915771e-01
3.278290331363677979e-01
3.316116631031036377e-01
3.117127120494842529e-01
2.417467087507247925e-01
2.924481034278869629e-01
3.204429745674133301e-01
3.267797231674194336e-01
2.223985642194747925e-01
2.274632006883621216e-01
2.272579222917556763e-01
2.884457707405090332e-01
3.124566376209259033e-01
2.946722209453582764e-01
2.272028177976608276e-01
2.957177460193634033e-01
4.320970475673675537e-01
2.989604175090789795e-01
4.096786081790924072e-01
2.548873126506805420e-01
2.920786440372467041e-01
2.847378253936767578e-01
3.198392987251281738e-01
2.470669150352478027e-01
3.776937425136566162e-01
3.760925829410552979e-01
3.502236902713775635e-01
3.603158891201019287e-01
2.967890202999114990e-01
3.494047224521636963e-01
7.982494235038757324e-01
3.349004089832305908e-01
2.819283902645111084e-01
2.123907059431076050e-01
4.438655376434326172e-01
3.527753353118896484e-01
3.340070247650146484e-01
3.194971382617950439e-01
3.097147047519683838e-01
2.584682404994964600e-01
3.597176074981689453e-01
4.045301675796508789e-01
3.635569810867309570e-01
3.623201847076416016e-01
3.155846595764160156e-01
2.805677056312561035e-01
4.889644682407379150e-01
3.200041353702545166e-01
2.474104911088943481e-01
2.865044772624969482e-01
4.226823747158050537e-01
3.129264116287231445e-01
2.486226409673690796e-01
3.852880001068115234e-01
2.380525916814804077e-01
2.991141974925994873e-01
4.074759781360626221e-01
3.910432755947113037e-01
3.884420096874237061e-01
3.959380090236663818e-01
3.830008804798126221e-01
2.812818586826324463e-01
2.945272922515869141e-01
8.180056214332580566e-01
3.095921874046325684e-01
4.209973812103271484e-01
3.968953192234039307e-01
4.719702005386352539e-01
3.610890209674835205e-01
2.843051254749298096e-01
4.110797643661499023e-01
3.673425614833831787e-01
4.343245923519134521e-01
3.281010687351226807e-01
3.744787871837615967e-01
4.321758747100830078e-01
5.461667180061340332e-01
1.349902987480163574e+00
3.454400599002838135e-01
4.925960600376129150e-01
3.235130608081817627e-01
3.679453432559967041e-01
3.030036687850952148e-01
2.508295178413391113e-01
3.352113664150238037e-01
3.502080142498016357e-01
4.256939589977264404e-01
2.621115446090698242e-01
2.931542694568634033e-01
4.291997253894805908e-01
4.236271083354949951e-01
3.577704429626464844e-01
5.692972540855407715e-01
3.143167197704315186e-01
3.087869584560394287e-01
4.310378730297088623e-01
5.263057947158813477e-01
3.196559250354766846e-01
3.115572631359100342e-01
3.818230926990509033e-01
3.450147807598114014e-01
3.705804646015167236e-01
2.997834086418151855e-01
4.153273999691009521e-01
3.610303401947021484e-01
3.188427686691284180e-01
3.637535274028778076e-01
2.974925935268402100e-01
2.773154079914093018e-01
3.651858568191528320e-01
3.310809731483459473e-01
2.309517115354537964e-01
3.223880529403686523e-01
4.907202720642089844e-01
3.826723992824554443e-01
3.004249632358551025e-01
3.076504766941070557e-01
3.762310445308685303e-01
3.989157974720001221e-01
3.179628551006317139e-01
4.891190230846405029e-01
4.666717946529388428e-01
2.543072998523712158e-01
3.243784606456756592e-01
4.207161366939544678e-01
2.437748163938522339e-01
1.743874549865722656e-01
2.772498726844787598e-01
3.505930602550506592e-01
3.907890319824218750e-01
3.271618187427520752e-01
3.211165368556976318e-01
3.099486231803894043e-01
4.066282510757446289e-01
7.546622753143310547e-01
3.181422650814056396e-01
3.018180727958679199e-01
3.814227581024169922e-01
3.215065598487854004e-01
3.370961844921112061e-01
3.831309378147125244e-01
3.857740461826324463e-01
2.508675754070281982e-01
3.891953229904174805e-01
2.499436289072036743e-01
3.163017928600311279e-01
2.309038788080215454e-01
4.227629601955413818e-01
3.074487745761871338e-01
2.907595634460449219e-01
3.583752214908599854e-01
3.359830081462860107e-01
2.498105019330978394e-01
4.356378018856048584e-01
3.792134523391723633e-01
5.063737034797668457e-01
2.476272433996200562e-01
3.177928328514099121e-01
3.313120305538177490e-01
4.273730516433715820e-01
3.162468969821929932e-01
2.949612438678741455e-01
2.998776435852050781e-01
3.063106834888458252e-01
2.303986102342605591e-01
3.716837465763092041e-01
3.735819160938262939e-01
3.466121256351470947e-01
2.331287115812301636e-01
2.370888441801071167e-01
3.517321050167083740e-01
3.942920267581939697e-01
3.530021607875823975e-01
3.987120091915130615e-01
2.959172427654266357e-01
3.062479496002197266e-01
3.261133134365081787e-01
3.301817476749420166e-01
2.716985046863555908e-01
2.627283632755279541e-01
2.877321839332580566e-01
2.933321893215179443e-01
2.275317162275314331e-01
6.110809445381164551e-01
3.107077181339263916e-01
3.759836256504058838e-01
3.131865859031677246e-01
3.477660715579986572e-01
4.270013272762298584e-01
4.564558565616607666e-01
2.771773338317871094e-01
3.990444242954254150e-01
2.524610757827758789e-01
3.938629627227783203e-01
3.036629259586334229e-01
3.218571245670318604e-01
3.280738890171051025e-01
4.202952384948730469e-01
3.129354715347290039e-01
2.424155324697494507e-01
3.511065542697906494e-01
5.228914618492126465e-01
3.080917894840240479e-01
3.603442907333374023e-01
2.395207881927490234e-01
4.030039310455322266e-01
2.852935791015625000e-01
4.424766302108764648e-01
3.201712667942047119e-01
3.580546677112579346e-01
3.634035587310791016e-01
3.273344337940216064e-01
3.201371729373931885e-01
2.464325428009033203e-01
3.791215419769287109e-01
3.684593141078948975e-01
3.189620077610015869e-01
3.806445896625518799e-01
3.963910043239593506e-01
3.984527289867401123e-01
4.187407493591308594e-01
4.311333596706390381e-01
2.625708281993865967e-01
3.649029731750488281e-01
2.862224578857421875e-01
2.115509957075119019e-01
2.332654744386672974e-01
3.990025520324707031e-01
2.549934387207031250e-01
2.752440273761749268e-01
2.621841132640838623e-01
2.756575644016265869e-01
2.877005636692047119e-01
2.868619859218597412e-01
4.352796077728271484e-01
4.199868738651275635e-01
3.842871487140655518e-01
3.072105050086975098e-01
3.813760578632354736e-01
3.825682699680328369e-01
2.499085217714309692e-01
3.142733275890350342e-01
3.916273117065429688e-01
3.358092308044433594e-01
2.938122451305389404e-01
3.022423684597015381e-01
2.777471542358398438e-01
3.277127146720886230e-01
3.079287707805633545e-01
3.315825164318084717e-01
3.394728899002075195e-01
3.049342930316925049e-01
2.801649272441864014e-01
2.457729429006576538e-01
2.934911549091339111e-01
4.185917377471923828e-01
3.915893733501434326e-01
2.533351480960845947e-01
3.937909305095672607e-01
3.963766098022460938e-01
3.442449569702148438e-01
3.077673614025115967e-01
3.379687368869781494e-01
3.022725582122802734e-01
2.298749238252639771e-01
2.920042276382446289e-01
4.227105081081390381e-01
3.544209003448486328e-01
2.733812034130096436e-01
3.683344423770904541e-01
3.412425816059112549e-01
2.935709059238433838e-01
3.495461940765380859e-01
4.681112468242645264e-01
3.254020214080810547e-01
3.290831744670867920e-01
3.533146381378173828e-01
2.677960395812988281e-01
4.489961862564086914e-01
2.785434424877166748e-01
4.408445656299591064e-01
3.799926340579986572e-01
3.143766820430755615e-01
3.248790204524993896e-01
2.937049865722656250e-01
4.192818403244018555e-01
3.944759070873260498e-01
3.242479860782623291e-01
3.100115358829498291e-01
3.187108933925628662e-01
3.270339369773864746e-01
2.916571199893951416e-01
7.134446501731872559e-01
4.040411412715911865e-01
4.141821861267089844e-01
3.033418953418731689e-01
3.086162507534027100e-01
2.608066499233245850e-01
3.752835988998413086e-01
3.838793933391571045e-01
3.916872441768646240e-01
2.824086248874664307e-01
3.109961450099945068e-01
2.990769147872924805e-01
3.261764943599700928e-01
3.343781530857086182e-01
2.579354345798492432e-01
3.483110368251800537e-01
3.621180057525634766e-01
2.785566747188568115e-01
3.242425620555877686e-01
3.391151130199432373e-01
2.459136247634887695e-01
3.202160298824310303e-01
3.211249411106109619e-01
4.181355535984039307e-01
3.951133191585540771e-01
2.770150899887084961e-01
4.267548024654388428e-01
4.007789194583892822e-01
2.336766272783279419e-01
4.166139364242553711e-01
3.113292753696441650e-01
2.640120089054107666e-01
4.136338233947753906e-01
3.059150278568267822e-01
2.664745151996612549e-01
4.331476688385009766e-01
3.323486447334289551e-01
3.774507939815521240e-01
2.896974086761474609e-01
3.403315544128417969e-01
3.083104491233825684e-01
2.120395898818969727e-01
4.206596910953521729e-01
3.322841227054595947e-01
3.833322227001190186e-01
3.901316821575164795e-01
4.021125733852386475e-01
2.435672432184219360e-01
4.065243899822235107e-01
3.554919660091400146e-01
3.212355673313140869e-01
5.108466744422912598e-01
4.348638057708740234e-01
4.507935345172882080e-01
2.954316437244415283e-01
2.403206080198287964e-01
3.224998116493225098e-01
4.284691810607910156e-01
3.997739255428314209e-01
3.393884897232055664e-01
2.835004627704620361e-01
4.647165834903717041e-01
2.455037683248519897e-01
2.559510767459869385e-01
2.934192121028900146e-01
3.081476986408233643e-01
1.942683309316635132e-01
3.582445681095123291e-01
2.518072426319122314e-01
4.817541837692260742e-01
3.357858657836914062e-01
6.113403439521789551e-01
3.276799619197845459e-01
4.392569065093994141e-01
3.157580196857452393e-01
3.031719923019409180e-01
2.619436681270599365e-01
2.140845507383346558e-01
3.382523953914642334e-01
5.697885751724243164e-01
2.912907302379608154e-01
2.468816041946411133e-01
4.491946697235107422e-01
2.721481621265411377e-01
2.332019805908203125e-01
3.211387991905212402e-01
1.846290379762649536e-01
3.842016756534576416e-01
2.969711720943450928e-01
3.617570400238037109e-01
3.424588739871978760e-01
2.861232459545135498e-01
2.796153128147125244e-01
3.766201436519622803e-01
3.066110908985137939e-01
3.653028309345245361e-01
3.605046272277832031e-01
3.939330577850341797e-01
2.434567660093307495e-01
3.020108044147491455e-01
3.893406391143798828e-01
3.652184903621673584e-01
4.629190862178802490e-01
3.959238529205322266e-01
4.003772735595703125e-01
2.587727606296539307e-01
2.807404100894927979e-01
2.986310422420501709e-01
2.834903299808502197e-01
3.555011749267578125e-01
2.569209337234497070e-01
2.215870171785354614e-01
3.075174391269683838e-01
3.340271413326263428e-01
2.558968365192413330e-01
5.509852170944213867e-01
2.508605420589447021e-01
4.199890792369842529e-01
3.537275791168212891e-01
3.397120535373687744e-01
4.007105529308319092e-01
3.024137914180755615e-01
3.881819248199462891e-01
3.878889977931976318e-01
4.678379595279693604e-01
3.470454216003417969e-01
2.579950392246246338e-01
3.665908277034759521e-01
3.162277638912200928e-01
2.935116291046142578e-01
3.600772321224212646e-01
3.432344496250152588e-01
3.136517107486724854e-01
3.148657381534576416e-01
3.314116895198822021e-01
4.429348409175872803e-01
3.965315818786621094e-01
3.402666747570037842e-01
2.797740399837493896e-01
3.978686332702636719e-01
2.122629135847091675e-01
2.780896127223968506e-01
2.618443965911865234e-01
3.052541613578796387e-01
3.291592597961425781e-01
4.413442611694335938e-01
2.848467230796813965e-01
3.460416495800018311e-01
3.938288390636444092e-01
3.060967624187469482e-01
3.558886051177978516e-01
3.328312933444976807e-01
3.388241827487945557e-01
3.473016321659088135e-01
4.281277954578399658e-01
3.126231729984283447e-01
2.730540037155151367e-01
3.092188537120819092e-01
2.378533482551574707e-01
2.774609029293060303e-01
2.596247494220733643e-01
4.190126657485961914e-01
3.885414600372314453e-01
2.755278348922729492e-01
3.127304017543792725e-01
2.746363580226898193e-01
3.674690723419189453e-01
2.988761663436889648e-01
3.440841436386108398e-01
2.939299941062927246e-01
2.946707308292388916e-01
2.157313972711563110e-01
3.345623314380645752e-01
3.359166085720062256e-01
4.189971983432769775e-01
2.974454164505004883e-01
4.781970083713531494e-01
2.349327057600021362e-01
2.610868513584136963e-01
3.914200961589813232e-01
2.840313017368316650e-01
2.461826056241989136e-01
2.856343686580657959e-01
3.046663999557495117e-01
2.616271972656250000e-01
3.401024043560028076e-01
3.186101615428924561e-01
3.307639360427856445e-01
3.925131261348724365e-01
2.834249138832092285e-01
2.334720641374588013e-01
2.916940748691558838e-01
2.598955333232879639e-01
3.917209804058074951e-01
2.352585345506668091e-01
4.385416507720947266e-01
3.750605583190917969e-01
2.920354604721069336e-01
7.015888094902038574e-01
2.390306442975997925e-01
4.113092422485351562e-01
2.272691279649734497e-01
3.579454421997070312e-01
2.630588412284851074e-01
2.406318187713623047e-01
3.014570772647857666e-01
2.536182403564453125e-01
4.546608030796051025e-01
2.710485160350799561e-01
2.451016902923583984e-01
4.001581668853759766e-01
3.619838058948516846e-01
3.540288209915161133e-01
3.033513128757476807e-01
3.970065414905548096e-01
4.222882091999053955e-01
2.653334438800811768e-01
3.183557987213134766e-01
3.037897050380706787e-01
2.775450646877288818e-01
2.881512343883514404e-01
2.762908637523651123e-01
2.401794195175170898e-01
3.542592525482177734e-01
4.609932005405426025e-01
3.004248142242431641e-01
4.635488986968994141e-01
3.261741101741790771e-01
4.162670373916625977e-01
4.097591340541839600e-01
2.525935173034667969e-01
3.854520320892333984e-01
2.686019241809844971e-01
3.146254718303680420e-01
2.977029383182525635e-01
3.912839591503143311e-01
2.644875645637512207e-01
3.135407269001007080e-01
3.837994337081909180e-01
3.451182842254638672e-01
3.003376424312591553e-01
3.335009515285491943e-01
2.434406280517578125e-01
3.042920529842376709e-01
3.408937454223632812e-01
2.678070664405822754e-01
2.750435769557952881e-01
4.573975503444671631e-01
2.731736600399017334e-01
3.314205408096313477e-01
3.062422275543212891e-01
3.286109268665313721e-01
2.996934652328491211e-01
3.992416560649871826e-01
5.959181785583496094e-01
2.580696940422058105e-01
3.434080779552459717e-01
3.640078306198120117e-01
4.072884619235992432e-01
3.964810073375701904e-01
3.668305873870849609e-01
3.051102757453918457e-01
3.492199182510375977e-01
4.038435518741607666e-01
2.416579276323318481e-01
4.100620746612548828e-01
3.546014726161956787e-01
2.969446480274200439e-01
2.557712495326995850e-01
3.445715904235839844e-01
3.828235864639282227e-01
3.545575439929962158e-01
2.991556525230407715e-01
2.451470643281936646e-01
3.749802410602569580e-01
3.021424114704132080e-01
2.750860452651977539e-01
2.846247851848602295e-01
4.472763836383819580e-01
3.474716246128082275e-01
3.677437007427215576e-01
3.411897420883178711e-01
3.588602542877197266e-01
2.962062656879425049e-01
3.262620270252227783e-01
4.285410940647125244e-01
3.669317960739135742e-01
4.675151407718658447e-01
3.058947622776031494e-01
3.914515078067779541e-01
3.144513666629791260e-01
4.030296504497528076e-01
2.896880805492401123e-01
2.575261294841766357e-01
4.760332107543945312e-01
3.232261538505554199e-01
3.036623895168304443e-01
3.635346889495849609e-01
2.988834679126739502e-01
3.652638494968414307e-01
3.449067175388336182e-01
4.531767368316650391e-01
3.630707859992980957e-01
