1.085399463772773743e-01
1.085957661271095276e-01
1.086305379867553711e-01
1.063639000058174133e-01
1.089946031570434570e-01
1.096424236893653870e-01
1.091106608510017395e-01
1.117079481482505798e-01
1.156079247593879700e-01
1.038965582847595215e-01
1.135177388787269592e-01
1.049372479319572449e-01
1.056756675243377686e-01
1.110011041164398193e-01
1.045474335551261902e-01
1.058456301689147949e-01
1.055245026946067810e-01
1.145252808928489685e-01
1.096056103706359863e-01
1.065733060240745544e-01
1.090420261025428772e-01
1.107440218329429626e-01
1.053921058773994446e-01
1.041960194706916809e-01
1.189370378851890564e-01
1.120007336139678955e-01
1.113639473915100098e-01
1.070704460144042969e-01
1.020550951361656189e-01
1.175646483898162842e-01
1.005805656313896179e-01
1.072979196906089783e-01
1.095435023307800293e-01
1.142117455601692200e-01
1.074953153729438782e-01
1.163092851638793945e-01
1.149642392992973328e-01
1.119447350502014160e-01
1.063409224152565002e-01
1.129735484719276428e-01
1.087765470147132874e-01
1.029860749840736389e-01
1.015509665012359619e-01
1.142069473862648010e-01
1.080482378602027893e-01
1.062895059585571289e-01
1.085600629448890686e-01
1.185096502304077148e-01
1.069841608405113220e-01
1.101645231246948242e-01
1.115589812397956848e-01
1.109350249171257019e-01
1.078279092907905579e-01
1.093668937683105469e-01
1.111465469002723694e-01
1.165588796138763428e-01
1.141676604747772217e-01
1.128377094864845276e-01
1.245100498199462891e-01
1.167557537555694580e-01
1.102790758013725281e-01
1.101980805397033691e-01
1.103683337569236755e-01
1.087770164012908936e-01
1.213675960898399353e-01
1.149295046925544739e-01
1.147358641028404236e-01
1.140546128153800964e-01
1.089338436722755432e-01
1.116593107581138611e-01
1.137615516781806946e-01
1.159121766686439514e-01
1.090227365493774414e-01
1.175844073295593262e-01
1.111438870429992676e-01
1.069659963250160217e-01
1.171060130000114441e-01
1.076356843113899231e-01
1.149856224656105042e-01
1.063671186566352844e-01
1.085024774074554443e-01
1.055909916758537292e-01
1.096240058541297913e-01
1.129218712449073792e-01
1.013068556785583496e-01
1.098471581935882568e-01
1.087534502148628235e-01
1.132482290267944336e-01
1.104941591620445251e-01
1.122868880629539490e-01
1.066671088337898254e-01
1.074980869889259338e-01
1.092037335038185120e-01
1.081119701266288757e-01
1.111024543642997742e-01
1.079115644097328186e-01
1.127897277474403381e-01
1.098579391837120056e-01
1.111778691411018372e-01
1.083976328372955322e-01
1.162323430180549622e-01
1.188295111060142517e-01
1.118146553635597229e-01
1.043252870440483093e-01
1.117276474833488464e-01
1.083443686366081238e-01
1.153012216091156006e-01
1.107244566082954407e-01
1.054783090949058533e-01
1.091377809643745422e-01
1.065891757607460022e-01
1.094398126006126404e-01
1.052212417125701904e-01
1.034537181258201599e-01
1.201079785823822021e-01
1.150760650634765625e-01
1.081392168998718262e-01
1.057065203785896301e-01
1.043781861662864685e-01
1.067262515425682068e-01
1.276860386133193970e-01
1.146326288580894470e-01
1.070026084780693054e-01
1.205412447452545166e-01
1.067348346114158630e-01
1.112187430262565613e-01
1.096610426902770996e-01
1.144752502441406250e-01
1.086361408233642578e-01
1.090962514281272888e-01
1.086418107151985168e-01
1.125504449009895325e-01
1.175891086459159851e-01
1.060830727219581604e-01
1.063770055770874023e-01
1.159057691693305969e-01
1.266410052776336670e-01
1.133692935109138489e-01
1.002175584435462952e-01
1.384769082069396973e-01
1.144549250602722168e-01
1.154428794980049133e-01
1.078455224633216858e-01
1.043357029557228088e-01
1.038149893283843994e-01
1.212675347924232483e-01
1.101956441998481750e-01
1.123070046305656433e-01
1.058372184634208679e-01
1.316390633583068848e-01
1.084696426987648010e-01
1.115256920456886292e-01
1.084468886256217957e-01
1.070051416754722595e-01
1.100715696811676025e-01
1.136477217078208923e-01
1.088118255138397217e-01
1.080587878823280334e-01
1.071301475167274475e-01
1.113831773400306702e-01
1.153554320335388184e-01
1.115927174687385559e-01
1.028258800506591797e-01
1.134808436036109924e-01
1.015562415122985840e-01
1.048049628734588623e-01
1.108517572283744812e-01
1.075133457779884338e-01
1.099321469664573669e-01
1.066354736685752869e-01
1.157316341996192932e-01
1.098170354962348938e-01
1.108900830149650574e-01
1.026749387383460999e-01
1.134353876113891602e-01
1.091463863849639893e-01
1.068333312869071960e-01
1.130470633506774902e-01
1.125237569212913513e-01
1.057585105299949646e-01
1.124439612030982971e-01
1.086873784661293030e-01
1.105489730834960938e-01
1.175786554813385010e-01
1.104981899261474609e-01
1.103461980819702148e-01
1.030798926949501038e-01
1.048858761787414551e-01
1.070507541298866272e-01
1.072652116417884827e-01
1.055128052830696106e-01
1.089629158377647400e-01
1.118399724364280701e-01
1.064854860305786133e-01
1.081999242305755615e-01
1.068941652774810791e-01
1.067152023315429688e-01
1.139722689986228943e-01
1.102373376488685608e-01
1.133318319916725159e-01
1.077423617243766785e-01
1.081386208534240723e-01
1.130711510777473450e-01
1.041494086384773254e-01
1.189584359526634216e-01
1.037852466106414795e-01
1.092290282249450684e-01
1.087092086672782898e-01
1.050070524215698242e-01
1.094703152775764465e-01
1.117118075489997864e-01
1.040524765849113464e-01
1.054444015026092529e-01
1.060792282223701477e-01
1.101193651556968689e-01
1.110510602593421936e-01
1.088730692863464355e-01
1.051507219672203064e-01
1.036149263381958008e-01
1.052023842930793762e-01
1.097761914134025574e-01
1.061365008354187012e-01
1.102541312575340271e-01
1.384139806032180786e-01
1.048108264803886414e-01
1.111945435404777527e-01
1.062342450022697449e-01
1.081785038113594055e-01
1.098541542887687683e-01
1.070464476943016052e-01
1.061878576874732971e-01
1.104735061526298523e-01
1.273513883352279663e-01
1.038695797324180603e-01
1.059880182147026062e-01
1.035912707448005676e-01
1.149218305945396423e-01
1.118133068084716797e-01
1.076427474617958069e-01
1.079739406704902649e-01
1.199157908558845520e-01
1.019312962889671326e-01
1.158655509352684021e-01
1.083670258522033691e-01
1.061419174075126648e-01
1.084005758166313171e-01
1.115723922848701477e-01
1.076857820153236389e-01
1.173440739512443542e-01
1.124275252223014832e-01
1.063339784741401672e-01
1.029628589749336243e-01
1.175130382180213928e-01
1.063506975769996643e-01
1.105491146445274353e-01
1.071888208389282227e-01
1.153769418597221375e-01
1.054436266422271729e-01
1.089097261428833008e-01
1.083317101001739502e-01
1.069759503006935120e-01
1.070421934127807617e-01
1.072709858417510986e-01
1.122022569179534912e-01
1.107068583369255066e-01
1.080451235175132751e-01
1.109536364674568176e-01
1.108939945697784424e-01
1.086156144738197327e-01
1.068618893623352051e-01
1.050666794180870056e-01
1.108351647853851318e-01
1.051507666707038879e-01
1.039580404758453369e-01
1.102886572480201721e-01
1.079889312386512756e-01
1.085086464881896973e-01
1.023277640342712402e-01
1.070222556591033936e-01
1.100894734263420105e-01
1.062368825078010559e-01
1.242084726691246033e-01
1.138017177581787109e-01
1.144753992557525635e-01
1.093056872487068176e-01
1.116730049252510071e-01
1.056839153170585632e-01
1.064664646983146667e-01
1.126986518502235413e-01
1.095950603485107422e-01
1.089554429054260254e-01
1.038646325469017029e-01
1.118862256407737732e-01
1.167763695120811462e-01
1.036864593625068665e-01
1.014063879847526550e-01
1.162847653031349182e-01
1.079033091664314270e-01
1.065811514854431152e-01
1.076814606785774231e-01
1.083419620990753174e-01
1.120852231979370117e-01
1.100109443068504333e-01
1.066184565424919128e-01
1.013924479484558105e-01
1.039234474301338196e-01
1.113344207406044006e-01
1.192495822906494141e-01
1.096308827400207520e-01
1.142436265945434570e-01
1.073283627629280090e-01
1.089196577668190002e-01
1.088770627975463867e-01
1.085068956017494202e-01
1.163058653473854065e-01
1.097000613808631897e-01
1.052980720996856689e-01
1.117069050669670105e-01
1.097732782363891602e-01
1.087774336338043213e-01
1.066790223121643066e-01
1.086536422371864319e-01
1.066845133900642395e-01
1.128234267234802246e-01
1.106629148125648499e-01
1.015676632523536682e-01
1.020084023475646973e-01
1.140375956892967224e-01
1.175161078572273254e-01
1.117549315094947815e-01
1.056357398629188538e-01
1.154472827911376953e-01
1.106694042682647705e-01
1.134230121970176697e-01
1.075232997536659241e-01
1.049309000372886658e-01
1.065656915307044983e-01
1.141325905919075012e-01
1.236866787075996399e-01
1.051928177475929260e-01
1.064412295818328857e-01
1.131667494773864746e-01
1.088193282485008240e-01
1.155541315674781799e-01
1.080863848328590393e-01
1.133633926510810852e-01
1.095147356390953064e-01
1.086965575814247131e-01
1.063694283366203308e-01
1.037664785981178284e-01
1.091508641839027405e-01
1.049092188477516174e-01
1.069572567939758301e-01
1.111845374107360840e-01
1.050650551915168762e-01
1.072264388203620911e-01
1.079137995839118958e-01
1.082302927970886230e-01
1.094931364059448242e-01
1.042276024818420410e-01
1.123757660388946533e-01
1.059960797429084778e-01
1.064953729510307312e-01
1.088288128376007080e-01
1.057723164558410645e-01
1.097300946712493896e-01
1.061602607369422913e-01
1.121719479560852051e-01
1.113763824105262756e-01
1.073889359831809998e-01
1.136778891086578369e-01
1.112205982208251953e-01
1.027331054210662842e-01
1.028512045741081238e-01
1.072973310947418213e-01
1.093558892607688904e-01
1.078758761286735535e-01
1.047410443425178528e-01
1.052958965301513672e-01
1.130781993269920349e-01
1.081850230693817139e-01
1.108050569891929626e-01
1.069740653038024902e-01
1.159268543124198914e-01
1.127046644687652588e-01
1.160963252186775208e-01
1.034134626388549805e-01
1.136859282851219177e-01
1.111911162734031677e-01
1.276822090148925781e-01
1.063653454184532166e-01
1.087368801236152649e-01
1.066266298294067383e-01
1.059955880045890808e-01
1.387035697698593140e-01
1.077486947178840637e-01
1.255576759576797485e-01
1.119171082973480225e-01
1.098841503262519836e-01
1.012818440794944763e-01
1.149544939398765564e-01
1.093738302588462830e-01
1.106492057442665100e-01
1.090274676680564880e-01
1.072044596076011658e-01
1.046444773674011230e-01
1.103514805436134338e-01
1.095888018608093262e-01
1.092711463570594788e-01
1.051171049475669861e-01
1.070606335997581482e-01
1.124859079718589783e-01
1.061534211039543152e-01
1.182443499565124512e-01
1.169339716434478760e-01
1.056011840701103210e-01
1.083087548613548279e-01
1.043337583541870117e-01
1.087022200226783752e-01
1.036834120750427246e-01
1.063508763909339905e-01
1.162984594702720642e-01
1.213774904608726501e-01
1.103796586394309998e-01
1.230792924761772156e-01
1.107714101672172546e-01
1.099993810057640076e-01
1.118106469511985779e-01
1.066171303391456604e-01
1.036695316433906555e-01
1.032436415553092957e-01
1.089876666665077209e-01
1.107964590191841125e-01
1.306658983230590820e-01
1.066174134612083435e-01
1.090195178985595703e-01
1.130518391728401184e-01
1.055739000439643860e-01
1.037037596106529236e-01
1.037236750125885010e-01
1.099273264408111572e-01
1.068121567368507385e-01
1.070720329880714417e-01
1.074648723006248474e-01
1.036252900958061218e-01
1.176722943782806396e-01
1.309587061405181885e-01
1.054270267486572266e-01
1.080329343676567078e-01
1.116310656070709229e-01
1.131844893097877502e-01
1.079987064003944397e-01
1.078390479087829590e-01
1.077788695693016052e-01
1.094951853156089783e-01
1.073159649968147278e-01
1.057743132114410400e-01
1.077271178364753723e-01
1.060556769371032715e-01
1.071021258831024170e-01
1.097757816314697266e-01
1.088393926620483398e-01
1.111906394362449646e-01
1.100215390324592590e-01
1.044030264019966125e-01
1.053425595164299011e-01
1.122817322611808777e-01
1.059340313076972961e-01
1.145819723606109619e-01
1.061421707272529602e-01
1.125768050551414490e-01
1.112552881240844727e-01
1.143067851662635803e-01
1.083425357937812805e-01
1.163154616951942444e-01
1.086534038186073303e-01
1.131233796477317810e-01
1.142712309956550598e-01
1.022089123725891113e-01
1.074128672480583191e-01
1.067284047603607178e-01
1.025367155671119690e-01
1.052852571010589600e-01
1.106024757027626038e-01
1.149673163890838623e-01
1.157441958785057068e-01
1.076001599431037903e-01
1.121961250901222229e-01
1.084939241409301758e-01
1.045122146606445312e-01
1.045428141951560974e-01
1.073450446128845215e-01
1.108657792210578918e-01
1.244306862354278564e-01
1.026943549513816833e-01
1.094710305333137512e-01
1.073585748672485352e-01
1.001555025577545166e-01
1.012158468365669250e-01
1.130890622735023499e-01
1.179327666759490967e-01
1.129231527447700500e-01
1.142582967877388000e-01
1.096818074584007263e-01
1.074182912707328796e-01
1.058105826377868652e-01
1.073556765913963318e-01
1.197371110320091248e-01
1.095275282859802246e-01
1.082099601626396179e-01
1.091891750693321228e-01
1.035464406013488770e-01
1.034788489341735840e-01
1.101164817810058594e-01
1.065980419516563416e-01
1.060539558529853821e-01
1.061487272381782532e-01
1.172008216381072998e-01
1.064741611480712891e-01
1.080333292484283447e-01
1.052637174725532532e-01
1.101929545402526855e-01
1.084237992763519287e-01
1.151526048779487610e-01
1.074462160468101501e-01
1.050166115164756775e-01
1.104862317442893982e-01
1.034991964697837830e-01
1.091688796877861023e-01
1.102758422493934631e-01
1.130414307117462158e-01
1.077932938933372498e-01
1.069713458418846130e-01
1.063619777560234070e-01
1.063244119286537170e-01
1.065496876835823059e-01
1.061760112643241882e-01
1.029149666428565979e-01
1.048348620533943176e-01
1.128658726811408997e-01
1.162429079413414001e-01
1.115717515349388123e-01
1.069706678390502930e-01
1.085954904556274414e-01
1.069380864500999451e-01
1.105810105800628662e-01
1.108432188630104065e-01
1.105295494198799133e-01
1.065537557005882263e-01
1.147356256842613220e-01
1.013193354010581970e-01
1.052921637892723083e-01
1.114736571907997131e-01
1.125178635120391846e-01
1.024744436144828796e-01
1.068255081772804260e-01
1.076300144195556641e-01
1.082903072237968445e-01
1.062500104308128357e-01
1.063162907958030701e-01
1.022701039910316467e-01
1.046366691589355469e-01
1.076129376888275146e-01
1.070046424865722656e-01
1.027296110987663269e-01
1.059618070721626282e-01
1.015441194176673889e-01
1.045804321765899658e-01
1.013062968850135803e-01
1.023577377200126648e-01
1.072901263833045959e-01
1.036377474665641785e-01
1.090840920805931091e-01
1.127637997269630432e-01
1.179104819893836975e-01
1.073036193847656250e-01
1.090436205267906189e-01
1.045734658837318420e-01
1.080437973141670227e-01
1.096829399466514587e-01
1.138220056891441345e-01
1.152373254299163818e-01
1.075859740376472473e-01
1.048831641674041748e-01
1.032284423708915710e-01
1.044886484742164612e-01
1.114569827914237976e-01
1.062403395771980286e-01
1.103669404983520508e-01
1.202873215079307556e-01
1.184484884142875671e-01
1.159044802188873291e-01
1.088532283902168274e-01
1.096598803997039795e-01
1.088038757443428040e-01
1.069624796509742737e-01
1.018132790923118591e-01
1.077801585197448730e-01
1.054814457893371582e-01
1.108620092272758484e-01
1.063888892531394958e-01
1.070054844021797180e-01
1.133590862154960632e-01
1.119906827807426453e-01
1.019210740923881531e-01
1.069779321551322937e-01
1.099515557289123535e-01
1.111355051398277283e-01
1.057286784052848816e-01
1.132219210267066956e-01
1.094933673739433289e-01
1.181234419345855713e-01
1.027693524956703186e-01
1.109317317605018616e-01
1.059469208121299744e-01
1.048551425337791443e-01
1.054584160447120667e-01
1.086348071694374084e-01
1.078967154026031494e-01
1.095956191420555115e-01
1.079914271831512451e-01
1.070121452212333679e-01
1.064106002449989319e-01
1.029230356216430664e-01
1.067997217178344727e-01
1.123415827751159668e-01
1.124236285686492920e-01
1.049768850207328796e-01
1.059598922729492188e-01
1.062334552407264709e-01
1.095978021621704102e-01
1.195441856980323792e-01
1.041739806532859802e-01
1.061074361205101013e-01
1.109608635306358337e-01
1.057094410061836243e-01
1.033708229660987854e-01
1.087710857391357422e-01
1.070741415023803711e-01
1.061725392937660217e-01
1.033404842019081116e-01
1.015737876296043396e-01
1.058659628033638000e-01
1.086761727929115295e-01
1.082165017724037170e-01
1.110130846500396729e-01
1.133624911308288574e-01
1.044430732727050781e-01
1.117956116795539856e-01
1.066201627254486084e-01
1.096037849783897400e-01
1.053638160228729248e-01
1.050306558609008789e-01
1.085362061858177185e-01
1.105570197105407715e-01
1.073888540267944336e-01
1.053337976336479187e-01
1.015282794833183289e-01
1.053634807467460632e-01
1.100402250885963440e-01
1.107251718640327454e-01
1.033040061593055725e-01
1.069990471005439758e-01
1.026716306805610657e-01
1.090273857116699219e-01
1.085122153162956238e-01
1.056599617004394531e-01
1.116669997572898865e-01
1.047331467270851135e-01
1.073781028389930725e-01
1.092336997389793396e-01
1.072890385985374451e-01
1.147201433777809143e-01
1.129196211695671082e-01
1.089613959193229675e-01
1.122293248772621155e-01
1.060287654399871826e-01
1.064164415001869202e-01
1.067555248737335205e-01
1.107651218771934509e-01
1.063280180096626282e-01
1.060620322823524475e-01
1.071397885680198669e-01
1.045449301600456238e-01
1.179898083209991455e-01
1.144200488924980164e-01
1.155968233942985535e-01
1.115043163299560547e-01
1.047452986240386963e-01
1.068764701485633850e-01
1.041020527482032776e-01
1.084634959697723389e-01
1.060990095138549805e-01
1.095934435725212097e-01
1.121422424912452698e-01
1.035799086093902588e-01
1.486911922693252563e-01
1.099210754036903381e-01
1.034577488899230957e-01
1.053772345185279846e-01
1.096363663673400879e-01
1.051373779773712158e-01
1.053691208362579346e-01
1.037786602973937988e-01
1.076964065432548523e-01
1.097596064209938049e-01
1.096441373229026794e-01
1.073352023959159851e-01
1.079543605446815491e-01
1.087720915675163269e-01
1.083438619971275330e-01
1.091622486710548401e-01
1.068638563156127930e-01
1.191204115748405457e-01
1.159992888569831848e-01
1.105913296341896057e-01
1.117468401789665222e-01
1.100636646151542664e-01
1.107679381966590881e-01
1.099122390151023865e-01
1.096712872385978699e-01
1.038334667682647705e-01
1.048181131482124329e-01
1.089028120040893555e-01
1.053473874926567078e-01
1.088773012161254883e-01
1.161226034164428711e-01
1.313757598400115967e-01
1.013656258583068848e-01
1.078584715723991394e-01
1.071948707103729248e-01
1.068216264247894287e-01
1.098808273673057556e-01
1.035993322730064392e-01
1.123412325978279114e-01
1.054673492908477783e-01
1.128043606877326965e-01
1.071554794907569885e-01
1.126747205853462219e-01
1.081488206982612610e-01
1.079367995262145996e-01
1.122110113501548767e-01
1.113336980342864990e-01
1.121900603175163269e-01
1.085532903671264648e-01
1.087066829204559326e-01
1.070567145943641663e-01
1.143388152122497559e-01
1.105223223567008972e-01
1.091060340404510498e-01
1.046220660209655762e-01
1.058208122849464417e-01
1.048246994614601135e-01
1.018434986472129822e-01
1.149296388030052185e-01
1.130355373024940491e-01
1.073429957032203674e-01
1.016372367739677429e-01
1.180741786956787109e-01
1.155656054615974426e-01
9.946552664041519165e-02
1.078140139579772949e-01
1.253443509340286255e-01
1.231128200888633728e-01
1.051151826977729797e-01
1.038630381226539612e-01
1.073606610298156738e-01
1.118242442607879639e-01
1.103822588920593262e-01
1.109619140625000000e-01
1.027916446328163147e-01
1.040562614798545837e-01
1.156962886452674866e-01
1.053252741694450378e-01
1.035156771540641785e-01
1.200034245848655701e-01
1.034481823444366455e-01
9.975118190050125122e-02
1.139954328536987305e-01
1.095485016703605652e-01
1.060277745127677917e-01
1.129846051335334778e-01
1.339522898197174072e-01
1.121745482087135315e-01
1.070836260914802551e-01
1.018945351243019104e-01
1.228936091065406799e-01
1.128934025764465332e-01
1.103742048144340515e-01
1.060490384697914124e-01
1.020022705197334290e-01
1.049410179257392883e-01
1.129661202430725098e-01
1.024781838059425354e-01
1.089907363057136536e-01
1.147081032395362854e-01
1.128473505377769470e-01
1.039186790585517883e-01
1.087867394089698792e-01
1.129696294665336609e-01
1.067064926028251648e-01
1.054702401161193848e-01
1.032717451453208923e-01
1.130378171801567078e-01
1.159251704812049866e-01
1.123348698019981384e-01
1.059195101261138916e-01
1.099160015583038330e-01
1.276858001947402954e-01
1.081122159957885742e-01
1.093923673033714294e-01
1.089227721095085144e-01
1.046066656708717346e-01
1.084139049053192139e-01
1.122137382626533508e-01
1.023100614547729492e-01
1.067045107483863831e-01
1.175986751914024353e-01
1.017169728875160217e-01
1.383181959390640259e-01
1.086894050240516663e-01
1.042386293411254883e-01
1.031816080212593079e-01
1.066415086388587952e-01
1.099794432520866394e-01
1.104561164975166321e-01
1.122984513640403748e-01
1.125956475734710693e-01
1.074303984642028809e-01
1.100114285945892334e-01
1.114477291703224182e-01
1.192488968372344971e-01
1.069427356123924255e-01
1.161635890603065491e-01
1.080304011702537537e-01
1.086615547537803650e-01
1.044386923313140869e-01
1.095488592982292175e-01
1.073163747787475586e-01
1.046947836875915527e-01
1.088832095265388489e-01
1.014278158545494080e-01
1.060607805848121643e-01
1.175976768136024475e-01
1.130862608551979065e-01
1.093390658497810364e-01
1.058382019400596619e-01
1.039550527930259705e-01
1.055242940783500671e-01
1.042098626494407654e-01
1.038901507854461670e-01
1.040251925587654114e-01
1.058976352214813232e-01
1.036869958043098450e-01
1.095468774437904358e-01
1.071933284401893616e-01
1.108125448226928711e-01
1.080373525619506836e-01
1.102644801139831543e-01
1.071006134152412415e-01
1.054379642009735107e-01
1.076362058520317078e-01
1.119442358613014221e-01
1.036885380744934082e-01
1.084091663360595703e-01
1.084435582160949707e-01
1.075659990310668945e-01
1.247610226273536682e-01
1.057584583759307861e-01
1.251369267702102661e-01
1.043772697448730469e-01
1.067531332373619080e-01
1.038159653544425964e-01
1.116290912032127380e-01
1.090617403388023376e-01
1.085137426853179932e-01
1.159500703215599060e-01
1.058786287903785706e-01
1.031549498438835144e-01
1.093322411179542542e-01
1.084621325135231018e-01
1.100835204124450684e-01
1.086075529456138611e-01
1.054522991180419922e-01
1.109748259186744690e-01
1.110685095191001892e-01
1.121995225548744202e-01
1.193643137812614441e-01
1.119219362735748291e-01
1.040666028857231140e-01
1.110507845878601074e-01
1.131797805428504944e-01
1.055149808526039124e-01
1.167787611484527588e-01
1.043465062975883484e-01
1.132272258400917053e-01
1.106649711728096008e-01
1.029969826340675354e-01
1.277692466974258423e-01
1.099509522318840027e-01
1.054724976420402527e-01
1.086313799023628235e-01
1.096544265747070312e-01
1.150663122534751892e-01
1.111369952559471130e-01
1.031500324606895447e-01
1.096843481063842773e-01
1.121081933379173279e-01
1.093189343810081482e-01
1.127400696277618408e-01
1.042218804359436035e-01
1.134332716464996338e-01
1.081402301788330078e-01
1.113357171416282654e-01
1.112132444977760315e-01
1.068586930632591248e-01
1.091632619500160217e-01
1.090076565742492676e-01
1.024007797241210938e-01
1.076012030243873596e-01
1.079409345984458923e-01
1.106600835919380188e-01
1.174236536026000977e-01
1.096956133842468262e-01
1.118853464722633362e-01
1.049311235547065735e-01
1.041930913925170898e-01
1.042955815792083740e-01
1.130151972174644470e-01
1.086599230766296387e-01
1.121763661503791809e-01
1.185509264469146729e-01
1.117933019995689392e-01
1.294156759977340698e-01
1.105268672108650208e-01
1.055843159556388855e-01
1.111990734934806824e-01
1.157427057623863220e-01
1.150535047054290771e-01
1.057698428630828857e-01
1.130692139267921448e-01
1.097452864050865173e-01
1.095381975173950195e-01
1.091990172863006592e-01
1.134126856923103333e-01
1.008508577942848206e-01
1.110907271504402161e-01
1.071850284934043884e-01
1.050923094153404236e-01
1.058632805943489075e-01
1.334147304296493530e-01
1.138025447726249695e-01
1.049365773797035217e-01
1.020383313298225403e-01
1.111265197396278381e-01
1.155522838234901428e-01
1.022555157542228699e-01
1.132073402404785156e-01
1.163308322429656982e-01
1.092178449034690857e-01
1.146619617938995361e-01
1.124186813831329346e-01
1.049931943416595459e-01
1.113431453704833984e-01
1.085884198546409607e-01
1.140003502368927002e-01
1.203948184847831726e-01
1.146209239959716797e-01
1.058476343750953674e-01
1.045640408992767334e-01
1.088617518544197083e-01
1.065671071410179138e-01
1.142147406935691833e-01
1.098954305052757263e-01
1.090482398867607117e-01
1.117178201675415039e-01
1.096594035625457764e-01
1.119858548045158386e-01
1.082466766238212585e-01
1.148557439446449280e-01
1.071459129452705383e-01
1.078682169318199158e-01
1.131702736020088196e-01
1.068220138549804688e-01
1.073146760463714600e-01
1.118197068572044373e-01
1.131040677428245544e-01
1.095156744122505188e-01
1.054143309593200684e-01
1.059156954288482666e-01
1.083484888076782227e-01
1.067656278610229492e-01
1.042876318097114563e-01
1.039833426475524902e-01
1.246670112013816833e-01
1.075376868247985840e-01
1.064916178584098816e-01
1.178791224956512451e-01
1.078098192811012268e-01
1.035206317901611328e-01
1.146171465516090393e-01
1.080854311585426331e-01
1.083623766899108887e-01
1.052742376923561096e-01
1.046947240829467773e-01
1.099693402647972107e-01
1.070100069046020508e-01
1.123371720314025879e-01
1.057881638407707214e-01
1.030189171433448792e-01
1.095813512802124023e-01
1.081182062625885010e-01
1.082474887371063232e-01
1.083906367421150208e-01
1.098693907260894775e-01
1.038262248039245605e-01
1.025858521461486816e-01
1.076985225081443787e-01
1.077491417527198792e-01
1.063021421432495117e-01
1.041639447212219238e-01
1.160805299878120422e-01
1.080223023891448975e-01
1.111219450831413269e-01
1.047129109501838684e-01
9.891726821660995483e-02
1.036404669284820557e-01
1.078163012862205505e-01
1.044551730155944824e-01
1.093667447566986084e-01
1.060198247432708740e-01
1.054525673389434814e-01
1.126007959246635437e-01
1.114582419395446777e-01
1.012188270688056946e-01
1.051419004797935486e-01
1.044026613235473633e-01
1.032359525561332703e-01
1.054086014628410339e-01
1.081151142716407776e-01
1.097731813788414001e-01
1.038889586925506592e-01
1.082957461476325989e-01
1.110797896981239319e-01
1.073439046740531921e-01
1.049028038978576660e-01
1.054183244705200195e-01
1.199566125869750977e-01
1.073618009686470032e-01
1.073180064558982849e-01
1.020767092704772949e-01
1.110487058758735657e-01
1.078510954976081848e-01
1.103155612945556641e-01
1.033451557159423828e-01
1.043227687478065491e-01
1.077287420630455017e-01
1.036247834563255310e-01
1.064809784293174744e-01
1.064397469162940979e-01
1.106705591082572937e-01
1.104741469025611877e-01
1.063630506396293640e-01
1.089185252785682678e-01
1.120246648788452148e-01
1.034137383103370667e-01
1.055811420083045959e-01
1.050413772463798523e-01
1.050017550587654114e-01
1.070486232638359070e-01
1.138458028435707092e-01
1.231731697916984558e-01
1.052622571587562561e-01
1.089489981532096863e-01
1.200092807412147522e-01
1.103921458125114441e-01
1.063326895236968994e-01
1.070484295487403870e-01
1.117700859904289246e-01
1.149010583758354187e-01
1.085977926850318909e-01
1.139698028564453125e-01
1.192561686038970947e-01
1.146680489182472229e-01
1.117728874087333679e-01
1.060103848576545715e-01
1.097153499722480774e-01
1.113517284393310547e-01
1.083522364497184753e-01
1.090798601508140564e-01
1.111607179045677185e-01
1.206868290901184082e-01
1.090963706374168396e-01
1.020016670227050781e-01
1.140440478920936584e-01
1.088671684265136719e-01
1.136191487312316895e-01
1.073927953839302063e-01
1.079931855201721191e-01
1.206279620528221130e-01
1.033965572714805603e-01
1.081242188811302185e-01
1.097939237952232361e-01
1.044892966747283936e-01
1.070349216461181641e-01
1.077164411544799805e-01
1.073672994971275330e-01
1.016559600830078125e-01
1.153383776545524597e-01
1.056482195854187012e-01
1.082308366894721985e-01
1.126807034015655518e-01
1.122681796550750732e-01
1.086345538496971130e-01
1.062894165515899658e-01
1.122328862547874451e-01
1.108740270137786865e-01
1.059754118323326111e-01
1.065582856535911560e-01
1.101174131035804749e-01
1.128249242901802063e-01
1.137765944004058838e-01
1.088319420814514160e-01
1.286070197820663452e-01
1.057775020599365234e-01
1.065401956439018250e-01
1.031083837151527405e-01
1.034195199608802795e-01
1.040440425276756287e-01
1.080273762345314026e-01
1.101212278008460999e-01
1.062013432383537292e-01
1.151803731918334961e-01
1.146550104022026062e-01
1.082095503807067871e-01
1.094153895974159241e-01
1.156152188777923584e-01
1.048653945326805115e-01
1.153370812535285950e-01
1.023619398474693298e-01
1.049775779247283936e-01
1.094342172145843506e-01
1.025632396340370178e-01
1.057879105210304260e-01
1.076003313064575195e-01
1.080765798687934875e-01
1.010908484458923340e-01
1.014605164527893066e-01
1.075845286250114441e-01
1.120660901069641113e-01
1.112930476665496826e-01
1.069332361221313477e-01
1.114655137062072754e-01
1.039650812745094299e-01
1.024700105190277100e-01
1.057596504688262939e-01
1.136739477515220642e-01
1.101237833499908447e-01
1.043896302580833435e-01
1.204083561897277832e-01
1.043480411171913147e-01
1.057755723595619202e-01
1.110313311219215393e-01
1.028822660446166992e-01
1.117017492651939392e-01
1.075999960303306580e-01
1.071973219513893127e-01
1.095826327800750732e-01
1.104751154780387878e-01
1.082321032881736755e-01
1.035530194640159607e-01
1.029658913612365723e-01
1.079319790005683899e-01
1.035251021385192871e-01
1.038361191749572754e-01
1.134386733174324036e-01
1.009541675448417664e-01
1.057133451104164124e-01
1.094724014401435852e-01
1.090336367487907410e-01
1.093393936753273010e-01
1.035136878490447998e-01
1.226270794868469238e-01
1.065201163291931152e-01
1.109972223639488220e-01
1.068401560187339783e-01
1.018475964665412903e-01
1.121600195765495300e-01
1.080570518970489502e-01
1.056699156761169434e-01
1.054936647415161133e-01
1.023367568850517273e-01
1.110870912671089172e-01
1.057142242789268494e-01
1.095218583941459656e-01
1.110197603702545166e-01
1.025225520133972168e-01
1.065549850463867188e-01
1.101735159754753113e-01
1.068682000041007996e-01
1.069089174270629883e-01
1.043680235743522644e-01
1.118195429444313049e-01
1.048335656523704529e-01
1.091699823737144470e-01
1.078305467963218689e-01
1.078563705086708069e-01
1.065784767270088196e-01
1.090636625885963440e-01
1.069802641868591309e-01
1.037997081875801086e-01
1.061684861779212952e-01
1.124719381332397461e-01
1.093327030539512634e-01
1.046599745750427246e-01
1.072488650679588318e-01
1.119729802012443542e-01
1.027421578764915466e-01
1.052097976207733154e-01
1.040863692760467529e-01
1.129434704780578613e-01
1.126659214496612549e-01
1.090730056166648865e-01
1.127299666404724121e-01
1.146659031510353088e-01
1.098452433943748474e-01
1.068103685975074768e-01
1.061013936996459961e-01
1.022995337843894958e-01
1.021722927689552307e-01
1.033492460846900940e-01
1.076624318957328796e-01
1.069756820797920227e-01
1.079129204154014587e-01
1.118258535861968994e-01
1.069208011031150818e-01
1.053435280919075012e-01
1.101715043187141418e-01
1.136194840073585510e-01
1.055719479918479919e-01
1.066895350813865662e-01
1.068877279758453369e-01
1.043783500790596008e-01
1.076375320553779602e-01
1.045884564518928528e-01
1.005171164870262146e-01
1.036669090390205383e-01
1.049277782440185547e-01
1.155852079391479492e-01
1.079809144139289856e-01
1.063090264797210693e-01
1.082934662699699402e-01
1.085749045014381409e-01
9.972683340311050415e-02
1.121932491660118103e-01
1.060248538851737976e-01
1.053101047873497009e-01
1.049025431275367737e-01
1.012976542115211487e-01
1.066040322184562683e-01
1.203291043639183044e-01
1.079500317573547363e-01
1.093895211815834045e-01
1.112801432609558105e-01
1.059475243091583252e-01
1.070928946137428284e-01
1.128555908799171448e-01
1.111296042799949646e-01
1.083119213581085205e-01
1.095691919326782227e-01
1.024986207485198975e-01
1.064986959099769592e-01
1.153649315237998962e-01
1.124372184276580811e-01
1.038579344749450684e-01
1.055540218949317932e-01
1.052306368947029114e-01
1.086243689060211182e-01
1.073679700493812561e-01
1.053714156150817871e-01
1.125691533088684082e-01
9.826713800430297852e-02
1.069653332233428955e-01
1.156430840492248535e-01
1.025913655757904053e-01
1.035102307796478271e-01
1.058629825711250305e-01
1.078484430909156799e-01
1.174441874027252197e-01
1.028467044234275818e-01
1.030740439891815186e-01
1.077779829502105713e-01
1.065654456615447998e-01
1.062012016773223877e-01
1.036273017525672913e-01
1.028668582439422607e-01
1.003120839595794678e-01
1.129180118441581726e-01
1.055821403861045837e-01
1.117422953248023987e-01
1.092618629336357117e-01
1.053824201226234436e-01
1.105662360787391663e-01
1.029318198561668396e-01
1.031159535050392151e-01
1.085893586277961731e-01
1.104782223701477051e-01
1.052626073360443115e-01
1.048313900828361511e-01
1.062813997268676758e-01
1.094951406121253967e-01
1.040698662400245667e-01
1.091384887695312500e-01
1.059579849243164062e-01
1.008443310856819153e-01
1.051296889781951904e-01
9.980747103691101074e-02
1.078253388404846191e-01
1.055388674139976501e-01
1.027849316596984863e-01
1.062095388770103455e-01
1.036769524216651917e-01
1.037565693259239197e-01
1.058962568640708923e-01
1.160907819867134094e-01
1.099929809570312500e-01
1.159154698252677917e-01
9.921925514936447144e-02
1.082347854971885681e-01
1.101990342140197754e-01
1.119905486702919006e-01
1.038087978959083557e-01
1.033612564206123352e-01
1.070895195007324219e-01
1.037510409951210022e-01
1.077631488442420959e-01
1.058000326156616211e-01
1.087478473782539368e-01
1.066490635275840759e-01
1.107972934842109680e-01
9.988828748464584351e-02
1.060733795166015625e-01
1.031445190310478210e-01
1.090899482369422913e-01
1.107253804802894592e-01
1.002506241202354431e-01
1.059245392680168152e-01
1.270031481981277466e-01
1.140031218528747559e-01
1.085923388600349426e-01
1.126570925116539001e-01
1.132271513342857361e-01
1.172542497515678406e-01
1.148904263973236084e-01
1.083922982215881348e-01
1.114535704255104065e-01
1.110919788479804993e-01
1.072707995772361755e-01
1.122672781348228455e-01
1.126894578337669373e-01
1.097946688532829285e-01
1.067572310566902161e-01
1.079062893986701965e-01
1.114853546023368835e-01
1.119872555136680603e-01
1.037957444787025452e-01
1.121709570288658142e-01
1.202322021126747131e-01
1.054569855332374573e-01
1.112878918647766113e-01
1.106238290667533875e-01
1.047060564160346985e-01
1.060101762413978577e-01
1.091844737529754639e-01
1.102627292275428772e-01
1.081467494368553162e-01
1.049658879637718201e-01
1.119046434760093689e-01
1.200545802712440491e-01
1.040916666388511658e-01
1.176372766494750977e-01
1.011900827288627625e-01
1.200217381119728088e-01
1.103724241256713867e-01
1.142897307872772217e-01
1.086444854736328125e-01
1.083895564079284668e-01
1.108153760433197021e-01
1.081182360649108887e-01
1.135084852576255798e-01
1.105954870581626892e-01
1.056133583188056946e-01
1.085290089249610901e-01
1.045837774872779846e-01
1.056221202015876770e-01
1.070334911346435547e-01
1.045085266232490540e-01
1.054890379309654236e-01
1.026809141039848328e-01
1.057314053177833557e-01
1.226280555129051208e-01
1.069381535053253174e-01
1.053047850728034973e-01
1.103409305214881897e-01
1.085966527462005615e-01
1.080026552081108093e-01
1.065602675080299377e-01
1.117949262261390686e-01
1.012111976742744446e-01
1.063660010695457458e-01
1.061797142028808594e-01
1.089152917265892029e-01
1.166254952549934387e-01
1.241722404956817627e-01
1.055173054337501526e-01
1.107963398098945618e-01
1.080460175871849060e-01
1.030988991260528564e-01
1.124938428401947021e-01
1.053689420223236084e-01
1.109420061111450195e-01
1.064705029129981995e-01
1.110346913337707520e-01
1.062053665518760681e-01
1.099276542663574219e-01
1.107026934623718262e-01
1.072849035263061523e-01
1.081816330552101135e-01
1.091046407818794250e-01
1.175408363342285156e-01
1.032375320792198181e-01
1.113168895244598389e-01
1.114727258682250977e-01
1.030817329883575439e-01
1.054397821426391602e-01
1.313203275203704834e-01
1.066107377409934998e-01
1.164154186844825745e-01
1.100860238075256348e-01
1.075053215026855469e-01
1.012733355164527893e-01
1.080174818634986877e-01
1.100386381149291992e-01
1.181594505906105042e-01
1.212747916579246521e-01
1.118291318416595459e-01
1.090869382023811340e-01
1.042083129286766052e-01
1.047552824020385742e-01
1.080094948410987854e-01
1.085950732231140137e-01
1.105882897973060608e-01
1.130904480814933777e-01
1.117176711559295654e-01
1.069658473134040833e-01
1.054280400276184082e-01
1.041318997740745544e-01
1.084166169166564941e-01
1.155237555503845215e-01
1.057719513773918152e-01
1.018695235252380371e-01
1.073376536369323730e-01
1.086722016334533691e-01
1.078967526555061340e-01
1.032202765345573425e-01
1.073870584368705750e-01
1.122858226299285889e-01
1.089050993323326111e-01
1.033463254570960999e-01
1.057749092578887939e-01
1.054652258753776550e-01
1.048588976263999939e-01
1.048214733600616455e-01
1.043238416314125061e-01
1.253205984830856323e-01
1.054687798023223877e-01
1.023419424891471863e-01
1.077772304415702820e-01
1.125055924057960510e-01
1.151691153645515442e-01
1.127540469169616699e-01
1.110998019576072693e-01
1.073917150497436523e-01
1.048025488853454590e-01
1.075414046645164490e-01
1.023422554135322571e-01
1.082882210612297058e-01
1.029167473316192627e-01
1.047664210200309753e-01
1.125215888023376465e-01
1.036780178546905518e-01
1.061185523867607117e-01
1.087973043322563171e-01
1.082334592938423157e-01
1.070932149887084961e-01
1.086896657943725586e-01
1.379813104867935181e-01
1.106798276305198669e-01
1.136689782142639160e-01
1.120494604110717773e-01
1.153838708996772766e-01
1.068779230117797852e-01
1.116187050938606262e-01
1.087490096688270569e-01
1.051563397049903870e-01
1.047157421708106995e-01
1.099934577941894531e-01
1.050201058387756348e-01
1.054585799574851990e-01
1.019957140088081360e-01
1.067420020699501038e-01
1.153992637991905212e-01
1.102769151329994202e-01
1.070865169167518616e-01
1.099820137023925781e-01
1.004458144307136536e-01
1.138106659054756165e-01
1.043501570820808411e-01
1.066180095076560974e-01
1.102250590920448303e-01
1.062908396124839783e-01
1.096492409706115723e-01
1.060760840773582458e-01
1.055272594094276428e-01
1.070877686142921448e-01
1.042185649275779724e-01
1.071873679757118225e-01
1.071495488286018372e-01
1.089563742280006409e-01
1.066452786326408386e-01
1.124047040939331055e-01
1.096866652369499207e-01
1.057845354080200195e-01
1.079322993755340576e-01
1.158012375235557556e-01
1.140853688120841980e-01
1.081514880061149597e-01
1.053983867168426514e-01
1.490193307399749756e-01
1.098301112651824951e-01
1.090132892131805420e-01
1.065888628363609314e-01
1.005732640624046326e-01
1.246718391776084900e-01
1.093817278742790222e-01
1.111240983009338379e-01
1.058946847915649414e-01
1.086896434426307678e-01
1.054486855864524841e-01
1.089334785938262939e-01
1.069245114922523499e-01
1.087711453437805176e-01
1.110812202095985413e-01
1.188637837767601013e-01
1.103837564587593079e-01
1.285546571016311646e-01
1.324284225702285767e-01
1.021941080689430237e-01
1.080531179904937744e-01
1.117073595523834229e-01
1.175941824913024902e-01
1.057591736316680908e-01
1.046437099575996399e-01
1.064356565475463867e-01
1.143436059355735779e-01
1.040775254368782043e-01
1.089292392134666443e-01
1.123945787549018860e-01
1.035642847418785095e-01
1.115546524524688721e-01
1.051162853837013245e-01
1.189093962311744690e-01
1.055835783481597900e-01
1.095453575253486633e-01
1.057197153568267822e-01
1.332857459783554077e-01
1.078246235847473145e-01
1.077226102352142334e-01
1.067162528634071350e-01
1.131204366683959961e-01
1.027047112584114075e-01
1.047391295433044434e-01
1.064188480377197266e-01
1.013384461402893066e-01
1.065989211201667786e-01
1.091774627566337585e-01
1.070040166378021240e-01
1.155860796570777893e-01
1.072269082069396973e-01
1.086291968822479248e-01
1.095825731754302979e-01
1.152804195880889893e-01
1.069175377488136292e-01
1.161317601799964905e-01
1.064315214753150940e-01
1.200337186455726624e-01
1.151031628251075745e-01
1.132972463965415955e-01
1.133967116475105286e-01
1.045025587081909180e-01
1.088670268654823303e-01
1.086794957518577576e-01
1.095898225903511047e-01
1.103468462824821472e-01
1.061287894845008850e-01
1.267769187688827515e-01
1.079999879002571106e-01
1.089390739798545837e-01
1.099849939346313477e-01
1.106806173920631409e-01
1.191466227173805237e-01
1.077388450503349304e-01
1.160671934485435486e-01
1.059727147221565247e-01
1.084844470024108887e-01
1.077021360397338867e-01
1.097852662205696106e-01
1.094634234905242920e-01
1.086464747786521912e-01
1.026082709431648254e-01
1.234981194138526917e-01
1.071917340159416199e-01
1.010212972760200500e-01
1.117296740412712097e-01
1.096844598650932312e-01
1.135318651795387268e-01
1.158322915434837341e-01
1.051200032234191895e-01
1.400450766086578369e-01
1.149990931153297424e-01
1.004870459437370300e-01
1.076229885220527649e-01
1.112677454948425293e-01
1.063137874007225037e-01
1.028151884675025940e-01
1.188824474811553955e-01
1.099156662821769714e-01
1.062445342540740967e-01
1.087578758597373962e-01
1.058573499321937561e-01
1.034412309527397156e-01
1.079468056559562683e-01
1.029895618557929993e-01
1.104958727955818176e-01
1.131532788276672363e-01
1.118746921420097351e-01
1.081244572997093201e-01
1.092838719487190247e-01
1.072553768754005432e-01
1.130510792136192322e-01
1.093524396419525146e-01
1.065702065825462341e-01
1.066151261329650879e-01
1.032661497592926025e-01
1.031480655074119568e-01
1.112894043326377869e-01
1.045963540673255920e-01
1.148397698998451233e-01
1.077520027756690979e-01
1.024660170078277588e-01
1.047165095806121826e-01
1.170491352677345276e-01
9.970896691083908081e-02
1.070273816585540771e-01
1.033389866352081299e-01
1.064834222197532654e-01
1.025787219405174255e-01
1.102377772331237793e-01
1.051603555679321289e-01
1.061745211482048035e-01
1.070608869194984436e-01
9.953713417053222656e-02
1.060835123062133789e-01
1.111039295792579651e-01
1.028334125876426697e-01
1.080809310078620911e-01
1.074792668223381042e-01
1.102246940135955811e-01
1.148468032479286194e-01
1.052224263548851013e-01
1.035696044564247131e-01
1.007597073912620544e-01
1.069446206092834473e-01
1.160651370882987976e-01
1.062913909554481506e-01
1.123271584510803223e-01
1.101709380745887756e-01
1.085491850972175598e-01
1.056975424289703369e-01
1.049980521202087402e-01
1.143321692943572998e-01
1.143343672156333923e-01
1.107516586780548096e-01
1.021867319941520691e-01
1.064672395586967468e-01
1.124409809708595276e-01
1.095822975039482117e-01
1.044690236449241638e-01
1.134272739291191101e-01
1.003041863441467285e-01
1.085453405976295471e-01
1.063986942172050476e-01
1.045634821057319641e-01
1.077820137143135071e-01
1.080812513828277588e-01
1.136384308338165283e-01
1.111294552683830261e-01
1.039951667189598083e-01
1.055470928549766541e-01
1.052989736199378967e-01
1.046167910099029541e-01
1.085309386253356934e-01
1.067856177687644958e-01
1.055555269122123718e-01
1.078826785087585449e-01
1.140384450554847717e-01
1.002068221569061279e-01
1.060889363288879395e-01
1.067229136824607849e-01
1.111032068729400635e-01
1.351077556610107422e-01
1.060222685337066650e-01
1.016767695546150208e-01
1.145579218864440918e-01
1.100116893649101257e-01
1.041970849037170410e-01
1.102300807833671570e-01
1.079090833663940430e-01
1.033437028527259827e-01
1.070006713271141052e-01
1.129544600844383240e-01
1.085307970643043518e-01
1.101933941245079041e-01
1.111936941742897034e-01
1.114141345024108887e-01
1.175274178385734558e-01
1.070506498217582703e-01
1.076239123940467834e-01
1.064335703849792480e-01
1.145693585276603699e-01
1.065413430333137512e-01
1.066611185669898987e-01
9.906836599111557007e-02
1.089638173580169678e-01
1.112306639552116394e-01
1.118571534752845764e-01
1.101417616009712219e-01
1.040019318461418152e-01
1.071714162826538086e-01
1.058153212070465088e-01
1.127835139632225037e-01
1.085045114159584045e-01
1.067992076277732849e-01
1.072208881378173828e-01
1.044566407799720764e-01
1.055311262607574463e-01
1.059158816933631897e-01
1.006301566958427429e-01
1.061897501349449158e-01
1.097031608223915100e-01
1.033597663044929504e-01
1.027572080492973328e-01
1.053301692008972168e-01
1.013460382819175720e-01
1.024389788508415222e-01
1.034369096159934998e-01
1.052158549427986145e-01
1.082301735877990723e-01
1.147217676043510437e-01
1.075818464159965515e-01
1.225810870528221130e-01
1.030870079994201660e-01
1.080765947699546814e-01
1.064173951745033264e-01
1.129288896918296814e-01
1.065145730972290039e-01
1.052384972572326660e-01
1.042463406920433044e-01
1.048756837844848633e-01
1.040237471461296082e-01
1.047625541687011719e-01
1.175432726740837097e-01
1.033800765872001648e-01
1.016568541526794434e-01
1.100115776062011719e-01
1.074170768260955811e-01
1.061391010880470276e-01
1.059379950165748596e-01
1.097158789634704590e-01
1.025449633598327637e-01
1.133418306708335876e-01
1.092490479350090027e-01
1.061004176735877991e-01
1.014106795191764832e-01
1.022216454148292542e-01
1.086764335632324219e-01
1.064534187316894531e-01
1.050028204917907715e-01
1.039324775338172913e-01
1.254215836524963379e-01
1.067309901118278503e-01
1.001662686467170715e-01
1.080810949206352234e-01
9.942054003477096558e-02
1.100657805800437927e-01
1.074261888861656189e-01
1.083454489707946777e-01
1.030264273285865784e-01
1.084635779261589050e-01
1.112237647175788879e-01
1.092320680618286133e-01
1.037719473242759705e-01
1.003794595599174500e-01
1.086767613887786865e-01
1.071072220802307129e-01
1.074348092079162598e-01
1.060825958847999573e-01
1.026996746659278870e-01
1.096522882580757141e-01
1.064794883131980896e-01
1.194850578904151917e-01
1.059496328234672546e-01
1.063095629215240479e-01
1.442778259515762329e-01
1.024980545043945312e-01
1.061952710151672363e-01
1.024353429675102234e-01
1.053597405552864075e-01
1.162430346012115479e-01
1.048574820160865784e-01
1.069813594222068787e-01
1.044006124138832092e-01
1.058733761310577393e-01
1.043813154101371765e-01
1.030481159687042236e-01
1.353463679552078247e-01
1.034879162907600403e-01
1.088150963187217712e-01
1.059271022677421570e-01
1.037958487868309021e-01
1.080469265580177307e-01
1.129204928874969482e-01
1.083429381251335144e-01
1.092776432633399963e-01
1.072505339980125427e-01
1.090451776981353760e-01
1.044619679450988770e-01
1.058605089783668518e-01
1.123992577195167542e-01
1.083818003535270691e-01
1.063935980200767517e-01
1.064496636390686035e-01
1.063497364521026611e-01
1.103431582450866699e-01
1.123246327042579651e-01
1.050291657447814941e-01
1.073512509465217590e-01
1.126117110252380371e-01
1.063760891556739807e-01
1.130875125527381897e-01
1.035351753234863281e-01
1.053101196885108948e-01
1.024352237582206726e-01
1.026930510997772217e-01
1.089624539017677307e-01
9.958780556917190552e-02
1.045093163847923279e-01
1.053791865706443787e-01
1.057611629366874695e-01
1.175890788435935974e-01
1.018058285117149353e-01
9.960769861936569214e-02
1.149312257766723633e-01
1.077332794666290283e-01
1.217505559325218201e-01
1.089949905872344971e-01
1.101239547133445740e-01
1.108035817742347717e-01
1.123905852437019348e-01
1.019665598869323730e-01
1.023271977901458740e-01
1.086176708340644836e-01
1.050275489687919617e-01
1.026962995529174805e-01
1.051542535424232483e-01
1.025468930602073669e-01
1.114342212677001953e-01
1.065041422843933105e-01
1.081341803073883057e-01
1.119721010327339172e-01
1.054731085896492004e-01
1.084712445735931396e-01
1.063262894749641418e-01
1.056067645549774170e-01
1.072881296277046204e-01
1.048946306109428406e-01
1.104322448372840881e-01
1.172775328159332275e-01
1.033107861876487732e-01
1.149488985538482666e-01
1.125142201781272888e-01
1.130125746130943298e-01
1.081821098923683167e-01
1.079246029257774353e-01
1.086789593100547791e-01
1.194460168480873108e-01
1.028741970658302307e-01
1.032236218452453613e-01
1.100546121597290039e-01
1.066260263323783875e-01
1.041887030005455017e-01
1.095614433288574219e-01
1.102209612727165222e-01
1.080671176314353943e-01
1.053862348198890686e-01
1.002671048045158386e-01
1.131039485335350037e-01
1.117981597781181335e-01
1.076363846659660339e-01
1.103139296174049377e-01
1.139714792370796204e-01
1.051874682307243347e-01
1.174909546971321106e-01
1.056141629815101624e-01
1.270236372947692871e-01
1.050216034054756165e-01
1.020437180995941162e-01
1.078803017735481262e-01
1.135353669524192810e-01
1.137864589691162109e-01
1.054188981652259827e-01
1.134272143244743347e-01
1.079689860343933105e-01
1.113250777125358582e-01
1.061640605330467224e-01
1.062244176864624023e-01
1.072880998253822327e-01
1.040860638022422791e-01
1.051875874400138855e-01
1.063367202877998352e-01
1.096849218010902405e-01
1.122692227363586426e-01
1.077412441372871399e-01
1.071996688842773438e-01
1.029339134693145752e-01
1.094948425889015198e-01
1.040259599685668945e-01
1.095457002520561218e-01
1.039638593792915344e-01
1.099248155951499939e-01
1.093117222189903259e-01
1.056696474552154541e-01
1.116806343197822571e-01
1.120451167225837708e-01
1.020162478089332581e-01
1.064014211297035217e-01
1.062282100319862366e-01
1.049231514334678650e-01
1.068160012364387512e-01
1.079785451292991638e-01
1.073978617787361145e-01
1.053223013877868652e-01
1.154252216219902039e-01
1.031714975833892822e-01
1.051389202475547791e-01
1.097196340560913086e-01
1.032015681266784668e-01
1.093762144446372986e-01
1.110488250851631165e-01
1.106675788760185242e-01
1.024458035826683044e-01
1.105898916721343994e-01
1.071419641375541687e-01
1.155575290322303772e-01
1.043688282370567322e-01
1.065099835395812988e-01
1.174069568514823914e-01
1.067499816417694092e-01
1.109660491347312927e-01
1.045488342642784119e-01
1.048114001750946045e-01
1.110729053616523743e-01
1.090505048632621765e-01
1.073701754212379456e-01
1.086539030075073242e-01
1.102814450860023499e-01
1.051610931754112244e-01
1.086588725447654724e-01
1.074984446167945862e-01
1.011640354990959167e-01
1.047203317284584045e-01
1.007165312767028809e-01
1.019404232501983643e-01
1.079971715807914734e-01
1.022572740912437439e-01
1.059898138046264648e-01
1.012954488396644592e-01
1.148263588547706604e-01
1.248214766383171082e-01
1.056173443794250488e-01
1.136990711092948914e-01
1.073167324066162109e-01
1.080668270587921143e-01
1.101067140698432922e-01
1.061428561806678772e-01
1.081492826342582703e-01
1.028938964009284973e-01
1.117135062813758850e-01
1.054476499557495117e-01
1.045716777443885803e-01
1.179863438010215759e-01
1.040686741471290588e-01
1.078134775161743164e-01
1.106826066970825195e-01
1.018370017409324646e-01
1.049989163875579834e-01
1.207744777202606201e-01
1.120485290884971619e-01
1.106169298291206360e-01
1.077250540256500244e-01
1.130633130669593811e-01
1.047629415988922119e-01
1.110174134373664856e-01
9.715158492326736450e-02
1.043819189071655273e-01
1.104090288281440735e-01
1.062314510345458984e-01
1.056114509701728821e-01
1.076998934149742126e-01
1.120146736502647400e-01
1.144645437598228455e-01
1.126179173588752747e-01
1.083205118775367737e-01
1.132318153977394104e-01
1.238291040062904358e-01
1.109131649136543274e-01
1.109049543738365173e-01
1.190692260861396790e-01
1.220620349049568176e-01
1.141654774546623230e-01
1.017877459526062012e-01
1.017943248152732849e-01
1.167726591229438782e-01
1.101885959506034851e-01
1.047453880310058594e-01
1.025029346346855164e-01
1.025108098983764648e-01
1.070960536599159241e-01
1.145133599638938904e-01
1.134203746914863586e-01
1.063525304198265076e-01
1.073269248008728027e-01
1.048360243439674377e-01
1.108821034431457520e-01
1.114619597792625427e-01
1.149620935320854187e-01
1.108808591961860657e-01
1.124968156218528748e-01
1.063994392752647400e-01
1.055956259369850159e-01
1.126797869801521301e-01
1.085647419095039368e-01
1.095684468746185303e-01
1.129846349358558655e-01
1.072121337056159973e-01
1.012336015701293945e-01
1.054417863488197327e-01
1.271197050809860229e-01
1.028422117233276367e-01
1.083579063415527344e-01
1.083385422825813293e-01
1.061164960265159607e-01
1.085866615176200867e-01
1.111874654889106750e-01
1.365891695022583008e-01
1.047803089022636414e-01
1.060883924365043640e-01
1.211034059524536133e-01
1.052363440394401550e-01
1.060232594609260559e-01
1.155948638916015625e-01
1.068503633141517639e-01
1.090290248394012451e-01
1.077131032943725586e-01
1.037939116358757019e-01
1.102206781506538391e-01
1.084866523742675781e-01
1.152988001704216003e-01
1.091705262660980225e-01
1.091049909591674805e-01
1.027164086699485779e-01
1.005672216415405273e-01
1.113845407962799072e-01
1.079728007316589355e-01
1.035447940230369568e-01
1.066809594631195068e-01
1.058050468564033508e-01
1.073994711041450500e-01
1.115222349762916565e-01
1.090169921517372131e-01
1.210695281624794006e-01
1.143003702163696289e-01
1.147280558943748474e-01
1.117679700255393982e-01
1.065503731369972229e-01
1.060243919491767883e-01
1.179650127887725830e-01
1.166222095489501953e-01
1.145626679062843323e-01
1.014422178268432617e-01
1.145894303917884827e-01
1.142197847366333008e-01
1.125549599528312683e-01
1.050364896655082703e-01
1.107406318187713623e-01
1.118173524737358093e-01
1.049173995852470398e-01
1.107270196080207825e-01
1.043490469455718994e-01
1.089376285672187805e-01
1.122765317559242249e-01
1.057575121521949768e-01
1.064275577664375305e-01
1.083641871809959412e-01
1.128745973110198975e-01
1.100770309567451477e-01
1.135761812329292297e-01
1.189598068594932556e-01
1.063063964247703552e-01
1.060327887535095215e-01
1.064225658774375916e-01
1.076237782835960388e-01
1.025093421339988708e-01
1.141637191176414490e-01
1.116508841514587402e-01
1.040292605757713318e-01
1.061997115612030029e-01
1.136665716767311096e-01
1.087387800216674805e-01
1.062964871525764465e-01
1.054169014096260071e-01
1.055771633982658386e-01
1.093559786677360535e-01
1.159925162792205811e-01
1.084631904959678650e-01
1.050998866558074951e-01
1.083655953407287598e-01
1.205776557326316833e-01
1.098132506012916565e-01
1.006958186626434326e-01
1.055825948715209961e-01
1.147428825497627258e-01
1.137047186493873596e-01
1.167144179344177246e-01
1.110641285777091980e-01
1.052289679646492004e-01
1.074611842632293701e-01
1.106192246079444885e-01
1.093264222145080566e-01
1.062127426266670227e-01
1.106695160269737244e-01
1.037596240639686584e-01
1.028315126895904541e-01
1.017701998353004456e-01
1.021074429154396057e-01
1.118424236774444580e-01
1.043634936213493347e-01
1.031985878944396973e-01
1.063413396477699280e-01
1.086341738700866699e-01
1.319765895605087280e-01
1.090338304638862610e-01
1.341374218463897705e-01
1.112162843346595764e-01
1.203971281647682190e-01
1.111878976225852966e-01
1.164030954241752625e-01
1.183624193072319031e-01
1.124979257583618164e-01
1.092679798603057861e-01
1.156471744179725647e-01
1.191420555114746094e-01
1.157655417919158936e-01
1.193023547530174255e-01
1.130362972617149353e-01
1.107423380017280579e-01
1.109078750014305115e-01
1.044727638363838196e-01
1.096419021487236023e-01
1.048593819141387939e-01
1.068269088864326477e-01
1.095686331391334534e-01
1.078435555100440979e-01
1.071523204445838928e-01
1.094228923320770264e-01
1.036699414253234863e-01
1.057575717568397522e-01
1.025747880339622498e-01
1.017125323414802551e-01
1.087217405438423157e-01
1.058547198772430420e-01
1.090306863188743591e-01
1.237736567854881287e-01
1.028686463832855225e-01
1.102862879633903503e-01
1.045363843441009521e-01
1.056746542453765869e-01
1.017829775810241699e-01
1.070831492543220520e-01
1.015907898545265198e-01
1.068906188011169434e-01
1.032732129096984863e-01
1.071314588189125061e-01
1.015987098217010498e-01
1.245885863900184631e-01
1.045655384659767151e-01
1.092575863003730774e-01
1.052993014454841614e-01
1.337923854589462280e-01
1.029999554157257080e-01
1.039680913090705872e-01
1.041949093341827393e-01
1.035200282931327820e-01
1.147800311446189880e-01
1.028042733669281006e-01
1.002631187438964844e-01
1.034275665879249573e-01
1.058621779084205627e-01
1.226205602288246155e-01
1.019876226782798767e-01
1.107321903109550476e-01
1.098919883370399475e-01
1.068204343318939209e-01
1.133995875716209412e-01
1.076639965176582336e-01
1.059826910495758057e-01
1.080755293369293213e-01
1.045232191681861877e-01
1.087869033217430115e-01
1.059717312455177307e-01
1.168055832386016846e-01
1.116772070527076721e-01
1.044150069355964661e-01
1.099178269505500793e-01
1.055824086070060730e-01
1.063120588660240173e-01
1.036525294184684753e-01
1.056652665138244629e-01
1.043498814105987549e-01
1.146569475531578064e-01
1.055096164345741272e-01
1.059458032250404358e-01
1.044383943080902100e-01
1.101471707224845886e-01
1.088784560561180115e-01
1.105651035904884338e-01
1.020601019263267517e-01
1.092258393764495850e-01
1.080994680523872375e-01
1.084682270884513855e-01
1.036474481225013733e-01
1.059553101658821106e-01
1.036134734749794006e-01
1.110073029994964600e-01
1.082267537713050842e-01
1.092452034354209900e-01
1.024676263332366943e-01
1.093197166919708252e-01
1.009629666805267334e-01
1.051166132092475891e-01
1.040747463703155518e-01
1.023295596241950989e-01
1.071470156311988831e-01
1.079706847667694092e-01
1.044909060001373291e-01
1.152708530426025391e-01
1.049319729208946228e-01
1.147991642355918884e-01
1.175482645630836487e-01
1.085198521614074707e-01
1.023111715912818909e-01
1.099782884120941162e-01
1.027732193470001221e-01
1.082123517990112305e-01
9.964850544929504395e-02
1.091668531298637390e-01
1.036276444792747498e-01
1.094890534877777100e-01
1.032593250274658203e-01
1.032323315739631653e-01
1.082858964800834656e-01
1.130035743117332458e-01
1.073576509952545166e-01
1.093891561031341553e-01
1.021743416786193848e-01
1.041955277323722839e-01
1.070344224572181702e-01
1.052611991763114929e-01
1.065529063344001770e-01
1.030011177062988281e-01
1.073688641190528870e-01
1.095041632652282715e-01
1.153044626116752625e-01
1.092770397663116455e-01
1.063856482505798340e-01
1.044834554195404053e-01
1.131746545433998108e-01
1.054373681545257568e-01
1.058774068951606750e-01
1.114439964294433594e-01
9.892290830612182617e-02
1.082414463162422180e-01
1.084875464439392090e-01
1.027130708098411560e-01
1.119598820805549622e-01
1.096483543515205383e-01
1.081491410732269287e-01
1.031855419278144836e-01
1.125810146331787109e-01
1.127820536494255066e-01
1.101000905036926270e-01
1.026234552264213562e-01
1.089130416512489319e-01
1.114016398787498474e-01
1.147950887680053711e-01
1.066576242446899414e-01
1.073557958006858826e-01
1.094543263316154480e-01
1.065924391150474548e-01
1.267645508050918579e-01
1.163133159279823303e-01
1.022719964385032654e-01
1.118240579962730408e-01
1.058865413069725037e-01
1.044854745268821716e-01
1.053885743021965027e-01
1.049412488937377930e-01
1.051302254199981689e-01
1.017019227147102356e-01
1.007506921887397766e-01
1.139012351632118225e-01
1.053844466805458069e-01
1.021815761923789978e-01
1.064604595303535461e-01
1.098836436867713928e-01
1.145882233977317810e-01
1.097820773720741272e-01
1.119570508599281311e-01
1.083414182066917419e-01
1.047165021300315857e-01
1.114155277609825134e-01
1.057561337947845459e-01
1.077082753181457520e-01
1.041551530361175537e-01
1.046810746192932129e-01
1.108350828289985657e-01
1.090918704867362976e-01
1.035141721367835999e-01
1.100164055824279785e-01
1.069721356034278870e-01
1.047965511679649353e-01
1.063126400113105774e-01
1.064112260937690735e-01
1.017979308962821960e-01
9.870483726263046265e-02
1.082048714160919189e-01
1.081254258751869202e-01
1.069282889366149902e-01
1.062243580818176270e-01
1.046390309929847717e-01
1.052041053771972656e-01
1.011949107050895691e-01
1.046882793307304382e-01
1.118118390440940857e-01
1.043676361441612244e-01
1.112283468246459961e-01
1.002494469285011292e-01
1.053840517997741699e-01
1.053471863269805908e-01
1.078713759779930115e-01
1.022752225399017334e-01
1.138772591948509216e-01
1.034641638398170471e-01
1.036921218037605286e-01
1.034981906414031982e-01
1.032291054725646973e-01
1.037179306149482727e-01
1.081393882632255554e-01
1.091671884059906006e-01
1.128427982330322266e-01
1.139310300350189209e-01
1.099608018994331360e-01
1.051200404763221741e-01
1.085367724299430847e-01
1.054961457848548889e-01
1.006480678915977478e-01
1.052994057536125183e-01
1.213086321949958801e-01
1.077850237488746643e-01
1.066521629691123962e-01
1.094492673873901367e-01
1.063838824629783630e-01
1.091166660189628601e-01
2.000063210725784302e-01
1.101989969611167908e-01
1.134400963783264160e-01
1.168900206685066223e-01
1.101961731910705566e-01
1.190996095538139343e-01
1.099093556404113770e-01
1.076512932777404785e-01
1.033293381333351135e-01
1.190835312008857727e-01
1.270918846130371094e-01
1.077095493674278259e-01
1.065772399306297302e-01
1.067750155925750732e-01
1.058858036994934082e-01
1.080881357192993164e-01
1.109564527869224548e-01
1.089906170964241028e-01
1.139158383011817932e-01
1.116164401173591614e-01
1.126357689499855042e-01
1.089212596416473389e-01
1.080339848995208740e-01
1.313608735799789429e-01
1.097961440682411194e-01
1.130290105938911438e-01
1.163549050688743591e-01
1.075609624385833740e-01
1.044293344020843506e-01
1.385535150766372681e-01
1.093645468354225159e-01
1.086213663220405579e-01
1.075667738914489746e-01
1.025638878345489502e-01
1.064198836684226990e-01
1.145656332373619080e-01
1.125747188925743103e-01
1.206205710768699646e-01
1.047182157635688782e-01
1.047306358814239502e-01
1.031141802668571472e-01
1.176421269774436951e-01
1.139412000775337219e-01
1.058708056807518005e-01
1.123349368572235107e-01
1.106970608234405518e-01
1.104955449700355530e-01
1.059496998786926270e-01
1.112298741936683655e-01
1.079742610454559326e-01
1.195962652564048767e-01
1.074069142341613770e-01
1.067343279719352722e-01
1.080829575657844543e-01
1.107860431075096130e-01
1.136200651526451111e-01
1.055509746074676514e-01
1.071414574980735779e-01
1.019742265343666077e-01
1.084336414933204651e-01
1.133745610713958740e-01
1.086123883724212646e-01
1.087894216179847717e-01
1.090463325381278992e-01
1.072468459606170654e-01
1.207605674862861633e-01
1.048687621951103210e-01
1.084398031234741211e-01
1.072761043906211853e-01
1.119799017906188965e-01
1.032220721244812012e-01
1.077622398734092712e-01
1.038362458348274231e-01
1.169342473149299622e-01
1.117982566356658936e-01
1.101079210638999939e-01
1.074253693222999573e-01
1.144289150834083557e-01
1.149900630116462708e-01
1.108440235257148743e-01
1.112660691142082214e-01
1.123263239860534668e-01
1.143457517027854919e-01
1.081836521625518799e-01
1.111337170004844666e-01
1.061660870909690857e-01
1.005044355988502502e-01
1.041968986392021179e-01
1.061331853270530701e-01
1.036025807261466980e-01
1.105049848556518555e-01
1.068510338664054871e-01
1.081691086292266846e-01
1.026763394474983215e-01
1.053576394915580750e-01
1.093094721436500549e-01
1.090385615825653076e-01
1.022632941603660583e-01
1.011434495449066162e-01
1.294290870428085327e-01
1.062183156609535217e-01
1.145841479301452637e-01
1.007678732275962830e-01
1.068341061472892761e-01
1.058050170540809631e-01
1.063416972756385803e-01
1.057549118995666504e-01
1.079640612006187439e-01
1.110990718007087708e-01
1.114683374762535095e-01
1.039153411984443665e-01
1.175897791981697083e-01
1.032408848404884338e-01
1.041026487946510315e-01
1.062452718615531921e-01
1.091059073805809021e-01
1.021615266799926758e-01
1.099782511591911316e-01
1.037294343113899231e-01
1.033993065357208252e-01
1.073934137821197510e-01
1.068759188055992126e-01
1.200905218720436096e-01
1.055523529648780823e-01
1.019962206482887268e-01
1.174743548035621643e-01
1.089275851845741272e-01
1.127740964293479919e-01
1.045278534293174744e-01
1.065199896693229675e-01
1.085749343037605286e-01
1.102691367268562317e-01
1.008929833769798279e-01
1.065979823470115662e-01
1.056261137127876282e-01
1.055262014269828796e-01
1.051501631736755371e-01
1.071127727627754211e-01
1.039560958743095398e-01
1.091784313321113586e-01
1.169229745864868164e-01
1.049351766705513000e-01
1.102842912077903748e-01
1.063221022486686707e-01
1.153989210724830627e-01
1.064394116401672363e-01
1.094297170639038086e-01
1.055890396237373352e-01
1.099847033619880676e-01
1.158309876918792725e-01
1.050060018897056580e-01
1.122253462672233582e-01
1.039419099688529968e-01
1.078631281852722168e-01
1.095350161194801331e-01
1.070618852972984314e-01
1.011244431138038635e-01
1.047337278723716736e-01
1.082887575030326843e-01
1.009688004851341248e-01
1.019754707813262939e-01
1.377618461847305298e-01
1.036752387881278992e-01
1.081597581505775452e-01
1.072254180908203125e-01
1.059067845344543457e-01
1.096723973751068115e-01
1.436477750539779663e-01
1.114402338862419128e-01
1.029475852847099304e-01
1.133088469505310059e-01
1.152586266398429871e-01
1.084626987576484680e-01
1.041642427444458008e-01
1.138987615704536438e-01
1.177921369671821594e-01
1.111566424369812012e-01
1.055217757821083069e-01
1.105610802769660950e-01
1.127522215247154236e-01
1.167508363723754883e-01
1.055297628045082092e-01
1.028518676757812500e-01
1.092612519860267639e-01
1.049356162548065186e-01
1.042950153350830078e-01
1.113834679126739502e-01
1.059848144650459290e-01
1.090653315186500549e-01
1.135097518563270569e-01
1.056209132075309753e-01
1.059490144252777100e-01
1.074982658028602600e-01
1.069328784942626953e-01
1.029090657830238342e-01
1.084669455885887146e-01
1.182591244578361511e-01
1.090880632400512695e-01
1.026043295860290527e-01
1.065875068306922913e-01
1.026672720909118652e-01
1.104962602257728577e-01
1.019055172801017761e-01
