1.003220453858375549e-01
8.775031566619873047e-02
8.077386766672134399e-02
8.705210685729980469e-02
9.174749255180358887e-02
8.535170555114746094e-02
8.365987986326217651e-02
8.891314268112182617e-02
8.638185262680053711e-02
8.578564971685409546e-02
8.498094230890274048e-02
9.435763210058212280e-02
8.551272749900817871e-02
8.574515581130981445e-02
8.986655622720718384e-02
8.286727964878082275e-02
8.576954156160354614e-02
8.590640872716903687e-02
8.435126394033432007e-02
8.461686968803405762e-02
8.647274971008300781e-02
8.509091287851333618e-02
8.834784477949142456e-02
9.117645025253295898e-02
8.246845752000808716e-02
8.534431457519531250e-02
8.664074540138244629e-02
8.327340334653854370e-02
8.101482689380645752e-02
8.566782623529434204e-02
8.268284797668457031e-02
8.562476187944412231e-02
8.257346600294113159e-02
8.753692358732223511e-02
8.877136558294296265e-02
8.917030692100524902e-02
8.910235762596130371e-02
8.695148676633834839e-02
8.576837927103042603e-02
9.263741225004196167e-02
9.281194955110549927e-02
9.009573608636856079e-02
8.627689629793167114e-02
8.331566303968429565e-02
8.375146985054016113e-02
8.467477560043334961e-02
9.296225756406784058e-02
8.353086560964584351e-02
8.349416404962539673e-02
8.697529882192611694e-02
8.591497689485549927e-02
8.431456238031387329e-02
8.747172355651855469e-02
9.159807115793228149e-02
8.387738466262817383e-02
9.068586677312850952e-02
8.588731288909912109e-02
8.456695824861526489e-02
8.674523979425430298e-02
8.899277448654174805e-02
8.408366888761520386e-02
8.593525737524032593e-02
8.343558758497238159e-02
8.583369851112365723e-02
8.812830597162246704e-02
8.855213969945907593e-02
8.648898452520370483e-02
8.377385884523391724e-02
8.756438642740249634e-02
8.761125802993774414e-02
8.813476562500000000e-02
8.767271041870117188e-02
9.517069905996322632e-02
8.787896484136581421e-02
8.624043315649032593e-02
8.804284781217575073e-02
8.915270119905471802e-02
8.330561965703964233e-02
8.490446954965591431e-02
8.795297145843505859e-02
8.363073319196701050e-02
8.816972374916076660e-02
8.206623047590255737e-02
8.598938584327697754e-02
8.979242295026779175e-02
8.435672521591186523e-02
8.636004477739334106e-02
8.548899739980697632e-02
8.701321482658386230e-02
8.886725455522537231e-02
8.565764874219894409e-02
7.916375249624252319e-02
8.818792551755905151e-02
8.641895651817321777e-02
8.218711614608764648e-02
9.066283702850341797e-02
8.270632475614547729e-02
8.882101625204086304e-02
8.312288671731948853e-02
8.619234710931777954e-02
8.332964032888412476e-02
8.457345515489578247e-02
8.705972880125045776e-02
8.498629182577133179e-02
8.663914352655410767e-02
8.536536246538162231e-02
8.447069674730300903e-02
8.381924033164978027e-02
8.609496802091598511e-02
9.305282682180404663e-02
9.212961047887802124e-02
8.787000179290771484e-02
9.190580248832702637e-02
9.444051980972290039e-02
8.951754122972488403e-02
9.063065797090530396e-02
8.837766200304031372e-02
8.613625913858413696e-02
9.258291870355606079e-02
8.499047905206680298e-02
8.726157993078231812e-02
9.307954460382461548e-02
9.133672714233398438e-02
8.599417656660079956e-02
8.641240000724792480e-02
9.434155374765396118e-02
8.815108984708786011e-02
8.230833709239959717e-02
8.292812854051589966e-02
9.051740169525146484e-02
8.839222043752670288e-02
8.658900111913681030e-02
8.596846461296081543e-02
8.409205079078674316e-02
8.679874986410140991e-02
8.542397618293762207e-02
8.417075127363204956e-02
8.449416607618331909e-02
9.045741707086563110e-02
8.973800390958786011e-02
8.810850232839584351e-02
8.589255064725875854e-02
8.381838351488113403e-02
8.915809541940689087e-02
8.766523003578186035e-02
8.583020418882369995e-02
8.789998292922973633e-02
8.493184298276901245e-02
8.573450893163681030e-02
8.618815988302230835e-02
8.678910136222839355e-02
8.789717406034469604e-02
8.594360947608947754e-02
8.558135479688644409e-02
8.511057496070861816e-02
8.399330824613571167e-02
8.964256197214126587e-02
8.458412438631057739e-02
9.040161222219467163e-02
8.312126994132995605e-02
8.797293901443481445e-02
8.923981338739395142e-02
8.643732219934463501e-02
9.026917070150375366e-02
8.790012449026107788e-02
8.754279464483261108e-02
9.105187654495239258e-02
8.397603034973144531e-02
8.445689082145690918e-02
8.746057748794555664e-02
8.689139038324356079e-02
8.430059999227523804e-02
8.055035024881362915e-02
8.633639663457870483e-02
8.506134897470474243e-02
8.621963113546371460e-02
8.434504270553588867e-02
8.571026474237442017e-02
8.450376987457275391e-02
8.691298961639404297e-02
8.929860591888427734e-02
8.710763603448867798e-02
9.443563967943191528e-02
9.465404599905014038e-02
8.474581688642501831e-02
8.477484434843063354e-02
8.636645227670669556e-02
8.209529519081115723e-02
9.212409704923629761e-02
8.801995962858200073e-02
9.075433760881423950e-02
8.325807005167007446e-02
8.433494716882705688e-02
8.397386223077774048e-02
8.339097350835800171e-02
8.974625915288925171e-02
8.748855441808700562e-02
8.798941969871520996e-02
8.379033952951431274e-02
9.086766839027404785e-02
8.784715086221694946e-02
8.099094778299331665e-02
8.531580120325088501e-02
8.683113008737564087e-02
8.343273401260375977e-02
8.533224463462829590e-02
8.606328815221786499e-02
8.388447761535644531e-02
8.718957751989364624e-02
8.333429694175720215e-02
8.500415831804275513e-02
8.707797527313232422e-02
8.757833391427993774e-02
8.779103308916091919e-02
8.461543917655944824e-02
8.396836370229721069e-02
8.320353180170059204e-02
8.978331089019775391e-02
9.010221809148788452e-02
8.732250332832336426e-02
8.496481925249099731e-02
8.371007442474365234e-02
8.338049054145812988e-02
9.981500357389450073e-02
9.604874998331069946e-02
8.463188260793685913e-02
8.940085023641586304e-02
8.645655959844589233e-02
8.829630166292190552e-02
8.282482624053955078e-02
8.362123370170593262e-02
8.444008976221084595e-02
9.293815493583679199e-02
8.677303791046142578e-02
8.782545477151870728e-02
8.389916270971298218e-02
8.863110095262527466e-02
8.497536182403564453e-02
8.686816692352294922e-02
8.432710170745849609e-02
8.731558918952941895e-02
8.613163977861404419e-02
8.930040150880813599e-02
8.450242131948471069e-02
8.848667889833450317e-02
8.298400789499282837e-02
8.768811076879501343e-02
8.839773386716842651e-02
8.669105917215347290e-02
8.407455682754516602e-02
8.698031306266784668e-02
8.958067744970321655e-02
9.514904022216796875e-02
8.760396391153335571e-02
8.532301336526870728e-02
8.392127603292465210e-02
8.237021416425704956e-02
8.918019384145736694e-02
8.918496221303939819e-02
8.707924932241439819e-02
8.867434412240982056e-02
8.545672148466110229e-02
8.877531439065933228e-02
9.106042236089706421e-02
8.547121286392211914e-02
8.419340848922729492e-02
8.914194256067276001e-02
8.621450513601303101e-02
8.426588773727416992e-02
8.282260596752166748e-02
8.733943104743957520e-02
8.573899418115615845e-02
8.530757576227188110e-02
8.157093077898025513e-02
8.617544174194335938e-02
8.895707130432128906e-02
8.312188833951950073e-02
9.546334296464920044e-02
8.602830022573471069e-02
9.176555275917053223e-02
8.801075071096420288e-02
1.092184707522392273e-01
8.381938934326171875e-02
8.385055512189865112e-02
8.533104509115219116e-02
8.836773037910461426e-02
8.443527668714523315e-02
8.491542190313339233e-02
8.855590969324111938e-02
8.597483485937118530e-02
8.704388141632080078e-02
8.360155671834945679e-02
9.446727484464645386e-02
9.242921322584152222e-02
8.688819408416748047e-02
8.303556591272354126e-02
9.224381297826766968e-02
8.168197423219680786e-02
8.854743093252182007e-02
8.802929520606994629e-02
8.622071146965026855e-02
1.117409095168113708e-01
8.939108997583389282e-02
8.422183990478515625e-02
9.508796781301498413e-02
8.923401683568954468e-02
8.724400401115417480e-02
8.694417029619216919e-02
8.770183473825454712e-02
8.418980985879898071e-02
8.767680078744888306e-02
8.796947449445724487e-02
9.684121608734130859e-02
8.582135289907455444e-02
8.436895161867141724e-02
8.672368526458740234e-02
8.882584422826766968e-02
8.714085072278976440e-02
9.043943136930465698e-02
8.389508724212646484e-02
8.409970998764038086e-02
8.242123574018478394e-02
8.337061852216720581e-02
8.684407919645309448e-02
8.472695201635360718e-02
8.530026674270629883e-02
8.681594580411911011e-02
8.689311891794204712e-02
8.354171365499496460e-02
9.182222932577133179e-02
8.930093050003051758e-02
8.634725213050842285e-02
8.659733086824417114e-02
8.465204387903213501e-02
8.439648896455764771e-02
8.382904529571533203e-02
9.459570795297622681e-02
8.185572922229766846e-02
8.865594863891601562e-02
8.744256943464279175e-02
8.643981069326400757e-02
9.288198500871658325e-02
8.993237465620040894e-02
8.725016564130783081e-02
9.168281406164169312e-02
8.644407987594604492e-02
9.175130724906921387e-02
8.319070935249328613e-02
8.793100714683532715e-02
9.266880154609680176e-02
8.810495585203170776e-02
8.023292571306228638e-02
8.487987518310546875e-02
8.552318811416625977e-02
8.663918823003768921e-02
8.840102702379226685e-02
8.511976152658462524e-02
9.017340093851089478e-02
8.802314847707748413e-02
9.225962311029434204e-02
9.169736504554748535e-02
8.335515111684799194e-02
9.640458226203918457e-02
8.754720538854598999e-02
8.639404922723770142e-02
8.743998408317565918e-02
8.958198875188827515e-02
8.041568845510482788e-02
9.097009897232055664e-02
8.923479169607162476e-02
9.263179451227188110e-02
8.939216285943984985e-02
8.792277425527572632e-02
8.855058997869491577e-02
9.412431716918945312e-02
8.324874937534332275e-02
8.561095595359802246e-02
8.910193294286727905e-02
9.225263446569442749e-02
8.346471190452575684e-02
8.562540262937545776e-02
8.925261348485946655e-02
9.218767285346984863e-02
8.687224984169006348e-02
9.008175134658813477e-02
8.300915360450744629e-02
8.425539731979370117e-02
8.483567088842391968e-02
8.612460643053054810e-02
8.629238605499267578e-02
8.770487457513809204e-02
9.155500680208206177e-02
8.775018900632858276e-02
8.328825235366821289e-02
8.707652240991592407e-02
8.622630685567855835e-02
9.222453832626342773e-02
8.550113439559936523e-02
8.460486680269241333e-02
8.912867307662963867e-02
8.606260269880294800e-02
7.963509857654571533e-02
8.780866116285324097e-02
8.892030268907546997e-02
8.957773447036743164e-02
8.368450403213500977e-02
8.389625698328018188e-02
9.080845862627029419e-02
9.485704451799392700e-02
8.741251379251480103e-02
9.040845185518264771e-02
8.611622452735900879e-02
8.644229173660278320e-02
8.511439710855484009e-02
8.827155828475952148e-02
8.590791374444961548e-02
8.318622410297393799e-02
8.456469327211380005e-02
8.731100708246231079e-02
8.552914857864379883e-02
8.178147673606872559e-02
9.515684843063354492e-02
8.632595092058181763e-02
8.688691258430480957e-02
8.428174257278442383e-02
8.529386669397354126e-02
8.845109492540359497e-02
8.391992002725601196e-02
8.612982183694839478e-02
8.809379488229751587e-02
8.792296797037124634e-02
8.549231290817260742e-02
8.882827311754226685e-02
1.291756182909011841e-01
9.072002768516540527e-02
8.532569557428359985e-02
8.595675230026245117e-02
8.425245434045791626e-02
8.133208751678466797e-02
8.346300572156906128e-02
9.760472923517227173e-02
9.135004132986068726e-02
8.783058077096939087e-02
8.615317940711975098e-02
8.828256279230117798e-02
8.884461969137191772e-02
8.575139194726943970e-02
9.698780626058578491e-02
8.476858586072921753e-02
8.937093615531921387e-02
9.520199894905090332e-02
9.165111929178237915e-02
8.807661384344100952e-02
8.708193898200988770e-02
9.291582554578781128e-02
8.852360397577285767e-02
8.676909655332565308e-02
8.392118662595748901e-02
8.368062973022460938e-02
9.267466515302658081e-02
9.198092669248580933e-02
8.749315887689590454e-02
8.734502643346786499e-02
8.549561351537704468e-02
8.834493905305862427e-02
8.698213100433349609e-02
8.811581879854202271e-02
8.869325369596481323e-02
8.564004302024841309e-02
8.656995743513107300e-02
9.267856925725936890e-02
8.575635403394699097e-02
9.793081134557723999e-02
8.459041267633438110e-02
8.304357528686523438e-02
8.215697854757308960e-02
8.250385522842407227e-02
8.722352981567382812e-02
8.476486057043075562e-02
9.012535959482192993e-02
8.798110485076904297e-02
8.790051192045211792e-02
8.650139719247817993e-02
8.149670064449310303e-02
8.615007251501083374e-02
8.968134969472885132e-02
8.728530257940292358e-02
8.649364113807678223e-02
8.472410589456558228e-02
8.708241581916809082e-02
1.009992957115173340e-01
8.810380846261978149e-02
9.037521481513977051e-02
8.979779481887817383e-02
9.755378961563110352e-02
8.344599604606628418e-02
9.029056876897811890e-02
9.156358242034912109e-02
8.788237720727920532e-02
8.635710924863815308e-02
8.723183721303939819e-02
8.646800369024276733e-02
8.783309906721115112e-02
9.428706020116806030e-02
8.162114024162292480e-02
8.873227983713150024e-02
8.477092534303665161e-02
8.437437564134597778e-02
8.697360008955001831e-02
8.780948072671890259e-02
9.430918842554092407e-02
8.432272076606750488e-02
8.500564843416213989e-02
9.393761307001113892e-02
8.780176192522048950e-02
9.114728122949600220e-02
8.453891426324844360e-02
8.914610743522644043e-02
8.900374919176101685e-02
8.759573101997375488e-02
8.876302093267440796e-02
8.861123770475387573e-02
8.687444776296615601e-02
8.961180597543716431e-02
8.514785021543502808e-02
8.771798014640808105e-02
9.170513600111007690e-02
8.636183291673660278e-02
8.336808532476425171e-02
8.509373664855957031e-02
8.378717303276062012e-02
8.573702722787857056e-02
8.671220391988754272e-02
8.491521328687667847e-02
8.766689896583557129e-02
8.083434402942657471e-02
9.109816700220108032e-02
8.861038088798522949e-02
8.966050297021865845e-02
8.239914476871490479e-02
8.406286686658859253e-02
8.659404516220092773e-02
9.044305235147476196e-02
8.450931310653686523e-02
8.261238783597946167e-02
8.187813311815261841e-02
8.619352430105209351e-02
8.330623060464859009e-02
8.216281980276107788e-02
8.597608655691146851e-02
9.337789565324783325e-02
8.246018737554550171e-02
8.259774744510650635e-02
8.950643986463546753e-02
8.524399995803833008e-02
8.695372194051742554e-02
8.971402049064636230e-02
8.637896180152893066e-02
8.321009576320648193e-02
8.508821576833724976e-02
8.651876449584960938e-02
8.485259860754013062e-02
8.791189640760421753e-02
9.990724176168441772e-02
8.613589406013488770e-02
8.699733763933181763e-02
8.084865659475326538e-02
8.579859882593154907e-02
8.541814237833023071e-02
8.462140709161758423e-02
8.105280995368957520e-02
8.597517013549804688e-02
8.388064056634902954e-02
8.192935585975646973e-02
8.413111418485641479e-02
9.060735255479812622e-02
8.428832888603210449e-02
8.988197892904281616e-02
9.309195727109909058e-02
8.440008759498596191e-02
8.278379589319229126e-02
8.343680948019027710e-02
8.560261875391006470e-02
8.883032947778701782e-02
8.714473247528076172e-02
8.777517080307006836e-02
8.290956169366836548e-02
8.770754188299179077e-02
8.763027191162109375e-02
8.314437419176101685e-02
8.324823528528213501e-02
8.805695921182632446e-02
8.518468588590621948e-02
9.028687328100204468e-02
9.026610106229782104e-02
8.494027704000473022e-02
8.829658478498458862e-02
8.426649123430252075e-02
8.714152127504348755e-02
8.262602239847183228e-02
8.739580959081649780e-02
8.995747566223144531e-02
8.232582360506057739e-02
8.430438488721847534e-02
8.264233171939849854e-02
9.294193983078002930e-02
8.588887006044387817e-02
8.591734617948532104e-02
8.835169672966003418e-02
8.432853221893310547e-02
9.273979812860488892e-02
8.621859550476074219e-02
8.578581362962722778e-02
8.551628142595291138e-02
8.315203338861465454e-02
8.631017059087753296e-02
9.154939651489257812e-02
8.618327230215072632e-02
8.255895227193832397e-02
8.096585422754287720e-02
8.811260014772415161e-02
8.651917427778244019e-02
8.478977531194686890e-02
8.565775305032730103e-02
8.450450748205184937e-02
8.500980585813522339e-02
8.269525319337844849e-02
8.258827775716781616e-02
9.141085296869277954e-02
9.013693779706954956e-02
8.454846590757369995e-02
8.607067912817001343e-02
8.454105257987976074e-02
8.633941411972045898e-02
8.497104793787002563e-02
8.690831810235977173e-02
8.269166201353073120e-02
8.109211921691894531e-02
8.498573303222656250e-02
8.739922195672988892e-02
8.991661667823791504e-02
8.433082699775695801e-02
8.696458488702774048e-02
8.886470645666122437e-02
8.496800065040588379e-02
8.315846323966979980e-02
8.542486280202865601e-02
8.362590521574020386e-02
8.523997664451599121e-02
8.185530453920364380e-02
8.538445085287094116e-02
8.381993323564529419e-02
8.755511045455932617e-02
8.345866203308105469e-02
8.476676791906356812e-02
8.427622169256210327e-02
8.266723901033401489e-02
8.734262734651565552e-02
8.427539467811584473e-02
8.590725809335708618e-02
8.482446521520614624e-02
8.276570588350296021e-02
8.448696136474609375e-02
9.302458912134170532e-02
8.523598313331604004e-02
8.416792005300521851e-02
8.460396528244018555e-02
8.715128898620605469e-02
9.054590016603469849e-02
8.387760072946548462e-02
8.418598771095275879e-02
8.283808082342147827e-02
8.262883126735687256e-02
8.335045725107192993e-02
7.837032526731491089e-02
8.260390907526016235e-02
8.245900273323059082e-02
8.643137663602828979e-02
8.311323076486587524e-02
8.675026893615722656e-02
8.259434252977371216e-02
8.331931382417678833e-02
8.426371961832046509e-02
9.243580698966979980e-02
8.179915696382522583e-02
8.875735849142074585e-02
8.724754303693771362e-02
8.586016297340393066e-02
8.314986526966094971e-02
9.352757781744003296e-02
9.455462545156478882e-02
8.852163702249526978e-02
8.000098913908004761e-02
8.511235564947128296e-02
9.148370474576950073e-02
8.155841380357742310e-02
8.338960260152816772e-02
8.560407906770706177e-02
8.946171402931213379e-02
8.345153182744979858e-02
8.130997419357299805e-02
8.358621597290039062e-02
8.344215899705886841e-02
9.087896347045898438e-02
8.407228440046310425e-02
8.221773058176040649e-02
8.730261772871017456e-02
8.546045422554016113e-02
8.753398060798645020e-02
8.117582648992538452e-02
9.011253714561462402e-02
8.621457219123840332e-02
9.254493564367294312e-02
9.282197803258895874e-02
8.629576116800308228e-02
9.020975232124328613e-02
8.195199072360992432e-02
8.509413152933120728e-02
8.732091635465621948e-02
8.676225692033767700e-02
8.484032005071640015e-02
9.157693386077880859e-02
8.992268890142440796e-02
8.304230123758316040e-02
8.624736219644546509e-02
8.743900060653686523e-02
8.390051871538162231e-02
8.853886276483535767e-02
8.511463552713394165e-02
8.383011817932128906e-02
8.716374635696411133e-02
8.281884342432022095e-02
8.255075663328170776e-02
8.345500379800796509e-02
8.274143934249877930e-02
8.067827671766281128e-02
8.813986927270889282e-02
8.987024426460266113e-02
8.602043241262435913e-02
9.326291084289550781e-02
8.246003836393356323e-02
9.142277389764785767e-02
8.390509337186813354e-02
8.059959858655929565e-02
8.545745164155960083e-02
8.581310510635375977e-02
8.968091756105422974e-02
8.647427707910537720e-02
8.960821479558944702e-02
8.207421749830245972e-02
8.547355979681015015e-02
8.574067801237106323e-02
8.347642421722412109e-02
8.738277107477188110e-02
8.702639490365982056e-02
8.496040105819702148e-02
8.620196580886840820e-02
8.212263137102127075e-02
9.401347488164901733e-02
8.417908102273941040e-02
8.750096708536148071e-02
8.545409888029098511e-02
8.787495642900466919e-02
8.751664310693740845e-02
8.724174648523330688e-02
8.883890509605407715e-02
8.465527743101119995e-02
8.742815256118774414e-02
8.740931749343872070e-02
9.179564565420150757e-02
8.783047646284103394e-02
8.533951640129089355e-02
8.852392435073852539e-02
9.077315777540206909e-02
1.006503328680992126e-01
8.796340227127075195e-02
8.689695596694946289e-02
8.664117008447647095e-02
8.293565362691879272e-02
9.121996909379959106e-02
8.911124616861343384e-02
8.506501466035842896e-02
8.486434072256088257e-02
8.200255781412124634e-02
8.733465522527694702e-02
8.391930907964706421e-02
8.583249896764755249e-02
8.807363361120223999e-02
8.767592906951904297e-02
8.360520005226135254e-02
8.057608455419540405e-02
8.640735596418380737e-02
8.212579041719436646e-02
8.765055984258651733e-02
8.350748568773269653e-02
8.363830298185348511e-02
8.688008040189743042e-02
8.513316512107849121e-02
8.941886574029922485e-02
9.278636425733566284e-02
9.048867970705032349e-02
8.388430625200271606e-02
8.519142866134643555e-02
8.758927136659622192e-02
9.293410927057266235e-02
8.441337198019027710e-02
8.065312355756759644e-02
9.048435091972351074e-02
9.180819988250732422e-02
8.151245862245559692e-02
8.281295746564865112e-02
8.908537030220031738e-02
8.354651182889938354e-02
8.744663745164871216e-02
8.506932854652404785e-02
8.434806019067764282e-02
9.763988107442855835e-02
8.863410353660583496e-02
8.422589302062988281e-02
8.204805105924606323e-02
8.966499567031860352e-02
8.652587980031967163e-02
8.714514225721359253e-02
9.207403659820556641e-02
8.253446966409683228e-02
8.858826011419296265e-02
9.511014074087142944e-02
8.544190973043441772e-02
8.339329808950424194e-02
8.293661475181579590e-02
9.180638939142227173e-02
8.542239665985107422e-02
8.546933531761169434e-02
8.354862779378890991e-02
8.861931413412094116e-02
9.045711904764175415e-02
9.260585159063339233e-02
8.398874849081039429e-02
9.101156145334243774e-02
9.212493896484375000e-02
8.704238384962081909e-02
8.753154426813125610e-02
8.421334624290466309e-02
9.012031555175781250e-02
8.733122795820236206e-02
8.400413393974304199e-02
8.252955228090286255e-02
9.400159865617752075e-02
8.347737044095993042e-02
8.690059930086135864e-02
9.253894537687301636e-02
9.072089940309524536e-02
8.617970347404479980e-02
8.357233554124832153e-02
9.292242676019668579e-02
9.184432774782180786e-02
8.763971924781799316e-02
9.020001441240310669e-02
8.621540665626525879e-02
8.960214257240295410e-02
8.787852525711059570e-02
8.579408377408981323e-02
8.522921055555343628e-02
8.742650598287582397e-02
8.346585184335708618e-02
8.778702467679977417e-02
8.671700954437255859e-02
9.039016813039779663e-02
9.131350368261337280e-02
8.754828572273254395e-02
9.117124229669570923e-02
9.434220194816589355e-02
8.661725372076034546e-02
8.841407299041748047e-02
9.193285554647445679e-02
8.320937305688858032e-02
8.506742119789123535e-02
8.843307942152023315e-02
8.653492480516433716e-02
9.253627806901931763e-02
8.472099155187606812e-02
8.717431873083114624e-02
8.426460623741149902e-02
9.194277971982955933e-02
8.106077462434768677e-02
8.876890689134597778e-02
8.636760711669921875e-02
8.762899786233901978e-02
8.358994871377944946e-02
8.680579066276550293e-02
8.440253883600234985e-02
8.135153353214263916e-02
8.182897418737411499e-02
8.866408467292785645e-02
8.664078265428543091e-02
9.266358613967895508e-02
8.554685115814208984e-02
8.540894836187362671e-02
9.238009899854660034e-02
9.097123146057128906e-02
8.520555496215820312e-02
8.600441366434097290e-02
8.754736930131912231e-02
8.564374595880508423e-02
8.276089280843734741e-02
9.155756235122680664e-02
9.290354698896408081e-02
1.003293097019195557e-01
8.705095201730728149e-02
9.255491942167282104e-02
8.610936254262924194e-02
8.391230553388595581e-02
8.653157204389572144e-02
9.040848165750503540e-02
8.642051368951797485e-02
8.431705832481384277e-02
8.194917440414428711e-02
8.477474004030227661e-02
8.576894551515579224e-02
8.581802994012832642e-02
8.564624935388565063e-02
8.408413082361221313e-02
1.096593365073204041e-01
8.443174511194229126e-02
8.908701688051223755e-02
9.581828862428665161e-02
8.731996268033981323e-02
8.510247617959976196e-02
9.078216552734375000e-02
8.787143975496292114e-02
8.633091300725936890e-02
8.799765259027481079e-02
8.907267451286315918e-02
8.518830686807632446e-02
8.934432268142700195e-02
8.321247249841690063e-02
8.403319865465164185e-02
8.572968840599060059e-02
8.736541122198104858e-02
8.573698997497558594e-02
8.756419271230697632e-02
8.381271362304687500e-02
9.117770195007324219e-02
8.106235414743423462e-02
8.450129628181457520e-02
8.908506482839584351e-02
8.632829785346984863e-02
8.331163972616195679e-02
8.547654747962951660e-02
9.783437103033065796e-02
8.552938699722290039e-02
8.349568396806716919e-02
8.260490745306015015e-02
8.144611865282058716e-02
8.622566610574722290e-02
8.213559538125991821e-02
8.663377165794372559e-02
8.800222724676132202e-02
8.985769748687744141e-02
8.953426033258438110e-02
8.446993678808212280e-02
8.434707671403884888e-02
8.402190357446670532e-02
8.430863171815872192e-02
8.686021715402603149e-02
9.087603539228439331e-02
8.772122114896774292e-02
8.781994134187698364e-02
8.771658688783645630e-02
9.071255475282669067e-02
8.529200404882431030e-02
9.347624331712722778e-02
8.258609473705291748e-02
8.825856447219848633e-02
8.950457721948623657e-02
8.542685955762863159e-02
9.057176113128662109e-02
8.683798462152481079e-02
8.748865127563476562e-02
9.119126945734024048e-02
7.977849245071411133e-02
8.523014932870864868e-02
8.981110900640487671e-02
9.327457100152969360e-02
8.767452836036682129e-02
8.733809739351272583e-02
8.339162915945053101e-02
8.282435685396194458e-02
8.708462864160537720e-02
8.613845705986022949e-02
9.064060449600219727e-02
8.581095933914184570e-02
8.587827533483505249e-02
8.792953938245773315e-02
8.586546033620834351e-02
8.405397087335586548e-02
8.857984095811843872e-02
8.728522062301635742e-02
8.643120527267456055e-02
8.186662197113037109e-02
8.690777420997619629e-02
9.028586745262145996e-02
8.176911622285842896e-02
8.731138706207275391e-02
9.175699204206466675e-02
8.572431653738021851e-02
8.389616757631301880e-02
9.306579828262329102e-02
8.856588602066040039e-02
8.789017796516418457e-02
8.643612265586853027e-02
8.370646089315414429e-02
8.578000217676162720e-02
8.631799370050430298e-02
9.071835130453109741e-02
9.111008793115615845e-02
8.890218287706375122e-02
9.131633490324020386e-02
9.099591523408889771e-02
8.417558670043945312e-02
8.967978507280349731e-02
8.970273286104202271e-02
8.632320165634155273e-02
9.560093283653259277e-02
8.811710029840469360e-02
8.532837778329849243e-02
9.029259532690048218e-02
8.923479169607162476e-02
8.507602661848068237e-02
8.704522997140884399e-02
8.485979586839675903e-02
9.279698133468627930e-02
8.482395857572555542e-02
8.368032425642013550e-02
8.630076050758361816e-02
8.677441626787185669e-02
8.463227748870849609e-02
8.414495736360549927e-02
8.852582424879074097e-02
8.655858784914016724e-02
8.767793327569961548e-02
9.080215543508529663e-02
8.363760262727737427e-02
8.946154266595840454e-02
8.963603526353836060e-02
8.206874132156372070e-02
8.569435030221939087e-02
8.476343005895614624e-02
8.626702427864074707e-02
8.399442583322525024e-02
8.417130261659622192e-02
8.915958553552627563e-02
8.839201927185058594e-02
9.147953987121582031e-02
9.242668747901916504e-02
8.396741747856140137e-02
8.568134158849716187e-02
8.594582229852676392e-02
8.400422334671020508e-02
8.854717016220092773e-02
9.923771023750305176e-02
8.391433954238891602e-02
8.422958850860595703e-02
8.869457244873046875e-02
8.946637064218521118e-02
8.183020353317260742e-02
9.013724327087402344e-02
8.885245770215988159e-02
1.098171994090080261e-01
8.982750773429870605e-02
8.763325214385986328e-02
8.581820875406265259e-02
8.707511425018310547e-02
8.896387368440628052e-02
8.873829245567321777e-02
9.089320152997970581e-02
8.552604168653488159e-02
9.743402153253555298e-02
8.745115250349044800e-02
8.567247539758682251e-02
8.230685442686080933e-02
8.630409091711044312e-02
8.817154914140701294e-02
8.702870458364486694e-02
8.656837791204452515e-02
8.517245203256607056e-02
8.636888116598129272e-02
8.237487077713012695e-02
8.388362079858779907e-02
9.620872884988784790e-02
9.067547321319580078e-02
8.184716105461120605e-02
8.424469083547592163e-02
8.732769638299942017e-02
8.489864319562911987e-02
8.487421274185180664e-02
8.282483369112014771e-02
8.835566043853759766e-02
8.922162652015686035e-02
8.371227979660034180e-02
8.068245649337768555e-02
8.491089940071105957e-02
9.472600370645523071e-02
8.403497189283370972e-02
8.259910345077514648e-02
8.323388546705245972e-02
9.135661274194717407e-02
8.562233299016952515e-02
8.418923616409301758e-02
8.384159207344055176e-02
8.532116562128067017e-02
8.901151269674301147e-02
8.811543136835098267e-02
8.241980522871017456e-02
8.440152555704116821e-02
8.226591348648071289e-02
8.941579610109329224e-02
8.461617678403854370e-02
8.552282303571701050e-02
8.557796478271484375e-02
8.427134901285171509e-02
8.761788159608840942e-02
8.271645009517669678e-02
8.574035018682479858e-02
8.645224571228027344e-02
8.923404663801193237e-02
8.363489061594009399e-02
8.816388994455337524e-02
8.306816965341567993e-02
8.442309498786926270e-02
9.070190042257308960e-02
8.832851052284240723e-02
8.526533097028732300e-02
8.380431681871414185e-02
8.760754019021987915e-02
9.413074702024459839e-02
8.636892586946487427e-02
8.527465909719467163e-02
8.346078544855117798e-02
9.139969199895858765e-02
8.253702521324157715e-02
8.574366569519042969e-02
8.499000221490859985e-02
8.783499151468276978e-02
8.360186219215393066e-02
8.953941613435745239e-02
9.074398130178451538e-02
8.314315229654312134e-02
8.806327730417251587e-02
8.671283721923828125e-02
8.046307414770126343e-02
8.664030581712722778e-02
8.783828467130661011e-02
8.802769333124160767e-02
9.056800603866577148e-02
8.916437625885009766e-02
8.445793390274047852e-02
8.604531735181808472e-02
8.824572712182998657e-02
8.452544361352920532e-02
8.349573612213134766e-02
8.495896309614181519e-02
8.726388961076736450e-02
8.458182960748672485e-02
8.760779350996017456e-02
8.558813482522964478e-02
8.819069713354110718e-02
8.444233983755111694e-02
8.355651050806045532e-02
8.532891422510147095e-02
8.539193868637084961e-02
8.693835139274597168e-02
8.235033601522445679e-02
8.897978812456130981e-02
8.506631106138229370e-02
8.474060148000717163e-02
8.348219841718673706e-02
8.519185334444046021e-02
9.019836038351058960e-02
8.502155542373657227e-02
8.343408256769180298e-02
8.634028583765029907e-02
8.172235637903213501e-02
8.336711674928665161e-02
8.607003092765808105e-02
8.368147164583206177e-02
8.403867483139038086e-02
8.706674724817276001e-02
8.270657807588577271e-02
8.452572673559188843e-02
8.236959576606750488e-02
8.340826630592346191e-02
8.641389012336730957e-02
8.792304992675781250e-02
8.349256962537765503e-02
8.301169425249099731e-02
8.395225554704666138e-02
8.881276100873947144e-02
8.423143625259399414e-02
9.155850857496261597e-02
8.299761265516281128e-02
8.576288819313049316e-02
8.363046497106552124e-02
8.310925215482711792e-02
8.791747689247131348e-02
8.633023500442504883e-02
8.878455311059951782e-02
8.442929387092590332e-02
8.551291376352310181e-02
8.984420448541641235e-02
8.567517250776290894e-02
8.440496772527694702e-02
8.233794569969177246e-02
8.970838785171508789e-02
8.492948859930038452e-02
8.383306115865707397e-02
8.856607228517532349e-02
8.632991462945938110e-02
8.598107099533081055e-02
9.021920710802078247e-02
8.813299983739852905e-02
8.516167849302291870e-02
8.406982570886611938e-02
8.668434619903564453e-02
8.490728586912155151e-02
8.496284484863281250e-02
8.247803896665573120e-02
8.909970521926879883e-02
8.285155147314071655e-02
8.355591446161270142e-02
8.478898555040359497e-02
8.446147292852401733e-02
8.915565162897109985e-02
9.044536203145980835e-02
8.827478438615798950e-02
8.493717759847640991e-02
8.339741080999374390e-02
9.239991754293441772e-02
9.032125025987625122e-02
8.819910138845443726e-02
8.582080155611038208e-02
8.253135532140731812e-02
8.755401521921157837e-02
8.672287315130233765e-02
9.035414457321166992e-02
8.680552989244461060e-02
8.510150760412216187e-02
8.665889501571655273e-02
9.028500318527221680e-02
9.121558815240859985e-02
9.133708477020263672e-02
9.023069590330123901e-02
8.929932862520217896e-02
8.247347921133041382e-02
8.824636787176132202e-02
8.426278084516525269e-02
8.875321596860885620e-02
8.631644397974014282e-02
9.104671329259872437e-02
1.060216128826141357e-01
8.780246973037719727e-02
9.864892810583114624e-02
8.248665183782577515e-02
8.280710875988006592e-02
9.252831339836120605e-02
8.720809966325759888e-02
8.317607641220092773e-02
8.851921558380126953e-02
8.637475967407226562e-02
8.564598113298416138e-02
8.826500922441482544e-02
8.728531748056411743e-02
8.735424280166625977e-02
8.660301566123962402e-02
8.349812775850296021e-02
8.574866503477096558e-02
8.634666353464126587e-02
8.565210551023483276e-02
8.293911069631576538e-02
8.535677194595336914e-02
8.570686727762222290e-02
8.944160491228103638e-02
8.851250261068344116e-02
8.967170864343643188e-02
8.315379172563552856e-02
8.681774139404296875e-02
9.067157655954360962e-02
8.660336583852767944e-02
8.786595612764358521e-02
8.205695450305938721e-02
8.425464481115341187e-02
8.739287406206130981e-02
8.527078479528427124e-02
8.583100885152816772e-02
8.536946028470993042e-02
8.718023449182510376e-02
1.127780601382255554e-01
8.788889646530151367e-02
8.321405202150344849e-02
8.716902136802673340e-02
8.698978275060653687e-02
8.209773153066635132e-02
8.655071258544921875e-02
8.933135122060775757e-02
8.422733098268508911e-02
8.541715145111083984e-02
8.787810802459716797e-02
8.291862159967422485e-02
8.547508716583251953e-02
8.419117331504821777e-02
8.305653929710388184e-02
8.816429972648620605e-02
8.800930529832839966e-02
9.008190780878067017e-02
8.492374420166015625e-02
8.299028128385543823e-02
8.486939221620559692e-02
8.522055298089981079e-02
8.543679118156433105e-02
9.011434763669967651e-02
8.306556195020675659e-02
9.242487698793411255e-02
8.948435634374618530e-02
8.929550647735595703e-02
8.678615838289260864e-02
8.390312641859054565e-02
8.737418800592422485e-02
7.999131828546524048e-02
8.539219945669174194e-02
8.602627366781234741e-02
8.346160501241683960e-02
8.845599740743637085e-02
8.904984593391418457e-02
8.307807892560958862e-02
8.808424323797225952e-02
8.847822993993759155e-02
9.511023014783859253e-02
8.420670032501220703e-02
9.206218272447586060e-02
8.693464845418930054e-02
8.578265458345413208e-02
8.333795517683029175e-02
8.628293126821517944e-02
9.160514920949935913e-02
8.312866836786270142e-02
8.318232744932174683e-02
8.427468687295913696e-02
1.211228445172309875e-01
8.804734796285629272e-02
8.642906695604324341e-02
8.300746977329254150e-02
8.583334088325500488e-02
8.624470978975296021e-02
8.810206502676010132e-02
9.583312273025512695e-02
8.229725807905197144e-02
8.669478446245193481e-02
8.627923578023910522e-02
8.415018767118453979e-02
8.746672421693801880e-02
8.663786202669143677e-02
8.649341017007827759e-02
8.907261490821838379e-02
9.405209869146347046e-02
8.369307965040206909e-02
8.563945442438125610e-02
8.272916823625564575e-02
8.844405412673950195e-02
8.860852569341659546e-02
8.701463788747787476e-02
8.537206798791885376e-02
9.133160859346389771e-02
8.874019235372543335e-02
8.596815913915634155e-02
9.007420390844345093e-02
8.211033791303634644e-02
8.603946119546890259e-02
8.276274055242538452e-02
8.282161504030227661e-02
8.849755674600601196e-02
8.516136556863784790e-02
1.103281751275062561e-01
8.810985833406448364e-02
8.688867837190628052e-02
9.055871516466140747e-02
8.072722703218460083e-02
8.815848827362060547e-02
8.498258143663406372e-02
8.610561490058898926e-02
8.587750047445297241e-02
8.629743009805679321e-02
8.474209159612655640e-02
8.528236299753189087e-02
9.408524632453918457e-02
8.472474664449691772e-02
9.147899597883224487e-02
8.360511064529418945e-02
8.463251590728759766e-02
8.417090028524398804e-02
8.650281280279159546e-02
8.340313285589218140e-02
8.420089632272720337e-02
8.496975153684616089e-02
8.561215549707412720e-02
8.275908976793289185e-02
8.718052506446838379e-02
8.505211025476455688e-02
8.970635384321212769e-02
8.121690899133682251e-02
8.501094579696655273e-02
9.021902829408645630e-02
8.519566804170608521e-02
8.062990009784698486e-02
8.881196379661560059e-02
8.922836929559707642e-02
1.052737012505531311e-01
8.757960051298141479e-02
8.766683191061019897e-02
8.778528124094009399e-02
8.231086283922195435e-02
8.274527639150619507e-02
8.999404311180114746e-02
8.780746906995773315e-02
8.702868968248367310e-02
8.458033949136734009e-02
8.244729787111282349e-02
8.905246108770370483e-02
8.257745951414108276e-02
8.575318008661270142e-02
8.455470204353332520e-02
8.430358022451400757e-02
8.164817839860916138e-02
8.258872479200363159e-02
8.493858575820922852e-02
8.262557536363601685e-02
8.974993228912353516e-02
8.491645008325576782e-02
8.478599041700363159e-02
8.953035622835159302e-02
8.650985360145568848e-02
8.594840764999389648e-02
8.777964115142822266e-02
8.445499092340469360e-02
8.100645244121551514e-02
8.333107084035873413e-02
8.708492666482925415e-02
8.641293644905090332e-02
8.396530896425247192e-02
8.372294157743453979e-02
8.921501785516738892e-02
8.700898289680480957e-02
8.532225340604782104e-02
8.164711296558380127e-02
8.453357219696044922e-02
8.398249745368957520e-02
8.523129671812057495e-02
8.406976610422134399e-02
8.240177482366561890e-02
1.045627370476722717e-01
9.016594290733337402e-02
8.520614355802536011e-02
8.765337616205215454e-02
8.520650863647460938e-02
1.006910502910614014e-01
8.668436855077743530e-02
8.759778738021850586e-02
8.916304260492324829e-02
9.325326234102249146e-02
8.935165405273437500e-02
9.606993943452835083e-02
9.099444746971130371e-02
9.567479044198989868e-02
8.674637228250503540e-02
9.062368422746658325e-02
8.601075410842895508e-02
8.534315228462219238e-02
9.424913674592971802e-02
9.059882909059524536e-02
8.662889152765274048e-02
8.898083120584487915e-02
8.513334393501281738e-02
9.376988559961318970e-02
8.499916642904281616e-02
8.988333493471145630e-02
8.723715692758560181e-02
8.910428732633590698e-02
8.567949384450912476e-02
8.993741869926452637e-02
9.402647614479064941e-02
8.658859133720397949e-02
8.287985622882843018e-02
8.366161584854125977e-02
9.111054986715316772e-02
8.605039864778518677e-02
9.348133951425552368e-02
8.495334535837173462e-02
8.794704079627990723e-02
8.414272218942642212e-02
8.532721549272537231e-02
8.571609854698181152e-02
8.986983448266983032e-02
9.572467207908630371e-02
8.747524023056030273e-02
8.444350957870483398e-02
8.581912517547607422e-02
8.321361988782882690e-02
8.522024005651473999e-02
9.185584634542465210e-02
8.688940852880477905e-02
8.628153800964355469e-02
9.794197231531143188e-02
8.907654881477355957e-02
8.800972253084182739e-02
8.536318689584732056e-02
8.271365612745285034e-02
8.571112900972366333e-02
8.835495263338088989e-02
8.870375156402587891e-02
8.211988210678100586e-02
8.953503519296646118e-02
8.795649558305740356e-02
8.804445713758468628e-02
9.394750744104385376e-02
8.332663774490356445e-02
8.647992461919784546e-02
8.270362764596939087e-02
8.250667899847030640e-02
8.658078312873840332e-02
8.972763270139694214e-02
8.483924716711044312e-02
8.593363314867019653e-02
8.557605743408203125e-02
8.589918166399002075e-02
8.445474505424499512e-02
8.844096213579177856e-02
8.814061433076858521e-02
8.699873834848403931e-02
8.297331631183624268e-02
8.837273716926574707e-02
8.849427103996276855e-02
8.661242574453353882e-02
8.415447920560836792e-02
8.213681727647781372e-02
8.600643277168273926e-02
8.729685097932815552e-02
8.703713864088058472e-02
8.784359693527221680e-02
8.685634285211563110e-02
8.938788622617721558e-02
8.873406797647476196e-02
8.577304333448410034e-02
8.627808094024658203e-02
8.935721963644027710e-02
8.163744211196899414e-02
8.795154094696044922e-02
9.030980616807937622e-02
9.096136689186096191e-02
8.732626587152481079e-02
8.439285308122634888e-02
9.137099236249923706e-02
9.189161658287048340e-02
8.275979012250900269e-02
8.421634882688522339e-02
8.685105293989181519e-02
8.436585217714309692e-02
8.674246072769165039e-02
8.337402343750000000e-02
8.590253442525863647e-02
8.991358429193496704e-02
8.670633286237716675e-02
8.506184071302413940e-02
9.191302210092544556e-02
9.248501062393188477e-02
9.070772677659988403e-02
8.644682168960571289e-02
8.363273739814758301e-02
8.476832509040832520e-02
8.119724690914154053e-02
8.435212820768356323e-02
8.141767233610153198e-02
8.670463413000106812e-02
8.303206413984298706e-02
9.038034826517105103e-02
8.552977442741394043e-02
8.930093795061111450e-02
8.824214339256286621e-02
8.470642566680908203e-02
1.034427806735038757e-01
8.842227607965469360e-02
8.550256490707397461e-02
9.597239643335342407e-02
8.399998396635055542e-02
8.770551532506942749e-02
8.576330542564392090e-02
8.849933743476867676e-02
8.353918045759201050e-02
8.458470553159713745e-02
8.654362708330154419e-02
8.588030189275741577e-02
8.674570918083190918e-02
8.389922231435775757e-02
8.858522027730941772e-02
8.071517199277877808e-02
8.584930747747421265e-02
1.077407002449035645e-01
8.953359723091125488e-02
8.490315824747085571e-02
8.616450428962707520e-02
8.475729078054428101e-02
8.485084772109985352e-02
8.240199089050292969e-02
9.023231267929077148e-02
8.533900231122970581e-02
8.697834610939025879e-02
8.380532264709472656e-02
8.156130462884902954e-02
9.305522590875625610e-02
8.754175901412963867e-02
8.215976506471633911e-02
8.819065243005752563e-02
8.658350259065628052e-02
8.264017850160598755e-02
9.176047891378402710e-02
8.723744004964828491e-02
8.599010109901428223e-02
8.714548498392105103e-02
8.598506450653076172e-02
8.415690064430236816e-02
8.425003290176391602e-02
8.720775693655014038e-02
9.933990240097045898e-02
9.179731458425521851e-02
9.984633326530456543e-02
8.082473278045654297e-02
8.803870528936386108e-02
9.100168943405151367e-02
8.625201135873794556e-02
8.941025286912918091e-02
8.131695538759231567e-02
8.443567901849746704e-02
8.643266558647155762e-02
8.623858541250228882e-02
8.449834585189819336e-02
8.609122782945632935e-02
8.912175893783569336e-02
8.133064955472946167e-02
8.715594559907913208e-02
8.587829023599624634e-02
8.701840043067932129e-02
1.033582016825675964e-01
8.659366518259048462e-02
8.280688524246215820e-02
9.263242036104202271e-02
8.285000175237655640e-02
8.662205189466476440e-02
8.795183897018432617e-02
9.032715111970901489e-02
8.895697444677352905e-02
8.686336129903793335e-02
8.706723898649215698e-02
8.767613023519515991e-02
8.977017551660537720e-02
8.933642506599426270e-02
8.713992685079574585e-02
8.741406351327896118e-02
8.979753404855728149e-02
8.541133999824523926e-02
8.284961432218551636e-02
8.548018336296081543e-02
8.341038227081298828e-02
8.197391778230667114e-02
8.501378446817398071e-02
9.011105448007583618e-02
8.636337518692016602e-02
8.146923035383224487e-02
9.416378289461135864e-02
8.596819639205932617e-02
9.009572863578796387e-02
8.567353338003158569e-02
8.655359596014022827e-02
8.686266094446182251e-02
8.839485049247741699e-02
8.657040446996688843e-02
8.740033954381942749e-02
8.552405238151550293e-02
8.955398201942443848e-02
8.307149261236190796e-02
9.063556045293807983e-02
8.438532799482345581e-02
8.411876112222671509e-02
8.434075862169265747e-02
9.130630642175674438e-02
9.328001737594604492e-02
8.995366096496582031e-02
8.151927590370178223e-02
8.769079297780990601e-02
8.382761478424072266e-02
8.735957741737365723e-02
8.859490603208541870e-02
8.501827716827392578e-02
8.498901128768920898e-02
8.768197149038314819e-02
8.343613147735595703e-02
8.164615184068679810e-02
8.468841761350631714e-02
8.437971025705337524e-02
8.689729124307632446e-02
8.821985125541687012e-02
8.565928786993026733e-02
8.763822913169860840e-02
8.626475185155868530e-02
8.886132389307022095e-02
8.949384838342666626e-02
8.637505024671554565e-02
8.687604218721389771e-02
8.626231551170349121e-02
8.549493551254272461e-02
8.495878428220748901e-02
8.909476548433303833e-02
9.000086784362792969e-02
8.456507325172424316e-02
8.406952023506164551e-02
8.416664600372314453e-02
8.812007308006286621e-02
8.677718043327331543e-02
7.997849583625793457e-02
9.097591787576675415e-02
8.475150913000106812e-02
9.296908229589462280e-02
8.336511999368667603e-02
8.666021376848220825e-02
8.640391379594802856e-02
8.742704987525939941e-02
9.139233082532882690e-02
8.978269249200820923e-02
8.620580285787582397e-02
8.567154407501220703e-02
8.319213986396789551e-02
8.331788331270217896e-02
8.445449918508529663e-02
8.740188926458358765e-02
8.577150851488113403e-02
8.168325573205947876e-02
8.762955665588378906e-02
8.623301237821578979e-02
8.764372020959854126e-02
8.772494643926620483e-02
8.543495088815689087e-02
8.880291134119033813e-02
8.594851940870285034e-02
8.843357115983963013e-02
8.534339815378189087e-02
8.879085630178451538e-02
8.778638392686843872e-02
8.371517062187194824e-02
8.631066232919692993e-02
8.425122499465942383e-02
8.451452106237411499e-02
8.659137040376663208e-02
1.040949448943138123e-01
8.597975969314575195e-02
8.429843932390213013e-02
9.438436478376388550e-02
8.471318334341049194e-02
8.575243502855300903e-02
8.751509338617324829e-02
8.205547928810119629e-02
8.303876221179962158e-02
9.230747073888778687e-02
9.026395529508590698e-02
8.737295120954513550e-02
8.818892389535903931e-02
8.580884337425231934e-02
8.504473417997360229e-02
8.249735087156295776e-02
8.199581503868103027e-02
8.170319348573684692e-02
8.411567658185958862e-02
8.470840007066726685e-02
8.578476309776306152e-02
8.672106266021728516e-02
8.108244091272354126e-02
8.173347264528274536e-02
8.516118675470352173e-02
8.299037814140319824e-02
8.758550882339477539e-02
8.405061811208724976e-02
8.638814091682434082e-02
8.847648650407791138e-02
8.350995182991027832e-02
8.671012520790100098e-02
8.490183949470520020e-02
8.593546599149703979e-02
8.571580052375793457e-02
8.229032903909683228e-02
8.316781371831893921e-02
8.631844073534011841e-02
8.922463655471801758e-02
8.541115373373031616e-02
8.374512940645217896e-02
8.350315690040588379e-02
8.154217153787612915e-02
9.219943732023239136e-02
8.670356124639511108e-02
8.647752553224563599e-02
8.610983937978744507e-02
8.247899264097213745e-02
8.493099361658096313e-02
8.576688170433044434e-02
8.453193306922912598e-02
8.832725137472152710e-02
8.088572323322296143e-02
8.643364906311035156e-02
8.421582728624343872e-02
8.468886464834213257e-02
8.282607048749923706e-02
8.297766000032424927e-02
8.607057482004165649e-02
8.728160709142684937e-02
8.367308974266052246e-02
8.876594901084899902e-02
8.977961540222167969e-02
8.200497180223464966e-02
8.713605254888534546e-02
9.685203433036804199e-02
8.273848146200180054e-02
8.580572158098220825e-02
9.122085571289062500e-02
8.531088382005691528e-02
8.965522050857543945e-02
8.735841512680053711e-02
8.560410887002944946e-02
8.490872383117675781e-02
9.205391258001327515e-02
8.390773087739944458e-02
8.623776584863662720e-02
8.884459733963012695e-02
9.094541519880294800e-02
8.852025866508483887e-02
8.033946156501770020e-02
8.597072958946228027e-02
8.402586728334426880e-02
9.058529138565063477e-02
8.691603690385818481e-02
8.717299252748489380e-02
9.686928987503051758e-02
8.868459612131118774e-02
8.248729258775711060e-02
8.192863315343856812e-02
8.351220935583114624e-02
9.186377376317977905e-02
8.474379777908325195e-02
1.056347265839576721e-01
8.820133656263351440e-02
1.031717658042907715e-01
8.228585869073867798e-02
8.611603826284408569e-02
8.349617570638656616e-02
9.393482655286788940e-02
8.502259105443954468e-02
8.519744127988815308e-02
8.508861064910888672e-02
8.327234536409378052e-02
8.926347643136978149e-02
9.022996574640274048e-02
8.162118494510650635e-02
8.667686581611633301e-02
8.489506691694259644e-02
8.168788999319076538e-02
8.416438102722167969e-02
8.670943230390548706e-02
8.893292397260665894e-02
8.333912491798400879e-02
8.756970614194869995e-02
8.669412881135940552e-02
9.250467270612716675e-02
8.566667884588241577e-02
8.729124069213867188e-02
8.203404396772384644e-02
8.577581495046615601e-02
8.345928788185119629e-02
8.230426907539367676e-02
8.471271395683288574e-02
8.574530482292175293e-02
8.366667479276657104e-02
8.296243101358413696e-02
8.748381584882736206e-02
9.065759181976318359e-02
8.722136169672012329e-02
8.985993266105651855e-02
8.524809032678604126e-02
8.375459164381027222e-02
8.555134385824203491e-02
8.842463046312332153e-02
9.010296314954757690e-02
8.229500800371170044e-02
8.303052932024002075e-02
8.835681527853012085e-02
8.472055941820144653e-02
8.091250061988830566e-02
8.720072358846664429e-02
8.596346527338027954e-02
8.417338877916336060e-02
8.332598954439163208e-02
8.347272872924804688e-02
8.102667331695556641e-02
8.158768713474273682e-02
8.498702198266983032e-02
8.942145109176635742e-02
8.716566115617752075e-02
8.429082483053207397e-02
1.048336848616600037e-01
9.126115590333938599e-02
8.893337845802307129e-02
8.222671598196029663e-02
9.067013859748840332e-02
8.429064601659774780e-02
8.740945905447006226e-02
9.089624881744384766e-02
8.875924348831176758e-02
8.334588259458541870e-02
8.797511458396911621e-02
8.553458005189895630e-02
8.632782846689224243e-02
8.526530116796493530e-02
8.434707671403884888e-02
8.537720888853073120e-02
8.608777076005935669e-02
8.045453578233718872e-02
8.637977391481399536e-02
8.527461439371109009e-02
8.441060036420822144e-02
8.914359658956527710e-02
8.770126849412918091e-02
8.753638714551925659e-02
9.691092371940612793e-02
8.788260817527770996e-02
8.526272326707839966e-02
8.751214295625686646e-02
8.734021335840225220e-02
8.500916510820388794e-02
8.934479951858520508e-02
8.515197038650512695e-02
9.220087528228759766e-02
9.233988076448440552e-02
9.428536891937255859e-02
8.788330107927322388e-02
8.981961011886596680e-02
8.893629908561706543e-02
8.062140643596649170e-02
8.302886039018630981e-02
8.868080377578735352e-02
8.563250303268432617e-02
8.875183016061782837e-02
8.923736959695816040e-02
8.528437465429306030e-02
8.750030398368835449e-02
8.718606829643249512e-02
8.509948104619979858e-02
9.130478650331497192e-02
8.586563915014266968e-02
8.568098396062850952e-02
8.432492613792419434e-02
8.925447613000869751e-02
9.181430935859680176e-02
8.912069350481033325e-02
8.211252838373184204e-02
8.713233470916748047e-02
8.842894434928894043e-02
8.946190029382705688e-02
8.983031660318374634e-02
8.361861109733581543e-02
8.399189263582229614e-02
9.005824476480484009e-02
9.182097762823104858e-02
8.920951932668685913e-02
8.920785039663314819e-02
8.337715268135070801e-02
8.088578283786773682e-02
8.661436289548873901e-02
8.559533208608627319e-02
8.450164645910263062e-02
9.303420037031173706e-02
8.407144993543624878e-02
9.355556219816207886e-02
8.403532952070236206e-02
8.501172065734863281e-02
8.549499511718750000e-02
8.433806151151657104e-02
9.518000483512878418e-02
9.121289104223251343e-02
9.177521616220474243e-02
8.891099691390991211e-02
8.444201201200485229e-02
9.826498478651046753e-02
8.662123233079910278e-02
8.177351206541061401e-02
9.306610375642776489e-02
8.488587290048599243e-02
9.897770732641220093e-02
8.035954087972640991e-02
8.028980344533920288e-02
8.588702231645584106e-02
8.383999019861221313e-02
8.430512994527816772e-02
9.349072724580764771e-02
8.280691504478454590e-02
8.354192972183227539e-02
8.856862038373947144e-02
8.315256983041763306e-02
8.636402338743209839e-02
8.585938066244125366e-02
8.572348207235336304e-02
8.505845814943313599e-02
8.556877821683883667e-02
8.468148112297058105e-02
8.718325942754745483e-02
8.808878809213638306e-02
8.407676219940185547e-02
8.678441494703292847e-02
8.262758702039718628e-02
8.295096457004547119e-02
8.271735906600952148e-02
8.526552468538284302e-02
8.435475081205368042e-02
9.009021520614624023e-02
8.573433011770248413e-02
8.388509601354598999e-02
8.765987306833267212e-02
8.781807869672775269e-02
8.013542741537094116e-02
9.615699201822280884e-02
8.428263664245605469e-02
8.306611329317092896e-02
8.879566192626953125e-02
8.658099174499511719e-02
8.424320071935653687e-02
8.343446999788284302e-02
8.608385175466537476e-02
9.245476871728897095e-02
8.857337385416030884e-02
8.751628547906875610e-02
8.697532862424850464e-02
8.216142654418945312e-02
8.892991393804550171e-02
8.459177613258361816e-02
8.780477195978164673e-02
8.004315942525863647e-02
8.807843923568725586e-02
8.162032067775726318e-02
8.752120286226272583e-02
8.245093375444412231e-02
9.298056364059448242e-02
8.710265904664993286e-02
8.842274546623229980e-02
8.669155836105346680e-02
1.077043935656547546e-01
9.455852955579757690e-02
8.760756999254226685e-02
8.786783367395401001e-02
8.774667978286743164e-02
9.681855887174606323e-02
8.895676583051681519e-02
8.797449618577957153e-02
8.871158212423324585e-02
8.335769176483154297e-02
9.446034580469131470e-02
8.497446030378341675e-02
8.377359062433242798e-02
8.244645595550537109e-02
8.534421771764755249e-02
1.017483696341514587e-01
8.203182369470596313e-02
1.136434301733970642e-01
8.643088489770889282e-02
8.743908256292343140e-02
8.934559673070907593e-02
8.759870380163192749e-02
8.882223814725875854e-02
8.374899625778198242e-02
8.270905911922454834e-02
8.353334665298461914e-02
9.139940142631530762e-02
8.913573622703552246e-02
8.347335457801818848e-02
8.937304466962814331e-02
9.091678261756896973e-02
8.686248213052749634e-02
8.574546128511428833e-02
8.533076196908950806e-02
8.772734552621841431e-02
8.867505937814712524e-02
8.233764022588729858e-02
8.339181542396545410e-02
8.534780144691467285e-02
8.589789271354675293e-02
8.394610881805419922e-02
8.717983961105346680e-02
8.803912997245788574e-02
8.735635131597518921e-02
8.188650757074356079e-02
8.733829855918884277e-02
8.790242671966552734e-02
9.083084017038345337e-02
9.186614304780960083e-02
8.160790801048278809e-02
8.267529308795928955e-02
8.424630016088485718e-02
8.421067148447036743e-02
8.642002195119857788e-02
9.052386879920959473e-02
8.285599946975708008e-02
8.947775512933731079e-02
8.708127588033676147e-02
9.627740830183029175e-02
8.367156982421875000e-02
8.518197387456893921e-02
8.656585961580276489e-02
8.863808959722518921e-02
8.352906256914138794e-02
8.369079977273941040e-02
8.390850573778152466e-02
8.796381950378417969e-02
8.785343915224075317e-02
8.540469408035278320e-02
8.421572297811508179e-02
8.680620044469833374e-02
9.053057432174682617e-02
8.636859804391860962e-02
8.557739853858947754e-02
8.380362391471862793e-02
8.089724928140640259e-02
8.851183205842971802e-02
8.483143895864486694e-02
8.504441380500793457e-02
9.135138988494873047e-02
8.563940972089767456e-02
8.671882003545761108e-02
8.578409999608993530e-02
8.669018000364303589e-02
8.332643657922744751e-02
8.552920073270797729e-02
7.938257604837417603e-02
8.452615886926651001e-02
8.624958992004394531e-02
8.441349118947982788e-02
8.222083002328872681e-02
8.392378687858581543e-02
8.393786102533340454e-02
8.074207603931427002e-02
8.386068791151046753e-02
8.414798229932785034e-02
8.537989109754562378e-02
8.677811175584793091e-02
8.507267385721206665e-02
8.579149097204208374e-02
8.556181192398071289e-02
8.577201515436172485e-02
8.811227232217788696e-02
8.584388345479965210e-02
8.862911909818649292e-02
8.491585403680801392e-02
8.909303694963455200e-02
8.288347721099853516e-02
8.304115384817123413e-02
9.223557263612747192e-02
8.134060353040695190e-02
8.602363616228103638e-02
8.337750285863876343e-02
8.614303916692733765e-02
9.075593948364257812e-02
8.644405007362365723e-02
9.021084755659103394e-02
9.259461611509323120e-02
8.217611908912658691e-02
8.744376152753829956e-02
8.305313438177108765e-02
8.486498147249221802e-02
8.429935574531555176e-02
8.929374814033508301e-02
8.621084690093994141e-02
8.721432834863662720e-02
8.257817476987838745e-02
8.754063397645950317e-02
8.566731214523315430e-02
8.311551064252853394e-02
8.063519001007080078e-02
8.430600166320800781e-02
8.703806251287460327e-02
8.433284610509872437e-02
8.382577449083328247e-02
8.676967769861221313e-02
8.381859213113784790e-02
8.298031985759735107e-02
8.464559912681579590e-02
8.272574096918106079e-02
8.634353429079055786e-02
8.603361994028091431e-02
8.769362419843673706e-02
8.182699233293533325e-02
8.363604545593261719e-02
8.377858251333236694e-02
8.414831757545471191e-02
8.588629215955734253e-02
8.671806007623672485e-02
8.605504035949707031e-02
8.633571118116378784e-02
8.475958555936813354e-02
8.370099216699600220e-02
8.254739642143249512e-02
8.686711639165878296e-02
8.288211375474929810e-02
8.699265867471694946e-02
8.553510904312133789e-02
8.322960138320922852e-02
8.901476860046386719e-02
8.315736055374145508e-02
9.078609198331832886e-02
8.556586503982543945e-02
8.456662297248840332e-02
8.369677513837814331e-02
8.652073889970779419e-02
8.097959309816360474e-02
8.946136385202407837e-02
8.878958225250244141e-02
9.300876408815383911e-02
8.278409391641616821e-02
8.758530765771865845e-02
9.038597345352172852e-02
8.506841212511062622e-02
8.267505466938018799e-02
9.083783626556396484e-02
8.613747358322143555e-02
8.591639250516891479e-02
8.261571079492568970e-02
8.378521353006362915e-02
8.092324435710906982e-02
8.426517248153686523e-02
8.742967247962951660e-02
8.383361250162124634e-02
8.313796669244766235e-02
8.764507621526718140e-02
8.283925056457519531e-02
8.545568585395812988e-02
8.729603141546249390e-02
8.486294746398925781e-02
8.663991093635559082e-02
8.373874425888061523e-02
8.785624057054519653e-02
8.515617251396179199e-02
8.388043195009231567e-02
8.861128240823745728e-02
8.699660748243331909e-02
8.954524993896484375e-02
7.968017458915710449e-02
8.596005290746688843e-02
8.545423299074172974e-02
8.639182895421981812e-02
8.847830444574356079e-02
8.390697836875915527e-02
8.231702446937561035e-02
8.314749598503112793e-02
8.384707570075988770e-02
8.056084066629409790e-02
8.621086925268173218e-02
8.517369627952575684e-02
8.560921996831893921e-02
8.538516610860824585e-02
8.798798173666000366e-02
8.480351418256759644e-02
8.841329813003540039e-02
8.701745420694351196e-02
8.445278555154800415e-02
8.399166911840438843e-02
8.355093002319335938e-02
8.830165117979049683e-02
8.457803726196289062e-02
8.995395898818969727e-02
8.338705450296401978e-02
8.332058042287826538e-02
8.767452090978622437e-02
8.492341637611389160e-02
8.751373738050460815e-02
8.681121468544006348e-02
8.142109215259552002e-02
8.644755929708480835e-02
8.180755376815795898e-02
8.564003556966781616e-02
8.439590781927108765e-02
8.430147916078567505e-02
8.229815959930419922e-02
9.168627113103866577e-02
9.185698628425598145e-02
8.334901183843612671e-02
8.323058485984802246e-02
8.466005325317382812e-02
8.137039095163345337e-02
8.852716535329818726e-02
8.400782942771911621e-02
8.774319291114807129e-02
8.163321018218994141e-02
8.075981587171554565e-02
8.768802136182785034e-02
8.652841299772262573e-02
8.457496017217636108e-02
8.509301394224166870e-02
1.038911342620849609e-01
8.531638234853744507e-02
9.055986255407333374e-02
8.540471643209457397e-02
9.347555786371231079e-02
8.535927534103393555e-02
8.452096581459045410e-02
9.048348665237426758e-02
8.892885595560073853e-02
9.186796098947525024e-02
8.846592903137207031e-02
9.575871378183364868e-02
8.859566599130630493e-02
8.881510049104690552e-02
9.168507903814315796e-02
8.735302835702896118e-02
8.489390462636947632e-02
8.416548371315002441e-02
9.393140673637390137e-02
8.933541178703308105e-02
8.790495246648788452e-02
8.247543126344680786e-02
8.261448144912719727e-02
8.718635886907577515e-02
8.198671787977218628e-02
8.145561814308166504e-02
8.606344461441040039e-02
8.267646282911300659e-02
8.553744107484817505e-02
8.356233686208724976e-02
8.251894265413284302e-02
8.441447466611862183e-02
8.417505770921707153e-02
8.443743735551834106e-02
8.493589609861373901e-02
8.849110454320907593e-02
8.101157099008560181e-02
9.429503232240676880e-02
8.239970356225967407e-02
8.552446961402893066e-02
8.274020999670028687e-02
8.372598886489868164e-02
8.655444532632827759e-02
8.485562354326248169e-02
8.568989485502243042e-02
8.521363884210586548e-02
8.675229549407958984e-02
8.921291679143905640e-02
8.696454763412475586e-02
8.340453356504440308e-02
8.505681157112121582e-02
8.418943732976913452e-02
8.276705443859100342e-02
8.284442871809005737e-02
8.353350311517715454e-02
8.396198600530624390e-02
8.731055259704589844e-02
9.027064591646194458e-02
1.066760346293449402e-01
8.744881302118301392e-02
8.747173100709915161e-02
8.687389642000198364e-02
8.117373287677764893e-02
8.244360238313674927e-02
8.603768795728683472e-02
9.188017249107360840e-02
8.471959829330444336e-02
8.536265045404434204e-02
8.405538648366928101e-02
8.681046217679977417e-02
8.681720495223999023e-02
8.252896368503570557e-02
8.812996745109558105e-02
8.571795374155044556e-02
9.209995716810226440e-02
8.804827928543090820e-02
9.403803199529647827e-02
8.629477769136428833e-02
8.326328545808792114e-02
8.984490483999252319e-02
9.203281253576278687e-02
9.021053463220596313e-02
8.382093161344528198e-02
8.666563034057617188e-02
8.867732435464859009e-02
8.951107412576675415e-02
8.772864192724227905e-02
8.966541290283203125e-02
8.383060246706008911e-02
8.642637729644775391e-02
8.915772289037704468e-02
8.662409335374832153e-02
8.548247069120407104e-02
9.284319728612899780e-02
8.785561472177505493e-02
9.073179960250854492e-02
8.087454736232757568e-02
9.184562414884567261e-02
8.452899008989334106e-02
8.386775106191635132e-02
8.328699320554733276e-02
8.676675707101821899e-02
8.924438804388046265e-02
9.028556197881698608e-02
8.196989446878433228e-02
9.384944289922714233e-02
8.400055766105651855e-02
9.359490126371383667e-02
8.781668543815612793e-02
8.833614736795425415e-02
9.068592637777328491e-02
9.380862861871719360e-02
8.784550428390502930e-02
8.648765087127685547e-02
8.780232071876525879e-02
8.876631408929824829e-02
8.539284020662307739e-02
8.463364094495773315e-02
1.014477983117103577e-01
8.685266971588134766e-02
8.850754052400588989e-02
8.804407715797424316e-02
8.500903099775314331e-02
8.626309037208557129e-02
8.247020095586776733e-02
9.238771349191665649e-02
8.356638997793197632e-02
8.182056248188018799e-02
8.245126157999038696e-02
8.516349643468856812e-02
8.226327598094940186e-02
8.344665914773941040e-02
9.050609916448593140e-02
8.867162466049194336e-02
8.615159243345260620e-02
8.683142811059951782e-02
8.402559906244277954e-02
9.055023640394210815e-02
9.175211936235427856e-02
8.441378921270370483e-02
8.432849496603012085e-02
9.029597043991088867e-02
8.584865927696228027e-02
8.250149339437484741e-02
8.553393930196762085e-02
8.954896777868270874e-02
9.596354514360427856e-02
8.924669027328491211e-02
8.162486553192138672e-02
9.102908521890640259e-02
8.386075496673583984e-02
9.357383102178573608e-02
8.454334735870361328e-02
8.556000143289566040e-02
8.499071002006530762e-02
8.877284079790115356e-02
8.131197839975357056e-02
8.626011759042739868e-02
8.730196207761764526e-02
8.579248189926147461e-02
8.598452061414718628e-02
8.087807148694992065e-02
8.740583062171936035e-02
8.053400367498397827e-02
8.426066488027572632e-02
8.524949103593826294e-02
8.479539304971694946e-02
8.817157894372940063e-02
8.108598738908767700e-02
8.244711160659790039e-02
8.616255968809127808e-02
8.215431123971939087e-02
9.019116312265396118e-02
9.108233451843261719e-02
8.424091339111328125e-02
8.305179327726364136e-02
8.205435425043106079e-02
8.325690031051635742e-02
8.768922090530395508e-02
8.632385730743408203e-02
8.496383577585220337e-02
8.377806097269058228e-02
8.292370289564132690e-02
9.177982062101364136e-02
8.110518008470535278e-02
8.865427225828170776e-02
8.410150557756423950e-02
8.187387138605117798e-02
8.678118139505386353e-02
8.388796448707580566e-02
8.357650786638259888e-02
8.703932166099548340e-02
8.592887967824935913e-02
8.989086747169494629e-02
8.768840879201889038e-02
8.196493983268737793e-02
8.782132714986801147e-02
8.607826381921768188e-02
8.840569853782653809e-02
8.822486549615859985e-02
8.876051753759384155e-02
9.110871702432632446e-02
8.557019382715225220e-02
8.541096001863479614e-02
8.874466270208358765e-02
8.672791719436645508e-02
8.783394098281860352e-02
8.431961387395858765e-02
8.391299098730087280e-02
8.457475900650024414e-02
8.781796693801879883e-02
8.838126808404922485e-02
8.823365718126296997e-02
9.167071431875228882e-02
1.125200167298316956e-01
8.369091153144836426e-02
8.720173686742782593e-02
8.654207736253738403e-02
8.670555800199508667e-02
8.574139326810836792e-02
8.864892274141311646e-02
9.129185229539871216e-02
8.858802914619445801e-02
8.080495148897171021e-02
9.174943715333938599e-02
8.903759717941284180e-02
8.549467474222183228e-02
8.274076133966445923e-02
9.009799361228942871e-02
8.354101330041885376e-02
8.725696057081222534e-02
8.333107084035873413e-02
8.357492089271545410e-02
8.431022614240646362e-02
8.420618623495101929e-02
8.497756719589233398e-02
9.563627094030380249e-02
8.367204666137695312e-02
8.606069535017013550e-02
8.959008008241653442e-02
1.039421483874320984e-01
9.084602445363998413e-02
8.514500409364700317e-02
8.798649907112121582e-02
8.856489509344100952e-02
8.373267203569412231e-02
9.451350569725036621e-02
8.709422498941421509e-02
8.308231085538864136e-02
8.371052145957946777e-02
8.494629710912704468e-02
8.706450462341308594e-02
8.304811269044876099e-02
8.745958656072616577e-02
8.766583353281021118e-02
9.115120768547058105e-02
8.970753103494644165e-02
8.214369416236877441e-02
8.509683609008789062e-02
8.631717413663864136e-02
8.871176838874816895e-02
8.393797278404235840e-02
8.375421166419982910e-02
9.621441364288330078e-02
8.832439035177230835e-02
8.686697483062744141e-02
8.337146043777465820e-02
8.666842430830001831e-02
1.008040085434913635e-01
8.741170167922973633e-02
8.309955149888992310e-02
8.346769213676452637e-02
1.007410660386085510e-01
8.803600072860717773e-02
9.042815119028091431e-02
8.354417234659194946e-02
8.438374847173690796e-02
8.186744898557662964e-02
8.875484019517898560e-02
8.735666424036026001e-02
8.656913042068481445e-02
8.713387697935104370e-02
9.443960338830947876e-02
8.775544166564941406e-02
8.760721236467361450e-02
8.600165694952011108e-02
8.091596513986587524e-02
8.851170539855957031e-02
9.167388826608657837e-02
8.372339606285095215e-02
8.370701223611831665e-02
8.861894160509109497e-02
8.266028016805648804e-02
8.835724741220474243e-02
8.157882839441299438e-02
8.823183923959732056e-02
8.804064244031906128e-02
8.711268752813339233e-02
8.507809787988662720e-02
1.090825274586677551e-01
