1.287632882595062256e-01
1.278474628925323486e-01
1.192276850342750549e-01
1.327193826436996460e-01
1.588893830776214600e-01
1.132448837161064148e-01
1.210393905639648438e-01
1.327253431081771851e-01
1.240299567580223083e-01
1.291383057832717896e-01
1.210285052657127380e-01
1.233129799365997314e-01
1.215895414352416992e-01
1.350917667150497437e-01
1.236325204372406006e-01
1.188856288790702820e-01
1.246228441596031189e-01
1.286265999078750610e-01
1.265433877706527710e-01
1.252012997865676880e-01
1.265844404697418213e-01
1.234490871429443359e-01
1.163744702935218811e-01
1.094856858253479004e-01
1.138161346316337585e-01
1.236475706100463867e-01
1.351422518491744995e-01
1.249405741691589355e-01
1.249149143695831299e-01
1.276983320713043213e-01
1.284524202346801758e-01
1.171064376831054688e-01
1.204946041107177734e-01
1.278254240751266479e-01
1.252295821905136108e-01
1.205306947231292725e-01
1.184234842658042908e-01
1.291637867689132690e-01
1.212745904922485352e-01
1.234873309731483459e-01
1.215018704533576965e-01
1.343727856874465942e-01
1.238665878772735596e-01
1.197965070605278015e-01
1.307479739189147949e-01
1.159447506070137024e-01
1.307357549667358398e-01
1.256075352430343628e-01
1.196943521499633789e-01
1.244061514735221863e-01
1.193373501300811768e-01
1.144687309861183167e-01
1.159726455807685852e-01
1.167986914515495300e-01
1.103308573365211487e-01
1.088969111442565918e-01
1.334458738565444946e-01
1.165878549218177795e-01
1.156901419162750244e-01
1.168412789702415466e-01
1.162547245621681213e-01
1.237585246562957764e-01
1.213308498263359070e-01
1.229742169380187988e-01
1.248558536171913147e-01
1.247892007231712341e-01
1.199799180030822754e-01
1.123998165130615234e-01
1.168305873870849609e-01
1.084357723593711853e-01
1.129964292049407959e-01
1.213362738490104675e-01
1.168755367398262024e-01
1.427016258239746094e-01
1.235242784023284912e-01
1.921213269233703613e-01
1.215386390686035156e-01
1.153188645839691162e-01
1.242817938327789307e-01
1.166275814175605774e-01
1.170895323157310486e-01
1.267589032649993896e-01
1.172530874609947205e-01
1.329821348190307617e-01
1.161916255950927734e-01
1.289921253919601440e-01
1.265160888433456421e-01
1.202463209629058838e-01
1.212831363081932068e-01
1.245063021779060364e-01
1.358995884656906128e-01
1.156322956085205078e-01
1.301750540733337402e-01
1.212989091873168945e-01
1.305653005838394165e-01
1.295542120933532715e-01
1.250294297933578491e-01
1.307065635919570923e-01
1.246908009052276611e-01
1.141166314482688904e-01
1.201707348227500916e-01
1.619907170534133911e-01
1.207927092909812927e-01
1.263449639081954956e-01
1.354597657918930054e-01
1.192992329597473145e-01
1.176980510354042053e-01
1.362638324499130249e-01
1.215217933058738708e-01
1.260332912206649780e-01
1.257336884737014771e-01
1.102172732353210449e-01
1.199026331305503845e-01
1.157428547739982605e-01
1.453787833452224731e-01
1.292096078395843506e-01
1.175575032830238342e-01
1.174514293670654297e-01
1.244144663214683533e-01
1.241365894675254822e-01
1.223099157214164734e-01
1.201547086238861084e-01
1.206800267100334167e-01
1.146742999553680420e-01
1.150301769375801086e-01
1.328563094139099121e-01
1.289473921060562134e-01
1.180591210722923279e-01
1.488231271505355835e-01
1.221805885434150696e-01
1.247290149331092834e-01
1.228282675147056580e-01
1.286091059446334839e-01
1.206073835492134094e-01
1.247105672955513000e-01
1.234004795551300049e-01
1.241916194558143616e-01
1.223547831177711487e-01
1.184670105576515198e-01
1.136413142085075378e-01
1.282084882259368896e-01
1.142833828926086426e-01
1.282199025154113770e-01
1.168419197201728821e-01
1.225551143288612366e-01
1.171486973762512207e-01
1.175346970558166504e-01
1.336701512336730957e-01
1.326702386140823364e-01
1.307119876146316528e-01
1.162560656666755676e-01
1.160653755068778992e-01
1.330785304307937622e-01
1.277599036693572998e-01
1.347441375255584717e-01
1.287269890308380127e-01
1.227174401283264160e-01
1.239557266235351562e-01
1.184371411800384521e-01
1.310971975326538086e-01
1.264833658933639526e-01
1.215186119079589844e-01
1.208519339561462402e-01
1.241502836346626282e-01
1.340574771165847778e-01
1.352036595344543457e-01
1.453748196363449097e-01
1.252477914094924927e-01
1.189587190747261047e-01
1.143698468804359436e-01
1.241964772343635559e-01
1.192875578999519348e-01
1.226200833916664124e-01
1.169682815670967102e-01
1.257918924093246460e-01
1.361267715692520142e-01
1.248655840754508972e-01
1.176529303193092346e-01
1.224532350897789001e-01
1.116771176457405090e-01
1.221876144409179688e-01
1.218308806419372559e-01
1.159908398985862732e-01
1.253478080034255981e-01
1.253365874290466309e-01
1.165536642074584961e-01
1.244993880391120911e-01
1.424204558134078979e-01
1.240757480263710022e-01
1.165730580687522888e-01
1.162830069661140442e-01
1.214163601398468018e-01
1.160843446850776672e-01
1.218335703015327454e-01
1.293321251869201660e-01
1.278136521577835083e-01
1.877646595239639282e-01
1.319829374551773071e-01
1.233153641223907471e-01
1.174732670187950134e-01
1.312799304723739624e-01
1.131095290184020996e-01
1.123607084155082703e-01
1.304798275232315063e-01
1.188620403409004211e-01
1.203932389616966248e-01
1.233729049563407898e-01
1.149481609463691711e-01
1.183390989899635315e-01
1.273379176855087280e-01
1.254517585039138794e-01
1.164492592215538025e-01
1.235782206058502197e-01
1.126127019524574280e-01
1.182027384638786316e-01
1.198883429169654846e-01
1.185236349701881409e-01
1.148165687918663025e-01
1.245093867182731628e-01
1.248126626014709473e-01
1.395056396722793579e-01
1.222569644451141357e-01
1.166390776634216309e-01
1.213879361748695374e-01
1.187791824340820312e-01
1.186650618910789490e-01
1.384662836790084839e-01
1.298451274633407593e-01
1.205159500241279602e-01
1.163341775536537170e-01
1.496879905462265015e-01
1.136116385459899902e-01
1.247902810573577881e-01
1.145224869251251221e-01
1.223565340042114258e-01
1.271100640296936035e-01
1.233085468411445618e-01
1.213524863123893738e-01
1.232235431671142578e-01
1.203006431460380554e-01
1.188581883907318115e-01
1.238537207245826721e-01
1.882601231336593628e-01
1.157003343105316162e-01
1.185628250241279602e-01
1.270675510168075562e-01
1.258383542299270630e-01
1.311759501695632935e-01
1.174778118729591370e-01
1.168114021420478821e-01
1.281141489744186401e-01
1.316246390342712402e-01
1.267287880182266235e-01
1.755317896604537964e-01
1.221745237708091736e-01
1.282504349946975708e-01
1.181462034583091736e-01
1.124933585524559021e-01
1.215134635567665100e-01
1.223898530006408691e-01
1.267094910144805908e-01
1.256219744682312012e-01
1.184331178665161133e-01
1.172314062714576721e-01
1.295184940099716187e-01
1.307741552591323853e-01
1.300591379404067993e-01
1.185572072863578796e-01
1.237791180610656738e-01
1.250879615545272827e-01
1.242595985531806946e-01
1.235314384102821350e-01
1.274162083864212036e-01
1.195760592818260193e-01
1.293609589338302612e-01
1.112377569079399109e-01
1.120750084519386292e-01
1.238372698426246643e-01
1.143203452229499817e-01
1.086345314979553223e-01
1.279216557741165161e-01
1.232946515083312988e-01
1.187871024012565613e-01
1.163150295615196228e-01
1.223417446017265320e-01
1.268847733736038208e-01
1.213225051760673523e-01
1.267895251512527466e-01
1.190326735377311707e-01
1.279041618108749390e-01
1.275428384542465210e-01
1.204419061541557312e-01
1.224778667092323303e-01
1.106175407767295837e-01
1.159321293234825134e-01
1.196757256984710693e-01
1.191515550017356873e-01
1.267023980617523193e-01
1.282182782888412476e-01
1.377035379409790039e-01
1.256224662065505981e-01
1.224461793899536133e-01
1.328587234020233154e-01
1.271751374006271362e-01
1.198940053582191467e-01
1.282124966382980347e-01
1.312174052000045776e-01
1.181804165244102478e-01
1.131802424788475037e-01
1.150557324290275574e-01
1.295820474624633789e-01
1.260769516229629517e-01
1.309465318918228149e-01
1.236806437373161316e-01
1.311873644590377808e-01
1.259435713291168213e-01
1.147078871726989746e-01
1.247686147689819336e-01
1.189952492713928223e-01
1.154789999127388000e-01
1.224861368536949158e-01
1.150470301508903503e-01
1.337912082672119141e-01
1.411005258560180664e-01
1.299329549074172974e-01
1.152771115303039551e-01
1.206533312797546387e-01
1.237584948539733887e-01
1.200241670012474060e-01
1.202379241585731506e-01
1.162780597805976868e-01
1.224486827850341797e-01
1.286399513483047485e-01
1.126339212059974670e-01
1.296489089727401733e-01
1.216047927737236023e-01
1.175178587436676025e-01
1.079689040780067444e-01
1.147370561957359314e-01
1.215832233428955078e-01
1.310621947050094604e-01
1.197855696082115173e-01
1.207064464688301086e-01
1.283901333808898926e-01
1.263814121484756470e-01
1.206781864166259766e-01
1.234366893768310547e-01
1.259215474128723145e-01
1.290481090545654297e-01
1.224720478057861328e-01
1.159527376294136047e-01
1.306483596563339233e-01
1.236232444643974304e-01
1.240123286843299866e-01
1.344339698553085327e-01
1.260063797235488892e-01
1.257739812135696411e-01
1.165393963456153870e-01
1.318959295749664307e-01
1.275485754013061523e-01
1.233211830258369446e-01
1.158293262124061584e-01
1.223106607794761658e-01
1.154339089989662170e-01
1.403820067644119263e-01
1.120673418045043945e-01
1.191345080733299255e-01
1.192333325743675232e-01
1.156832575798034668e-01
1.142645254731178284e-01
1.193942949175834656e-01
1.227887496352195740e-01
1.190712377429008484e-01
1.151675581932067871e-01
1.186217367649078369e-01
1.221941336989402771e-01
1.197397708892822266e-01
1.194774210453033447e-01
1.175362691283226013e-01
1.219271048903465271e-01
1.194802895188331604e-01
1.173991262912750244e-01
1.205546632409095764e-01
1.172683015465736389e-01
1.427252590656280518e-01
1.368313580751419067e-01
1.232017576694488525e-01
1.180445328354835510e-01
1.249148547649383545e-01
1.293948888778686523e-01
1.443666070699691772e-01
1.209274008870124817e-01
1.278574019670486450e-01
1.211428865790367126e-01
1.130240336060523987e-01
1.243212148547172546e-01
1.516933590173721313e-01
1.246031522750854492e-01
1.150244250893592834e-01
1.177295446395874023e-01
1.289486438035964966e-01
1.155314967036247253e-01
1.293113380670547485e-01
1.320247799158096313e-01
1.260343641042709351e-01
1.243395805358886719e-01
1.280513852834701538e-01
1.153229251503944397e-01
1.272520571947097778e-01
1.237830221652984619e-01
1.269953101873397827e-01
1.283497661352157593e-01
1.213420704007148743e-01
1.274848133325576782e-01
1.249939724802970886e-01
1.210709437727928162e-01
1.302568167448043823e-01
1.167772784829139709e-01
1.146603524684906006e-01
1.195387467741966248e-01
1.276044994592666626e-01
1.358201056718826294e-01
1.278303563594818115e-01
1.237292587757110596e-01
1.152912378311157227e-01
1.190050169825553894e-01
1.258730888366699219e-01
1.256331652402877808e-01
1.236307397484779358e-01
1.142440959811210632e-01
1.200080215930938721e-01
1.071587428450584412e-01
1.215566694736480713e-01
1.242504492402076721e-01
1.404313296079635620e-01
1.279015988111495972e-01
1.185107231140136719e-01
1.169512644410133362e-01
1.200590953230857849e-01
1.286278516054153442e-01
1.141611412167549133e-01
1.283460706472396851e-01
1.146992743015289307e-01
1.227473914623260498e-01
1.656917184591293335e-01
1.306065618991851807e-01
1.212250515818595886e-01
1.258616447448730469e-01
1.282507777214050293e-01
1.096896827220916748e-01
1.201239600777626038e-01
1.386542767286300659e-01
1.324512809514999390e-01
1.357440948486328125e-01
1.232546046376228333e-01
1.243454590439796448e-01
1.227823123335838318e-01
1.442642807960510254e-01
1.154820322990417480e-01
1.252317279577255249e-01
1.251466125249862671e-01
1.234555542469024658e-01
1.158895567059516907e-01
1.262808293104171753e-01
1.234093084931373596e-01
1.280698031187057495e-01
1.130696758627891541e-01
1.219270601868629456e-01
1.236290931701660156e-01
1.129491254687309265e-01
1.206432506442070007e-01
1.421577930450439453e-01
1.212833300232887268e-01
1.181617975234985352e-01
1.221142485737800598e-01
1.238347962498664856e-01
1.184101328253746033e-01
1.727086454629898071e-01
1.425079852342605591e-01
1.154029145836830139e-01
1.147773042321205139e-01
1.374875754117965698e-01
1.376040577888488770e-01
1.269181519746780396e-01
1.228697896003723145e-01
1.270018965005874634e-01
1.163745820522308350e-01
1.154630109667778015e-01
1.257330626249313354e-01
1.170624792575836182e-01
1.237375512719154358e-01
1.222803816199302673e-01
1.251662522554397583e-01
1.158425807952880859e-01
1.234777942299842834e-01
1.273158937692642212e-01
1.180112436413764954e-01
1.230235099792480469e-01
1.231109127402305603e-01
1.205157339572906494e-01
1.663322597742080688e-01
1.130303815007209778e-01
1.157332956790924072e-01
1.233429387211799622e-01
1.253082305192947388e-01
1.241141483187675476e-01
1.291034817695617676e-01
1.119775697588920593e-01
1.207286715507507324e-01
1.141276881098747253e-01
1.211600676178932190e-01
1.204813718795776367e-01
1.256742328405380249e-01
1.211939230561256409e-01
1.304367929697036743e-01
1.397104114294052124e-01
1.219608858227729797e-01
1.191838905215263367e-01
1.088169440627098083e-01
1.203910931944847107e-01
1.312031149864196777e-01
1.288771778345108032e-01
1.120146214962005615e-01
1.252565085887908936e-01
1.159919500350952148e-01
1.213724389672279358e-01
1.270074099302291870e-01
1.320216804742813110e-01
1.339228302240371704e-01
1.177496090531349182e-01
1.177962198853492737e-01
1.272869259119033813e-01
1.230998337268829346e-01
1.216115280985832214e-01
1.191807687282562256e-01
1.163174733519554138e-01
1.169241443276405334e-01
1.138311550021171570e-01
1.327433586120605469e-01
1.203152835369110107e-01
1.214577332139015198e-01
1.129724308848381042e-01
1.072646081447601318e-01
1.284598112106323242e-01
1.132468357682228088e-01
1.122256740927696228e-01
1.164256334304809570e-01
1.150821819901466370e-01
1.173276677727699280e-01
1.158314049243927002e-01
1.180890128016471863e-01
1.183347478508949280e-01
1.282452195882797241e-01
1.272472888231277466e-01
1.179750636219978333e-01
1.188787817955017090e-01
1.187350079417228699e-01
1.176952421665191650e-01
1.242035254836082458e-01
1.166907027363777161e-01
1.189892888069152832e-01
1.297430098056793213e-01
1.296589821577072144e-01
1.276987195014953613e-01
1.226054802536964417e-01
1.458767056465148926e-01
1.117445006966590881e-01
1.194589138031005859e-01
1.168558374047279358e-01
1.313125938177108765e-01
1.245849058032035828e-01
1.143733486533164978e-01
1.253643184900283813e-01
1.298783421516418457e-01
1.427165865898132324e-01
1.456654220819473267e-01
1.181231141090393066e-01
1.252999454736709595e-01
1.192897558212280273e-01
1.193002685904502869e-01
1.233437880873680115e-01
1.230720877647399902e-01
1.483608186244964600e-01
1.215617656707763672e-01
1.283888667821884155e-01
1.224817335605621338e-01
1.186543181538581848e-01
1.208096519112586975e-01
1.191953942179679871e-01
1.175489723682403564e-01
1.146091297268867493e-01
1.253576576709747314e-01
1.305558979511260986e-01
1.337494850158691406e-01
1.220660209655761719e-01
1.103787496685981750e-01
1.192427501082420349e-01
1.189384236931800842e-01
1.397156119346618652e-01
1.208278462290763855e-01
1.125151142477989197e-01
1.345955431461334229e-01
1.323949843645095825e-01
1.198147311806678772e-01
1.247949674725532532e-01
1.278036385774612427e-01
1.205841079354286194e-01
1.201182678341865540e-01
1.201671957969665527e-01
1.121320351958274841e-01
1.144338622689247131e-01
1.289506405591964722e-01
1.073333099484443665e-01
1.630825251340866089e-01
1.269346922636032104e-01
1.246945261955261230e-01
1.096742153167724609e-01
1.224450841546058655e-01
1.222850084304809570e-01
1.211297512054443359e-01
1.161069199442863464e-01
1.241712272167205811e-01
1.189011931419372559e-01
1.404645591974258423e-01
1.292049735784530640e-01
1.185438856482505798e-01
1.262523382902145386e-01
1.214043721556663513e-01
1.265333443880081177e-01
1.315554827451705933e-01
1.252244114875793457e-01
1.172897741198539734e-01
1.471320092678070068e-01
1.265660971403121948e-01
1.193403601646423340e-01
1.282850503921508789e-01
1.265120506286621094e-01
1.229497790336608887e-01
1.241630390286445618e-01
1.354357004165649414e-01
1.203728839755058289e-01
1.360365599393844604e-01
1.127628311514854431e-01
1.220929846167564392e-01
1.286095529794692993e-01
1.272191256284713745e-01
1.187655702233314514e-01
1.156902089715003967e-01
1.154464483261108398e-01
1.111967191100120544e-01
1.339675635099411011e-01
1.315553635358810425e-01
1.134883537888526917e-01
1.296631097793579102e-01
1.224496290087699890e-01
1.259847879409790039e-01
1.208139657974243164e-01
1.160289272665977478e-01
1.140581145882606506e-01
1.182930171489715576e-01
1.250159591436386108e-01
1.238217577338218689e-01
1.191205680370330811e-01
1.138126626610755920e-01
1.252535432577133179e-01
1.181555911898612976e-01
1.148290112614631653e-01
1.200991272926330566e-01
1.224991083145141602e-01
1.194116547703742981e-01
1.139210090041160583e-01
1.360252946615219116e-01
1.293634623289108276e-01
1.231622695922851562e-01
1.226661577820777893e-01
1.236225590109825134e-01
1.279470771551132202e-01
1.208601370453834534e-01
1.173283159732818604e-01
1.227352991700172424e-01
1.154045462608337402e-01
1.232187971472740173e-01
1.316613405942916870e-01
1.267536282539367676e-01
1.221820637583732605e-01
1.253084093332290649e-01
1.176577433943748474e-01
1.226327121257781982e-01
1.268832832574844360e-01
1.296894550323486328e-01
1.180168166756629944e-01
1.249729320406913757e-01
1.202504560351371765e-01
1.223615035414695740e-01
1.150810942053794861e-01
1.203098967671394348e-01
1.217808350920677185e-01
1.240430399775505066e-01
1.157060265541076660e-01
1.299256831407546997e-01
1.147059127688407898e-01
1.169738546013832092e-01
1.199559047818183899e-01
1.183246895670890808e-01
1.266052126884460449e-01
1.168767809867858887e-01
1.116838827729225159e-01
1.183221414685249329e-01
1.405769288539886475e-01
1.243273019790649414e-01
1.124202013015747070e-01
1.186896786093711853e-01
1.185721755027770996e-01
1.203892603516578674e-01
1.234994754195213318e-01
1.233024075627326965e-01
1.114109531044960022e-01
1.521352976560592651e-01
1.217857599258422852e-01
1.148653924465179443e-01
1.201201677322387695e-01
1.263828426599502563e-01
1.173959374427795410e-01
1.181339696049690247e-01
1.241090968251228333e-01
1.250336915254592896e-01
1.147381141781806946e-01
1.261736899614334106e-01
1.217204630374908447e-01
1.347484588623046875e-01
1.269129067659378052e-01
1.178283691406250000e-01
1.158027127385139465e-01
1.187521219253540039e-01
1.229360699653625488e-01
1.290814131498336792e-01
1.281570047140121460e-01
1.119287833571434021e-01
1.299509257078170776e-01
1.206272840499877930e-01
1.213924586772918701e-01
1.226059496402740479e-01
1.279765069484710693e-01
1.185196116566658020e-01
1.151516139507293701e-01
1.144196316599845886e-01
1.300275772809982300e-01
1.192126572132110596e-01
1.245551109313964844e-01
1.145711019635200500e-01
1.234009265899658203e-01
1.180277690291404724e-01
1.202624216675758362e-01
1.224840059876441956e-01
1.231054887175559998e-01
1.288481652736663818e-01
1.330389529466629028e-01
1.252393722534179688e-01
1.273209005594253540e-01
1.259571164846420288e-01
1.197881177067756653e-01
1.209617629647254944e-01
1.250368952751159668e-01
1.224892809987068176e-01
1.278810948133468628e-01
1.261767596006393433e-01
1.188144385814666748e-01
1.268966794013977051e-01
1.207893714308738708e-01
1.171224340796470642e-01
1.199629083275794983e-01
1.169083118438720703e-01
1.218455061316490173e-01
1.115708351135253906e-01
1.334453672170639038e-01
1.180531904101371765e-01
1.142325475811958313e-01
1.207690015435218811e-01
1.242429092526435852e-01
1.301563829183578491e-01
1.248849406838417053e-01
1.251599043607711792e-01
1.245531365275382996e-01
1.154415234923362732e-01
1.127983704209327698e-01
1.262332946062088013e-01
1.151376143097877502e-01
1.292017102241516113e-01
1.267145723104476929e-01
1.257514506578445435e-01
1.193451955914497375e-01
1.332405954599380493e-01
1.194757521152496338e-01
1.211938560009002686e-01
1.300879120826721191e-01
1.304040700197219849e-01
1.180287003517150879e-01
1.213984414935112000e-01
1.170440092682838440e-01
1.161313652992248535e-01
1.270756274461746216e-01
1.262051016092300415e-01
1.148962751030921936e-01
1.241307854652404785e-01
1.191308721899986267e-01
1.225762367248535156e-01
1.204780861735343933e-01
1.273912936449050903e-01
1.102093085646629333e-01
1.268234997987747192e-01
1.288254708051681519e-01
1.143900230526924133e-01
1.131181195378303528e-01
1.376767903566360474e-01
1.240649893879890442e-01
1.192877069115638733e-01
1.162159144878387451e-01
1.215508878231048584e-01
1.307829171419143677e-01
1.111304089426994324e-01
1.120058670639991760e-01
1.179121509194374084e-01
1.132940873503684998e-01
1.204880401492118835e-01
1.172492280602455139e-01
1.120015308260917664e-01
1.157014071941375732e-01
1.433233618736267090e-01
1.154443398118019104e-01
1.168310642242431641e-01
1.123602688312530518e-01
1.276614665985107422e-01
1.162668466567993164e-01
1.265087425708770752e-01
1.221917942166328430e-01
1.319983750581741333e-01
1.113029345870018005e-01
1.138532385230064392e-01
1.109252348542213440e-01
1.234572753310203552e-01
1.099503263831138611e-01
1.213183030486106873e-01
1.168707087635993958e-01
1.123238727450370789e-01
1.142664551734924316e-01
1.176857724785804749e-01
1.118300780653953552e-01
1.250333338975906372e-01
1.160991266369819641e-01
1.198473200201988220e-01
1.163384839892387390e-01
1.247387155890464783e-01
1.129742488265037537e-01
1.198828443884849548e-01
1.115691140294075012e-01
1.221510246396064758e-01
1.229605972766876221e-01
1.265996247529983521e-01
1.206221282482147217e-01
1.188358366489410400e-01
1.139958426356315613e-01
1.273675411939620972e-01
1.176887378096580505e-01
1.158449277281761169e-01
1.156319305300712585e-01
1.173208728432655334e-01
1.258846819400787354e-01
1.259572654962539673e-01
1.130257248878479004e-01
1.227003633975982666e-01
1.209193468093872070e-01
1.217359304428100586e-01
1.100172922015190125e-01
1.183793246746063232e-01
1.202096715569496155e-01
1.192912533879280090e-01
1.173427477478981018e-01
1.220250725746154785e-01
1.324722170829772949e-01
1.193137690424919128e-01
1.103724837303161621e-01
1.226028278470039368e-01
1.332284957170486450e-01
1.233320608735084534e-01
1.502480953931808472e-01
1.173977777361869812e-01
1.226593554019927979e-01
1.223574504256248474e-01
1.098347529768943787e-01
1.184706911444664001e-01
1.197822466492652893e-01
1.109042838215827942e-01
1.267072707414627075e-01
1.164162531495094299e-01
1.195138469338417053e-01
1.157089769840240479e-01
1.308486461639404297e-01
1.092466488480567932e-01
1.274606585502624512e-01
1.278675049543380737e-01
1.179496720433235168e-01
1.171265840530395508e-01
1.202384606003761292e-01
1.173878908157348633e-01
1.209936141967773438e-01
1.108823493123054504e-01
1.159787997603416443e-01
1.303301900625228882e-01
1.129201725125312805e-01
1.200772300362586975e-01
1.211716160178184509e-01
1.278356313705444336e-01
1.176246628165245056e-01
1.183402910828590393e-01
1.217182055115699768e-01
1.280648112297058105e-01
1.209347024559974670e-01
1.300410777330398560e-01
1.085661426186561584e-01
1.143401265144348145e-01
1.113836988806724548e-01
1.271448135375976562e-01
1.232789680361747742e-01
1.211609020829200745e-01
1.152941882610321045e-01
1.181424632668495178e-01
1.963117718696594238e-01
1.147700175642967224e-01
1.284001320600509644e-01
1.201655939221382141e-01
1.208177134394645691e-01
1.147771105170249939e-01
1.126533523201942444e-01
1.210083439946174622e-01
1.243717148900032043e-01
1.190196648240089417e-01
1.189119219779968262e-01
1.186669096350669861e-01
1.175541654229164124e-01
1.213006079196929932e-01
1.189950630068778992e-01
1.187342181801795959e-01
1.184817552566528320e-01
1.146447584033012390e-01
1.213032007217407227e-01
1.142982617020606995e-01
1.213123202323913574e-01
1.233468651771545410e-01
1.191391423344612122e-01
1.231432631611824036e-01
1.173299178481101990e-01
1.160166785120964050e-01
1.342144757509231567e-01
1.147547066211700439e-01
1.224359869956970215e-01
1.212929263710975647e-01
1.186610162258148193e-01
1.227068975567817688e-01
1.162253916263580322e-01
1.123356297612190247e-01
1.382643729448318481e-01
1.154633164405822754e-01
1.143633946776390076e-01
1.228929683566093445e-01
1.127628684043884277e-01
1.123530045151710510e-01
1.270087361335754395e-01
1.362273395061492920e-01
1.257663816213607788e-01
1.137342527508735657e-01
1.200695633888244629e-01
1.513906270265579224e-01
1.204654648900032043e-01
1.143557205796241760e-01
1.148657128214836121e-01
1.274385750293731689e-01
1.184866428375244141e-01
1.195220351219177246e-01
1.257259994745254517e-01
1.225485503673553467e-01
1.210218369960784912e-01
1.179321929812431335e-01
1.353503316640853882e-01
1.129024922847747803e-01
1.199626401066780090e-01
1.126984134316444397e-01
1.262561827898025513e-01
1.138463541865348816e-01
1.250580549240112305e-01
1.173302903771400452e-01
1.339350789785385132e-01
1.376782506704330444e-01
1.293017268180847168e-01
1.194462403655052185e-01
1.264614909887313843e-01
1.276015490293502808e-01
1.159385815262794495e-01
1.282352805137634277e-01
1.184256151318550110e-01
1.241404414176940918e-01
1.397058069705963135e-01
1.251350641250610352e-01
1.248775646090507507e-01
1.251381635665893555e-01
1.207411512732505798e-01
1.183957681059837341e-01
1.126185879111289978e-01
1.522304564714431763e-01
1.284892708063125610e-01
1.182950958609580994e-01
1.137423515319824219e-01
1.213593780994415283e-01
1.136297807097434998e-01
1.328504979610443115e-01
1.138296499848365784e-01
1.174842715263366699e-01
1.161339506506919861e-01
1.246781125664710999e-01
1.134947240352630615e-01
1.245679184794425964e-01
1.140006408095359802e-01
1.175563558936119080e-01
1.237089559435844421e-01
1.146966516971588135e-01
1.200349703431129456e-01
1.284390687942504883e-01
1.281423419713973999e-01
1.253679692745208740e-01
1.126171946525573730e-01
1.156724691390991211e-01
1.283374577760696411e-01
1.211470142006874084e-01
1.183432117104530334e-01
1.279894262552261353e-01
1.290078908205032349e-01
1.234159395098686218e-01
1.241599917411804199e-01
1.222657784819602966e-01
1.194844618439674377e-01
1.252927482128143311e-01
1.180261597037315369e-01
1.117808297276496887e-01
1.274205148220062256e-01
1.082802042365074158e-01
1.263232380151748657e-01
1.171118617057800293e-01
1.231723353266716003e-01
1.090905964374542236e-01
1.159152686595916748e-01
1.280275285243988037e-01
1.151940897107124329e-01
1.326644420623779297e-01
1.127610132098197937e-01
1.181917265057563782e-01
1.284987479448318481e-01
1.223573982715606689e-01
1.197939738631248474e-01
1.175944209098815918e-01
1.235632002353668213e-01
1.154563426971435547e-01
1.157554984092712402e-01
1.196472719311714172e-01
1.218114793300628662e-01
1.195692196488380432e-01
1.116860732436180115e-01
1.098986938595771790e-01
1.197971701622009277e-01
1.136243343353271484e-01
1.232712045311927795e-01
1.226192116737365723e-01
1.350389569997787476e-01
1.089885458350181580e-01
1.172369122505187988e-01
1.214085146784782410e-01
1.287719607353210449e-01
1.286320537328720093e-01
1.353525966405868530e-01
1.198218539357185364e-01
1.204550489783287048e-01
1.225199103355407715e-01
1.198500096797943115e-01
1.172541156411170959e-01
1.190562769770622253e-01
1.185966655611991882e-01
1.197485551238059998e-01
1.187767162919044495e-01
1.162070035934448242e-01
1.190221384167671204e-01
1.171573400497436523e-01
1.235482692718505859e-01
1.158645376563072205e-01
1.173917874693870544e-01
1.287960112094879150e-01
1.204509735107421875e-01
1.122611090540885925e-01
1.141235604882240295e-01
1.435862034559249878e-01
1.175218299031257629e-01
1.205932721495628357e-01
1.310175508260726929e-01
1.328986287117004395e-01
1.198794841766357422e-01
1.213826164603233337e-01
1.219766438007354736e-01
1.209421977400779724e-01
1.152445673942565918e-01
1.223515495657920837e-01
1.165037453174591064e-01
1.176258698105812073e-01
1.256592273712158203e-01
1.229554787278175354e-01
1.095754131674766541e-01
1.244574189186096191e-01
1.178401038050651550e-01
1.231972798705101013e-01
1.360970586538314819e-01
1.264492571353912354e-01
1.147564277052879333e-01
1.169379130005836487e-01
1.200578808784484863e-01
1.135811433196067810e-01
1.367477029561996460e-01
1.277015358209609985e-01
1.207523718476295471e-01
1.164947450160980225e-01
1.174280419945716858e-01
1.190551221370697021e-01
1.352386325597763062e-01
1.121689975261688232e-01
1.224831566214561462e-01
1.293392628431320190e-01
1.218365058302879333e-01
1.206086203455924988e-01
1.146447360515594482e-01
1.193589344620704651e-01
1.143905743956565857e-01
1.272150725126266479e-01
1.164720878005027771e-01
1.164624989032745361e-01
1.199575588107109070e-01
1.137921810150146484e-01
1.196775734424591064e-01
1.106454804539680481e-01
1.302824616432189941e-01
1.162132546305656433e-01
1.227426230907440186e-01
1.171309947967529297e-01
1.262044608592987061e-01
1.227743029594421387e-01
1.126011013984680176e-01
1.207555308938026428e-01
1.192384585738182068e-01
1.194891557097434998e-01
1.318923383951187134e-01
1.239772960543632507e-01
1.194835677742958069e-01
1.183139160275459290e-01
1.261176019906997681e-01
1.236362233757972717e-01
1.246818974614143372e-01
1.177978143095970154e-01
1.181555166840553284e-01
1.113699600100517273e-01
1.126184090971946716e-01
1.067067459225654602e-01
1.277232617139816284e-01
1.166467890143394470e-01
1.203571632504463196e-01
1.197765842080116272e-01
1.218438968062400818e-01
1.234718486666679382e-01
1.132681742310523987e-01
1.164588034152984619e-01
1.200884580612182617e-01
1.152483448386192322e-01
1.189934238791465759e-01
1.129270792007446289e-01
1.143046617507934570e-01
1.233109608292579651e-01
1.154289245605468750e-01
1.192584633827209473e-01
1.253026276826858521e-01
1.223643422126770020e-01
1.111126020550727844e-01
1.201271489262580872e-01
1.199342384934425354e-01
1.153024360537528992e-01
1.245405152440071106e-01
1.157119274139404297e-01
1.161441430449485779e-01
1.152024641633033752e-01
1.128527745604515076e-01
1.271538734436035156e-01
1.178656518459320068e-01
1.172134876251220703e-01
1.152124628424644470e-01
1.272532194852828979e-01
1.116712465882301331e-01
1.203563436865806580e-01
1.187373176217079163e-01
1.141656860709190369e-01
1.174338683485984802e-01
1.171079277992248535e-01
1.118930578231811523e-01
1.245170757174491882e-01
1.119590774178504944e-01
1.230453476309776306e-01
1.174199581146240234e-01
1.099206209182739258e-01
1.106121316552162170e-01
1.070281192660331726e-01
1.265781074762344360e-01
1.150894463062286377e-01
1.163307800889015198e-01
1.091255843639373779e-01
1.282266527414321899e-01
1.244891956448554993e-01
1.223496869206428528e-01
1.138342246413230896e-01
1.135011017322540283e-01
1.244950369000434875e-01
1.163321658968925476e-01
1.250499039888381958e-01
1.187627613544464111e-01
1.154225468635559082e-01
1.169366538524627686e-01
1.171108707785606384e-01
1.180987358093261719e-01
1.309122443199157715e-01
1.089790984988212585e-01
1.207485124468803406e-01
1.136083379387855530e-01
1.100495159626007080e-01
1.091630831360816956e-01
1.196100637316703796e-01
1.165083348751068115e-01
1.154164895415306091e-01
1.168237552046775818e-01
1.223981752991676331e-01
1.250583082437515259e-01
1.245928704738616943e-01
1.107711717486381531e-01
1.118392869830131531e-01
1.320801377296447754e-01
1.267491877079010010e-01
1.224841699004173279e-01
1.109390780329704285e-01
1.340491771697998047e-01
1.212761998176574707e-01
1.167991831898689270e-01
1.132709458470344543e-01
1.215696036815643311e-01
1.155806183815002441e-01
1.249882802367210388e-01
1.181436553597450256e-01
1.291961669921875000e-01
1.132892593741416931e-01
1.109846755862236023e-01
1.239010617136955261e-01
1.146610975265502930e-01
1.172581836581230164e-01
1.156156957149505615e-01
1.353073418140411377e-01
1.133502945303916931e-01
1.133448779582977295e-01
1.182279288768768311e-01
1.261596828699111938e-01
1.183206140995025635e-01
1.598176658153533936e-01
1.186748072504997253e-01
1.092460155487060547e-01
1.132520064711570740e-01
1.112416163086891174e-01
1.302112787961959839e-01
1.301678419113159180e-01
1.235376298427581787e-01
1.402790099382400513e-01
1.109555140137672424e-01
1.236420869827270508e-01
1.280816942453384399e-01
1.200799420475959778e-01
1.350802928209304810e-01
1.212623640894889832e-01
1.267371624708175659e-01
1.453557163476943970e-01
1.126309931278228760e-01
1.203463599085807800e-01
1.119586899876594543e-01
1.150197014212608337e-01
1.304525732994079590e-01
1.205215454101562500e-01
1.162564456462860107e-01
1.138536557555198669e-01
1.239140853285789490e-01
1.205797493457794189e-01
1.317519694566726685e-01
1.131668910384178162e-01
1.266744583845138550e-01
1.399252861738204956e-01
1.243694350123405457e-01
1.188631430268287659e-01
1.116517558693885803e-01
1.198475658893585205e-01
1.168658435344696045e-01
1.087497696280479431e-01
1.224902570247650146e-01
1.271425485610961914e-01
1.218737661838531494e-01
1.156494393944740295e-01
1.292398124933242798e-01
1.235203370451927185e-01
1.300352364778518677e-01
1.219001039862632751e-01
1.205978170037269592e-01
1.258080750703811646e-01
1.223349347710609436e-01
1.146086677908897400e-01
1.342496573925018311e-01
1.104862317442893982e-01
1.258704066276550293e-01
1.184739992022514343e-01
1.228357255458831787e-01
1.265491396188735962e-01
1.195305660367012024e-01
1.350425034761428833e-01
1.275348216295242310e-01
1.225273385643959045e-01
1.484800130128860474e-01
1.081496849656105042e-01
1.290220171213150024e-01
1.236062422394752502e-01
1.263006180524826050e-01
1.160458996891975403e-01
1.416980773210525513e-01
1.230895444750785828e-01
1.051912531256675720e-01
1.197151616215705872e-01
1.090885996818542480e-01
1.199513077735900879e-01
1.244843527674674988e-01
1.145107969641685486e-01
1.120894476771354675e-01
1.197952851653099060e-01
1.219877228140830994e-01
1.213057562708854675e-01
1.230382546782493591e-01
1.275289207696914673e-01
1.208345666527748108e-01
1.169400215148925781e-01
1.110217049717903137e-01
1.220685020089149475e-01
1.187173724174499512e-01
1.160874292254447937e-01
1.134003922343254089e-01
1.222164854407310486e-01
1.196032986044883728e-01
1.209348440170288086e-01
1.170376613736152649e-01
1.126191914081573486e-01
1.265702545642852783e-01
1.201234161853790283e-01
1.389138251543045044e-01
1.131038367748260498e-01
1.153604015707969666e-01
1.250642389059066772e-01
1.262163817882537842e-01
1.115288361907005310e-01
1.257691532373428345e-01
1.599565595388412476e-01
1.261962503194808960e-01
1.131554245948791504e-01
1.149101778864860535e-01
1.162284314632415771e-01
1.169489100575447083e-01
1.209605708718299866e-01
1.176533624529838562e-01
1.376013606786727905e-01
1.181391254067420959e-01
1.216332241892814636e-01
1.140607520937919617e-01
1.183973327279090881e-01
1.208224967122077942e-01
1.157303526997566223e-01
1.212114691734313965e-01
1.235425844788551331e-01
1.249682903289794922e-01
1.172863319516181946e-01
1.277645826339721680e-01
1.209863200783729553e-01
1.142587736248970032e-01
1.223404705524444580e-01
1.275711506605148315e-01
1.180288717150688171e-01
1.200257316231727600e-01
1.532127708196640015e-01
1.223252788186073303e-01
1.605166047811508179e-01
1.126401424407958984e-01
1.280966997146606445e-01
1.242972984910011292e-01
1.249589994549751282e-01
1.187112256884574890e-01
1.180207058787345886e-01
1.207813620567321777e-01
1.299291253089904785e-01
1.157480254769325256e-01
1.171120628714561462e-01
1.168059036135673523e-01
1.159997805953025818e-01
1.306494325399398804e-01
1.226289793848991394e-01
1.171077489852905273e-01
1.284775584936141968e-01
1.158187687397003174e-01
1.204684674739837646e-01
1.144590973854064941e-01
1.208498477935791016e-01
1.106784939765930176e-01
1.225363314151763916e-01
1.172302141785621643e-01
1.329257786273956299e-01
1.197144165635108948e-01
1.160089001059532166e-01
1.142513751983642578e-01
1.199116036295890808e-01
1.235837563872337341e-01
1.146677732467651367e-01
1.172975599765777588e-01
1.272786855697631836e-01
1.225064918398857117e-01
1.223144307732582092e-01
1.478383243083953857e-01
1.328447014093399048e-01
1.152050793170928955e-01
1.146260872483253479e-01
1.129811033606529236e-01
1.240278407931327820e-01
1.141698360443115234e-01
1.184164062142372131e-01
1.149074062705039978e-01
1.181027069687843323e-01
1.232820823788642883e-01
1.994350701570510864e-01
1.226442530751228333e-01
1.090050339698791504e-01
1.290380507707595825e-01
1.141963228583335876e-01
1.158766672015190125e-01
1.127224266529083252e-01
1.349914222955703735e-01
1.096559464931488037e-01
1.124829649925231934e-01
1.238103285431861877e-01
1.389674693346023560e-01
1.199891492724418640e-01
1.267274618148803711e-01
1.117319092154502869e-01
1.241654977202415466e-01
1.147332191467285156e-01
1.218783333897590637e-01
1.216588690876960754e-01
1.228481158614158630e-01
1.203528121113777161e-01
1.228808462619781494e-01
1.129578277468681335e-01
1.283352524042129517e-01
1.123146414756774902e-01
1.186378225684165955e-01
1.137486174702644348e-01
1.090965643525123596e-01
1.205887719988822937e-01
1.236122474074363708e-01
1.313288807868957520e-01
1.234743893146514893e-01
1.128029227256774902e-01
1.124785020947456360e-01
1.206318736076354980e-01
1.129242777824401855e-01
1.223940476775169373e-01
1.191582307219505310e-01
1.167938709259033203e-01
1.185397133231163025e-01
1.151058301329612732e-01
1.228225454688072205e-01
1.190157607197761536e-01
1.119227707386016846e-01
1.164605244994163513e-01
1.233017221093177795e-01
1.189113557338714600e-01
1.098208352923393250e-01
1.145874783396720886e-01
1.268066912889480591e-01
1.282537579536437988e-01
1.277898997068405151e-01
1.188928261399269104e-01
1.149166151881217957e-01
1.162010431289672852e-01
1.161793395876884460e-01
1.178070530295372009e-01
1.161382272839546204e-01
1.132986024022102356e-01
1.217729672789573669e-01
1.136183515191078186e-01
1.216861382126808167e-01
1.112590730190277100e-01
1.051600873470306396e-01
1.150224208831787109e-01
1.217295303940773010e-01
1.192881464958190918e-01
1.238395348191261292e-01
1.137589514255523682e-01
1.127245351672172546e-01
1.146243736147880554e-01
1.136607825756072998e-01
1.354267150163650513e-01
1.176462769508361816e-01
1.138262748718261719e-01
1.155644580721855164e-01
1.145858168601989746e-01
1.258068829774856567e-01
1.203022822737693787e-01
1.358750760555267334e-01
1.191895529627799988e-01
1.229341849684715271e-01
1.247256025671958923e-01
1.121966838836669922e-01
1.103176847100257874e-01
1.209680214524269104e-01
1.196811571717262268e-01
1.168208792805671692e-01
1.123368516564369202e-01
1.115188598632812500e-01
1.333595514297485352e-01
1.181429103016853333e-01
1.295099705457687378e-01
1.218593716621398926e-01
1.096804141998291016e-01
1.103945076465606689e-01
1.128318831324577332e-01
1.294639110565185547e-01
1.157584190368652344e-01
1.175671592354774475e-01
1.114837750792503357e-01
1.162948980927467346e-01
1.172558367252349854e-01
1.186271533370018005e-01
1.076899692416191101e-01
1.117111444473266602e-01
1.158801689743995667e-01
1.230199560523033142e-01
1.195269823074340820e-01
1.087709590792655945e-01
1.172164082527160645e-01
1.148674488067626953e-01
1.127671226859092712e-01
1.186366155743598938e-01
1.207745894789695740e-01
1.133728921413421631e-01
1.129294261336326599e-01
1.246551275253295898e-01
1.243814155459403992e-01
1.183065474033355713e-01
1.179681196808815002e-01
1.233539581298828125e-01
1.181892752647399902e-01
1.269415915012359619e-01
1.193447411060333252e-01
1.114897727966308594e-01
1.143560782074928284e-01
1.117622852325439453e-01
1.188145354390144348e-01
1.159579753875732422e-01
1.231225356459617615e-01
1.115165352821350098e-01
1.093486323952674866e-01
1.070277094841003418e-01
1.146334186196327209e-01
1.128797456622123718e-01
1.262632757425308228e-01
1.223039925098419189e-01
1.165529191493988037e-01
1.153982654213905334e-01
1.079909503459930420e-01
1.225365996360778809e-01
1.248103976249694824e-01
1.060080900788307190e-01
1.179938986897468567e-01
1.176295280456542969e-01
1.239416673779487610e-01
1.282396465539932251e-01
1.203369796276092529e-01
1.092362031340599060e-01
1.174250617623329163e-01
1.220962181687355042e-01
1.144623979926109314e-01
1.120196804404258728e-01
1.149290129542350769e-01
1.214708685874938965e-01
1.128225103020668030e-01
1.232599243521690369e-01
1.066697910428047180e-01
1.204813793301582336e-01
1.150483414530754089e-01
1.143527254462242126e-01
1.159736812114715576e-01
1.162804588675498962e-01
1.162493154406547546e-01
1.139535307884216309e-01
1.147583052515983582e-01
1.266518384218215942e-01
1.185659095644950867e-01
1.198539137840270996e-01
1.335938572883605957e-01
1.223277822136878967e-01
1.277988702058792114e-01
1.169561371207237244e-01
1.133835390210151672e-01
1.175186634063720703e-01
1.120075955986976624e-01
1.231284514069557190e-01
1.150808706879615784e-01
1.128123104572296143e-01
1.437207013368606567e-01
1.156826838850975037e-01
1.148464456200599670e-01
1.174724921584129333e-01
1.297528594732284546e-01
1.283668726682662964e-01
1.124026849865913391e-01
1.184044778347015381e-01
1.171564832329750061e-01
1.128908321261405945e-01
1.117394790053367615e-01
1.215138509869575500e-01
1.220745220780372620e-01
1.192466393113136292e-01
1.218501552939414978e-01
1.163614988327026367e-01
1.313399523496627808e-01
1.152568683028221130e-01
1.211583539843559265e-01
1.148448884487152100e-01
1.203722283244132996e-01
1.162981092929840088e-01
1.094864830374717712e-01
1.196804717183113098e-01
1.270806342363357544e-01
1.162126883864402771e-01
1.134450733661651611e-01
1.212370321154594421e-01
1.117340028285980225e-01
1.156392619013786316e-01
1.190302297472953796e-01
1.149378716945648193e-01
1.111698225140571594e-01
1.131122931838035583e-01
1.175618544220924377e-01
1.213540062308311462e-01
1.437885910272598267e-01
1.163154542446136475e-01
1.096177920699119568e-01
1.130622625350952148e-01
1.161562204360961914e-01
1.195611134171485901e-01
1.113856807351112366e-01
1.146178022027015686e-01
1.133395656943321228e-01
1.243090629577636719e-01
1.227260157465934753e-01
1.192638203501701355e-01
1.216419637203216553e-01
1.144678220152854919e-01
1.134848296642303467e-01
1.242225766181945801e-01
1.137645468115806580e-01
1.136321201920509338e-01
1.122391223907470703e-01
1.210790872573852539e-01
1.148790642619132996e-01
1.187448576092720032e-01
1.185284629464149475e-01
1.122732460498809814e-01
1.281594485044479370e-01
1.091564968228340149e-01
1.173270866274833679e-01
1.230082735419273376e-01
1.239083632826805115e-01
1.178028956055641174e-01
1.287659257650375366e-01
1.370497643947601318e-01
1.196923553943634033e-01
1.155832111835479736e-01
1.228087320923805237e-01
1.169098988175392151e-01
1.204367056488990784e-01
1.188785955309867859e-01
1.253876239061355591e-01
1.147761642932891846e-01
1.069264411926269531e-01
1.247062906622886658e-01
1.122612059116363525e-01
1.244754791259765625e-01
1.098604723811149597e-01
1.243872642517089844e-01
1.151056513190269470e-01
1.249487996101379395e-01
1.135163381695747375e-01
1.163221374154090881e-01
1.192648708820343018e-01
1.210902705788612366e-01
1.026933491230010986e-01
1.200109496712684631e-01
1.237288787961006165e-01
1.289967000484466553e-01
1.252828389406204224e-01
1.388922780752182007e-01
1.179204359650611877e-01
1.141016408801078796e-01
1.282845884561538696e-01
1.099533811211585999e-01
1.133290454745292664e-01
1.079581379890441895e-01
1.383456438779830933e-01
1.201554909348487854e-01
1.103734746575355530e-01
1.119641959667205811e-01
1.166075468063354492e-01
1.066439077258110046e-01
1.168324053287506104e-01
1.233589872717857361e-01
1.147283986210823059e-01
1.252950280904769897e-01
1.135182008147239685e-01
1.198524609208106995e-01
1.292525082826614380e-01
1.252759844064712524e-01
1.144575402140617371e-01
1.136026456952095032e-01
1.377294063568115234e-01
1.254323273897171021e-01
1.209129989147186279e-01
1.183620467782020569e-01
1.174850091338157654e-01
1.131975352764129639e-01
1.185667291283607483e-01
1.466450542211532593e-01
1.091770902276039124e-01
1.198939755558967590e-01
1.460340023040771484e-01
1.200156807899475098e-01
1.211716309189796448e-01
1.183901056647300720e-01
1.119296550750732422e-01
1.367917209863662720e-01
1.108373180031776428e-01
1.334481835365295410e-01
1.187277659773826599e-01
1.057022809982299805e-01
1.260006874799728394e-01
1.184233129024505615e-01
1.235742866992950439e-01
1.218024566769599915e-01
1.166673228144645691e-01
1.210506185889244080e-01
1.205739602446556091e-01
1.175501272082328796e-01
1.133050620555877686e-01
1.124487295746803284e-01
1.185551360249519348e-01
1.205313131213188171e-01
1.150811985135078430e-01
1.092127487063407898e-01
1.186056509613990784e-01
1.088188290596008301e-01
1.151813864707946777e-01
1.269210129976272583e-01
1.235428079962730408e-01
1.108579337596893311e-01
1.224000155925750732e-01
1.210786923766136169e-01
1.210663542151451111e-01
1.288263648748397827e-01
1.223909780383110046e-01
1.249954029917716980e-01
1.269838958978652954e-01
1.283246129751205444e-01
1.520334333181381226e-01
1.193239018321037292e-01
1.220156922936439514e-01
1.080616116523742676e-01
1.129775345325469971e-01
1.163592338562011719e-01
1.263992935419082642e-01
1.282834857702255249e-01
1.176231876015663147e-01
1.177120581269264221e-01
1.147050261497497559e-01
1.097685769200325012e-01
1.153377369046211243e-01
1.172056198120117188e-01
1.219714879989624023e-01
1.207268834114074707e-01
1.693398356437683105e-01
1.286766231060028076e-01
1.315033882856369019e-01
1.181676164269447327e-01
1.175502240657806396e-01
1.174950078129768372e-01
1.288886517286300659e-01
1.198894977569580078e-01
1.260979324579238892e-01
1.178574636578559875e-01
1.194660887122154236e-01
1.276610642671585083e-01
1.132987514138221741e-01
1.172168031334877014e-01
1.139241755008697510e-01
1.320729553699493408e-01
1.206379830837249756e-01
1.191309615969657898e-01
1.099891886115074158e-01
1.373982578516006470e-01
1.017798781394958496e-01
1.156159937381744385e-01
1.176770627498626709e-01
1.168181076645851135e-01
1.143398582935333252e-01
1.190070137381553650e-01
1.222489774227142334e-01
1.236999332904815674e-01
1.195711195468902588e-01
1.179988384246826172e-01
1.233043149113655090e-01
1.293591856956481934e-01
1.099786981940269470e-01
1.176806613802909851e-01
1.178159490227699280e-01
1.164544001221656799e-01
1.113587245345115662e-01
1.210527643561363220e-01
1.262322366237640381e-01
1.107631102204322815e-01
1.149394884705543518e-01
1.151358410716056824e-01
1.239894852042198181e-01
1.116999983787536621e-01
1.439038366079330444e-01
1.128684654831886292e-01
1.112472712993621826e-01
1.160047054290771484e-01
1.440172493457794189e-01
1.123817786574363708e-01
1.163006126880645752e-01
1.217968240380287170e-01
1.238072142004966736e-01
1.160813346505165100e-01
1.183184459805488586e-01
1.091432347893714905e-01
1.116061732172966003e-01
1.172045469284057617e-01
1.268477737903594971e-01
1.150350868701934814e-01
1.183872222900390625e-01
1.137465015053749084e-01
1.099345311522483826e-01
1.149375066161155701e-01
1.052373275160789490e-01
1.064352691173553467e-01
1.202948093414306641e-01
1.197769045829772949e-01
1.167349815368652344e-01
1.073482409119606018e-01
1.233440935611724854e-01
1.173903569579124451e-01
1.138900890946388245e-01
1.082943454384803772e-01
1.176111772656440735e-01
1.095906198024749756e-01
1.246839985251426697e-01
1.131893768906593323e-01
1.162032186985015869e-01
1.107058301568031311e-01
1.152409017086029053e-01
1.198390349745750427e-01
1.138156875967979431e-01
1.143696680665016174e-01
1.270050853490829468e-01
1.119311824440956116e-01
1.211261972784996033e-01
1.170091032981872559e-01
1.138690188527107239e-01
1.069330200552940369e-01
1.229883730411529541e-01
1.165842413902282715e-01
1.273404806852340698e-01
1.119783222675323486e-01
1.148663759231567383e-01
1.117371544241905212e-01
1.289543509483337402e-01
1.282758116722106934e-01
1.134957075119018555e-01
1.193926110863685608e-01
1.153253540396690369e-01
1.113373264670372009e-01
1.137687936425209045e-01
1.166429743170738220e-01
1.169136539101600647e-01
1.238042116165161133e-01
1.269168257713317871e-01
1.093747988343238831e-01
1.157720685005187988e-01
1.161570623517036438e-01
1.196198463439941406e-01
1.097476780414581299e-01
1.078693494200706482e-01
1.245293915271759033e-01
1.211765408515930176e-01
1.103228330612182617e-01
1.196236386895179749e-01
1.243058815598487854e-01
1.150814369320869446e-01
1.132498160004615784e-01
1.156477555632591248e-01
1.176328733563423157e-01
1.146375909447669983e-01
1.143799126148223877e-01
1.165182590484619141e-01
1.098148450255393982e-01
1.097155734896659851e-01
1.081496402621269226e-01
1.295009553432464600e-01
1.171392425894737244e-01
1.204972863197326660e-01
1.100454330444335938e-01
1.198295280337333679e-01
1.165414527058601379e-01
1.147871837019920349e-01
1.172758862376213074e-01
1.149194315075874329e-01
1.200614646077156067e-01
1.101861298084259033e-01
1.203175410628318787e-01
1.115300282835960388e-01
1.348532289266586304e-01
1.111089512705802917e-01
1.182017549872398376e-01
1.127606108784675598e-01
1.107191070914268494e-01
1.218050941824913025e-01
1.349839717149734497e-01
1.072458028793334961e-01
1.255035251379013062e-01
1.117949485778808594e-01
1.161247193813323975e-01
1.154902651906013489e-01
1.153621599078178406e-01
1.121224761009216309e-01
1.256821155548095703e-01
1.187997534871101379e-01
1.068337336182594299e-01
1.186360344290733337e-01
1.254800111055374146e-01
1.154592633247375488e-01
1.183626577258110046e-01
1.169258877635002136e-01
1.187134385108947754e-01
1.175215467810630798e-01
1.134565696120262146e-01
1.138659641146659851e-01
1.180063858628273010e-01
1.239808872342109680e-01
1.168360486626625061e-01
1.231673657894134521e-01
1.226653084158897400e-01
1.148220226168632507e-01
1.266956925392150879e-01
1.164288595318794250e-01
1.145349666476249695e-01
1.179107204079627991e-01
1.111739203333854675e-01
1.144729182124137878e-01
1.119097098708152771e-01
1.215926781296730042e-01
1.195058450102806091e-01
1.187581419944763184e-01
1.290413886308670044e-01
1.195650324225425720e-01
1.167036592960357666e-01
1.121727004647254944e-01
1.189282014966011047e-01
1.073276102542877197e-01
1.076952591538429260e-01
1.271406114101409912e-01
1.244928166270256042e-01
1.196370422840118408e-01
1.190965846180915833e-01
1.173452734947204590e-01
1.248035728931427002e-01
1.166265830397605896e-01
1.146230399608612061e-01
1.211766824126243591e-01
1.298529058694839478e-01
1.198755204677581787e-01
1.169175133109092712e-01
1.163149774074554443e-01
1.244662627577781677e-01
1.165660694241523743e-01
1.256660372018814087e-01
1.152520179748535156e-01
1.318162530660629272e-01
1.210456117987632751e-01
1.143465936183929443e-01
1.136506572365760803e-01
1.226988732814788818e-01
1.246514543890953064e-01
1.081265509128570557e-01
1.239756122231483459e-01
1.134813353419303894e-01
1.214709952473640442e-01
1.331681460142135620e-01
1.224145591259002686e-01
1.160570755600929260e-01
1.087987646460533142e-01
1.242027953267097473e-01
1.137235537171363831e-01
1.221426352858543396e-01
1.181660220026969910e-01
1.115328595042228699e-01
1.243788301944732666e-01
1.195468828082084656e-01
1.167857870459556580e-01
1.147857829928398132e-01
1.225808486342430115e-01
1.106995567679405212e-01
1.438475400209426880e-01
1.110292151570320129e-01
1.124166026711463928e-01
1.166694760322570801e-01
1.174674332141876221e-01
1.254855245351791382e-01
1.202151998877525330e-01
1.178319230675697327e-01
1.189486011862754822e-01
1.171868816018104553e-01
1.075618937611579895e-01
1.170274615287780762e-01
1.140366196632385254e-01
1.267666816711425781e-01
1.148869469761848450e-01
1.226290762424468994e-01
1.236639246344566345e-01
1.279451996088027954e-01
1.204049810767173767e-01
1.089167594909667969e-01
1.131082549691200256e-01
1.155402436852455139e-01
1.175047382712364197e-01
1.130048856139183044e-01
1.188431009650230408e-01
1.090250238776206970e-01
1.195995211601257324e-01
1.310275197029113770e-01
1.058361828327178955e-01
1.080166622996330261e-01
1.141795441508293152e-01
1.220047250390052795e-01
1.159523352980613708e-01
1.182086691260337830e-01
1.166099905967712402e-01
1.170808300375938416e-01
1.088683009147644043e-01
1.190562471747398376e-01
1.435485929250717163e-01
1.322188824415206909e-01
1.115704104304313660e-01
1.160619035363197327e-01
1.156348511576652527e-01
1.147607937455177307e-01
1.071122959256172180e-01
1.247925534844398499e-01
1.253236532211303711e-01
1.166741847991943359e-01
1.166808605194091797e-01
1.157609298825263977e-01
1.141722574830055237e-01
1.304799616336822510e-01
1.166940033435821533e-01
1.184925511479377747e-01
1.122479662299156189e-01
1.123998984694480896e-01
1.153618171811103821e-01
1.120335459709167480e-01
1.122074201703071594e-01
1.184711679816246033e-01
1.266247034072875977e-01
1.151673197746276855e-01
1.144118383526802063e-01
1.130466684699058533e-01
1.262648999691009521e-01
1.208902299404144287e-01
1.196647882461547852e-01
1.154794618487358093e-01
1.074710488319396973e-01
1.106697693467140198e-01
1.109867766499519348e-01
1.186015903949737549e-01
1.192495450377464294e-01
1.245316490530967712e-01
1.126303002238273621e-01
1.224034056067466736e-01
1.215080991387367249e-01
1.150565147399902344e-01
1.207384094595909119e-01
1.181130707263946533e-01
1.238586604595184326e-01
1.192056238651275635e-01
1.107289195060729980e-01
1.105801835656166077e-01
1.098391786217689514e-01
1.242098584771156311e-01
1.203481182456016541e-01
1.226701065897941589e-01
1.135365143418312073e-01
1.215009316802024841e-01
1.068658307194709778e-01
1.125951111316680908e-01
1.235724985599517822e-01
1.193031445145606995e-01
1.236019805073738098e-01
1.151036545634269714e-01
1.101281121373176575e-01
1.099099293351173401e-01
1.159611344337463379e-01
1.106939017772674561e-01
1.245764270424842834e-01
1.229541301727294922e-01
1.092423498630523682e-01
1.115671172738075256e-01
1.168053075671195984e-01
1.182389333844184875e-01
1.170731112360954285e-01
1.207943633198738098e-01
1.125443950295448303e-01
1.169086098670959473e-01
1.162992790341377258e-01
1.125215664505958557e-01
1.171261444687843323e-01
1.148761287331581116e-01
1.196798905730247498e-01
1.221610903739929199e-01
1.190422475337982178e-01
1.172180175781250000e-01
1.249874904751777649e-01
1.303753554821014404e-01
1.164074614644050598e-01
1.150657311081886292e-01
1.643202453851699829e-01
1.243849322199821472e-01
1.196474805474281311e-01
1.163373365998268127e-01
1.095307096838951111e-01
1.164482831954956055e-01
1.143425926566123962e-01
1.147097721695899963e-01
1.149416863918304443e-01
1.157669723033905029e-01
1.319512277841567993e-01
1.208941563963890076e-01
1.064318120479583740e-01
1.100628376007080078e-01
1.159606650471687317e-01
1.218513846397399902e-01
1.181355938315391541e-01
1.076866164803504944e-01
1.180102005600929260e-01
1.098223924636840820e-01
1.177873611450195312e-01
1.184209808707237244e-01
1.447274535894393921e-01
1.227966472506523132e-01
1.314228624105453491e-01
1.119702830910682678e-01
1.162383556365966797e-01
1.266284435987472534e-01
1.328889131546020508e-01
1.194089278578758240e-01
1.374774575233459473e-01
1.326025873422622681e-01
1.323786079883575439e-01
1.277853399515151978e-01
1.253865510225296021e-01
1.145985126495361328e-01
1.125948205590248108e-01
1.137127056717872620e-01
1.133074089884757996e-01
1.130147799849510193e-01
1.165375933051109314e-01
1.157082989811897278e-01
1.219711005687713623e-01
1.190197691321372986e-01
1.191633120179176331e-01
1.124570369720458984e-01
1.208103597164154053e-01
1.225190833210945129e-01
1.213243231177330017e-01
1.290581077337265015e-01
1.122166141867637634e-01
1.145757809281349182e-01
1.279228776693344116e-01
1.117304265499114990e-01
1.278033405542373657e-01
1.245992258191108704e-01
1.611811369657516479e-01
1.564806848764419556e-01
1.240358948707580566e-01
1.286429315805435181e-01
1.223419383168220520e-01
1.071529015898704529e-01
1.207415163516998291e-01
1.116693019866943359e-01
1.234194859862327576e-01
1.227676197886466980e-01
1.227809712290763855e-01
1.181160286068916321e-01
1.212131306529045105e-01
1.264069676399230957e-01
1.189514696598052979e-01
1.111419498920440674e-01
1.257909983396530151e-01
1.229638457298278809e-01
1.188965514302253723e-01
1.173569858074188232e-01
1.113642454147338867e-01
1.219210922718048096e-01
1.220129132270812988e-01
1.132124289870262146e-01
1.155055165290832520e-01
1.465429067611694336e-01
1.125679016113281250e-01
1.189313754439353943e-01
1.209615394473075867e-01
1.161171570420265198e-01
1.456368863582611084e-01
1.244027316570281982e-01
1.186386346817016602e-01
1.202373802661895752e-01
1.322271227836608887e-01
1.193251907825469971e-01
1.173068210482597351e-01
1.285881996154785156e-01
1.354585736989974976e-01
1.152720078825950623e-01
1.296116113662719727e-01
1.227737143635749817e-01
1.100965216755867004e-01
1.289001256227493286e-01
1.138908863067626953e-01
1.228660047054290771e-01
1.119464263319969177e-01
1.168104633688926697e-01
1.185761317610740662e-01
1.142366155982017517e-01
1.206962093710899353e-01
1.270030289888381958e-01
1.191416755318641663e-01
1.156073808670043945e-01
1.274227499961853027e-01
1.160959005355834961e-01
1.091698631644248962e-01
1.196367517113685608e-01
1.196112632751464844e-01
1.202720701694488525e-01
1.268097609281539917e-01
1.238409653306007385e-01
1.130586266517639160e-01
1.199001893401145935e-01
1.118531003594398499e-01
1.159997582435607910e-01
1.177503392100334167e-01
1.107394695281982422e-01
1.148979291319847107e-01
1.227378249168395996e-01
1.272207945585250854e-01
1.208853945136070251e-01
1.174490973353385925e-01
1.155572161078453064e-01
1.196407452225685120e-01
1.185285821557044983e-01
1.135398969054222107e-01
1.200537458062171936e-01
1.282631903886795044e-01
1.303921192884445190e-01
1.194854006171226501e-01
1.174202039837837219e-01
1.136432662606239319e-01
1.211085319519042969e-01
1.197597682476043701e-01
1.176416799426078796e-01
1.194082573056221008e-01
1.180305406451225281e-01
1.219991073012351990e-01
1.197079420089721680e-01
1.191605925559997559e-01
1.159959807991981506e-01
1.092669665813446045e-01
1.144370064139366150e-01
1.199068650603294373e-01
1.468739062547683716e-01
1.187855005264282227e-01
1.122136190533638000e-01
1.277548521757125854e-01
1.242977976799011230e-01
1.170472428202629089e-01
1.196694970130920410e-01
1.178207173943519592e-01
1.232616975903511047e-01
1.208507940173149109e-01
1.125957965850830078e-01
1.220559254288673401e-01
1.243072748184204102e-01
1.105413138866424561e-01
1.165814101696014404e-01
1.208381876349449158e-01
1.226925253868103027e-01
1.168011501431465149e-01
1.128880009055137634e-01
1.200927495956420898e-01
1.210224404931068420e-01
1.245266720652580261e-01
1.112550795078277588e-01
1.290277987718582153e-01
1.198468208312988281e-01
1.094472780823707581e-01
1.113553419709205627e-01
1.142318248748779297e-01
1.192620322108268738e-01
1.132315471768379211e-01
1.209889575839042664e-01
1.148770749568939209e-01
1.223604083061218262e-01
1.247873380780220032e-01
1.166161373257637024e-01
1.151925995945930481e-01
1.236748918890953064e-01
1.166465952992439270e-01
1.257881224155426025e-01
1.271836161613464355e-01
1.276998519897460938e-01
1.209682896733283997e-01
1.155838072299957275e-01
1.276743561029434204e-01
1.256720572710037231e-01
1.172515675425529480e-01
1.169441640377044678e-01
1.099705472588539124e-01
1.167868003249168396e-01
1.235109344124794006e-01
1.295709162950515747e-01
1.247498914599418640e-01
1.125240325927734375e-01
1.101154610514640808e-01
1.264156699180603027e-01
1.142743825912475586e-01
1.159755364060401917e-01
1.219776049256324768e-01
1.219302937388420105e-01
1.180739626288414001e-01
1.159158721566200256e-01
1.168301776051521301e-01
1.137085855007171631e-01
1.154255643486976624e-01
1.090511307120323181e-01
1.147618517279624939e-01
1.187534108757972717e-01
1.363362520933151245e-01
1.097588539123535156e-01
1.279064565896987915e-01
1.243535503745079041e-01
1.173557415604591370e-01
1.226595416665077209e-01
1.149128302931785583e-01
1.763935089111328125e-01
1.073392704129219055e-01
1.204074993729591370e-01
1.245803311467170715e-01
1.173868253827095032e-01
1.177781745791435242e-01
1.253517270088195801e-01
1.141448989510536194e-01
1.129083037376403809e-01
1.163009107112884521e-01
1.166341379284858704e-01
1.191716417670249939e-01
1.196894943714141846e-01
1.225951239466667175e-01
1.111931875348091125e-01
1.410780400037765503e-01
1.176811382174491882e-01
1.214375495910644531e-01
1.128173395991325378e-01
1.144785955548286438e-01
1.207800880074501038e-01
1.222225129604339600e-01
1.140795573592185974e-01
1.322693079710006714e-01
1.171409860253334045e-01
1.208047270774841309e-01
1.209220886230468750e-01
1.157947853207588196e-01
1.227219104766845703e-01
1.205312386155128479e-01
1.235087141394615173e-01
1.134031787514686584e-01
1.148764863610267639e-01
1.072870567440986633e-01
1.135094687342643738e-01
1.196315661072731018e-01
1.205531284213066101e-01
1.225625500082969666e-01
1.157713159918785095e-01
1.118777394294738770e-01
1.292823255062103271e-01
1.147389039397239685e-01
1.101168021559715271e-01
1.063720807433128357e-01
1.165069565176963806e-01
1.153866723179817200e-01
1.157023683190345764e-01
1.169946789741516113e-01
1.211844980716705322e-01
1.181071698665618896e-01
1.170567199587821960e-01
1.115036234259605408e-01
1.202817931771278381e-01
1.201404109597206116e-01
1.207428649067878723e-01
1.151817440986633301e-01
1.148370802402496338e-01
1.088532581925392151e-01
1.239787936210632324e-01
1.169384941458702087e-01
1.152777373790740967e-01
1.172362044453620911e-01
1.265819817781448364e-01
1.080893054604530334e-01
1.258704662322998047e-01
1.188445165753364563e-01
1.125031933188438416e-01
1.117882132530212402e-01
1.145663335919380188e-01
1.485399007797241211e-01
1.214462444186210632e-01
1.161433383822441101e-01
1.170184910297393799e-01
1.266930103302001953e-01
1.139954924583435059e-01
1.237491369247436523e-01
1.143097952008247375e-01
1.207669004797935486e-01
1.199533119797706604e-01
1.142257079482078552e-01
1.239230632781982422e-01
1.179786100983619690e-01
1.201067566871643066e-01
1.187389120459556580e-01
1.113694831728935242e-01
1.303271800279617310e-01
1.146658733487129211e-01
1.187193617224693298e-01
1.198817268013954163e-01
1.111177429556846619e-01
1.236124709248542786e-01
1.200101748108863831e-01
1.276610940694808960e-01
1.191935315728187561e-01
1.127087473869323730e-01
1.117110624909400940e-01
1.161075606942176819e-01
1.210862100124359131e-01
1.155483722686767578e-01
1.277665495872497559e-01
1.241645440459251404e-01
1.197243258357048035e-01
1.180451288819313049e-01
1.192052662372589111e-01
1.254817396402359009e-01
1.200090944766998291e-01
1.246246919035911560e-01
1.120255663990974426e-01
1.193390563130378723e-01
1.187602579593658447e-01
1.121407523751258850e-01
1.186183094978332520e-01
1.204544082283973694e-01
1.158486977219581604e-01
1.145522519946098328e-01
1.307169198989868164e-01
1.136925816535949707e-01
1.138389185070991516e-01
1.251740306615829468e-01
1.196189522743225098e-01
1.111922264099121094e-01
1.078711226582527161e-01
1.205776929855346680e-01
1.136585101485252380e-01
1.151613071560859680e-01
1.215252503752708435e-01
1.257583349943161011e-01
1.184118986129760742e-01
1.186911538243293762e-01
1.333656460046768188e-01
1.144484356045722961e-01
1.122058108448982239e-01
1.126592382788658142e-01
1.108304336667060852e-01
1.147045567631721497e-01
1.125702485442161560e-01
1.121829673647880554e-01
1.188371554017066956e-01
1.188220158219337463e-01
1.136919632554054260e-01
1.125605478882789612e-01
1.054052412509918213e-01
1.158707961440086365e-01
1.239172294735908508e-01
1.219018921256065369e-01
1.397829651832580566e-01
1.177953109145164490e-01
1.113065704703330994e-01
1.161885336041450500e-01
1.105884537100791931e-01
1.181879937648773193e-01
1.160745024681091309e-01
1.136076226830482483e-01
1.104758977890014648e-01
1.215069666504859924e-01
1.241260096430778503e-01
1.269460022449493408e-01
1.164579614996910095e-01
1.348612308502197266e-01
1.350513845682144165e-01
1.054033339023590088e-01
1.158359125256538391e-01
1.224590912461280823e-01
1.230578720569610596e-01
1.190906688570976257e-01
1.221514940261840820e-01
1.175028607249259949e-01
1.205467358231544495e-01
1.219327747821807861e-01
1.102917492389678955e-01
1.051382496953010559e-01
1.157918944954872131e-01
1.111119613051414490e-01
1.159760430455207825e-01
1.143311262130737305e-01
1.147349476814270020e-01
1.213302835822105408e-01
1.224079355597496033e-01
1.207145527005195618e-01
1.076324656605720520e-01
1.183998584747314453e-01
1.179055050015449524e-01
1.123262718319892883e-01
1.175170540809631348e-01
1.046833768486976624e-01
1.114230155944824219e-01
1.174512803554534912e-01
1.476285308599472046e-01
1.187043562531471252e-01
1.112518310546875000e-01
1.074454262852668762e-01
1.158003807067871094e-01
1.241994425654411316e-01
1.281178742647171021e-01
1.159079447388648987e-01
1.228859052062034607e-01
1.183539628982543945e-01
1.211576759815216064e-01
1.165882721543312073e-01
1.132411882281303406e-01
1.120580509305000305e-01
1.055934056639671326e-01
1.278096437454223633e-01
1.110459044575691223e-01
1.094449535012245178e-01
1.219607889652252197e-01
1.171909049153327942e-01
1.063959896564483643e-01
1.234708204865455627e-01
1.164488419890403748e-01
1.179449260234832764e-01
1.099147200584411621e-01
1.167310476303100586e-01
1.443843543529510498e-01
1.106899306178092957e-01
1.136419475078582764e-01
1.179936304688453674e-01
1.456745713949203491e-01
1.112461090087890625e-01
1.215117648243904114e-01
1.131205931305885315e-01
1.124177351593971252e-01
1.142802834510803223e-01
1.113670468330383301e-01
1.341319978237152100e-01
