2.385677546262741089e-01
2.487881034612655640e-01
2.725361287593841553e-01
2.918727099895477295e-01
2.436778098344802856e-01
2.406192868947982788e-01
2.160052061080932617e-01
2.233148068189620972e-01
2.431726008653640747e-01
2.364797741174697876e-01
2.314396351575851440e-01
2.301553934812545776e-01
2.290551215410232544e-01
2.130767852067947388e-01
2.344214767217636108e-01
2.874040901660919189e-01
2.628449201583862305e-01
1.955655366182327271e-01
2.387306541204452515e-01
2.345796227455139160e-01
2.243241220712661743e-01
2.047165632247924805e-01
2.184550613164901733e-01
2.199037820100784302e-01
1.976121813058853149e-01
3.233142197132110596e-01
2.708876430988311768e-01
2.147237509489059448e-01
2.110350281000137329e-01
2.428107112646102905e-01
2.446658611297607422e-01
2.197873592376708984e-01
2.247711569070816040e-01
2.193656712770462036e-01
2.352014780044555664e-01
2.329951673746109009e-01
2.304763793945312500e-01
2.372772693634033203e-01
2.269180566072463989e-01
2.268477827310562134e-01
2.214764803647994995e-01
2.310877293348312378e-01
2.249233722686767578e-01
2.093078494071960449e-01
2.254168987274169922e-01
2.547580301761627197e-01
2.347340583801269531e-01
2.005301117897033691e-01
2.820839881896972656e-01
2.201168090105056763e-01
2.167952060699462891e-01
2.085782438516616821e-01
2.180429250001907349e-01
2.271168231964111328e-01
2.409491389989852905e-01
2.229636162519454956e-01
2.319123297929763794e-01
2.235466986894607544e-01
1.995040774345397949e-01
2.282165884971618652e-01
2.040296345949172974e-01
2.247711569070816040e-01
2.164307683706283569e-01
2.583884000778198242e-01
2.413916140794754028e-01
2.247485071420669556e-01
2.215518206357955933e-01
2.157679051160812378e-01
1.900559663772583008e-01
2.081654220819473267e-01
2.188203185796737671e-01
2.208873778581619263e-01
2.145928144454956055e-01
2.051013708114624023e-01
2.144101411104202271e-01
2.509191930294036865e-01
2.235634326934814453e-01
2.230136990547180176e-01
2.239293307065963745e-01
2.162658125162124634e-01
2.319689989089965820e-01
2.086939662694931030e-01
2.550288736820220947e-01
2.239390760660171509e-01
2.211215347051620483e-01
2.086394578218460083e-01
2.343925982713699341e-01
2.235851138830184937e-01
2.023528069257736206e-01
2.005475759506225586e-01
2.082324773073196411e-01
2.076398134231567383e-01
2.067833542823791504e-01
1.968355923891067505e-01
2.160299569368362427e-01
2.355656176805496216e-01
2.221412211656570435e-01
2.076586633920669556e-01
2.040131092071533203e-01
2.330920696258544922e-01
2.142221778631210327e-01
2.322884649038314819e-01
2.116100341081619263e-01
2.051483839750289917e-01
2.301824539899826050e-01
1.995086669921875000e-01
2.030407935380935669e-01
2.072139382362365723e-01
2.063920497894287109e-01
1.999132186174392700e-01
2.078061103820800781e-01
1.974256038665771484e-01
2.470766752958297729e-01
2.149089127779006958e-01
2.270942479372024536e-01
2.119706273078918457e-01
2.108216136693954468e-01
2.355604618787765503e-01
2.148852199316024780e-01
2.100546360015869141e-01
2.106761783361434937e-01
1.924040317535400391e-01
2.725404798984527588e-01
2.251095920801162720e-01
2.086822241544723511e-01
2.272754907608032227e-01
2.079693675041198730e-01
2.135387063026428223e-01
2.259547114372253418e-01
2.171467393636703491e-01
2.044286727905273438e-01
2.151646614074707031e-01
2.352547645568847656e-01
2.325532436370849609e-01
2.082016468048095703e-01
2.236593961715698242e-01
2.078631669282913208e-01
2.262543439865112305e-01
2.193208187818527222e-01
2.075273841619491577e-01
2.010861486196517944e-01
1.924931854009628296e-01
2.227933555841445923e-01
2.118743509054183960e-01
2.115638703107833862e-01
2.063082009553909302e-01
1.938626170158386230e-01
2.239297032356262207e-01
1.977400332689285278e-01
2.130526900291442871e-01
2.082187384366989136e-01
2.090136557817459106e-01
2.078590542078018188e-01
2.176681905984878540e-01
2.205595374107360840e-01
2.142583131790161133e-01
1.985158473253250122e-01
2.089993953704833984e-01
1.943464130163192749e-01
2.220115214586257935e-01
2.244402319192886353e-01
2.193612605333328247e-01
2.365838438272476196e-01
2.245683073997497559e-01
1.949807852506637573e-01
1.889818757772445679e-01
2.077574133872985840e-01
2.089678496122360229e-01
1.984808444976806641e-01
2.046963572502136230e-01
1.962774842977523804e-01
2.112542837858200073e-01
2.211784571409225464e-01
2.276294231414794922e-01
1.926731467247009277e-01
1.883671134710311890e-01
2.018253952264785767e-01
2.100764513015747070e-01
2.010059207677841187e-01
1.960581541061401367e-01
2.189374417066574097e-01
2.134143710136413574e-01
2.287200540304183960e-01
2.050918340682983398e-01
2.016174346208572388e-01
2.115238755941390991e-01
2.007654160261154175e-01
1.992794722318649292e-01
2.178351432085037231e-01
2.310672402381896973e-01
2.094490528106689453e-01
2.122019678354263306e-01
2.074422985315322876e-01
1.810004115104675293e-01
2.122756689786911011e-01
2.031110525131225586e-01
2.008134573698043823e-01
2.040735483169555664e-01
2.078883796930313110e-01
2.081682533025741577e-01
2.068217545747756958e-01
1.902368664741516113e-01
1.989222615957260132e-01
1.978077441453933716e-01
2.044376134872436523e-01
2.141287326812744141e-01
2.025521844625473022e-01
1.869779676198959351e-01
1.961831301450729370e-01
2.038272172212600708e-01
2.090810388326644897e-01
2.068896740674972534e-01
1.992475539445877075e-01
1.948639154434204102e-01
2.043332308530807495e-01
2.044541686773300171e-01
1.930396109819412231e-01
2.093183398246765137e-01
2.081206589937210083e-01
2.011901140213012695e-01
2.164283990859985352e-01
2.129534482955932617e-01
2.045632153749465942e-01
2.113773375749588013e-01
2.066907882690429688e-01
2.264911681413650513e-01
1.963042616844177246e-01
1.988869458436965942e-01
1.980882883071899414e-01
1.954947263002395630e-01
1.987356692552566528e-01
2.238333970308303833e-01
1.932223886251449585e-01
2.025396227836608887e-01
2.093753069639205933e-01
2.068597078323364258e-01
1.987230032682418823e-01
2.009756416082382202e-01
2.053907960653305054e-01
1.988716721534729004e-01
1.955383270978927612e-01
2.192031741142272949e-01
2.090226858854293823e-01
3.018125593662261963e-01
2.105024605989456177e-01
2.312386482954025269e-01
2.411570101976394653e-01
2.389080077409744263e-01
2.354320138692855835e-01
2.180633097887039185e-01
2.257617264986038208e-01
2.328799217939376831e-01
2.400575131177902222e-01
2.011966705322265625e-01
2.231323719024658203e-01
2.165567427873611450e-01
2.097772955894470215e-01
1.974247545003890991e-01
2.494416087865829468e-01
1.904638260602951050e-01
1.915879994630813599e-01
2.079404443502426147e-01
1.999392062425613403e-01
1.995517760515213013e-01
2.179470062255859375e-01
1.839465945959091187e-01
1.961961239576339722e-01
2.233175635337829590e-01
1.996706128120422363e-01
2.028644531965255737e-01
2.212975621223449707e-01
2.628392279148101807e-01
2.029607445001602173e-01
1.938915699720382690e-01
1.998546272516250610e-01
2.121037393808364868e-01
2.130712717771530151e-01
2.321948260068893433e-01
2.032453268766403198e-01
1.978257745504379272e-01
2.234042882919311523e-01
2.135744541883468628e-01
2.077967673540115356e-01
2.095620185136795044e-01
2.057459950447082520e-01
2.023107558488845825e-01
2.166280895471572876e-01
2.302874326705932617e-01
1.921457499265670776e-01
2.129064053297042847e-01
1.927392929792404175e-01
2.151627093553543091e-01
2.047531455755233765e-01
2.078725695610046387e-01
2.310246080160140991e-01
2.206871956586837769e-01
2.030702233314514160e-01
3.195382654666900635e-01
2.106330990791320801e-01
2.440273165702819824e-01
2.079216241836547852e-01
2.074422240257263184e-01
2.178321033716201782e-01
2.393411546945571899e-01
2.392894476652145386e-01
2.243003100156784058e-01
2.287783026695251465e-01
2.264103293418884277e-01
2.182775735855102539e-01
2.438986897468566895e-01
2.190771102905273438e-01
2.112785428762435913e-01
1.950914263725280762e-01
2.524144947528839111e-01
2.290090173482894897e-01
2.458791285753250122e-01
2.012765258550643921e-01
2.196509391069412231e-01
2.016294002532958984e-01
2.187782675027847290e-01
1.984810382127761841e-01
1.939636319875717163e-01
2.153934389352798462e-01
2.226943373680114746e-01
2.113045901060104370e-01
2.470354586839675903e-01
1.954672485589981079e-01
2.037960737943649292e-01
2.199205607175827026e-01
2.094462066888809204e-01
1.860378980636596680e-01
2.234314084053039551e-01
2.223126292228698730e-01
2.036543935537338257e-01
2.010030150413513184e-01
2.038017511367797852e-01
2.112764269113540649e-01
2.105136364698410034e-01
2.051547020673751831e-01
1.909381300210952759e-01
2.314735651016235352e-01
2.163727879524230957e-01
1.961504966020584106e-01
2.017332166433334351e-01
1.981108337640762329e-01
2.086168378591537476e-01
2.195305377244949341e-01
2.036798000335693359e-01
1.847639828920364380e-01
2.139539718627929688e-01
2.271162271499633789e-01
2.251616567373275757e-01
2.022755295038223267e-01
1.866941601037979126e-01
2.088834047317504883e-01
2.135232686996459961e-01
2.009756416082382202e-01
1.808875650167465210e-01
2.253889292478561401e-01
2.313078790903091431e-01
2.632395029067993164e-01
2.032018899917602539e-01
1.976549476385116577e-01
2.209665179252624512e-01
2.101839035749435425e-01
2.206623554229736328e-01
2.104817628860473633e-01
2.072864770889282227e-01
2.070543020963668823e-01
2.125515192747116089e-01
2.281112223863601685e-01
2.007129937410354614e-01
2.418491989374160767e-01
1.949946880340576172e-01
1.967967152595520020e-01
1.954346895217895508e-01
2.036627680063247681e-01
2.139183729887008667e-01
2.031528800725936890e-01
1.970002800226211548e-01
1.944099217653274536e-01
2.143095731735229492e-01
2.026574760675430298e-01
1.891138106584548950e-01
2.002137452363967896e-01
2.239363789558410645e-01
2.085930109024047852e-01
2.192236334085464478e-01
1.990417838096618652e-01
2.041847556829452515e-01
1.946695595979690552e-01
2.119123935699462891e-01
2.010558098554611206e-01
2.212920337915420532e-01
2.058376818895339966e-01
2.205705195665359497e-01
2.023767679929733276e-01
2.213088721036911011e-01
1.966389566659927368e-01
2.115996927022933960e-01
2.006624788045883179e-01
1.914408951997756958e-01
1.911064833402633667e-01
2.286114841699600220e-01
2.146637290716171265e-01
2.144681960344314575e-01
1.887518614530563354e-01
2.062175720930099487e-01
2.122978717088699341e-01
2.040128707885742188e-01
1.970821022987365723e-01
2.011844664812088013e-01
2.055885642766952515e-01
2.039341479539871216e-01
1.955571919679641724e-01
2.403053194284439087e-01
1.950374990701675415e-01
1.970812827348709106e-01
1.890175938606262207e-01
2.030701786279678345e-01
1.787847429513931274e-01
2.177274227142333984e-01
1.937135457992553711e-01
2.231803387403488159e-01
2.226709723472595215e-01
1.922274976968765259e-01
2.165451645851135254e-01
2.112126201391220093e-01
2.113274186849594116e-01
1.926156431436538696e-01
1.956946104764938354e-01
2.029943317174911499e-01
1.981017142534255981e-01
1.878996044397354126e-01
1.964176893234252930e-01
1.927201300859451294e-01
1.980855613946914673e-01
2.097209841012954712e-01
2.006661742925643921e-01
1.949812173843383789e-01
2.082568556070327759e-01
2.007036209106445312e-01
1.971379518508911133e-01
1.937019377946853638e-01
2.183717042207717896e-01
1.993931084871292114e-01
1.823180764913558960e-01
1.978458613157272339e-01
1.911125928163528442e-01
1.941102296113967896e-01
2.234055846929550171e-01
1.900525838136672974e-01
2.071390002965927124e-01
2.169278711080551147e-01
2.099862545728683472e-01
2.044375687837600708e-01
2.026636600494384766e-01
1.902298778295516968e-01
1.976376771926879883e-01
2.187284678220748901e-01
1.837586164474487305e-01
2.111128568649291992e-01
1.802188903093338013e-01
2.126861214637756348e-01
1.901163905858993530e-01
2.066447138786315918e-01
1.998701542615890503e-01
1.821478456258773804e-01
1.925108432769775391e-01
1.991292983293533325e-01
1.944964528083801270e-01
2.316433042287826538e-01
2.098733931779861450e-01
1.971646696329116821e-01
1.920325160026550293e-01
1.914374679327011108e-01
2.041034847497940063e-01
2.008567601442337036e-01
2.249085456132888794e-01
2.016101330518722534e-01
2.091132551431655884e-01
2.016378194093704224e-01
1.909923404455184937e-01
2.458107322454452515e-01
2.279732227325439453e-01
2.064930349588394165e-01
2.263605743646621704e-01
2.029453665018081665e-01
2.024759501218795776e-01
1.950143426656723022e-01
1.999616175889968872e-01
1.998297125101089478e-01
2.080188393592834473e-01
2.250251024961471558e-01
1.974822729825973511e-01
2.736466228961944580e-01
2.353100180625915527e-01
2.016694545745849609e-01
1.876378804445266724e-01
2.017126232385635376e-01
2.092570811510086060e-01
1.972127705812454224e-01
2.045462131500244141e-01
2.019174546003341675e-01
2.057397812604904175e-01
1.977425366640090942e-01
2.177563160657882690e-01
1.905393451452255249e-01
1.871362179517745972e-01
1.993515044450759888e-01
2.421064376831054688e-01
2.178204059600830078e-01
2.051348239183425903e-01
2.091497033834457397e-01
2.021706104278564453e-01
1.917563229799270630e-01
2.264150232076644897e-01
1.908455044031143188e-01
1.907333582639694214e-01
2.077816277742385864e-01
2.141115814447402954e-01
2.076261788606643677e-01
2.024957388639450073e-01
2.138644605875015259e-01
1.942420750856399536e-01
1.951306313276290894e-01
2.232651710510253906e-01
2.316715717315673828e-01
1.942679882049560547e-01
1.945958137512207031e-01
2.103121280670166016e-01
1.984790414571762085e-01
2.183262109756469727e-01
1.918066143989562988e-01
2.544409036636352539e-01
1.999735087156295776e-01
2.028739899396896362e-01
3.489077389240264893e-01
2.016633301973342896e-01
2.286245375871658325e-01
2.261551171541213989e-01
2.452804297208786011e-01
2.145775109529495239e-01
2.350289225578308105e-01
2.471064776182174683e-01
2.675270140171051025e-01
2.326215058565139771e-01
2.365768402814865112e-01
2.379054576158523560e-01
2.328396290540695190e-01
2.235827893018722534e-01
1.969822198152542114e-01
2.190344184637069702e-01
2.121011465787887573e-01
2.201799601316452026e-01
2.850728631019592285e-01
2.869366705417633057e-01
2.643362581729888916e-01
2.004005461931228638e-01
2.251088172197341919e-01
2.321349233388900757e-01
2.458377033472061157e-01
2.328243851661682129e-01
2.238104790449142456e-01
2.207814007997512817e-01
2.045735120773315430e-01
1.873475462198257446e-01
2.138473242521286011e-01
2.546541988849639893e-01
2.000602632761001587e-01
2.103881388902664185e-01
2.090619802474975586e-01
1.969544142484664917e-01
2.121199220418930054e-01
2.263106256723403931e-01
2.136912941932678223e-01
2.155406326055526733e-01
2.045241594314575195e-01
2.094085067510604858e-01
2.184184789657592773e-01
1.936142891645431519e-01
2.366005778312683105e-01
2.210603952407836914e-01
2.020651251077651978e-01
2.310343980789184570e-01
2.569936811923980713e-01
1.884191781282424927e-01
2.345325499773025513e-01
1.947444677352905273e-01
2.055317759513854980e-01
2.833770215511322021e-01
1.975650191307067871e-01
1.987854689359664917e-01
2.039625197649002075e-01
2.079222947359085083e-01
2.644219696521759033e-01
2.319913059473037720e-01
1.999868899583816528e-01
1.999697536230087280e-01
2.101649194955825806e-01
2.045203596353530884e-01
2.006096094846725464e-01
2.176362425088882446e-01
2.115582823753356934e-01
2.157400250434875488e-01
1.999896317720413208e-01
2.136117070913314819e-01
2.188279181718826294e-01
2.052083015441894531e-01
2.129073292016983032e-01
2.223750203847885132e-01
2.030196934938430786e-01
1.976445466279983521e-01
2.185548990964889526e-01
1.937925070524215698e-01
2.149818986654281616e-01
2.061747461557388306e-01
2.121399044990539551e-01
2.044340372085571289e-01
1.928859502077102661e-01
1.840209960937500000e-01
2.330225557088851929e-01
1.943957954645156860e-01
1.979349851608276367e-01
2.100273370742797852e-01
1.982626318931579590e-01
1.986862272024154663e-01
2.071406841278076172e-01
2.284473627805709839e-01
1.960980892181396484e-01
2.107102423906326294e-01
2.209558337926864624e-01
1.903192251920700073e-01
2.050680071115493774e-01
1.926930397748947144e-01
2.192288637161254883e-01
2.115468531847000122e-01
2.117698639631271362e-01
1.986278742551803589e-01
1.973543763160705566e-01
1.873354464769363403e-01
2.014486193656921387e-01
2.158939689397811890e-01
1.970636099576950073e-01
1.966985464096069336e-01
1.964486837387084961e-01
1.812199205160140991e-01
1.950176209211349487e-01
2.042942494153976440e-01
2.040311098098754883e-01
2.360551357269287109e-01
1.978143006563186646e-01
2.104806751012802124e-01
2.207643538713455200e-01
2.082833498716354370e-01
1.928903311491012573e-01
2.201056033372879028e-01
2.005927413702011108e-01
2.602418661117553711e-01
1.951468586921691895e-01
2.170886844396591187e-01
1.986517757177352905e-01
1.977323889732360840e-01
1.947508603334426880e-01
2.003939896821975708e-01
2.270808666944503784e-01
2.055075615644454956e-01
2.189785093069076538e-01
2.069007605314254761e-01
1.927736550569534302e-01
2.348075062036514282e-01
2.201300859451293945e-01
2.072453498840332031e-01
1.921850442886352539e-01
1.890116184949874878e-01
2.182883173227310181e-01
2.164055109024047852e-01
1.920886486768722534e-01
2.310133576393127441e-01
2.463113069534301758e-01
2.163156718015670776e-01
2.088942378759384155e-01
2.172999829053878784e-01
1.903142184019088745e-01
1.996737867593765259e-01
2.152902930974960327e-01
1.897439360618591309e-01
2.098922878503799438e-01
2.161657959222793579e-01
1.841483265161514282e-01
2.129328250885009766e-01
1.951675415039062500e-01
2.126237154006958008e-01
1.848553568124771118e-01
1.825729161500930786e-01
1.784197688102722168e-01
2.007922679185867310e-01
2.251436561346054077e-01
2.105792015790939331e-01
1.927987933158874512e-01
2.427826970815658569e-01
1.995715498924255371e-01
2.056111544370651245e-01
2.045000195503234863e-01
1.887648850679397583e-01
2.220431566238403320e-01
2.063268870115280151e-01
2.192832231521606445e-01
1.917688697576522827e-01
2.234493643045425415e-01
2.050855606794357300e-01
2.432705610990524292e-01
2.110921293497085571e-01
1.958766132593154907e-01
2.061647325754165649e-01
1.796804666519165039e-01
2.035895437002182007e-01
2.366516441106796265e-01
2.120404243469238281e-01
1.925803422927856445e-01
2.020372301340103149e-01
1.959056258201599121e-01
2.280843406915664673e-01
1.900874972343444824e-01
1.972230672836303711e-01
1.961131095886230469e-01
1.749291419982910156e-01
3.433443605899810791e-01
1.934443563222885132e-01
2.407790273427963257e-01
2.263211458921432495e-01
2.521117627620697021e-01
2.093853354454040527e-01
2.300700694322586060e-01
2.619647085666656494e-01
3.000945746898651123e-01
2.276303917169570923e-01
2.460242509841918945e-01
2.314222007989883423e-01
2.539083957672119141e-01
2.366744130849838257e-01
2.336670309305191040e-01
2.269120663404464722e-01
2.048348039388656616e-01
1.903648376464843750e-01
2.293322831392288208e-01
2.146432399749755859e-01
2.258192449808120728e-01
2.007475644350051880e-01
2.244832664728164673e-01
1.907269954681396484e-01
2.528903186321258545e-01
2.177090495824813843e-01
1.909513920545578003e-01
2.242195606231689453e-01
2.668419182300567627e-01
1.982240825891494751e-01
2.020233869552612305e-01
2.213157564401626587e-01
2.191654443740844727e-01
2.169618457555770874e-01
2.197096794843673706e-01
2.144433110952377319e-01
2.016199380159378052e-01
2.276791334152221680e-01
1.931305527687072754e-01
2.136340141296386719e-01
1.975591033697128296e-01
2.133610844612121582e-01
2.044703215360641479e-01
2.030692547559738159e-01
2.038042545318603516e-01
2.084829807281494141e-01
2.192998677492141724e-01
2.039522379636764526e-01
2.027880996465682983e-01
2.029828876256942749e-01
1.922604292631149292e-01
1.784762740135192871e-01
1.983598023653030396e-01
1.912184804677963257e-01
1.888371706008911133e-01
2.009370923042297363e-01
1.918113380670547485e-01
1.926932930946350098e-01
2.248955816030502319e-01
1.939445883035659790e-01
1.805358529090881348e-01
1.995662301778793335e-01
2.022444456815719604e-01
1.872239261865615845e-01
2.017565965652465820e-01
2.051023989915847778e-01
2.538697719573974609e-01
2.141810655593872070e-01
1.964960098266601562e-01
1.880205124616622925e-01
1.983796805143356323e-01
1.902305334806442261e-01
1.929683685302734375e-01
1.891446560621261597e-01
2.158633917570114136e-01
1.960742026567459106e-01
2.026173323392868042e-01
1.793016940355300903e-01
1.976144164800643921e-01
1.828607320785522461e-01
2.022364586591720581e-01
1.907206922769546509e-01
1.950530260801315308e-01
1.858559846878051758e-01
1.905701905488967896e-01
1.830578297376632690e-01
1.940585821866989136e-01
1.916197985410690308e-01
2.070369273424148560e-01
1.913943141698837280e-01
2.108717411756515503e-01
1.878321319818496704e-01
2.094841003417968750e-01
2.123233675956726074e-01
2.176584750413894653e-01
1.953885704278945923e-01
2.045503109693527222e-01
1.961688995361328125e-01
1.981803923845291138e-01
1.948988586664199829e-01
2.066047936677932739e-01
2.108187079429626465e-01
2.282975316047668457e-01
2.080447226762771606e-01
2.251030206680297852e-01
1.959102004766464233e-01
2.011424750089645386e-01
2.023067921400070190e-01
2.015520185232162476e-01
1.934449672698974609e-01
2.012837678194046021e-01
1.905943602323532104e-01
1.943631321191787720e-01
1.971721053123474121e-01
2.046616822481155396e-01
2.197366803884506226e-01
2.041126042604446411e-01
1.955677121877670288e-01
1.764767765998840332e-01
1.783157438039779663e-01
2.315861433744430542e-01
1.979457139968872070e-01
1.918863207101821899e-01
2.336403578519821167e-01
1.996687650680541992e-01
2.246325016021728516e-01
2.050870507955551147e-01
1.884914189577102661e-01
2.101828455924987793e-01
1.908739209175109863e-01
1.970709115266799927e-01
1.964942663908004761e-01
1.914408057928085327e-01
1.789587736129760742e-01
2.122209817171096802e-01
2.039425373077392578e-01
2.012578248977661133e-01
2.100130468606948853e-01
1.950916647911071777e-01
2.061399370431900024e-01
1.956952810287475586e-01
1.745581030845642090e-01
2.098852246999740601e-01
2.147804051637649536e-01
1.974592953920364380e-01
2.362387627363204956e-01
1.905527859926223755e-01
1.712571978569030762e-01
1.832520961761474609e-01
1.978126317262649536e-01
1.859554797410964966e-01
2.034173607826232910e-01
2.072136849164962769e-01
1.900357007980346680e-01
1.987725049257278442e-01
2.130000144243240356e-01
2.083567827939987183e-01
1.958504766225814819e-01
1.929629892110824585e-01
2.010202258825302124e-01
2.082805484533309937e-01
2.138279825448989868e-01
2.005381435155868530e-01
1.873294711112976074e-01
1.834005862474441528e-01
2.050225883722305298e-01
1.916099339723587036e-01
1.888374835252761841e-01
2.001705020666122437e-01
1.938464641571044922e-01
1.965195685625076294e-01
1.973435878753662109e-01
1.943888813257217407e-01
2.030815333127975464e-01
1.887973994016647339e-01
2.016065865755081177e-01
1.827908158302307129e-01
1.879104375839233398e-01
2.161923646926879883e-01
1.978319883346557617e-01
2.110382914543151855e-01
1.877522021532058716e-01
2.077860832214355469e-01
2.085034102201461792e-01
2.045598030090332031e-01
2.038509249687194824e-01
1.953753381967544556e-01
2.072736769914627075e-01
2.045545428991317749e-01
2.281820774078369141e-01
1.928172558546066284e-01
1.911608725786209106e-01
2.038625478744506836e-01
2.014393806457519531e-01
1.824506074190139771e-01
2.056854963302612305e-01
1.913194209337234497e-01
1.918017119169235229e-01
2.208845764398574829e-01
2.869094014167785645e-01
1.814083606004714966e-01
2.141029089689254761e-01
2.044833153486251831e-01
2.093476653099060059e-01
1.931790560483932495e-01
3.164131641387939453e-01
2.006704807281494141e-01
2.133628278970718384e-01
2.066262364387512207e-01
2.115210294723510742e-01
2.121862173080444336e-01
1.958947926759719849e-01
1.995695233345031738e-01
2.223332524299621582e-01
2.098360061645507812e-01
2.167338877916336060e-01
1.890872120857238770e-01
2.073109000921249390e-01
1.938882321119308472e-01
1.830885857343673706e-01
1.993371248245239258e-01
2.174789309501647949e-01
2.409937232732772827e-01
1.869701743125915527e-01
1.940240412950515747e-01
2.001346349716186523e-01
1.999871730804443359e-01
1.899801939725875854e-01
1.968385726213455200e-01
1.991151720285415649e-01
1.891427487134933472e-01
1.897410303354263306e-01
1.771709322929382324e-01
1.815723031759262085e-01
1.909935325384140015e-01
1.887401491403579712e-01
2.589699923992156982e-01
2.028388530015945435e-01
2.087792605161666870e-01
1.745641678571701050e-01
2.110545039176940918e-01
1.971790045499801636e-01
2.165481448173522949e-01
1.856217831373214722e-01
1.961425095796585083e-01
1.955901533365249634e-01
1.980106085538864136e-01
1.916938871145248413e-01
1.838771104812622070e-01
2.272246927022933960e-01
1.814685463905334473e-01
2.100315541028976440e-01
2.086366266012191772e-01
1.934434622526168823e-01
2.019830346107482910e-01
1.944516152143478394e-01
1.858197301626205444e-01
2.026277780532836914e-01
1.843715906143188477e-01
1.969439536333084106e-01
2.035885453224182129e-01
1.907252818346023560e-01
2.380876392126083374e-01
1.954282671213150024e-01
2.040965706110000610e-01
1.893126368522644043e-01
2.056551426649093628e-01
2.487928867340087891e-01
2.015880942344665527e-01
2.132955342531204224e-01
2.180805206298828125e-01
2.101068645715713501e-01
1.846300810575485229e-01
2.099141478538513184e-01
2.660507261753082275e-01
1.781440824270248413e-01
1.848302334547042847e-01
1.887824535369873047e-01
2.043904811143875122e-01
1.799364537000656128e-01
2.774422168731689453e-01
2.140226513147354126e-01
1.860856860876083374e-01
2.229038923978805542e-01
2.319907695055007935e-01
2.217482924461364746e-01
3.256766498088836670e-01
2.595388889312744141e-01
2.340590506792068481e-01
2.180389165878295898e-01
2.071591019630432129e-01
1.997690200805664062e-01
2.396557778120040894e-01
2.575691044330596924e-01
2.183969020843505859e-01
2.100196927785873413e-01
2.041403502225875854e-01
2.480544596910476685e-01
2.453304082155227661e-01
2.263526469469070435e-01
2.084315866231918335e-01
2.021165341138839722e-01
2.256975024938583374e-01
2.188272476196289062e-01
2.074564695358276367e-01
2.248920798301696777e-01
2.514368593692779541e-01
2.138909697532653809e-01
2.214245796203613281e-01
2.198067903518676758e-01
2.225396186113357544e-01
2.150915414094924927e-01
2.315921783447265625e-01
2.284663915634155273e-01
2.156820297241210938e-01
1.834496110677719116e-01
2.030927687883377075e-01
2.279744297266006470e-01
1.993311047554016113e-01
2.087268084287643433e-01
2.131029218435287476e-01
2.070519775152206421e-01
2.181307673454284668e-01
2.133868485689163208e-01
2.055441290140151978e-01
1.942541748285293579e-01
2.259108573198318481e-01
1.847376823425292969e-01
2.197428196668624878e-01
1.981045752763748169e-01
2.434302568435668945e-01
2.018448263406753540e-01
1.829683780670166016e-01
1.997472494840621948e-01
2.060044258832931519e-01
2.056897729635238647e-01
1.922695189714431763e-01
1.870578527450561523e-01
2.064543813467025757e-01
2.043117284774780273e-01
1.928235292434692383e-01
1.974737644195556641e-01
2.017912268638610840e-01
1.988089531660079956e-01
2.042728215456008911e-01
2.025823146104812622e-01
2.002189904451370239e-01
1.931054592132568359e-01
2.187236696481704712e-01
2.096826583147048950e-01
1.894702464342117310e-01
1.910646706819534302e-01
1.908595114946365356e-01
2.125362008810043335e-01
1.917005032300949097e-01
1.807703524827957153e-01
1.970975250005722046e-01
2.082024216651916504e-01
2.037907391786575317e-01
1.951417773962020874e-01
2.386745065450668335e-01
1.897545605897903442e-01
1.997946053743362427e-01
2.983387410640716553e-01
1.997783631086349487e-01
2.063684314489364624e-01
2.048634886741638184e-01
2.644962668418884277e-01
2.257408499717712402e-01
2.094243913888931274e-01
1.902529597282409668e-01
2.072612792253494263e-01
1.943381875753402710e-01
2.240210771560668945e-01
2.088018655776977539e-01
1.987344026565551758e-01
1.912480592727661133e-01
2.187788635492324829e-01
2.058232277631759644e-01
2.013037055730819702e-01
2.022561877965927124e-01
1.940599530935287476e-01
2.158985286951065063e-01
1.925563216209411621e-01
2.042233943939208984e-01
1.936095207929611206e-01
2.021425813436508179e-01
1.896127611398696899e-01
1.981557160615921021e-01
1.944242715835571289e-01
2.010709196329116821e-01
1.916035413742065430e-01
1.886001080274581909e-01
1.860787123441696167e-01
1.911326199769973755e-01
1.850286275148391724e-01
2.194982022047042847e-01
2.115191668272018433e-01
2.199582010507583618e-01
2.025729864835739136e-01
1.992896795272827148e-01
2.015448659658432007e-01
2.018351554870605469e-01
2.073879241943359375e-01
1.935210973024368286e-01
1.988400965929031372e-01
1.865109205245971680e-01
1.944092959165573120e-01
1.946675926446914673e-01
1.809768825769424438e-01
1.953511089086532593e-01
2.152124196290969849e-01
1.912912130355834961e-01
2.039154171943664551e-01
2.040261477231979370e-01
2.015490680932998657e-01
1.932889670133590698e-01
2.646883428096771240e-01
1.972271353006362915e-01
2.027590274810791016e-01
1.988006234169006348e-01
2.227544933557510376e-01
2.108248621225357056e-01
1.861244440078735352e-01
1.838277578353881836e-01
1.990494877099990845e-01
2.069983929395675659e-01
1.868942975997924805e-01
2.173108607530593872e-01
2.261307835578918457e-01
1.988348364830017090e-01
1.925731152296066284e-01
1.997388154268264771e-01
1.905874758958816528e-01
3.317545950412750244e-01
2.004185318946838379e-01
2.142698317766189575e-01
2.149335592985153198e-01
2.157517671585083008e-01
2.246474027633666992e-01
2.047458291053771973e-01
2.082418352365493774e-01
2.161409854888916016e-01
1.973533183336257935e-01
2.227815240621566772e-01
2.065431326627731323e-01
2.134169191122055054e-01
1.935089975595474243e-01
2.116174101829528809e-01
1.835816949605941772e-01
1.950346827507019043e-01
2.125579267740249634e-01
2.082750946283340454e-01
2.527878582477569580e-01
1.969424486160278320e-01
2.020863741636276245e-01
2.027596682310104370e-01
2.140263766050338745e-01
2.640901207923889160e-01
1.951782852411270142e-01
1.849546432495117188e-01
2.130339741706848145e-01
2.267252206802368164e-01
1.924527287483215332e-01
2.299905419349670410e-01
1.896565705537796021e-01
2.129849344491958618e-01
1.974884420633316040e-01
2.149814963340759277e-01
2.194931060075759888e-01
2.015969008207321167e-01
2.136882990598678589e-01
1.823787689208984375e-01
1.926338672637939453e-01
1.801193803548812866e-01
1.877087354660034180e-01
1.765522509813308716e-01
1.962415128946304321e-01
2.014506012201309204e-01
2.074018120765686035e-01
2.059101313352584839e-01
1.892555952072143555e-01
1.972482055425643921e-01
1.957679539918899536e-01
2.068497389554977417e-01
1.877674013376235962e-01
2.121473401784896851e-01
2.136685699224472046e-01
1.898955851793289185e-01
2.037767618894577026e-01
1.999831199645996094e-01
1.912021487951278687e-01
1.924051046371459961e-01
1.904879063367843628e-01
1.840862184762954712e-01
1.865197569131851196e-01
2.022835761308670044e-01
1.723384857177734375e-01
1.877865344285964966e-01
1.921778917312622070e-01
1.973039954900741577e-01
2.048112154006958008e-01
1.795649975538253784e-01
1.833258271217346191e-01
1.985602527856826782e-01
1.898460537195205688e-01
1.957468390464782715e-01
1.866670101881027222e-01
1.906635612249374390e-01
1.886870414018630981e-01
1.903429776430130005e-01
2.111542224884033203e-01
2.109463363885879517e-01
2.023805230855941772e-01
1.884233802556991577e-01
1.882983446121215820e-01
2.017637491226196289e-01
2.003120332956314087e-01
2.122864127159118652e-01
2.104409784078598022e-01
2.309527248144149780e-01
1.860719174146652222e-01
2.096273899078369141e-01
1.999675482511520386e-01
1.942689865827560425e-01
1.989766508340835571e-01
2.132235318422317505e-01
1.930424124002456665e-01
1.942888498306274414e-01
1.826579719781875610e-01
1.897410303354263306e-01
1.909430772066116333e-01
1.751809269189834595e-01
1.992308348417282104e-01
1.878864914178848267e-01
1.773761957883834839e-01
2.088261395692825317e-01
2.061198204755783081e-01
1.877806782722473145e-01
1.908081322908401489e-01
1.952928751707077026e-01
1.935682147741317749e-01
1.933424472808837891e-01
1.865443736314773560e-01
2.238021939992904663e-01
1.802642196416854858e-01
1.964010149240493774e-01
1.988427042961120605e-01
2.070124000310897827e-01
2.138901501893997192e-01
2.240419834852218628e-01
1.883915662765502930e-01
2.010667771100997925e-01
2.098159790039062500e-01
2.169643044471740723e-01
1.723332852125167847e-01
1.945436000823974609e-01
2.078174501657485962e-01
1.867627501487731934e-01
1.829835176467895508e-01
2.015777379274368286e-01
1.851075291633605957e-01
1.861684471368789673e-01
1.763907521963119507e-01
1.871332377195358276e-01
1.781478673219680786e-01
1.890354752540588379e-01
1.853765398263931274e-01
2.033348679542541504e-01
1.987467259168624878e-01
2.125205844640731812e-01
1.805038005113601685e-01
1.998180150985717773e-01
1.826752573251724243e-01
1.909361332654953003e-01
1.813244968652725220e-01
1.867807507514953613e-01
1.929035037755966187e-01
1.776525974273681641e-01
1.726585179567337036e-01
1.717257648706436157e-01
2.667317688465118408e-01
1.925595998764038086e-01
2.043725699186325073e-01
2.008221894502639771e-01
1.870985180139541626e-01
1.859133392572402954e-01
1.945952326059341431e-01
1.963424682617187500e-01
1.924619227647781372e-01
1.972001343965530396e-01
2.015091627836227417e-01
1.866006106138229370e-01
1.971780508756637573e-01
1.982600241899490356e-01
1.862143427133560181e-01
1.828027367591857910e-01
1.949659138917922974e-01
1.931232064962387085e-01
2.242368012666702271e-01
1.885237246751785278e-01
1.955869644880294800e-01
1.913144588470458984e-01
1.931203752756118774e-01
1.960624456405639648e-01
1.976243406534194946e-01
1.832740902900695801e-01
1.798021644353866577e-01
1.847939938306808472e-01
1.962369233369827271e-01
2.557004690170288086e-01
2.262950539588928223e-01
2.021328806877136230e-01
1.998601406812667847e-01
1.828864663839340210e-01
2.101059705018997192e-01
1.952152848243713379e-01
1.987109780311584473e-01
1.939497143030166626e-01
1.799636334180831909e-01
1.850004941225051880e-01
1.859275549650192261e-01
1.946231722831726074e-01
2.047062516212463379e-01
1.850837320089340210e-01
1.792153120040893555e-01
1.819227486848831177e-01
2.028417587280273438e-01
1.890559941530227661e-01
1.886780709028244019e-01
1.847617626190185547e-01
1.916470974683761597e-01
1.922175884246826172e-01
1.958776712417602539e-01
1.910350471735000610e-01
3.518202006816864014e-01
1.802528500556945801e-01
2.010958641767501831e-01
2.186394333839416504e-01
2.154497653245925903e-01
2.290578037500381470e-01
2.557692229747772217e-01
2.077352255582809448e-01
2.212108224630355835e-01
2.029177695512771606e-01
2.102801054716110229e-01
2.444275617599487305e-01
2.213668823242187500e-01
2.155360430479049683e-01
2.375511676073074341e-01
2.169601321220397949e-01
2.007833719253540039e-01
2.043365240097045898e-01
2.104504853487014771e-01
2.536280155181884766e-01
2.522875964641571045e-01
1.785718202590942383e-01
1.708137840032577515e-01
2.042310237884521484e-01
2.203421145677566528e-01
2.088476419448852539e-01
2.168349772691726685e-01
1.985919028520584106e-01
1.953518539667129517e-01
1.876684427261352539e-01
2.090332061052322388e-01
1.978309601545333862e-01
1.929954290390014648e-01
1.926197856664657593e-01
1.972437351942062378e-01
1.764181405305862427e-01
2.049589604139328003e-01
2.712424099445343018e-01
1.870990395545959473e-01
1.854365617036819458e-01
2.217321842908859253e-01
1.904089897871017456e-01
1.977628022432327271e-01
1.923648566007614136e-01
1.945055276155471802e-01
1.960109919309616089e-01
2.033024430274963379e-01
2.204888463020324707e-01
2.364611029624938965e-01
2.047761082649230957e-01
1.996980309486389160e-01
2.225593775510787964e-01
1.923217922449111938e-01
1.895180344581604004e-01
1.784937381744384766e-01
1.883857101202011108e-01
2.148278206586837769e-01
2.142869234085083008e-01
2.315092682838439941e-01
1.972042918205261230e-01
1.997640281915664673e-01
2.114766389131546021e-01
1.891518384218215942e-01
1.965457648038864136e-01
1.872448474168777466e-01
3.416310548782348633e-01
1.891623735427856445e-01
1.994310021400451660e-01
2.139137238264083862e-01
2.016743868589401245e-01
1.920373439788818359e-01
2.089418619871139526e-01
2.330567091703414917e-01
2.231932133436203003e-01
2.161727547645568848e-01
2.158116251230239868e-01
2.282976657152175903e-01
2.263823300600051880e-01
2.268263846635818481e-01
2.178072929382324219e-01
2.312005311250686646e-01
1.900857836008071899e-01
2.101564407348632812e-01
2.239752411842346191e-01
2.095146626234054565e-01
2.295507639646530151e-01
2.016891986131668091e-01
1.833212822675704956e-01
2.069693803787231445e-01
2.155631631612777710e-01
2.138890475034713745e-01
2.164136022329330444e-01
2.030992358922958374e-01
1.878539174795150757e-01
2.015562504529953003e-01
2.247849702835083008e-01
1.857845783233642578e-01
1.857056170701980591e-01
2.205071598291397095e-01
1.890765279531478882e-01
1.915628314018249512e-01
1.836286932229995728e-01
1.953932791948318481e-01
1.814754009246826172e-01
1.825987845659255981e-01
1.867796927690505981e-01
1.812636405229568481e-01
1.831796616315841675e-01
1.823565363883972168e-01
2.020267993211746216e-01
2.070821523666381836e-01
2.040772438049316406e-01
1.823545098304748535e-01
2.069607526063919067e-01
2.012991756200790405e-01
2.058508545160293579e-01
2.018414884805679321e-01
1.880353689193725586e-01
1.831821203231811523e-01
1.782311797142028809e-01
2.146871536970138550e-01
1.907055377960205078e-01
2.049077749252319336e-01
2.016206234693527222e-01
1.844934672117233276e-01
1.888955086469650269e-01
1.739917993545532227e-01
1.827984601259231567e-01
3.247761428356170654e-01
1.902915239334106445e-01
2.001885920763015747e-01
2.004912644624710083e-01
1.843159198760986328e-01
1.975713521242141724e-01
2.002032995223999023e-01
2.216245085000991821e-01
2.130994647741317749e-01
2.043720930814743042e-01
1.999209374189376831e-01
2.123983353376388550e-01
2.363716363906860352e-01
1.794140189886093140e-01
1.931380778551101685e-01
1.942781060934066772e-01
1.884855479001998901e-01
1.950485855340957642e-01
2.186713367700576782e-01
1.837785691022872925e-01
2.127313762903213501e-01
1.871598958969116211e-01
1.994671225547790527e-01
1.920878887176513672e-01
2.079969495534896851e-01
1.967596858739852905e-01
1.880254000425338745e-01
1.884091943502426147e-01
1.954228878021240234e-01
2.026996463537216187e-01
1.964770704507827759e-01
1.788976341485977173e-01
1.905585080385208130e-01
1.718219965696334839e-01
1.959630697965621948e-01
1.814698725938796997e-01
1.950598955154418945e-01
2.986390590667724609e-01
1.896871924400329590e-01
1.973709315061569214e-01
1.832812577486038208e-01
1.883637905120849609e-01
1.659585982561111450e-01
1.902139782905578613e-01
2.034378647804260254e-01
1.970994472503662109e-01
1.824759393930435181e-01
2.090596705675125122e-01
1.975524574518203735e-01
1.928896903991699219e-01
2.038993835449218750e-01
2.357113212347030640e-01
1.873285025358200073e-01
1.826030462980270386e-01
1.985649615526199341e-01
1.836233288049697876e-01
1.803599148988723755e-01
1.794893890619277954e-01
1.712429523468017578e-01
1.937661170959472656e-01
1.829437017440795898e-01
2.814345955848693848e-01
1.990817338228225708e-01
1.831067353487014771e-01
1.799548268318176270e-01
1.737883687019348145e-01
1.808285564184188843e-01
1.945851296186447144e-01
1.933288723230361938e-01
2.373082637786865234e-01
2.059222012758255005e-01
1.808603405952453613e-01
2.105376720428466797e-01
1.871186345815658569e-01
2.183156758546829224e-01
1.959731131792068481e-01
1.962151676416397095e-01
1.955184191465377808e-01
2.032041549682617188e-01
2.056116312742233276e-01
2.022009640932083130e-01
1.766875833272933960e-01
1.840114146471023560e-01
2.121606320142745972e-01
1.940656304359436035e-01
2.439982891082763672e-01
1.874634176492691040e-01
2.334784269332885742e-01
1.873939782381057739e-01
1.716183573007583618e-01
1.991982609033584595e-01
1.948130577802658081e-01
1.912838667631149292e-01
1.877964586019515991e-01
2.086465805768966675e-01
1.774475723505020142e-01
1.968492716550827026e-01
2.312617748975753784e-01
1.861861348152160645e-01
1.880205422639846802e-01
1.975605487823486328e-01
1.857724189758300781e-01
1.929570436477661133e-01
1.809430271387100220e-01
1.747521162033081055e-01
1.922011822462081909e-01
1.889507770538330078e-01
1.922311931848526001e-01
1.912369579076766968e-01
2.020547837018966675e-01
1.834741830825805664e-01
1.855997294187545776e-01
1.851864457130432129e-01
2.042618244886398315e-01
1.680251508951187134e-01
1.841821521520614624e-01
1.867046803236007690e-01
1.788119822740554810e-01
1.885875314474105835e-01
1.843380928039550781e-01
1.850637644529342651e-01
1.991131901741027832e-01
2.183443307876586914e-01
1.921419650316238403e-01
1.880601793527603149e-01
1.819509863853454590e-01
2.035360783338546753e-01
1.821689754724502563e-01
1.826625019311904907e-01
1.982289105653762817e-01
1.777728796005249023e-01
1.907933950424194336e-01
1.711107939481735229e-01
1.988974213600158691e-01
1.944297701120376587e-01
2.000612616539001465e-01
1.743563562631607056e-01
2.117562741041183472e-01
1.785327941179275513e-01
2.021245360374450684e-01
1.711586564779281616e-01
1.850355416536331177e-01
2.223597317934036255e-01
1.970345377922058105e-01
2.470317631959915161e-01
1.862264126539230347e-01
1.859900355339050293e-01
2.018666863441467285e-01
2.240170389413833618e-01
1.919088214635848999e-01
2.185228466987609863e-01
1.933060437440872192e-01
1.766758710145950317e-01
1.865668445825576782e-01
1.716890484094619751e-01
1.759768873453140259e-01
2.331443578004837036e-01
1.817521303892135620e-01
1.950191259384155273e-01
1.999583095312118530e-01
1.740682125091552734e-01
1.752898097038269043e-01
1.998099833726882935e-01
1.726924329996109009e-01
2.027282565832138062e-01
2.006460875272750854e-01
1.848713904619216919e-01
1.818829923868179321e-01
1.801172941923141479e-01
1.783156841993331909e-01
1.888508349657058716e-01
1.717800647020339966e-01
2.069144248962402344e-01
2.191801220178604126e-01
1.957483291625976562e-01
1.950007230043411255e-01
1.896582394838333130e-01
1.697051376104354858e-01
1.957699656486511230e-01
1.816643029451370239e-01
1.789606809616088867e-01
1.863662600517272949e-01
1.786250621080398560e-01
1.697276383638381958e-01
2.011877298355102539e-01
1.973074078559875488e-01
1.877573877573013306e-01
2.176589220762252808e-01
1.854482442140579224e-01
3.564786911010742188e-01
2.174320220947265625e-01
1.995228976011276245e-01
2.145956605672836304e-01
1.869889050722122192e-01
1.887471675872802734e-01
2.379580736160278320e-01
2.439562827348709106e-01
2.646363675594329834e-01
2.002199888229370117e-01
2.008508443832397461e-01
2.266728729009628296e-01
1.936203986406326294e-01
1.910653114318847656e-01
1.989423632621765137e-01
2.011415213346481323e-01
1.822498291730880737e-01
2.410824447870254517e-01
2.857223451137542725e-01
2.983970344066619873e-01
1.940979957580566406e-01
2.015448659658432007e-01
2.376304715871810913e-01
2.236146181821823120e-01
2.128265053033828735e-01
2.497699856758117676e-01
2.213369756937026978e-01
2.426864057779312134e-01
2.065941691398620605e-01
1.892137378454208374e-01
2.023637741804122925e-01
1.932384967803955078e-01
1.960917711257934570e-01
2.029391974210739136e-01
2.138494998216629028e-01
1.776419281959533691e-01
2.160523980855941772e-01
2.006425112485885620e-01
1.987860202789306641e-01
1.973773837089538574e-01
2.467651814222335815e-01
1.914947032928466797e-01
1.919588893651962280e-01
2.103991061449050903e-01
2.193388938903808594e-01
1.884176582098007202e-01
1.882875710725784302e-01
2.493858933448791504e-01
1.817285418510437012e-01
2.189605385065078735e-01
1.978005170822143555e-01
1.822600960731506348e-01
1.871154308319091797e-01
1.826056092977523804e-01
1.915210932493209839e-01
1.794013231992721558e-01
1.934574991464614868e-01
2.171120196580886841e-01
2.238222360610961914e-01
1.859195381402969360e-01
1.924816370010375977e-01
1.753442436456680298e-01
1.964401006698608398e-01
1.907011121511459351e-01
1.866867989301681519e-01
1.875333040952682495e-01
1.791170835494995117e-01
1.845959872007369995e-01
1.946840137243270874e-01
1.927782446146011353e-01
2.007869631052017212e-01
2.012554258108139038e-01
1.819578856229782104e-01
1.839103698730468750e-01
1.789612770080566406e-01
2.009445875883102417e-01
1.744705587625503540e-01
1.709564179182052612e-01
1.857675313949584961e-01
2.100455611944198608e-01
1.905699819326400757e-01
2.240440845489501953e-01
1.898418217897415161e-01
1.810147017240524292e-01
1.930126994848251343e-01
1.824625730514526367e-01
1.897976845502853394e-01
2.153116315603256226e-01
1.899278759956359863e-01
1.835140436887741089e-01
1.796577721834182739e-01
2.173536419868469238e-01
1.939702033996582031e-01
1.754983067512512207e-01
1.855237036943435669e-01
2.009406238794326782e-01
1.663353592157363892e-01
1.913965344429016113e-01
1.830641776323318481e-01
1.938646286725997925e-01
1.784593909978866577e-01
1.899332553148269653e-01
1.877853274345397949e-01
2.037174701690673828e-01
1.775533556938171387e-01
1.733415126800537109e-01
1.867761164903640747e-01
1.804297417402267456e-01
1.755871623754501343e-01
1.929264068603515625e-01
1.949885934591293335e-01
2.047281414270401001e-01
1.785940378904342651e-01
1.861829012632369995e-01
1.818316429853439331e-01
1.702582091093063354e-01
1.772914081811904907e-01
1.811595708131790161e-01
1.813288182020187378e-01
1.891199797391891479e-01
1.843418031930923462e-01
1.798421144485473633e-01
1.887563318014144897e-01
1.821165531873703003e-01
1.674843430519104004e-01
1.673342734575271606e-01
2.115089297294616699e-01
1.866802722215652466e-01
1.803532838821411133e-01
1.789914518594741821e-01
1.691349148750305176e-01
1.868749707937240601e-01
1.941836029291152954e-01
1.733764410018920898e-01
1.936735659837722778e-01
1.755149364471435547e-01
1.797169595956802368e-01
1.772169917821884155e-01
1.806341856718063354e-01
1.894529610872268677e-01
1.711169481277465820e-01
1.869503855705261230e-01
2.063570618629455566e-01
1.829238981008529663e-01
1.790490299463272095e-01
1.833611279726028442e-01
1.821897178888320923e-01
1.829293966293334961e-01
1.903886944055557251e-01
1.838252991437911987e-01
1.783617287874221802e-01
1.884849071502685547e-01
1.840346604585647583e-01
1.711968630552291870e-01
1.797850131988525391e-01
1.866922378540039062e-01
1.911861747503280640e-01
1.921115368604660034e-01
1.645928770303726196e-01
1.762254387140274048e-01
1.685571223497390747e-01
2.090646028518676758e-01
1.898414343595504761e-01
1.707468628883361816e-01
1.634722799062728882e-01
1.774857789278030396e-01
3.502995073795318604e-01
1.826802045106887817e-01
2.174219340085983276e-01
2.185879349708557129e-01
2.037632316350936890e-01
2.023946046829223633e-01
2.312608510255813599e-01
2.098215669393539429e-01
2.361196130514144897e-01
2.086668163537979126e-01
2.112933844327926636e-01
2.247583419084548950e-01
2.395903915166854858e-01
2.143783122301101685e-01
1.936844736337661743e-01
1.922145336866378784e-01
2.172543406486511230e-01
2.191958576440811157e-01
2.185230404138565063e-01
1.781665533781051636e-01
1.933634132146835327e-01
1.814285665750503540e-01
1.861081123352050781e-01
1.940552741289138794e-01
2.027957290410995483e-01
1.725544333457946777e-01
1.900971978902816772e-01
2.024612575769424438e-01
2.003034800291061401e-01
2.575123012065887451e-01
1.857554465532302856e-01
1.805211752653121948e-01
1.899823695421218872e-01
1.959266811609268188e-01
1.965150088071823120e-01
2.038112878799438477e-01
1.852491050958633423e-01
2.084403783082962036e-01
1.871496438980102539e-01
2.014337778091430664e-01
2.243342399597167969e-01
1.973294764757156372e-01
1.696495413780212402e-01
1.898542791604995728e-01
1.780616790056228638e-01
1.911480873823165894e-01
1.975680142641067505e-01
1.838302463293075562e-01
1.739208251237869263e-01
1.917067021131515503e-01
1.877707690000534058e-01
1.984846591949462891e-01
1.660780459642410278e-01
1.801279336214065552e-01
1.837856769561767578e-01
1.790968626737594604e-01
1.692505329847335815e-01
1.766359061002731323e-01
1.930870562791824341e-01
1.987475156784057617e-01
2.023873329162597656e-01
1.780634373426437378e-01
1.925439834594726562e-01
1.840206831693649292e-01
1.792775541543960571e-01
1.725518256425857544e-01
1.928244680166244507e-01
1.874135583639144897e-01
1.892008334398269653e-01
1.883069872856140137e-01
2.099570780992507935e-01
1.907996982336044312e-01
1.862520724534988403e-01
1.984410732984542847e-01
1.864616423845291138e-01
2.061238735914230347e-01
1.811448931694030762e-01
1.963244229555130005e-01
1.795248985290527344e-01
1.961017251014709473e-01
1.817487478256225586e-01
1.902282088994979858e-01
1.802342385053634644e-01
1.955956965684890747e-01
1.729304045438766479e-01
1.927655488252639771e-01
1.953309625387191772e-01
1.885489970445632935e-01
1.777937412261962891e-01
1.758600473403930664e-01
1.813777685165405273e-01
1.821678131818771362e-01
1.980292648077011108e-01
1.920423507690429688e-01
1.853363960981369019e-01
1.671443432569503784e-01
1.878232210874557495e-01
1.876263022422790527e-01
1.953383535146713257e-01
1.785570532083511353e-01
1.867892742156982422e-01
1.884185224771499634e-01
1.729031205177307129e-01
1.834228634834289551e-01
1.649706512689590454e-01
1.689118295907974243e-01
1.621902734041213989e-01
1.791680455207824707e-01
1.694186925888061523e-01
2.083014696836471558e-01
1.755902022123336792e-01
1.573927253484725952e-01
2.100496292114257812e-01
1.901969462633132935e-01
2.016620784997940063e-01
2.214961796998977661e-01
2.033843547105789185e-01
1.810720115900039673e-01
1.707162261009216309e-01
1.850043982267379761e-01
1.900051683187484741e-01
1.767344027757644653e-01
1.747404187917709351e-01
1.756575107574462891e-01
1.833292990922927856e-01
2.054839581251144409e-01
1.833612918853759766e-01
1.963114887475967407e-01
1.772728711366653442e-01
1.836420148611068726e-01
1.743081063032150269e-01
1.853849142789840698e-01
1.907242089509963989e-01
1.738171130418777466e-01
2.009411901235580444e-01
1.769194602966308594e-01
2.048837989568710327e-01
1.638402789831161499e-01
1.842665076255798340e-01
1.672087907791137695e-01
1.657154709100723267e-01
1.747652441263198853e-01
1.743638962507247925e-01
2.014909535646438599e-01
2.142421454191207886e-01
1.923345476388931274e-01
1.761062294244766235e-01
1.846003979444503784e-01
1.998236924409866333e-01
1.744125336408615112e-01
1.878121048212051392e-01
1.760568022727966309e-01
1.750928312540054321e-01
2.138003259897232056e-01
1.918626874685287476e-01
1.752286404371261597e-01
1.882999092340469360e-01
1.966124027967453003e-01
2.378899008035659790e-01
1.756237745285034180e-01
1.769079566001892090e-01
1.814467161893844604e-01
1.797114163637161255e-01
1.796900629997253418e-01
1.823121160268783569e-01
1.983775645494461060e-01
1.973869055509567261e-01
1.798015832901000977e-01
1.751825362443923950e-01
1.896803379058837891e-01
1.806286573410034180e-01
1.938872337341308594e-01
1.783308237791061401e-01
1.728969663381576538e-01
1.814943403005599976e-01
1.750490069389343262e-01
1.752251982688903809e-01
1.863451153039932251e-01
1.872858256101608276e-01
1.836187094449996948e-01
1.670890301465988159e-01
1.655791848897933960e-01
1.732865422964096069e-01
1.592180281877517700e-01
1.840617656707763672e-01
1.696466952562332153e-01
1.925002336502075195e-01
1.741646975278854370e-01
1.763665825128555298e-01
1.701548695564270020e-01
1.728789955377578735e-01
1.813376396894454956e-01
1.723719090223312378e-01
1.739290952682495117e-01
1.750263422727584839e-01
3.972919881343841553e-01
1.859765201807022095e-01
1.904412358999252319e-01
2.284750193357467651e-01
2.379907965660095215e-01
2.239589691162109375e-01
3.069995343685150146e-01
2.916008532047271729e-01
2.124017924070358276e-01
2.410867065191268921e-01
2.580351531505584717e-01
2.451825141906738281e-01
2.678546309471130371e-01
2.632288634777069092e-01
2.295294851064682007e-01
2.042656987905502319e-01
2.257303446531295776e-01
2.229100912809371948e-01
2.579357326030731201e-01
2.254289388656616211e-01
2.259275913238525391e-01
2.328408360481262207e-01
1.986773759126663208e-01
2.115042805671691895e-01
2.247602194547653198e-01
2.011522203683853149e-01
1.986299306154251099e-01
2.030029296875000000e-01
1.892503499984741211e-01
1.879183799028396606e-01
1.867044419050216675e-01
2.296329140663146973e-01
2.114147692918777466e-01
2.577157318592071533e-01
1.871102601289749146e-01
1.936565190553665161e-01
1.993189305067062378e-01
1.875789910554885864e-01
1.911900192499160767e-01
1.830949783325195312e-01
2.052105665206909180e-01
2.033473104238510132e-01
1.769801825284957886e-01
1.886200904846191406e-01
1.864859014749526978e-01
1.920754164457321167e-01
1.887320280075073242e-01
1.776487827301025391e-01
1.882982403039932251e-01
2.039167732000350952e-01
1.873356103897094727e-01
1.675300747156143188e-01
1.950079649686813354e-01
2.072360515594482422e-01
2.125841975212097168e-01
1.811725348234176636e-01
1.836394816637039185e-01
1.891344189643859863e-01
2.009906768798828125e-01
1.736028939485549927e-01
1.812318414449691772e-01
1.757926940917968750e-01
1.991598606109619141e-01
1.796675771474838257e-01
1.718974560499191284e-01
1.769958585500717163e-01
1.969661563634872437e-01
1.683948189020156860e-01
1.797520369291305542e-01
1.752009838819503784e-01
1.959825009107589722e-01
1.833423376083374023e-01
1.731889396905899048e-01
2.217218726873397827e-01
1.678033471107482910e-01
1.800221949815750122e-01
1.745540499687194824e-01
2.157147675752639771e-01
1.944065093994140625e-01
1.912840604782104492e-01
1.895697563886642456e-01
1.912003755569458008e-01
1.887882947921752930e-01
2.053691744804382324e-01
1.767910718917846680e-01
1.773993968963623047e-01
1.936243176460266113e-01
1.777815818786621094e-01
1.630444526672363281e-01
1.788749694824218750e-01
1.810452342033386230e-01
1.958735734224319458e-01
1.898882836103439331e-01
2.305510491132736206e-01
1.664546281099319458e-01
1.720619946718215942e-01
1.727414578199386597e-01
1.785593479871749878e-01
1.797185689210891724e-01
2.084069103002548218e-01
1.802676171064376831e-01
1.843268871307373047e-01
1.733195036649703979e-01
1.827962398529052734e-01
1.813837736845016479e-01
1.945057511329650879e-01
1.714252233505249023e-01
1.837309002876281738e-01
1.764456480741500854e-01
1.672242283821105957e-01
1.760558038949966431e-01
1.614130586385726929e-01
1.980007141828536987e-01
2.292110472917556763e-01
1.758874207735061646e-01
1.825163513422012329e-01
1.786080598831176758e-01
1.844307184219360352e-01
1.777747124433517456e-01
1.899773329496383667e-01
1.933486908674240112e-01
2.036219686269760132e-01
2.074620127677917480e-01
1.839537620544433594e-01
1.781055182218551636e-01
1.858359724283218384e-01
1.820211857557296753e-01
2.020971626043319702e-01
1.905878037214279175e-01
1.883104294538497925e-01
1.815143823623657227e-01
1.852603405714035034e-01
1.844584941864013672e-01
1.984617710113525391e-01
1.829227656126022339e-01
1.906834840774536133e-01
1.771344542503356934e-01
1.887018680572509766e-01
2.004036307334899902e-01
1.830463856458663940e-01
1.871572285890579224e-01
1.817407608032226562e-01
1.735371500253677368e-01
1.683707684278488159e-01
1.840153336524963379e-01
1.880603432655334473e-01
1.949279159307479858e-01
1.990636438131332397e-01
1.874778419733047485e-01
2.106088250875473022e-01
2.005904167890548706e-01
1.842450499534606934e-01
1.773761063814163208e-01
1.761656999588012695e-01
2.089636772871017456e-01
1.653275936841964722e-01
1.787075847387313843e-01
1.861766576766967773e-01
2.060431092977523804e-01
1.810107976198196411e-01
1.642484813928604126e-01
1.909920424222946167e-01
1.899892836809158325e-01
1.788266152143478394e-01
1.771386265754699707e-01
1.767227500677108765e-01
1.793829649686813354e-01
1.893798708915710449e-01
1.827976703643798828e-01
1.940084099769592285e-01
1.828529238700866699e-01
1.824857145547866821e-01
1.756054311990737915e-01
1.883663684129714966e-01
1.821841448545455933e-01
2.063753455877304077e-01
1.873123645782470703e-01
1.925346404314041138e-01
1.729290038347244263e-01
1.655890345573425293e-01
1.705025434494018555e-01
1.806138902902603149e-01
1.763050705194473267e-01
1.796468347311019897e-01
1.871467381715774536e-01
1.796892136335372925e-01
1.816572695970535278e-01
1.692297011613845825e-01
1.781919449567794800e-01
2.013845294713973999e-01
2.070945501327514648e-01
1.850452274084091187e-01
2.206894308328628540e-01
2.183449417352676392e-01
1.882566064596176147e-01
1.847399473190307617e-01
1.697472333908081055e-01
1.655877530574798584e-01
1.826856732368469238e-01
1.777583509683609009e-01
1.630393117666244507e-01
1.648466885089874268e-01
1.878789216279983521e-01
1.713522821664810181e-01
1.730968505144119263e-01
1.856596618890762329e-01
1.809401512145996094e-01
1.740722060203552246e-01
1.807588785886764526e-01
1.763391345739364624e-01
1.644863933324813843e-01
1.739769130945205688e-01
1.634609848260879517e-01
1.702272742986679077e-01
2.209295034408569336e-01
1.823657900094985962e-01
2.121938019990921021e-01
1.725315004587173462e-01
1.777423173189163208e-01
1.827881336212158203e-01
1.821227818727493286e-01
1.780867576599121094e-01
1.753375530242919922e-01
1.724099069833755493e-01
1.878970116376876831e-01
1.707982271909713745e-01
1.871739029884338379e-01
1.716541796922683716e-01
1.807067841291427612e-01
1.727456301450729370e-01
2.006301283836364746e-01
1.788113266229629517e-01
1.811301708221435547e-01
1.766005009412765503e-01
1.707296818494796753e-01
1.789537072181701660e-01
1.804286837577819824e-01
1.889734119176864624e-01
1.859325617551803589e-01
1.736065745353698730e-01
2.002971172332763672e-01
1.742701530456542969e-01
1.687587499618530273e-01
1.660753041505813599e-01
1.723747253417968750e-01
1.674932837486267090e-01
1.782873719930648804e-01
1.743576675653457642e-01
1.709717959165573120e-01
1.765388995409011841e-01
1.770926862955093384e-01
1.660793870687484741e-01
1.662334501743316650e-01
1.739751696586608887e-01
2.052952051162719727e-01
1.661380976438522339e-01
1.905251145362854004e-01
1.860181540250778198e-01
1.882107257843017578e-01
2.767015397548675537e-01
2.131683081388473511e-01
1.789197474718093872e-01
2.083626240491867065e-01
1.757319718599319458e-01
1.761790364980697632e-01
1.856242567300796509e-01
2.008273750543594360e-01
1.963867694139480591e-01
1.810471415519714355e-01
1.721719652414321899e-01
1.908246129751205444e-01
1.785605400800704956e-01
1.857685446739196777e-01
1.752663254737854004e-01
1.777518391609191895e-01
1.769872903823852539e-01
1.671852320432662964e-01
1.979128271341323853e-01
1.707226485013961792e-01
1.781737804412841797e-01
1.788388043642044067e-01
1.754980236291885376e-01
1.596563607454299927e-01
1.742728799581527710e-01
1.732370853424072266e-01
1.689204573631286621e-01
1.874587982892990112e-01
1.842742711305618286e-01
2.132891416549682617e-01
1.831566840410232544e-01
1.623388975858688354e-01
1.750646233558654785e-01
1.878902316093444824e-01
1.710622310638427734e-01
1.802485734224319458e-01
1.713200211524963379e-01
1.950604468584060669e-01
2.342081069946289062e-01
1.770835667848587036e-01
1.820220947265625000e-01
2.048645615577697754e-01
1.741028279066085815e-01
3.439478874206542969e-01
2.220373600721359253e-01
2.215992212295532227e-01
1.880322545766830444e-01
2.504260241985321045e-01
2.276400178670883179e-01
2.066738158464431763e-01
2.156775593757629395e-01
1.866499781608581543e-01
2.060733288526535034e-01
2.107005119323730469e-01
2.307834029197692871e-01
1.962312012910842896e-01
1.881081610918045044e-01
1.743671149015426636e-01
1.857068985700607300e-01
2.528260648250579834e-01
1.730140894651412964e-01
2.131066322326660156e-01
1.881754994392395020e-01
1.737958639860153198e-01
1.928336024284362793e-01
2.370154261589050293e-01
1.808789223432540894e-01
2.080085724592208862e-01
2.026137858629226685e-01
1.742605119943618774e-01
1.717485189437866211e-01
1.868964284658432007e-01
1.692961901426315308e-01
2.214288562536239624e-01
1.873476058244705200e-01
1.834828406572341919e-01
1.742233484983444214e-01
1.817334145307540894e-01
1.750026196241378784e-01
1.717396825551986694e-01
1.671097129583358765e-01
1.787789911031723022e-01
2.131195813417434692e-01
1.936330795288085938e-01
1.907060891389846802e-01
1.734446734189987183e-01
1.784486919641494751e-01
1.913032978773117065e-01
1.768675893545150757e-01
1.761923879384994507e-01
1.814889460802078247e-01
1.989740729331970215e-01
1.571632176637649536e-01
2.559970617294311523e-01
1.807002872228622437e-01
1.889122128486633301e-01
1.883825808763504028e-01
1.706193536520004272e-01
1.750729233026504517e-01
1.950266361236572266e-01
1.748498231172561646e-01
1.909157037734985352e-01
1.794107407331466675e-01
1.791715770959854126e-01
1.773753315210342407e-01
2.230641394853591919e-01
1.828324198722839355e-01
1.827280968427658081e-01
1.699553281068801880e-01
1.924821287393569946e-01
1.938265711069107056e-01
1.955946683883666992e-01
1.714175343513488770e-01
1.687190979719161987e-01
1.794223189353942871e-01
1.897430270910263062e-01
1.790152937173843384e-01
1.598612070083618164e-01
2.008946537971496582e-01
2.054629772901535034e-01
1.824170202016830444e-01
1.858938932418823242e-01
1.938876360654830933e-01
1.750489920377731323e-01
2.067325115203857422e-01
1.777647137641906738e-01
1.791648864746093750e-01
1.678900718688964844e-01
1.815703362226486206e-01
1.754830479621887207e-01
1.793245226144790649e-01
1.755224466323852539e-01
1.992570608854293823e-01
1.717836856842041016e-01
1.802703887224197388e-01
2.495895028114318848e-01
1.751333028078079224e-01
1.661485284566879272e-01
1.878448873758316040e-01
1.621542125940322876e-01
1.826584786176681519e-01
1.950828582048416138e-01
2.263239622116088867e-01
1.720394939184188843e-01
1.972987055778503418e-01
1.760039478540420532e-01
1.895369887351989746e-01
1.822795420885086060e-01
1.814359426498413086e-01
1.808749884366989136e-01
1.745713502168655396e-01
2.154677659273147583e-01
1.703833788633346558e-01
1.595301628112792969e-01
1.795101165771484375e-01
1.795103549957275391e-01
1.988268494606018066e-01
1.747947335243225098e-01
1.949010342359542847e-01
1.649334430694580078e-01
1.722127944231033325e-01
1.659328192472457886e-01
1.741666048765182495e-01
1.686486005783081055e-01
1.724655479192733765e-01
1.872286051511764526e-01
1.681454926729202271e-01
1.720546334981918335e-01
1.612501293420791626e-01
2.011847943067550659e-01
1.839291453361511230e-01
1.635704487562179565e-01
1.760009527206420898e-01
1.655471771955490112e-01
1.682147234678268433e-01
1.809721440076828003e-01
1.816223859786987305e-01
1.753956526517868042e-01
1.943990439176559448e-01
1.742159277200698853e-01
1.841146796941757202e-01
1.724671125411987305e-01
1.648265421390533447e-01
1.774292737245559692e-01
1.700181365013122559e-01
1.790323406457901001e-01
1.934341341257095337e-01
1.665053367614746094e-01
1.719409227371215820e-01
1.768468618392944336e-01
1.697589010000228882e-01
1.740482598543167114e-01
1.572335064411163330e-01
1.795233637094497681e-01
1.688827276229858398e-01
1.696885973215103149e-01
2.040024995803833008e-01
1.705458313226699829e-01
1.706948280334472656e-01
1.636282652616500854e-01
1.728976517915725708e-01
1.691749095916748047e-01
1.709668785333633423e-01
1.637740731239318848e-01
1.760650873184204102e-01
1.882526725530624390e-01
1.671207100152969360e-01
1.601853668689727783e-01
1.704287528991699219e-01
1.789966225624084473e-01
1.732830405235290527e-01
1.665896028280258179e-01
1.873358041048049927e-01
2.136341333389282227e-01
1.751816421747207642e-01
1.643688827753067017e-01
1.684132367372512817e-01
1.706814020872116089e-01
1.866916418075561523e-01
1.986451596021652222e-01
1.640667468309402466e-01
1.816648840904235840e-01
1.803191304206848145e-01
1.717984229326248169e-01
1.877573281526565552e-01
1.742177009582519531e-01
1.718708723783493042e-01
1.740466356277465820e-01
1.579810082912445068e-01
1.748733967542648315e-01
1.651149541139602661e-01
1.601882576942443848e-01
1.804674416780471802e-01
1.637835055589675903e-01
1.736137419939041138e-01
1.940912455320358276e-01
1.701077222824096680e-01
1.811966896057128906e-01
1.669175624847412109e-01
1.666716337203979492e-01
2.137398272752761841e-01
1.667020171880722046e-01
1.712476611137390137e-01
1.837646514177322388e-01
2.355237752199172974e-01
1.784052252769470215e-01
1.685658246278762817e-01
2.004209160804748535e-01
1.776518672704696655e-01
1.762659102678298950e-01
1.689849048852920532e-01
1.691903918981552124e-01
1.720878928899765015e-01
1.995107382535934448e-01
1.956100314855575562e-01
1.695715636014938354e-01
1.723282337188720703e-01
1.955675333738327026e-01
1.672764271497726440e-01
1.628228724002838135e-01
1.807168275117874146e-01
1.644990891218185425e-01
1.773632168769836426e-01
1.770770996809005737e-01
1.743828058242797852e-01
1.612985730171203613e-01
1.731395125389099121e-01
1.489530950784683228e-01
1.676275581121444702e-01
1.731579154729843140e-01
1.738688945770263672e-01
1.827872991561889648e-01
1.640247106552124023e-01
1.806343346834182739e-01
1.745047420263290405e-01
1.726439446210861206e-01
1.936453133821487427e-01
1.635319292545318604e-01
1.753576248884201050e-01
1.940988898277282715e-01
1.709178239107131958e-01
1.604973524808883667e-01
1.839722990989685059e-01
1.814990043640136719e-01
1.824725121259689331e-01
1.749051064252853394e-01
1.723238974809646606e-01
1.683286875486373901e-01
1.811228245496749878e-01
1.828850060701370239e-01
1.718613356351852417e-01
1.793055534362792969e-01
1.708562225103378296e-01
1.639088541269302368e-01
1.895559877157211304e-01
1.610105931758880615e-01
1.739467829465866089e-01
1.625230312347412109e-01
1.825653165578842163e-01
1.768707782030105591e-01
1.732693314552307129e-01
1.809961944818496704e-01
2.094115763902664185e-01
1.759385615587234497e-01
1.781931668519973755e-01
1.672334223985671997e-01
1.645990908145904541e-01
