1.593122929334640503e-01
2.169194966554641724e-01
1.224719062447547913e-01
8.115930855274200439e-02
1.157147064805030823e-01
1.374129056930541992e-01
1.191492453217506409e-01
1.823461800813674927e-01
1.455750465393066406e-01
1.525138765573501587e-01
1.117245554924011230e-01
1.264920085668563843e-01
1.125291064381599426e-01
1.059595420956611633e-01
6.858823448419570923e-02
1.642882227897644043e-01
1.344353258609771729e-01
1.849518567323684692e-01
1.225840523838996887e-01
1.289730221033096313e-01
1.073328182101249695e-01
1.110070943832397461e-01
6.785371154546737671e-02
1.658893972635269165e-01
1.517933607101440430e-01
1.222698092460632324e-01
8.512667566537857056e-02
1.414916366338729858e-01
1.482497006654739380e-01
1.131522879004478455e-01
1.322731822729110718e-01
1.158435717225074768e-01
1.214066147804260254e-01
1.352358311414718628e-01
1.285018920898437500e-01
1.246705278754234314e-01
1.125429943203926086e-01
1.888586878776550293e-01
1.384997367858886719e-01
1.273921281099319458e-01
8.551805466413497925e-02
9.763231128454208374e-02
1.024696007370948792e-01
1.595957279205322266e-01
1.197924837470054626e-01
1.812940835952758789e-01
1.643890142440795898e-01
1.283366084098815918e-01
1.410110443830490112e-01
1.017467305064201355e-01
1.193502768874168396e-01
7.389018684625625610e-02
1.263639330863952637e-01
1.422184109687805176e-01
1.388189643621444702e-01
1.290773004293441772e-01
1.151334643363952637e-01
1.685927957296371460e-01
1.083194240927696228e-01
1.355310827493667603e-01
1.632958799600601196e-01
1.478086858987808228e-01
1.547202467918395996e-01
1.731793284416198730e-01
1.805088371038436890e-01
1.364614218473434448e-01
1.429365128278732300e-01
8.732029795646667480e-02
1.225964054465293884e-01
1.982973814010620117e-01
1.146775782108306885e-01
8.114093542098999023e-02
1.108275577425956726e-01
2.531694769859313965e-01
1.639060527086257935e-01
1.265301853418350220e-01
1.022095158696174622e-01
1.131576523184776306e-01
1.646710038185119629e-01
1.215205490589141846e-01
8.135042339563369751e-02
1.108756437897682190e-01
1.064884439110755920e-01
1.025316119194030762e-01
1.330205053091049194e-01
1.195792481303215027e-01
1.170215010643005371e-01
1.113539561629295349e-01
8.387549966573715210e-02
1.654480993747711182e-01
3.276952803134918213e-01
1.433493047952651978e-01
8.797130733728408813e-02
1.370848417282104492e-01
1.184509396553039551e-01
1.016985550522804260e-01
9.673678874969482422e-02
1.559291929006576538e-01
1.074813827872276306e-01
1.824465394020080566e-01
1.098464131355285645e-01
1.662042140960693359e-01
1.018421053886413574e-01
1.508064717054367065e-01
1.206371188163757324e-01
1.162455976009368896e-01
1.505018621683120728e-01
9.198191016912460327e-02
1.319594532251358032e-01
1.515617966651916504e-01
1.085704788565635681e-01
1.139515638351440430e-01
1.696909815073013306e-01
9.647051244974136353e-02
1.540901213884353638e-01
1.059667840600013733e-01
1.370352059602737427e-01
8.470726758241653442e-02
1.121686995029449463e-01
9.708275645971298218e-02
1.092823371291160583e-01
1.398456096649169922e-01
9.956696629524230957e-02
1.050548478960990906e-01
1.445025354623794556e-01
1.185749396681785583e-01
2.165065258741378784e-01
1.520373672246932983e-01
1.338222324848175049e-01
1.444363147020339966e-01
1.317078322172164917e-01
1.471855342388153076e-01
9.456735849380493164e-02
1.584820896387100220e-01
1.820236444473266602e-01
9.542908519506454468e-02
1.473093628883361816e-01
1.310117393732070923e-01
1.084915474057197571e-01
1.321015805006027222e-01
1.067444607615470886e-01
1.929344534873962402e-01
1.562427133321762085e-01
1.301120519638061523e-01
9.015098959207534790e-02
1.320726871490478516e-01
1.334528923034667969e-01
1.805373281240463257e-01
1.394390612840652466e-01
1.906622648239135742e-01
1.575569510459899902e-01
1.593266129493713379e-01
1.821509450674057007e-01
1.234569773077964783e-01
1.154107451438903809e-01
1.500121504068374634e-01
1.087186709046363831e-01
1.402708739042282104e-01
1.154977083206176758e-01
1.818740516901016235e-01
1.307260841131210327e-01
9.676411002874374390e-02
1.667651683092117310e-01
1.758917570114135742e-01
1.991944164037704468e-01
1.118830665946006775e-01
1.430477350950241089e-01
9.135252982378005981e-02
1.437711119651794434e-01
1.845079064369201660e-01
1.349527388811111450e-01
1.534147411584854126e-01
8.610266447067260742e-02
1.747142821550369263e-01
1.871323734521865845e-01
1.173190101981163025e-01
1.410187631845474243e-01
1.309856176376342773e-01
1.356756836175918579e-01
1.955312937498092651e-01
1.415323764085769653e-01
1.388715505599975586e-01
1.162342950701713562e-01
2.605207562446594238e-01
1.451701968908309937e-01
1.534856557846069336e-01
1.406828761100769043e-01
1.139410957694053650e-01
1.552511900663375854e-01
1.131430566310882568e-01
1.324769258499145508e-01
1.050013303756713867e-01
1.357592344284057617e-01
1.205645799636840820e-01
1.438785046339035034e-01
1.486205905675888062e-01
1.106188520789146423e-01
8.487495779991149902e-02
1.414858847856521606e-01
2.504982948303222656e-01
8.895631879568099976e-02
1.274319291114807129e-01
1.718100309371948242e-01
2.915037572383880615e-01
1.574782878160476685e-01
1.069026067852973938e-01
1.356561630964279175e-01
2.566237747669219971e-01
9.863531589508056641e-02
1.440288871526718140e-01
1.320653706789016724e-01
1.632996052503585815e-01
1.459902524948120117e-01
1.187345460057258606e-01
1.219268366694450378e-01
1.079403534531593323e-01
1.237742826342582703e-01
1.593233793973922729e-01
1.792834252119064331e-01
1.159456893801689148e-01
8.095983415842056274e-02
1.369893699884414673e-01
1.462791711091995239e-01
1.165362969040870667e-01
2.322654724121093750e-01
1.706239432096481323e-01
1.263075619935989380e-01
1.039442047476768494e-01
1.498739123344421387e-01
1.156267821788787842e-01
1.551841348409652710e-01
1.214127242565155029e-01
1.476007550954818726e-01
1.900147646665573120e-01
1.159510836005210876e-01
1.532559394836425781e-01
1.067077144980430603e-01
1.195391789078712463e-01
1.446526050567626953e-01
1.311112046241760254e-01
1.444826722145080566e-01
1.100781336426734924e-01
1.418966352939605713e-01
1.397511065006256104e-01
1.696957498788833618e-01
1.145915985107421875e-01
1.858147829771041870e-01
2.464870661497116089e-01
3.658944070339202881e-01
2.134661078453063965e-01
1.648297905921936035e-01
2.048631757497787476e-01
1.475511342287063599e-01
1.305766105651855469e-01
1.692172288894653320e-01
1.603034287691116333e-01
1.428822875022888184e-01
1.264474093914031982e-01
1.180846467614173889e-01
1.356666237115859985e-01
1.676399856805801392e-01
1.149963214993476868e-01
1.886962652206420898e-01
9.601756185293197632e-02
1.387887746095657349e-01
1.291456073522567749e-01
1.423152536153793335e-01
1.387917995452880859e-01
1.085687652230262756e-01
1.195685863494873047e-01
1.638348549604415894e-01
1.325758546590805054e-01
1.395760327577590942e-01
1.612840145826339722e-01
1.730638742446899414e-01
1.339891403913497925e-01
1.138718724250793457e-01
8.407398313283920288e-02
1.387760639190673828e-01
1.277223378419876099e-01
2.049905508756637573e-01
1.500488072633743286e-01
1.444484293460845947e-01
1.634338498115539551e-01
1.821967810392379761e-01
1.555111408233642578e-01
1.096956655383110046e-01
1.080953478813171387e-01
1.135212481021881104e-01
1.311205476522445679e-01
1.328503340482711792e-01
1.250624209642410278e-01
1.543151885271072388e-01
1.298191994428634644e-01
1.091152206063270569e-01
1.299976557493209839e-01
1.017111018300056458e-01
1.185649409890174866e-01
1.789538413286209106e-01
1.523419171571731567e-01
9.094991534948348999e-02
1.397857069969177246e-01
1.324853152036666870e-01
1.161921247839927673e-01
4.441752135753631592e-01
1.558000296354293823e-01
9.161276370286941528e-02
1.718040257692337036e-01
1.304820030927658081e-01
1.334301680326461792e-01
1.229035854339599609e-01
1.317472159862518311e-01
1.709897667169570923e-01
1.997775584459304810e-01
2.046356350183486938e-01
1.449863314628601074e-01
1.084905341267585754e-01
1.007694602012634277e-01
1.585974544286727905e-01
1.503095030784606934e-01
1.258223056793212891e-01
1.271697282791137695e-01
1.421004235744476318e-01
1.361427754163742065e-01
1.242255568504333496e-01
1.061276197433471680e-01
1.525252908468246460e-01
1.364007741212844849e-01
1.174025461077690125e-01
1.653725355863571167e-01
1.481188684701919556e-01
1.463640928268432617e-01
9.456872940063476562e-02
1.300018429756164551e-01
1.282568275928497314e-01
1.159297227859497070e-01
1.176837384700775146e-01
1.435753554105758667e-01
1.265130639076232910e-01
1.179897561669349670e-01
1.134012639522552490e-01
1.292751282453536987e-01
1.643814295530319214e-01
1.187839284539222717e-01
1.951691657304763794e-01
1.362004876136779785e-01
2.074147909879684448e-01
1.358944773674011230e-01
1.394364535808563232e-01
1.382054686546325684e-01
1.434140950441360474e-01
1.559883505105972290e-01
1.151993498206138611e-01
1.735371500253677368e-01
1.035458520054817200e-01
1.597279012203216553e-01
1.067618355154991150e-01
1.566633433103561401e-01
9.736984968185424805e-02
1.557303518056869507e-01
1.531188637018203735e-01
1.357156783342361450e-01
1.443227082490921021e-01
1.352759748697280884e-01
1.350741237401962280e-01
1.387034952640533447e-01
1.110909208655357361e-01
1.160981059074401855e-01
1.287756413221359253e-01
1.481480151414871216e-01
1.109659373760223389e-01
2.331274747848510742e-01
1.590609848499298096e-01
1.232360005378723145e-01
1.291522085666656494e-01
1.750107258558273315e-01
1.168516501784324646e-01
1.153778135776519775e-01
1.211358085274696350e-01
1.258209198713302612e-01
1.547767817974090576e-01
1.288994103670120239e-01
9.013891220092773438e-02
2.186536788940429688e-01
1.285634487867355347e-01
1.362127661705017090e-01
1.287688314914703369e-01
1.351658105850219727e-01
1.379670351743698120e-01
1.402035802602767944e-01
1.377035528421401978e-01
1.285297721624374390e-01
1.776909083127975464e-01
1.353643387556076050e-01
1.473785787820816040e-01
1.256229877471923828e-01
1.706927269697189331e-01
8.950241655111312866e-02
2.121300250291824341e-01
1.442513763904571533e-01
2.847410738468170166e-01
1.735564917325973511e-01
1.630908995866775513e-01
1.459918618202209473e-01
1.132181510329246521e-01
1.432059258222579956e-01
9.871563315391540527e-02
1.024098023772239685e-01
1.744756549596786499e-01
1.002111658453941345e-01
1.285059303045272827e-01
1.178945004940032959e-01
9.421536326408386230e-02
1.954901665449142456e-01
1.459893733263015747e-01
1.255651265382766724e-01
1.075245961546897888e-01
1.165739521384239197e-01
9.490821510553359985e-02
1.055144667625427246e-01
1.470947116613388062e-01
1.775509715080261230e-01
1.387969404458999634e-01
1.424851417541503906e-01
9.453774243593215942e-02
2.438343316316604614e-01
1.008419394493103027e-01
1.825279593467712402e-01
1.111923158168792725e-01
1.232524290680885315e-01
1.639851927757263184e-01
1.529417186975479126e-01
1.800617426633834839e-01
1.222077235579490662e-01
1.548169851303100586e-01
1.522374451160430908e-01
1.075838282704353333e-01
1.116971969604492188e-01
1.198235154151916504e-01
1.484149545431137085e-01
1.438971012830734253e-01
1.123432144522666931e-01
1.356447190046310425e-01
1.300225853919982910e-01
1.199612095952033997e-01
1.150655820965766907e-01
1.958822458982467651e-01
1.078872457146644592e-01
1.045586839318275452e-01
1.121165379881858826e-01
1.461430937051773071e-01
1.536841243505477905e-01
2.813430726528167725e-01
1.445917189121246338e-01
1.191356405615806580e-01
1.166327968239784241e-01
1.333590447902679443e-01
9.431684017181396484e-02
1.149257123470306396e-01
1.773356646299362183e-01
1.731932610273361206e-01
1.551672667264938354e-01
1.309381127357482910e-01
1.286107152700424194e-01
1.244033351540565491e-01
1.176501139998435974e-01
1.160999462008476257e-01
1.712529063224792480e-01
1.124569550156593323e-01
1.277629733085632324e-01
1.446104794740676880e-01
1.572987437248229980e-01
1.231196820735931396e-01
1.503342539072036743e-01
1.243512108922004700e-01
1.517974138259887695e-01
9.726413339376449585e-02
1.110428348183631897e-01
1.038553491234779358e-01
1.559686213731765747e-01
1.562929004430770874e-01
1.732355207204818726e-01
1.253559589385986328e-01
1.499675810337066650e-01
1.005727946758270264e-01
1.242809370160102844e-01
1.484883427619934082e-01
1.549822986125946045e-01
1.055311262607574463e-01
1.485942453145980835e-01
1.561530232429504395e-01
1.399796158075332642e-01
2.002513855695724487e-01
1.670987755060195923e-01
1.113394498825073242e-01
1.034654900431632996e-01
1.441136449575424194e-01
1.229381561279296875e-01
1.468005627393722534e-01
9.478517621755599976e-02
1.541076898574829102e-01
9.098698943853378296e-02
1.316455453634262085e-01
1.871976256370544434e-01
1.469489187002182007e-01
9.073406457901000977e-02
9.000366181135177612e-02
1.365962773561477661e-01
1.342227160930633545e-01
1.446142941713333130e-01
1.294727921485900879e-01
1.213672757148742676e-01
1.195079758763313293e-01
1.198945418000221252e-01
1.114038601517677307e-01
9.997979551553726196e-02
1.151994690299034119e-01
9.858185797929763794e-02
1.018791571259498596e-01
1.638703793287277222e-01
1.129631102085113525e-01
1.827834397554397583e-01
2.059224992990493774e-01
1.616874784231185913e-01
1.268650442361831665e-01
1.648711860179901123e-01
1.068423017859458923e-01
9.931895136833190918e-02
1.183310076594352722e-01
1.250966489315032959e-01
1.355951875448226929e-01
1.579742431640625000e-01
1.373008340597152710e-01
2.183735221624374390e-01
1.322478950023651123e-01
8.783336728811264038e-02
2.649449110031127930e-01
1.088338270783424377e-01
1.705217957496643066e-01
1.563998609781265259e-01
1.443848460912704468e-01
1.180789247155189514e-01
1.760193854570388794e-01
9.499151259660720825e-02
1.201034188270568848e-01
1.107489243149757385e-01
1.273661255836486816e-01
1.214066073298454285e-01
8.577070385217666626e-02
1.571627706289291382e-01
1.144879832863807678e-01
1.663246005773544312e-01
1.167846620082855225e-01
1.174307689070701599e-01
1.414135396480560303e-01
1.518799066543579102e-01
1.151525154709815979e-01
1.385148167610168457e-01
1.384581774473190308e-01
1.659865528345108032e-01
1.657680571079254150e-01
1.669583767652511597e-01
8.115208148956298828e-02
1.510313153266906738e-01
8.812401443719863892e-02
1.266625374555587769e-01
1.951735466718673706e-01
1.602452695369720459e-01
1.020976081490516663e-01
1.458978652954101562e-01
1.513061970472335815e-01
1.330800652503967285e-01
1.271768212318420410e-01
1.099310144782066345e-01
1.696610897779464722e-01
1.291648298501968384e-01
1.204068884253501892e-01
1.243176534771919250e-01
1.277300715446472168e-01
1.226409748196601868e-01
1.160645261406898499e-01
8.757085353136062622e-02
1.454670280218124390e-01
2.495671957731246948e-01
1.079921498894691467e-01
1.046656370162963867e-01
1.481697112321853638e-01
1.250321716070175171e-01
3.635704517364501953e-01
1.953607797622680664e-01
1.260996907949447632e-01
1.163511946797370911e-01
1.245958581566810608e-01
1.571798175573348999e-01
1.285698562860488892e-01
1.716559380292892456e-01
1.175507530570030212e-01
1.188666746020317078e-01
1.493137627840042114e-01
1.930977255105972290e-01
1.312091350555419922e-01
1.996977329254150391e-01
1.522147059440612793e-01
1.585271209478378296e-01
1.552245765924453735e-01
1.545894145965576172e-01
2.398395389318466187e-01
1.198097690939903259e-01
1.516357511281967163e-01
9.284273535013198853e-02
1.311520636081695557e-01
1.667254716157913208e-01
1.531655192375183105e-01
1.151988506317138672e-01
1.336363404989242554e-01
1.406008154153823853e-01
1.352646350860595703e-01
9.842047095298767090e-02
1.442563086748123169e-01
1.405567824840545654e-01
1.062408164143562317e-01
1.213401556015014648e-01
1.230119690299034119e-01
2.036173939704895020e-01
1.308633238077163696e-01
8.149493485689163208e-02
1.557974070310592651e-01
1.270603090524673462e-01
1.310213655233383179e-01
1.426698714494705200e-01
1.222857907414436340e-01
1.681281179189682007e-01
1.215592324733734131e-01
1.576550006866455078e-01
1.606085151433944702e-01
1.234045028686523438e-01
1.179674491286277771e-01
1.296064257621765137e-01
1.351084113121032715e-01
1.269841790199279785e-01
1.357622146606445312e-01
1.333956271409988403e-01
1.499247550964355469e-01
1.550437062978744507e-01
1.773125678300857544e-01
1.935957670211791992e-01
1.111260727047920227e-01
1.739392727613449097e-01
1.080091893672943115e-01
1.506990194320678711e-01
1.362478584051132202e-01
1.285307854413986206e-01
1.319514662027359009e-01
1.477593183517456055e-01
1.099826395511627197e-01
1.194725707173347473e-01
1.141179427504539490e-01
1.800414323806762695e-01
1.315357238054275513e-01
1.575496643781661987e-01
1.318122297525405884e-01
1.367416828870773315e-01
1.077357158064842224e-01
1.554440855979919434e-01
1.817318201065063477e-01
6.382180750370025635e-02
1.306570321321487427e-01
3.304003775119781494e-01
1.219688132405281067e-01
1.493828147649765015e-01
1.492799669504165649e-01
2.565470039844512939e-01
1.818896681070327759e-01
9.192530065774917603e-02
1.223112642765045166e-01
2.332620471715927124e-01
1.970477104187011719e-01
1.155551075935363770e-01
1.273605674505233765e-01
1.024283170700073242e-01
1.691460162401199341e-01
1.190811693668365479e-01
1.163198724389076233e-01
1.615281105041503906e-01
1.069815233349800110e-01
1.048727855086326599e-01
1.325814723968505859e-01
1.462451070547103882e-01
8.544510602951049805e-02
1.412714272737503052e-01
1.131913438439369202e-01
1.208165884017944336e-01
1.378006786108016968e-01
9.476842731237411499e-02
1.339495182037353516e-01
1.264026015996932983e-01
1.075274050235748291e-01
1.737762540578842163e-01
1.252402365207672119e-01
1.714006662368774414e-01
1.338358372449874878e-01
1.090699210762977600e-01
1.388759166002273560e-01
1.392449289560317993e-01
1.248759999871253967e-01
9.973367303609848022e-02
1.129556819796562195e-01
1.212309524416923523e-01
1.107245609164237976e-01
1.364677101373672485e-01
1.294640600681304932e-01
2.126653939485549927e-01
1.026776432991027832e-01
1.610530763864517212e-01
1.351501792669296265e-01
1.172291710972785950e-01
1.365640610456466675e-01
1.447773426771163940e-01
1.301938146352767944e-01
8.065494149923324585e-02
1.304132491350173950e-01
1.520639359951019287e-01
1.116755381226539612e-01
1.274300366640090942e-01
1.537290662527084351e-01
1.360349059104919434e-01
1.112037226557731628e-01
1.225970014929771423e-01
1.311453729867935181e-01
1.171773672103881836e-01
1.067327633500099182e-01
1.138483285903930664e-01
1.003411039710044861e-01
1.446214318275451660e-01
1.545863598585128784e-01
1.462168544530868530e-01
1.694089919328689575e-01
8.607495576143264771e-02
1.472223848104476929e-01
1.851672381162643433e-01
1.348258405923843384e-01
2.101775407791137695e-01
9.203126281499862671e-02
1.113420799374580383e-01
1.312076002359390259e-01
1.983466893434524536e-01
9.555538743734359741e-02
1.489694565534591675e-01
8.077097684144973755e-02
1.395497918128967285e-01
1.194725856184959412e-01
1.585473120212554932e-01
1.373325139284133911e-01
1.747173219919204712e-01
1.740177869796752930e-01
1.339075118303298950e-01
1.414056569337844849e-01
1.665702313184738159e-01
2.112186402082443237e-01
1.357216387987136841e-01
1.067597344517707825e-01
1.180070042610168457e-01
1.269196420907974243e-01
9.942642599344253540e-02
1.125837340950965881e-01
1.243295893073081970e-01
1.470692157745361328e-01
1.974210739135742188e-01
1.977294087409973145e-01
1.854106187820434570e-01
1.217849478125572205e-01
1.464038044214248657e-01
1.531608998775482178e-01
1.193176582455635071e-01
1.498682498931884766e-01
1.277036517858505249e-01
1.646437644958496094e-01
1.506312936544418335e-01
1.676919609308242798e-01
1.055484414100646973e-01
8.288244903087615967e-02
1.393598616123199463e-01
1.046848669648170471e-01
1.920205354690551758e-01
1.690803319215774536e-01
8.033106476068496704e-02
1.359129697084426880e-01
1.087879464030265808e-01
1.113558188080787659e-01
1.498665958642959595e-01
1.610755324363708496e-01
8.753352612257003784e-02
1.020554900169372559e-01
1.814795285463333130e-01
1.048469170928001404e-01
2.228449136018753052e-01
1.301103383302688599e-01
1.788474768400192261e-01
1.575986742973327637e-01
1.423146724700927734e-01
1.173122897744178772e-01
1.697630137205123901e-01
1.312816292047500610e-01
2.101954370737075806e-01
1.368503868579864502e-01
1.309193819761276245e-01
1.332587599754333496e-01
1.547432988882064819e-01
1.340800374746322632e-01
1.624686270952224731e-01
1.403519213199615479e-01
9.460911154747009277e-02
1.234087720513343811e-01
1.397113651037216187e-01
1.467233449220657349e-01
2.302080541849136353e-01
1.416789591312408447e-01
1.291444301605224609e-01
1.472164541482925415e-01
1.404972076416015625e-01
1.270734220743179321e-01
1.137546598911285400e-01
1.425254940986633301e-01
1.107476055622100830e-01
1.046710982918739319e-01
1.208671331405639648e-01
2.040705233812332153e-01
1.880808323621749878e-01
1.663378626108169556e-01
1.481394320726394653e-01
1.362970918416976929e-01
1.519075930118560791e-01
1.521621346473693848e-01
1.368671506643295288e-01
1.494330018758773804e-01
1.638870090246200562e-01
1.408926993608474731e-01
1.487645953893661499e-01
1.055764332413673401e-01
1.147534847259521484e-01
1.383762508630752563e-01
1.635491400957107544e-01
1.388791948556900024e-01
1.039860844612121582e-01
1.267409026622772217e-01
1.493952721357345581e-01
1.702350825071334839e-01
1.209437176585197449e-01
1.026962175965309143e-01
9.418918937444686890e-02
1.242484226822853088e-01
9.056670218706130981e-02
1.343928426504135132e-01
1.895566582679748535e-01
1.740691810846328735e-01
1.919103115797042847e-01
1.683930605649948120e-01
1.181644126772880554e-01
1.096162796020507812e-01
1.105566993355751038e-01
9.142404794692993164e-02
1.323046237230300903e-01
8.738920092582702637e-02
9.178759902715682983e-02
1.518049538135528564e-01
1.607054322957992554e-01
1.185139194130897522e-01
9.882811456918716431e-02
1.264973729848861694e-01
1.298973113298416138e-01
1.709314733743667603e-01
1.510121375322341919e-01
8.111744374036788940e-02
1.178884804248809814e-01
2.305860966444015503e-01
8.390232175588607788e-02
1.689508706331253052e-01
1.507242769002914429e-01
2.243146449327468872e-01
1.232325732707977295e-01
1.526766717433929443e-01
1.203062757849693298e-01
1.149522140622138977e-01
1.629028022289276123e-01
1.014891639351844788e-01
9.851118177175521851e-02
1.312689334154129028e-01
1.349306553602218628e-01
1.960086822509765625e-01
1.555372923612594604e-01
1.434063911437988281e-01
1.217364966869354248e-01
1.053369566798210144e-01
8.669718354940414429e-02
1.487186998128890991e-01
9.985455125570297241e-02
1.382163912057876587e-01
1.180285811424255371e-01
1.495838314294815063e-01
1.234245523810386658e-01
3.467428386211395264e-01
1.321475356817245483e-01
1.322226673364639282e-01
1.486539244651794434e-01
1.094304844737052917e-01
9.463894367218017578e-02
1.177369058132171631e-01
1.284018605947494507e-01
1.562306284904479980e-01
1.646489500999450684e-01
1.058502718806266785e-01
1.681916713714599609e-01
1.379397064447402954e-01
1.306011974811553955e-01
1.206985637545585632e-01
1.298108100891113281e-01
1.892760843038558960e-01
1.164310872554779053e-01
1.508318185806274414e-01
1.189995110034942627e-01
1.385938972234725952e-01
1.072615757584571838e-01
9.194499254226684570e-02
9.130018204450607300e-02
1.154744252562522888e-01
1.864562481641769409e-01
1.209740266203880310e-01
1.495912224054336548e-01
1.347833871841430664e-01
1.382188349962234497e-01
1.983553320169448853e-01
1.745973825454711914e-01
1.144135296344757080e-01
1.230324506759643555e-01
1.783387511968612671e-01
1.346387416124343872e-01
1.092040538787841797e-01
1.193870231509208679e-01
1.098780259490013123e-01
1.365735083818435669e-01
1.029452681541442871e-01
1.512371748685836792e-01
1.709508448839187622e-01
1.236352920532226562e-01
1.615911424160003662e-01
1.340120881795883179e-01
1.477820873260498047e-01
1.748074442148208618e-01
1.167229041457176208e-01
1.157834529876708984e-01
1.194641217589378357e-01
9.970688819885253906e-02
2.052481770515441895e-01
1.515966057777404785e-01
1.648731082677841187e-01
1.781282424926757812e-01
3.119533956050872803e-01
1.319368481636047363e-01
7.361698895692825317e-02
1.428255587816238403e-01
1.291173547506332397e-01
8.318284153938293457e-02
2.038678675889968872e-01
1.030277013778686523e-01
9.789058566093444824e-02
1.048713698983192444e-01
1.295008510351181030e-01
9.394947439432144165e-02
9.725052118301391602e-02
1.197025552392005920e-01
1.162128970026969910e-01
1.275526732206344604e-01
1.532713621854782104e-01
1.636762917041778564e-01
1.148787140846252441e-01
1.309738755226135254e-01
1.029320880770683289e-01
1.439294666051864624e-01
1.176146045327186584e-01
1.099166050553321838e-01
1.242419257760047913e-01
1.723715066909790039e-01
1.116191223263740540e-01
1.796145588159561157e-01
1.017768159508705139e-01
1.625669151544570923e-01
1.325019001960754395e-01
1.458925455808639526e-01
1.317449212074279785e-01
1.694623380899429321e-01
1.406394094228744507e-01
1.184940636157989502e-01
1.161287426948547363e-01
1.271856576204299927e-01
1.358213871717453003e-01
1.638094931840896606e-01
1.759242564439773560e-01
1.451915055513381958e-01
1.061091348528862000e-01
1.499784141778945923e-01
1.356335878372192383e-01
1.153372749686241150e-01
1.390526145696640015e-01
1.459988802671432495e-01
1.399653255939483643e-01
1.156699955463409424e-01
1.490219384431838989e-01
1.330116838216781616e-01
1.115442439913749695e-01
1.180787459015846252e-01
1.066835299134254456e-01
1.239688321948051453e-01
1.332498490810394287e-01
1.035286858677864075e-01
1.159914657473564148e-01
9.265214204788208008e-02
1.201680302619934082e-01
1.866975277662277222e-01
1.145995631814002991e-01
1.054055094718933105e-01
2.260625809431076050e-01
1.223205700516700745e-01
1.813791543245315552e-01
1.669243127107620239e-01
1.472276449203491211e-01
1.188494041562080383e-01
1.704784482717514038e-01
1.420243829488754272e-01
1.084269061684608459e-01
1.565172672271728516e-01
1.468918174505233765e-01
1.475701630115509033e-01
8.962244540452957153e-02
1.293752342462539673e-01
1.157898679375648499e-01
1.145833507180213928e-01
7.935946434736251831e-02
1.753073930740356445e-01
1.127759516239166260e-01
1.318051964044570923e-01
1.500348001718521118e-01
1.348371058702468872e-01
1.745054274797439575e-01
1.228789910674095154e-01
9.654305130243301392e-02
9.590572118759155273e-02
1.017547026276588440e-01
1.317800134420394897e-01
1.686498373746871948e-01
1.218059659004211426e-01
1.833805590867996216e-01
1.841999441385269165e-01
1.504190862178802490e-01
1.308420896530151367e-01
1.846253871917724609e-01
1.002039685845375061e-01
1.391342282295227051e-01
1.325255781412124634e-01
1.288916468620300293e-01
1.171373128890991211e-01
1.024107709527015686e-01
9.676285833120346069e-02
1.728151589632034302e-01
1.426713019609451294e-01
1.762595176696777344e-01
1.469991207122802734e-01
1.765380650758743286e-01
1.279213577508926392e-01
1.359984725713729858e-01
9.730456024408340454e-02
1.035951301455497742e-01
1.096036359667778015e-01
1.962967365980148315e-01
1.040426716208457947e-01
1.261284500360488892e-01
1.181901469826698303e-01
1.266470104455947876e-01
1.592356562614440918e-01
1.601981669664382935e-01
8.909227699041366577e-02
1.282519847154617310e-01
1.703259497880935669e-01
1.659456342458724976e-01
1.138109192252159119e-01
2.069234699010848999e-01
1.455612927675247192e-01
1.125322282314300537e-01
1.324520260095596313e-01
1.484730839729309082e-01
1.739774942398071289e-01
1.098093017935752869e-01
1.316895931959152222e-01
9.513229131698608398e-02
1.359166055917739868e-01
1.011768952012062073e-01
8.138038218021392822e-02
1.140569970011711121e-01
1.445465683937072754e-01
1.121663823723793030e-01
1.894254237413406372e-01
2.143262177705764771e-01
1.246508732438087463e-01
1.639440655708312988e-01
1.170211210846900940e-01
1.475763469934463501e-01
1.339195519685745239e-01
1.810115128755569458e-01
1.413959711790084839e-01
2.408655434846878052e-01
1.470776796340942383e-01
1.613091826438903809e-01
1.216023340821266174e-01
1.386202275753021240e-01
1.080790534615516663e-01
1.077082157135009766e-01
1.075118556618690491e-01
1.581346690654754639e-01
1.091464757919311523e-01
1.127831563353538513e-01
2.645960152149200439e-01
1.908537149429321289e-01
1.437500715255737305e-01
1.393005102872848511e-01
1.539561003446578979e-01
1.373933106660842896e-01
1.091484799981117249e-01
1.493778377771377563e-01
1.769372671842575073e-01
1.267098635435104370e-01
1.291927546262741089e-01
1.339298635721206665e-01
1.698227971792221069e-01
1.374377459287643433e-01
1.236625984311103821e-01
9.519213438034057617e-02
1.819902658462524414e-01
1.462672203779220581e-01
1.237609088420867920e-01
1.884900778532028198e-01
1.046613082289695740e-01
1.340085417032241821e-01
8.884059637784957886e-02
1.070057749748229980e-01
1.267113536596298218e-01
1.212134957313537598e-01
1.429088264703750610e-01
9.025653451681137085e-02
1.628297120332717896e-01
1.460201144218444824e-01
1.583392471075057983e-01
1.193503439426422119e-01
1.883907914161682129e-01
1.317723989486694336e-01
1.294253319501876831e-01
1.329112797975540161e-01
1.635722965002059937e-01
9.950783848762512207e-02
1.253127753734588623e-01
1.121457293629646301e-01
1.553268134593963623e-01
1.377461105585098267e-01
1.030255556106567383e-01
1.057176813483238220e-01
3.507547080516815186e-01
1.777460128068923950e-01
1.696068495512008667e-01
1.190324053168296814e-01
1.503867655992507935e-01
1.133721247315406799e-01
1.018497273325920105e-01
1.172678843140602112e-01
1.365920156240463257e-01
1.422158330678939819e-01
1.056616529822349548e-01
1.112453565001487732e-01
1.337997168302536011e-01
1.826665401458740234e-01
1.272246837615966797e-01
1.390454769134521484e-01
1.067040190100669861e-01
1.588660180568695068e-01
9.846220165491104126e-02
1.105938777327537537e-01
1.432035863399505615e-01
1.472103744745254517e-01
2.446415275335311890e-01
1.513046771287918091e-01
1.261318027973175049e-01
1.948690563440322876e-01
1.272050589323043823e-01
9.266209602355957031e-02
1.793922930955886841e-01
1.304762065410614014e-01
9.081405401229858398e-02
1.023826301097869873e-01
8.754917979240417480e-02
1.173373386263847351e-01
1.237350329756736755e-01
1.288466453552246094e-01
1.181700453162193298e-01
1.351107507944107056e-01
1.345372051000595093e-01
1.310370117425918579e-01
1.677873730659484863e-01
1.408644914627075195e-01
1.395033746957778931e-01
1.635119765996932983e-01
1.482748687267303467e-01
1.038132607936859131e-01
2.198048233985900879e-01
1.517737507820129395e-01
1.145124211907386780e-01
1.961449384689331055e-01
1.793726235628128052e-01
1.507292538881301880e-01
1.493506282567977905e-01
1.651107668876647949e-01
1.346627026796340942e-01
1.370968222618103027e-01
1.584033966064453125e-01
1.793074756860733032e-01
1.347923725843429565e-01
1.100042164325714111e-01
1.075757145881652832e-01
1.334252804517745972e-01
1.389657258987426758e-01
1.419390588998794556e-01
1.951700896024703979e-01
1.013414561748504639e-01
1.690696626901626587e-01
1.647732257843017578e-01
8.750794082880020142e-02
1.032562330365180969e-01
1.219108104705810547e-01
1.329103559255599976e-01
1.694501638412475586e-01
1.413183808326721191e-01
1.490467339754104614e-01
8.484268188476562500e-02
1.202743053436279297e-01
9.575909376144409180e-02
1.093917489051818848e-01
1.404027491807937622e-01
1.606522053480148315e-01
1.192970052361488342e-01
1.394573897123336792e-01
1.255664080381393433e-01
1.495620459318161011e-01
1.100393757224082947e-01
1.293469667434692383e-01
7.843416184186935425e-02
1.546571701765060425e-01
1.711619645357131958e-01
1.753859966993331909e-01
1.289206147193908691e-01
1.310302466154098511e-01
1.599799394607543945e-01
1.000501289963722229e-01
1.623386144638061523e-01
1.225491091609001160e-01
1.074249818921089172e-01
1.240555644035339355e-01
1.081677898764610291e-01
1.335770040750503540e-01
1.176065206527709961e-01
1.500254124402999878e-01
1.025381684303283691e-01
1.140442714095115662e-01
1.666406244039535522e-01
1.314936876296997070e-01
1.528498083353042603e-01
1.406105756759643555e-01
9.209322929382324219e-02
9.921606630086898804e-02
9.140953421592712402e-02
1.065916419029235840e-01
1.059007272124290466e-01
1.416710764169692993e-01
1.613512635231018066e-01
1.205198690295219421e-01
1.173739135265350342e-01
1.225341930985450745e-01
1.233542785048484802e-01
1.420835703611373901e-01
1.360612362623214722e-01
2.007338851690292358e-01
9.209639579057693481e-02
1.423326879739761353e-01
3.514311611652374268e-01
1.133095696568489075e-01
1.370702534914016724e-01
1.074276790022850037e-01
1.003080010414123535e-01
1.187188252806663513e-01
1.534396260976791382e-01
1.509827822446823120e-01
1.074095740914344788e-01
1.851104050874710083e-01
1.208185777068138123e-01
1.077249720692634583e-01
1.298555135726928711e-01
1.543087959289550781e-01
9.923640638589859009e-02
1.523407399654388428e-01
1.262585371732711792e-01
1.462804675102233887e-01
1.399915516376495361e-01
1.717777848243713379e-01
1.959817260503768921e-01
1.185585781931877136e-01
1.670044809579849243e-01
1.185071840882301331e-01
1.479014754295349121e-01
1.860382109880447388e-01
1.073518022894859314e-01
1.284233778715133667e-01
1.328773349523544312e-01
1.514715105295181274e-01
1.538781672716140747e-01
1.665926575660705566e-01
1.432972997426986694e-01
1.106619834899902344e-01
1.074775457382202148e-01
1.179660856723785400e-01
1.322253793478012085e-01
1.053942963480949402e-01
1.472214013338088989e-01
1.253014951944351196e-01
1.468666344881057739e-01
1.142291203141212463e-01
1.820883005857467651e-01
1.623664647340774536e-01
9.316577762365341187e-02
1.299264580011367798e-01
1.194729432463645935e-01
1.304950714111328125e-01
1.405088752508163452e-01
1.051974296569824219e-01
1.504015475511550903e-01
1.489518433809280396e-01
1.350193768739700317e-01
1.081601902842521667e-01
1.282106786966323853e-01
1.242619231343269348e-01
1.524424701929092407e-01
1.273428946733474731e-01
1.140168234705924988e-01
1.010547205805778503e-01
1.755075901746749878e-01
1.015717014670372009e-01
1.568578332662582397e-01
9.765718132257461548e-02
9.869433194398880005e-02
1.149791255593299866e-01
1.102810800075531006e-01
2.767108380794525146e-01
1.154141724109649658e-01
9.649234265089035034e-02
1.167263984680175781e-01
1.216751337051391602e-01
1.666101813316345215e-01
9.300791472196578979e-02
1.572689265012741089e-01
1.225616931915283203e-01
2.161409109830856323e-01
1.114316880702972412e-01
1.939526200294494629e-01
1.513644903898239136e-01
1.196059212088584900e-01
1.222149133682250977e-01
1.068721190094947815e-01
1.567715406417846680e-01
1.474932283163070679e-01
1.099742278456687927e-01
1.190146505832672119e-01
1.078737303614616394e-01
1.168974041938781738e-01
1.029225960373878479e-01
1.223029270768165588e-01
1.427814811468124390e-01
1.413098126649856567e-01
1.163768246769905090e-01
1.263972669839859009e-01
1.389756649732589722e-01
1.137771978974342346e-01
1.594143360853195190e-01
1.908292770385742188e-01
1.220152005553245544e-01
1.249267235398292542e-01
1.582642346620559692e-01
1.423211842775344849e-01
7.621773332357406616e-02
1.979025602340698242e-01
1.610010266304016113e-01
1.391004323959350586e-01
1.381154209375381470e-01
1.531849950551986694e-01
1.213789507746696472e-01
1.748758703470230103e-01
1.223253980278968811e-01
1.332368999719619751e-01
1.599243134260177612e-01
1.326033622026443481e-01
1.403969079256057739e-01
1.273647546768188477e-01
1.692194193601608276e-01
1.627952903509140015e-01
1.041496992111206055e-01
1.201139688491821289e-01
1.054716929793357849e-01
1.136237755417823792e-01
9.907650202512741089e-02
1.469844132661819458e-01
1.040512695908546448e-01
1.506595760583877563e-01
1.395229846239089966e-01
1.573693603277206421e-01
1.395753175020217896e-01
7.692270725965499878e-02
2.271041721105575562e-01
1.480136960744857788e-01
1.190102100372314453e-01
1.157029271125793457e-01
1.524690687656402588e-01
1.305470019578933716e-01
1.537471115589141846e-01
1.299273520708084106e-01
1.233587637543678284e-01
1.123382076621055603e-01
1.010394319891929626e-01
1.171887591481208801e-01
2.582205235958099365e-01
1.256744861602783203e-01
1.577202081680297852e-01
1.626564264297485352e-01
8.876886218786239624e-02
1.152134910225868225e-01
9.699011594057083130e-02
1.300784349441528320e-01
1.011746302247047424e-01
7.501824945211410522e-02
1.694598197937011719e-01
1.310191750526428223e-01
1.025281772017478943e-01
1.124995127320289612e-01
1.152927875518798828e-01
1.444090455770492554e-01
1.275197863578796387e-01
1.541640162467956543e-01
1.838841438293457031e-01
1.951302438974380493e-01
7.911163568496704102e-02
9.028934687376022339e-02
1.281979233026504517e-01
1.485154181718826294e-01
1.515527516603469849e-01
1.168450340628623962e-01
1.174242123961448669e-01
1.585554331541061401e-01
1.447681039571762085e-01
1.198822781443595886e-01
1.247054561972618103e-01
1.578884273767471313e-01
2.218975424766540527e-01
2.145064622163772583e-01
1.311020106077194214e-01
1.267272233963012695e-01
1.182543709874153137e-01
1.160382553935050964e-01
1.379136145114898682e-01
1.187800541520118713e-01
8.722840994596481323e-02
1.124323680996894836e-01
1.577967256307601929e-01
8.788856118917465210e-02
1.504220515489578247e-01
1.375351101160049438e-01
1.510210484266281128e-01
1.510248333215713501e-01
1.318904608488082886e-01
1.034946963191032410e-01
1.676660031080245972e-01
1.475518643856048584e-01
1.042183414101600647e-01
1.399415284395217896e-01
6.294997036457061768e-02
1.430051177740097046e-01
9.884750843048095703e-02
1.367595344781875610e-01
1.194334253668785095e-01
1.834324002265930176e-01
1.532392948865890503e-01
1.870315670967102051e-01
1.150913238525390625e-01
1.489985436201095581e-01
1.477690786123275757e-01
1.187058091163635254e-01
1.060578823089599609e-01
1.345148086547851562e-01
1.200537905097007751e-01
1.393173485994338989e-01
1.325069367885589600e-01
2.487626522779464722e-01
1.373640447854995728e-01
2.246901988983154297e-01
1.132425665855407715e-01
1.684569120407104492e-01
1.557857245206832886e-01
1.137923374772071838e-01
1.707616001367568970e-01
1.519624590873718262e-01
1.181517019867897034e-01
1.106438413262367249e-01
1.562616974115371704e-01
2.035214304924011230e-01
1.082048043608665466e-01
1.111463829874992371e-01
8.154442906379699707e-02
1.950773447751998901e-01
1.460784822702407837e-01
1.412082463502883911e-01
9.682456403970718384e-02
1.346635669469833374e-01
1.857926100492477417e-01
1.758476495742797852e-01
9.744968265295028687e-02
1.265068650245666504e-01
1.252410262823104858e-01
1.195329800248146057e-01
1.612300127744674683e-01
1.642902493476867676e-01
1.400468647480010986e-01
1.167820915579795837e-01
1.443987041711807251e-01
1.144739165902137756e-01
1.453640013933181763e-01
1.117619648575782776e-01
1.464971750974655151e-01
1.253731697797775269e-01
1.081558242440223694e-01
1.991504877805709839e-01
7.810982316732406616e-02
1.546942591667175293e-01
1.320932805538177490e-01
1.773944050073623657e-01
1.393791139125823975e-01
1.086417660117149353e-01
1.330990791320800781e-01
1.151519343256950378e-01
1.094331815838813782e-01
1.570029705762863159e-01
1.529382914304733276e-01
9.625706821680068970e-02
1.545042395591735840e-01
1.828537434339523315e-01
7.959554344415664673e-02
1.145535632967948914e-01
3.247536718845367432e-01
1.210681796073913574e-01
1.543992459774017334e-01
1.042148694396018982e-01
1.005863174796104431e-01
7.663200050592422485e-02
1.154618263244628906e-01
1.071296632289886475e-01
1.401400566101074219e-01
1.534395962953567505e-01
1.191985607147216797e-01
1.313546895980834961e-01
9.952015429735183716e-02
1.270588189363479614e-01
1.460547894239425659e-01
1.052471771836280823e-01
9.950941801071166992e-02
1.124672964215278625e-01
1.047007963061332703e-01
7.186088711023330688e-02
1.589159518480300903e-01
1.111968383193016052e-01
1.628920584917068481e-01
1.170877590775489807e-01
9.853640198707580566e-02
1.397568732500076294e-01
1.606037467718124390e-01
1.888248920440673828e-01
1.277790218591690063e-01
1.706165820360183716e-01
1.643498092889785767e-01
1.486222296953201294e-01
1.111319288611412048e-01
1.290632039308547974e-01
1.226681694388389587e-01
9.771019965410232544e-02
1.627912819385528564e-01
1.858529299497604370e-01
1.260453313589096069e-01
1.549912244081497192e-01
1.508171707391738892e-01
1.231248155236244202e-01
1.358603239059448242e-01
1.693040728569030762e-01
1.519940495491027832e-01
1.346725970506668091e-01
8.734434098005294800e-02
1.909363269805908203e-01
1.089845374226570129e-01
1.447410583496093750e-01
1.338163167238235474e-01
1.296283155679702759e-01
1.982532739639282227e-01
1.299485117197036743e-01
1.365314871072769165e-01
1.235552504658699036e-01
9.433708339929580688e-02
1.355873197317123413e-01
1.671011894941329956e-01
1.365417391061782837e-01
1.677985042333602905e-01
1.303725689649581909e-01
1.363941878080368042e-01
1.200196743011474609e-01
1.389614790678024292e-01
1.323794275522232056e-01
1.638814806938171387e-01
1.306191533803939819e-01
8.760284632444381714e-02
1.142700314521789551e-01
1.439796537160873413e-01
9.869614988565444946e-02
1.009788140654563904e-01
1.145915016531944275e-01
1.030106246471405029e-01
1.238909140229225159e-01
9.571263194084167480e-02
1.102879717946052551e-01
2.136779576539993286e-01
1.273619681596755981e-01
1.506334096193313599e-01
1.194318756461143494e-01
1.043218374252319336e-01
1.410105079412460327e-01
1.046520471572875977e-01
1.265184730291366577e-01
1.014783605933189392e-01
1.508239358663558960e-01
1.368614286184310913e-01
7.965517044067382812e-02
1.323355436325073242e-01
1.770963519811630249e-01
1.645860224962234497e-01
1.334294825792312622e-01
9.588160365819931030e-02
9.285049885511398315e-02
1.186380982398986816e-01
1.091986522078514099e-01
1.576191931962966919e-01
1.192797645926475525e-01
1.526391655206680298e-01
1.638697832822799683e-01
1.712052822113037109e-01
1.802223175764083862e-01
1.303822547197341919e-01
1.921243667602539062e-01
1.226796731352806091e-01
1.354541182518005371e-01
1.565147489309310913e-01
1.208094432950019836e-01
1.259817481040954590e-01
1.122489646077156067e-01
2.747389078140258789e-01
1.031888797879219055e-01
1.162750422954559326e-01
1.111206337809562683e-01
1.577890962362289429e-01
1.834892779588699341e-01
1.521183997392654419e-01
1.596793532371520996e-01
1.100080087780952454e-01
1.200473904609680176e-01
1.436980813741683960e-01
2.225664854049682617e-01
9.277530759572982788e-02
1.566669493913650513e-01
1.318871378898620605e-01
1.807236224412918091e-01
1.405291706323623657e-01
1.353109627962112427e-01
1.174135804176330566e-01
1.679767519235610962e-01
3.090768754482269287e-01
1.582692712545394897e-01
1.048549413681030273e-01
1.393491178750991821e-01
8.537403494119644165e-02
1.286560297012329102e-01
1.305220276117324829e-01
1.003946438431739807e-01
1.855835169553756714e-01
1.136687621474266052e-01
8.493109792470932007e-02
1.244874224066734314e-01
1.029754802584648132e-01
1.063319072127342224e-01
1.126306429505348206e-01
1.643726676702499390e-01
1.087146401405334473e-01
1.291578561067581177e-01
1.606364697217941284e-01
1.170544326305389404e-01
1.403181105852127075e-01
1.714977473020553589e-01
1.969516724348068237e-01
1.572684198617935181e-01
1.386652737855911255e-01
9.478288888931274414e-02
1.323399692773818970e-01
1.484062671661376953e-01
1.538902372121810913e-01
1.681428700685501099e-01
1.101288720965385437e-01
9.920805692672729492e-02
1.395309716463088989e-01
1.321302354335784912e-01
1.487338095903396606e-01
1.087394952774047852e-01
1.460505276918411255e-01
1.752290725708007812e-01
1.354612857103347778e-01
1.558659225702285767e-01
1.686319112777709961e-01
1.051816046237945557e-01
1.111650764942169189e-01
1.446965038776397705e-01
1.145741045475006104e-01
1.471052169799804688e-01
1.059651747345924377e-01
1.297958642244338989e-01
1.786591559648513794e-01
9.895333647727966309e-02
1.090601906180381775e-01
4.117250442504882812e-01
1.752040237188339233e-01
1.666234880685806274e-01
1.448875814676284790e-01
1.753891855478286743e-01
1.506283432245254517e-01
1.107374429702758789e-01
1.770434826612472534e-01
1.367731988430023193e-01
1.398646384477615356e-01
1.228281632065773010e-01
1.002472266554832458e-01
1.367808729410171509e-01
1.014440879225730896e-01
1.363935470581054688e-01
1.339614838361740112e-01
9.748726338148117065e-02
1.143069267272949219e-01
1.080709770321846008e-01
1.483329087495803833e-01
1.644365638494491577e-01
1.296214908361434937e-01
1.049348488450050354e-01
1.492310911417007446e-01
1.365063488483428955e-01
8.204486966133117676e-02
3.636459410190582275e-01
1.380958557128906250e-01
1.345822066068649292e-01
1.310569941997528076e-01
1.262733489274978638e-01
1.361059695482254028e-01
1.045983061194419861e-01
1.452709883451461792e-01
1.169644966721534729e-01
1.432820409536361694e-01
1.225190758705139160e-01
1.752913743257522583e-01
1.372069567441940308e-01
4.738657772541046143e-01
1.355149000883102417e-01
1.263612508773803711e-01
1.522877663373947144e-01
1.520041227340698242e-01
1.010226607322692871e-01
1.198890581727027893e-01
1.034474968910217285e-01
1.727925091981887817e-01
1.166425123810768127e-01
1.527948528528213501e-01
1.244442984461784363e-01
1.609533578157424927e-01
1.020854935050010681e-01
3.136782944202423096e-01
1.388884931802749634e-01
1.014883518218994141e-01
1.811047792434692383e-01
8.284103125333786011e-02
1.005453988909721375e-01
1.523884683847427368e-01
1.666990965604782104e-01
9.524563699960708618e-02
1.576312929391860962e-01
1.423131227493286133e-01
1.836946457624435425e-01
1.182327866554260254e-01
1.407918930053710938e-01
1.605193465948104858e-01
7.210674136877059937e-02
1.080565229058265686e-01
1.308124214410781860e-01
1.221053674817085266e-01
1.316025704145431519e-01
1.803741902112960815e-01
1.458398401737213135e-01
1.324644535779953003e-01
1.149183437228202820e-01
1.175153255462646484e-01
1.160009875893592834e-01
1.074899807572364807e-01
1.287695318460464478e-01
1.340711712837219238e-01
1.186112239956855774e-01
1.315377801656723022e-01
1.019046530127525330e-01
1.747436970472335815e-01
1.362370848655700684e-01
1.839836686849594116e-01
6.619744747877120972e-02
7.834014296531677246e-02
1.386914551258087158e-01
1.793813854455947876e-01
1.264709979295730591e-01
1.924505829811096191e-01
1.684746742248535156e-01
1.618594080209732056e-01
1.396669000387191772e-01
1.514152288436889648e-01
9.969546645879745483e-02
2.505444586277008057e-01
1.148454174399375916e-01
1.453403830528259277e-01
1.593770533800125122e-01
1.692139357328414917e-01
1.243187785148620605e-01
1.530886441469192505e-01
1.243414357304573059e-01
1.530313640832901001e-01
1.290337443351745605e-01
1.254491209983825684e-01
1.248256564140319824e-01
1.022976636886596680e-01
1.690109521150588989e-01
1.070445403456687927e-01
1.200186684727668762e-01
1.275039166212081909e-01
1.115055009722709656e-01
1.283606886863708496e-01
1.327023357152938843e-01
7.319708913564682007e-02
1.502817124128341675e-01
1.323128193616867065e-01
4.582589566707611084e-01
9.004715830087661743e-02
1.198670938611030579e-01
1.263749748468399048e-01
1.282693892717361450e-01
1.002736613154411316e-01
1.438596099615097046e-01
1.414757370948791504e-01
1.212840750813484192e-01
1.365508884191513062e-01
1.228213533759117126e-01
1.211276128888130188e-01
1.220549345016479492e-01
1.826525479555130005e-01
1.396894305944442749e-01
1.068944707512855530e-01
1.705409288406372070e-01
1.271784901618957520e-01
1.563501805067062378e-01
1.184238716959953308e-01
1.178043708205223083e-01
1.363042145967483521e-01
1.063650548458099365e-01
1.265103667974472046e-01
1.339985579252243042e-01
1.273397654294967651e-01
1.506708711385726929e-01
1.311662942171096802e-01
1.808894127607345581e-01
1.397698670625686646e-01
2.088956236839294434e-01
1.357841789722442627e-01
1.201538667082786560e-01
1.551123708486557007e-01
1.121654286980628967e-01
1.396231502294540405e-01
2.151513695716857910e-01
1.563080102205276489e-01
1.115029454231262207e-01
1.954097002744674683e-01
1.354881823062896729e-01
2.393846064805984497e-01
1.463958770036697388e-01
1.375029832124710083e-01
1.909552365541458130e-01
1.580061912536621094e-01
1.623160988092422485e-01
1.118944287300109863e-01
2.041136622428894043e-01
1.665035635232925415e-01
1.508340984582901001e-01
2.042302340269088745e-01
1.603351086378097534e-01
2.925844490528106689e-01
6.923551112413406372e-02
1.035946905612945557e-01
1.837950348854064941e-01
1.018626317381858826e-01
1.486427038908004761e-01
1.270766556262969971e-01
1.155166253447532654e-01
1.320264488458633423e-01
1.066395267844200134e-01
1.253021508455276489e-01
9.181421250104904175e-02
1.134502664208412170e-01
1.191547140479087830e-01
1.313560456037521362e-01
1.212214231491088867e-01
1.256515234708786011e-01
1.395110189914703369e-01
1.252014189958572388e-01
2.044949531555175781e-01
2.690391242504119873e-01
1.490520536899566650e-01
1.391476541757583618e-01
1.222579702734947205e-01
7.970252633094787598e-02
1.433194428682327271e-01
1.262859255075454712e-01
1.668893247842788696e-01
1.576391905546188354e-01
1.133480072021484375e-01
1.074850559234619141e-01
1.155088543891906738e-01
1.282033175230026245e-01
1.129345670342445374e-01
9.622897952795028687e-02
1.599165350198745728e-01
1.273699551820755005e-01
1.421615779399871826e-01
1.172101721167564392e-01
1.538798958063125610e-01
1.179973110556602478e-01
1.327637881040573120e-01
1.515168398618698120e-01
1.214908957481384277e-01
1.502331942319869995e-01
1.236008927226066589e-01
1.256990581750869751e-01
1.409437209367752075e-01
1.395494788885116577e-01
1.284106373786926270e-01
9.390886873006820679e-02
1.117914021015167236e-01
1.367005854845046997e-01
1.496188789606094360e-01
1.239379048347473145e-01
1.128461584448814392e-01
1.255287826061248779e-01
1.016537547111511230e-01
1.324529498815536499e-01
1.659711301326751709e-01
8.509356528520584106e-02
1.239783763885498047e-01
1.250390559434890747e-01
1.654379218816757202e-01
1.420099437236785889e-01
1.377136409282684326e-01
1.490366011857986450e-01
1.209002733230590820e-01
1.174118444323539734e-01
1.564359068870544434e-01
8.734393864870071411e-02
1.639835685491561890e-01
2.916574180126190186e-01
1.475565880537033081e-01
1.217125654220581055e-01
1.894491314888000488e-01
1.450481116771697998e-01
1.763129830360412598e-01
1.611178070306777954e-01
1.121269240975379944e-01
1.218625009059906006e-01
1.236915662884712219e-01
1.188010796904563904e-01
1.255476772785186768e-01
2.165972739458084106e-01
1.647832840681076050e-01
1.229410469532012939e-01
1.548543721437454224e-01
1.173994913697242737e-01
1.530454009771347046e-01
1.315352916717529297e-01
1.171740517020225525e-01
1.589634567499160767e-01
1.515304893255233765e-01
1.599663347005844116e-01
2.045157998800277710e-01
1.867288351058959961e-01
1.029116287827491760e-01
1.263410300016403198e-01
1.375969648361206055e-01
9.274091571569442749e-02
1.387424319982528687e-01
1.365152746438980103e-01
1.828587651252746582e-01
1.736955195665359497e-01
1.284576356410980225e-01
1.127547919750213623e-01
1.519786566495895386e-01
1.381192654371261597e-01
1.004155278205871582e-01
1.367923617362976074e-01
1.323696374893188477e-01
1.386825591325759888e-01
1.647657454013824463e-01
1.327976584434509277e-01
1.075374707579612732e-01
1.157832965254783630e-01
1.487013995647430420e-01
1.510265469551086426e-01
9.723868966102600098e-02
1.169874891638755798e-01
1.366180777549743652e-01
3.023887276649475098e-01
1.339269280433654785e-01
1.447735428810119629e-01
1.295618116855621338e-01
1.188534274697303772e-01
1.256823837757110596e-01
1.096009239554405212e-01
1.507558971643447876e-01
1.156622767448425293e-01
8.168286830186843872e-02
1.387437433004379272e-01
1.626984328031539917e-01
8.314959704875946045e-02
1.460712105035781860e-01
1.413796097040176392e-01
1.525418907403945923e-01
1.234270855784416199e-01
1.256946325302124023e-01
1.090810522437095642e-01
1.703676134347915649e-01
1.563806235790252686e-01
1.021039709448814392e-01
7.968819886445999146e-02
1.047168746590614319e-01
1.679810285568237305e-01
1.532698124647140503e-01
1.221145913004875183e-01
1.470553427934646606e-01
1.514558196067810059e-01
1.760695427656173706e-01
1.399556249380111694e-01
1.203487738966941833e-01
1.522664874792098999e-01
1.544604450464248657e-01
1.180095076560974121e-01
1.316491961479187012e-01
1.343656033277511597e-01
1.417447775602340698e-01
1.425272822380065918e-01
1.169486567378044128e-01
1.391530483961105347e-01
1.802563220262527466e-01
9.672352671623229980e-02
1.483511179685592651e-01
1.145574152469635010e-01
1.458711177110671997e-01
1.729948967695236206e-01
1.640484780073165894e-01
9.887633472681045532e-02
1.504292935132980347e-01
1.351403743028640747e-01
8.740947395563125610e-02
2.299557179212570190e-01
1.296529322862625122e-01
2.173507660627365112e-01
1.621866077184677124e-01
1.967359781265258789e-01
1.239988505840301514e-01
1.376060396432876587e-01
1.197296753525733948e-01
1.578619331121444702e-01
1.384625285863876343e-01
1.036250665783882141e-01
1.343387812376022339e-01
1.391265690326690674e-01
1.137714758515357971e-01
1.075552403926849365e-01
1.114182844758033752e-01
1.474162191152572632e-01
1.556290835142135620e-01
1.323005408048629761e-01
1.575239002704620361e-01
1.279078274965286255e-01
1.390487700700759888e-01
1.028753742575645447e-01
1.007710695266723633e-01
1.712651997804641724e-01
1.100914478302001953e-01
1.488704234361648560e-01
1.283128410577774048e-01
1.865391880273818970e-01
1.837296932935714722e-01
1.373118013143539429e-01
1.220590174198150635e-01
1.467625647783279419e-01
1.183894202113151550e-01
1.882552504539489746e-01
1.316574364900588989e-01
1.610986143350601196e-01
1.243159696459770203e-01
1.136972680687904358e-01
1.670316606760025024e-01
1.248683258891105652e-01
2.837983369827270508e-01
1.593112200498580933e-01
1.296169906854629517e-01
1.457349509000778198e-01
1.169960871338844299e-01
1.534033268690109253e-01
1.089017614722251892e-01
1.880397945642471313e-01
9.318444877862930298e-02
1.051510497927665710e-01
9.549684077501296997e-02
1.352112740278244019e-01
1.464135795831680298e-01
1.924357563257217407e-01
1.832758933305740356e-01
1.321698129177093506e-01
1.545350104570388794e-01
1.075931563973426819e-01
1.490694433450698853e-01
1.642259210348129272e-01
1.448230743408203125e-01
1.170853376388549805e-01
1.350887715816497803e-01
9.316688776016235352e-02
9.800916910171508789e-02
1.394601613283157349e-01
1.481121480464935303e-01
9.466006606817245483e-02
1.372041106224060059e-01
1.412357538938522339e-01
1.176967322826385498e-01
1.445764899253845215e-01
1.556881517171859741e-01
1.297823339700698853e-01
1.503101140260696411e-01
1.357495188713073730e-01
1.100323200225830078e-01
1.746626496315002441e-01
1.333857625722885132e-01
1.488196104764938354e-01
1.361970603466033936e-01
1.393710225820541382e-01
8.479525893926620483e-02
1.719487458467483521e-01
1.712312102317810059e-01
1.084986627101898193e-01
1.192610561847686768e-01
1.121524944901466370e-01
9.345398098230361938e-02
1.190177425742149353e-01
2.467768639326095581e-01
1.422980427742004395e-01
1.868597716093063354e-01
1.310760825872421265e-01
1.485755294561386108e-01
1.347378641366958618e-01
1.480096429586410522e-01
1.539899259805679321e-01
1.544357836246490479e-01
1.008361876010894775e-01
1.532567292451858521e-01
9.051742404699325562e-02
9.630978852510452271e-02
1.145183667540550232e-01
1.601203083992004395e-01
1.189516857266426086e-01
1.147909164428710938e-01
1.073795855045318604e-01
1.341818124055862427e-01
9.428369998931884766e-02
1.038526892662048340e-01
1.152030900120735168e-01
1.087483391165733337e-01
1.011280417442321777e-01
1.404552459716796875e-01
1.379144489765167236e-01
1.805208772420883179e-01
1.541756391525268555e-01
1.044558659195899963e-01
1.555259823799133301e-01
1.012708544731140137e-01
9.457991272211074829e-02
8.850496262311935425e-02
1.574485599994659424e-01
1.642255783081054688e-01
1.472676247358322144e-01
1.379740685224533081e-01
1.942256838083267212e-01
1.108491048216819763e-01
1.036161705851554871e-01
1.159009411931037903e-01
1.455993205308914185e-01
1.040073633193969727e-01
1.584946960210800171e-01
1.417192965745925903e-01
1.340284198522567749e-01
1.606682538986206055e-01
1.281741112470626831e-01
1.290991753339767456e-01
1.230393648147583008e-01
1.624587625265121460e-01
1.276780962944030762e-01
9.939062595367431641e-02
1.203113421797752380e-01
1.064656004309654236e-01
1.284269541501998901e-01
1.606028676033020020e-01
1.213007494807243347e-01
1.456407606601715088e-01
1.102424040436744690e-01
1.564518660306930542e-01
9.849242120981216431e-02
1.429146677255630493e-01
1.216962113976478577e-01
1.128679141402244568e-01
1.136606931686401367e-01
1.306745558977127075e-01
2.146122455596923828e-01
9.578142315149307251e-02
1.204231008887290955e-01
1.342144459486007690e-01
1.477695405483245850e-01
1.406052559614181519e-01
1.411463469266891479e-01
9.544945508241653442e-02
1.644343286752700806e-01
1.260748356580734253e-01
1.632122844457626343e-01
9.775527566671371460e-02
1.070169284939765930e-01
1.565162539482116699e-01
9.811317175626754761e-02
9.861782938241958618e-02
1.373235136270523071e-01
1.980917453765869141e-01
1.366811990737915039e-01
9.054836630821228027e-02
1.194470748305320740e-01
1.390542238950729370e-01
1.471248865127563477e-01
1.276378780603408813e-01
1.099189221858978271e-01
1.141790822148323059e-01
1.400285661220550537e-01
1.204635873436927795e-01
1.213286221027374268e-01
1.875952035188674927e-01
1.486096233129501343e-01
1.844815015792846680e-01
1.037703156471252441e-01
1.208691522479057312e-01
1.433894038200378418e-01
1.139843836426734924e-01
1.835374087095260620e-01
1.401025652885437012e-01
1.129620596766471863e-01
1.501750499010086060e-01
1.578499823808670044e-01
1.351428031921386719e-01
1.457721740007400513e-01
9.277746826410293579e-02
1.358204931020736694e-01
1.225465759634971619e-01
1.574588268995285034e-01
1.449126899242401123e-01
1.641060858964920044e-01
1.275408118963241577e-01
1.616644263267517090e-01
1.628177762031555176e-01
1.086117997765541077e-01
1.152497455477714539e-01
1.105177104473114014e-01
1.376353502273559570e-01
1.221370771527290344e-01
1.347427219152450562e-01
1.260933130979537964e-01
1.511701196432113647e-01
1.392723768949508667e-01
1.212863102555274963e-01
1.231504902243614197e-01
1.206919252872467041e-01
9.925296157598495483e-02
1.111487746238708496e-01
1.091320440173149109e-01
1.317615658044815063e-01
1.284606456756591797e-01
1.179274991154670715e-01
1.136519387364387512e-01
9.202895313501358032e-02
1.672470122575759888e-01
1.267139464616775513e-01
1.193605065345764160e-01
1.116101443767547607e-01
1.477522850036621094e-01
1.030876040458679199e-01
1.305057704448699951e-01
1.259049028158187866e-01
1.303041875362396240e-01
1.083918809890747070e-01
1.028868556022644043e-01
1.144307255744934082e-01
1.665358841419219971e-01
1.194121539592742920e-01
1.640387922525405884e-01
1.487256884574890137e-01
1.365305185317993164e-01
1.516722142696380615e-01
1.367465257644653320e-01
9.749951213598251343e-02
1.621684283018112183e-01
1.085639819502830505e-01
2.034579366445541382e-01
1.481679826974868774e-01
1.155564188957214355e-01
9.657686948776245117e-02
1.445536166429519653e-01
1.082010194659233093e-01
1.098692342638969421e-01
1.214876770973205566e-01
1.308061033487319946e-01
1.421499401330947876e-01
1.107719019055366516e-01
1.435204297304153442e-01
1.308141946792602539e-01
1.922787427902221680e-01
1.212150752544403076e-01
1.392955332994461060e-01
1.218320131301879883e-01
1.236121654510498047e-01
1.062406674027442932e-01
1.520825773477554321e-01
1.386706233024597168e-01
1.006684675812721252e-01
1.245912984013557434e-01
9.166171401739120483e-02
1.110342741012573242e-01
1.138332858681678772e-01
1.169056296348571777e-01
1.470518112182617188e-01
1.149534061551094055e-01
8.883481472730636597e-02
1.386642307043075562e-01
1.482485532760620117e-01
1.533695459365844727e-01
2.137019783258438110e-01
6.260266304016113281e-01
1.255979239940643311e-01
1.391234844923019409e-01
1.199358478188514709e-01
1.223141923546791077e-01
1.577838808298110962e-01
9.090582281351089478e-02
1.765314191579818726e-01
1.048823222517967224e-01
1.549057811498641968e-01
1.247407570481300354e-01
1.386018544435501099e-01
8.809676021337509155e-02
1.824118643999099731e-01
1.419219970703125000e-01
1.072307229042053223e-01
1.267420798540115356e-01
1.371574848890304565e-01
1.257728040218353271e-01
1.731369942426681519e-01
1.497398763895034790e-01
1.369668394327163696e-01
1.240647062659263611e-01
1.769019365310668945e-01
1.364102512598037720e-01
1.220097765326499939e-01
1.134183779358863831e-01
1.168004050850868225e-01
1.389282196760177612e-01
1.213117465376853943e-01
1.338255256414413452e-01
2.597723901271820068e-01
1.351545304059982300e-01
1.042922809720039368e-01
1.735091209411621094e-01
1.343851238489151001e-01
1.033436730504035950e-01
1.123488768935203552e-01
1.783328056335449219e-01
1.790755987167358398e-01
1.262036412954330444e-01
7.186141610145568848e-02
7.783085852861404419e-02
8.269033581018447876e-02
1.355378478765487671e-01
1.165645122528076172e-01
1.390647441148757935e-01
1.576161086559295654e-01
1.391894370317459106e-01
7.870043814182281494e-02
3.200668394565582275e-01
1.044511571526527405e-01
1.006921529769897461e-01
1.808826774358749390e-01
1.670671552419662476e-01
1.365926861763000488e-01
1.118077412247657776e-01
8.987271040678024292e-02
9.682968258857727051e-02
1.373638510704040527e-01
1.125969663262367249e-01
8.578338474035263062e-02
1.075787767767906189e-01
1.147470995783805847e-01
1.112895011901855469e-01
1.716920286417007446e-01
1.149675846099853516e-01
1.008037850260734558e-01
1.264388561248779297e-01
1.633510887622833252e-01
1.259368062019348145e-01
1.334054917097091675e-01
1.195112988352775574e-01
1.415747851133346558e-01
2.495924979448318481e-01
1.218468770384788513e-01
1.156797632575035095e-01
1.564479768276214600e-01
1.499872952699661255e-01
8.964455127716064453e-02
1.410325020551681519e-01
1.526100188493728638e-01
2.885295450687408447e-01
1.744387596845626831e-01
1.034683287143707275e-01
3.045194149017333984e-01
1.237115859985351562e-01
2.178888320922851562e-01
1.336436718702316284e-01
1.387611180543899536e-01
9.011671692132949829e-02
8.610054105520248413e-02
8.441945910453796387e-02
2.012573629617691040e-01
1.801435351371765137e-01
1.710117310285568237e-01
1.155762970447540283e-01
1.323301345109939575e-01
1.567092835903167725e-01
1.027688607573509216e-01
1.428308337926864624e-01
1.817783117294311523e-01
1.295839697122573853e-01
1.120066344738006592e-01
1.398903727531433105e-01
1.476268619298934937e-01
4.112354218959808350e-01
1.531144827604293823e-01
1.129348054528236389e-01
1.114742383360862732e-01
1.201787814497947693e-01
1.134895011782646179e-01
1.039319634437561035e-01
1.328074783086776733e-01
1.198115125298500061e-01
1.244449317455291748e-01
1.234465166926383972e-01
1.516957432031631470e-01
2.246806472539901733e-01
1.044682189822196960e-01
1.699561327695846558e-01
1.204750537872314453e-01
1.130534633994102478e-01
1.812480688095092773e-01
1.140040531754493713e-01
1.008574739098548889e-01
1.147279664874076843e-01
1.371392458677291870e-01
1.283213347196578979e-01
1.269777417182922363e-01
1.207246407866477966e-01
9.347772598266601562e-02
1.487813144922256470e-01
8.474197238683700562e-02
1.069364920258522034e-01
1.115900650620460510e-01
1.194957494735717773e-01
1.162610128521919250e-01
1.015898883342742920e-01
1.075462698936462402e-01
1.951317638158798218e-01
1.260872483253479004e-01
1.607351154088973999e-01
1.318349987268447876e-01
1.482401341199874878e-01
9.202829748392105103e-02
1.078434363007545471e-01
1.136618256568908691e-01
1.180341020226478577e-01
2.160258740186691284e-01
1.495567113161087036e-01
1.634724885225296021e-01
1.196760758757591248e-01
1.683209389448165894e-01
1.689601093530654907e-01
1.463776677846908569e-01
9.898074716329574585e-02
1.219247877597808838e-01
1.639098674058914185e-01
1.158473491668701172e-01
1.222806796431541443e-01
9.795943647623062134e-02
1.303880810737609863e-01
2.978098392486572266e-01
1.578760296106338501e-01
9.945807605981826782e-02
1.178633868694305420e-01
1.067078411579132080e-01
1.296199113130569458e-01
1.467800140380859375e-01
1.726894825696945190e-01
1.311458200216293335e-01
1.166977509856224060e-01
1.558387726545333862e-01
1.756042093038558960e-01
1.136530041694641113e-01
1.288507580757141113e-01
1.460559517145156860e-01
1.231084764003753662e-01
1.612650752067565918e-01
1.123449802398681641e-01
1.128087267279624939e-01
1.826777458190917969e-01
1.157682761549949646e-01
1.744603663682937622e-01
1.114879325032234192e-01
1.773330718278884888e-01
1.119429692625999451e-01
1.112708449363708496e-01
1.104993820190429688e-01
8.932463079690933228e-02
1.216134950518608093e-01
9.746253490447998047e-02
1.256308108568191528e-01
1.162413954734802246e-01
1.292366385459899902e-01
1.835979223251342773e-01
1.851644068956375122e-01
1.042247489094734192e-01
1.243633031845092773e-01
1.175338998436927795e-01
1.287502795457839966e-01
1.245352849364280701e-01
1.529591530561447144e-01
1.045689806342124939e-01
1.066429316997528076e-01
3.481062650680541992e-01
1.868605613708496094e-01
1.262720674276351929e-01
4.641549885272979736e-01
1.751555949449539185e-01
1.337829977273941040e-01
1.369688361883163452e-01
1.764499545097351074e-01
1.374178528785705566e-01
1.664264053106307983e-01
1.061137542128562927e-01
1.004681289196014404e-01
1.433461606502532959e-01
1.326118856668472290e-01
1.343416720628738403e-01
1.392858922481536865e-01
1.342392116785049438e-01
1.308704912662506104e-01
1.267942190170288086e-01
1.008074879646301270e-01
1.754422634840011597e-01
1.211387738585472107e-01
1.273115128278732300e-01
1.582124978303909302e-01
3.029074370861053467e-01
