1.011146545410156250e+00
1.011703968048095703e+00
8.026821613311767578e-01
1.634248733520507812e+00
1.015578269958496094e+00
6.369737982749938965e-01
6.941134929656982422e-01
6.847739219665527344e-01
9.807593822479248047e-01
7.771013379096984863e-01
7.601072192192077637e-01
9.630874991416931152e-01
6.940509676933288574e-01
6.304605603218078613e-01
6.557669639587402344e-01
1.167184114456176758e+00
6.495605707168579102e-01
4.804569184780120850e-01
6.867318153381347656e-01
7.806971073150634766e-01
6.759629249572753906e-01
5.125857591629028320e-01
5.628616809844970703e-01
9.351165890693664551e-01
6.780717372894287109e-01
6.309559941291809082e-01
6.735849380493164062e-01
5.062112212181091309e-01
5.345023274421691895e-01
9.663799405097961426e-01
7.948257327079772949e-01
6.778994202613830566e-01
5.891352295875549316e-01
5.432109832763671875e-01
1.040490746498107910e+00
8.092494606971740723e-01
8.332047462463378906e-01
1.014720320701599121e+00
7.288852334022521973e-01
7.618277668952941895e-01
5.686290264129638672e-01
6.746349334716796875e-01
6.709725856781005859e-01
7.640223503112792969e-01
6.393626332283020020e-01
6.473717689514160156e-01
6.332921385765075684e-01
5.750787258148193359e-01
7.066546082496643066e-01
7.565624117851257324e-01
6.516144275665283203e-01
5.154597759246826172e-01
6.632298827171325684e-01
6.622865796089172363e-01
6.114956736564636230e-01
5.869843363761901855e-01
4.053652286529541016e-01
9.654118418693542480e-01
8.505726456642150879e-01
9.211606979370117188e-01
6.886034607887268066e-01
7.397975921630859375e-01
6.283835768699645996e-01
9.175375103950500488e-01
7.812135815620422363e-01
5.597936511039733887e-01
6.401241421699523926e-01
7.269423007965087891e-01
5.729591250419616699e-01
1.214547514915466309e+00
6.374080777168273926e-01
4.238381087779998779e-01
7.852535247802734375e-01
6.696138381958007812e-01
5.177626609802246094e-01
7.734869122505187988e-01
5.669460892677307129e-01
6.433234214782714844e-01
6.823863983154296875e-01
6.782098412513732910e-01
8.503649234771728516e-01
6.061563491821289062e-01
1.098231673240661621e+00
6.820874214172363281e-01
6.205080151557922363e-01
7.225227952003479004e-01
5.128945708274841309e-01
6.865100264549255371e-01
6.170672774314880371e-01
7.334213256835937500e-01
4.597532451152801514e-01
8.080043196678161621e-01
8.289911746978759766e-01
4.274032413959503174e-01
6.708620190620422363e-01
6.430569887161254883e-01
7.102342247962951660e-01
6.349883675575256348e-01
5.584837794303894043e-01
7.066395878791809082e-01
1.043043494224548340e+00
6.039966940879821777e-01
5.506084561347961426e-01
6.304513216018676758e-01
4.990535974502563477e-01
5.654283165931701660e-01
4.902572333812713623e-01
4.226540327072143555e-01
5.297792553901672363e-01
5.822272896766662598e-01
6.130637526512145996e-01
4.266293942928314209e-01
5.209062099456787109e-01
6.748654842376708984e-01
6.040702462196350098e-01
5.034542679786682129e-01
5.925801992416381836e-01
6.003634333610534668e-01
4.875135421752929688e-01
8.798213005065917969e-01
6.957779526710510254e-01
6.741878390312194824e-01
7.796911597251892090e-01
6.033683419227600098e-01
8.128601908683776855e-01
6.692762374877929688e-01
8.559657931327819824e-01
6.412408947944641113e-01
6.359297633171081543e-01
8.087024688720703125e-01
8.388338685035705566e-01
7.144690155982971191e-01
8.224408030509948730e-01
6.107679009437561035e-01
6.080464124679565430e-01
7.541079521179199219e-01
6.818283200263977051e-01
7.743926048278808594e-01
7.433946728706359863e-01
6.367914080619812012e-01
6.862058639526367188e-01
5.991837382316589355e-01
6.524579524993896484e-01
6.072447896003723145e-01
6.526709198951721191e-01
4.938347339630126953e-01
4.629791676998138428e-01
5.794019103050231934e-01
5.429356098175048828e-01
9.150381684303283691e-01
5.101948976516723633e-01
4.882256090641021729e-01
5.689740777015686035e-01
7.157829403877258301e-01
5.510454177856445312e-01
6.598002910614013672e-01
7.427453994750976562e-01
6.529666781425476074e-01
4.872632026672363281e-01
6.851472854614257812e-01
5.988463759422302246e-01
6.812415122985839844e-01
5.338912606239318848e-01
7.426437735557556152e-01
3.998295366764068604e-01
5.821495652198791504e-01
6.701796054840087891e-01
7.913177609443664551e-01
5.624042153358459473e-01
4.985546767711639404e-01
5.543797612190246582e-01
8.918635845184326172e-01
7.290609478950500488e-01
6.508774757385253906e-01
4.567885398864746094e-01
5.769207477569580078e-01
5.193147659301757812e-01
5.168021321296691895e-01
5.732214450836181641e-01
8.002910614013671875e-01
6.582168936729431152e-01
5.401113629341125488e-01
6.896052360534667969e-01
6.490786671638488770e-01
5.807402133941650391e-01
7.506709098815917969e-01
5.586337447166442871e-01
3.986778259277343750e-01
7.085480690002441406e-01
8.265070915222167969e-01
6.248667836189270020e-01
6.040378212928771973e-01
9.165183901786804199e-01
3.536568582057952881e-01
7.858109474182128906e-01
3.550246953964233398e-01
6.502817273139953613e-01
5.271306037902832031e-01
6.273319125175476074e-01
7.090041041374206543e-01
6.366482973098754883e-01
5.889146924018859863e-01
5.933666825294494629e-01
7.343012690544128418e-01
3.812731206417083740e-01
6.111178994178771973e-01
5.825133323669433594e-01
5.698181986808776855e-01
5.391498804092407227e-01
5.545550584793090820e-01
5.551896095275878906e-01
7.586825489997863770e-01
6.561014652252197266e-01
4.377004802227020264e-01
4.981822669506072998e-01
5.073104500770568848e-01
5.166223049163818359e-01
7.016755938529968262e-01
6.025351285934448242e-01
4.242198467254638672e-01
8.330504298210144043e-01
8.522602915763854980e-01
5.561940670013427734e-01
7.207651734352111816e-01
8.382418751716613770e-01
1.090904712677001953e+00
4.541346728801727295e-01
5.826440453529357910e-01
5.744751095771789551e-01
6.221311688423156738e-01
5.300062894821166992e-01
6.319200992584228516e-01
4.615508019924163818e-01
5.838298797607421875e-01
5.414108037948608398e-01
8.327247500419616699e-01
5.130056738853454590e-01
5.835419893264770508e-01
7.681789994239807129e-01
5.101399421691894531e-01
5.983650684356689453e-01
7.092421650886535645e-01
8.233732581138610840e-01
5.097144246101379395e-01
5.851793885231018066e-01
6.449645161628723145e-01
9.738060832023620605e-01
7.481091618537902832e-01
6.468994021415710449e-01
9.498944282531738281e-01
7.690297961235046387e-01
7.335541844367980957e-01
7.950458526611328125e-01
6.866199970245361328e-01
6.891546845436096191e-01
7.563974857330322266e-01
9.178637862205505371e-01
4.328328669071197510e-01
8.637221455574035645e-01
6.236310601234436035e-01
5.645555853843688965e-01
6.583678126335144043e-01
4.587898254394531250e-01
6.011281609535217285e-01
8.335809707641601562e-01
6.113174557685852051e-01
5.864587426185607910e-01
8.816720843315124512e-01
5.006537437438964844e-01
6.331184506416320801e-01
7.310900092124938965e-01
8.650196194648742676e-01
5.272908806800842285e-01
6.296315789222717285e-01
6.136154532432556152e-01
6.761354804039001465e-01
7.210864424705505371e-01
6.749152541160583496e-01
6.621800065040588379e-01
5.335409045219421387e-01
6.608319878578186035e-01
6.367309689521789551e-01
4.205993413925170898e-01
8.902001976966857910e-01
5.269956588745117188e-01
5.962932705879211426e-01
5.348060727119445801e-01
7.946681976318359375e-01
5.066660046577453613e-01
1.048983812332153320e+00
6.162559986114501953e-01
5.105965137481689453e-01
5.637461543083190918e-01
4.397772848606109619e-01
6.951683163642883301e-01
6.845390200614929199e-01
4.282272160053253174e-01
1.143826246261596680e+00
6.962773799896240234e-01
6.457713842391967773e-01
1.007556557655334473e+00
9.424371719360351562e-01
6.293739676475524902e-01
6.988086700439453125e-01
7.460715174674987793e-01
8.941136002540588379e-01
6.765338778495788574e-01
8.066529631614685059e-01
5.621623992919921875e-01
8.048842549324035645e-01
9.408408999443054199e-01
7.031135559082031250e-01
6.235737204551696777e-01
5.961601138114929199e-01
7.061438560485839844e-01
6.267204284667968750e-01
5.515713095664978027e-01
6.449059247970581055e-01
6.526132225990295410e-01
6.183956861495971680e-01
6.281490921974182129e-01
5.783028006553649902e-01
7.742853164672851562e-01
7.704396247863769531e-01
5.949035882949829102e-01
5.694368481636047363e-01
5.516832470893859863e-01
6.891587376594543457e-01
6.813559532165527344e-01
7.908148169517517090e-01
4.342586100101470947e-01
4.995272159576416016e-01
5.996473431587219238e-01
6.217614412307739258e-01
7.439804673194885254e-01
5.452442169189453125e-01
5.198020935058593750e-01
5.209505558013916016e-01
6.496230959892272949e-01
4.686987698078155518e-01
5.502335429191589355e-01
6.187852621078491211e-01
6.319280266761779785e-01
6.744177937507629395e-01
5.328532457351684570e-01
5.604817867279052734e-01
7.111973762512207031e-01
7.113599777221679688e-01
5.307422280311584473e-01
7.415513396263122559e-01
6.205459237098693848e-01
9.940629005432128906e-01
5.251798629760742188e-01
4.061230719089508057e-01
8.122143745422363281e-01
4.864000082015991211e-01
6.715763211250305176e-01
6.673600673675537109e-01
4.730139672756195068e-01
7.385954856872558594e-01
5.428382158279418945e-01
6.215161085128784180e-01
6.276251673698425293e-01
5.528394579887390137e-01
7.286292910575866699e-01
7.003660798072814941e-01
6.678420901298522949e-01
5.801562666893005371e-01
7.572110295295715332e-01
4.825650751590728760e-01
7.244915366172790527e-01
4.888848960399627686e-01
6.613581776618957520e-01
4.568254947662353516e-01
4.722434580326080322e-01
6.116717457771301270e-01
6.075664162635803223e-01
6.812623143196105957e-01
5.936176180839538574e-01
6.565245985984802246e-01
5.314665436744689941e-01
5.142232775688171387e-01
8.989889025688171387e-01
5.283442139625549316e-01
7.623587250709533691e-01
6.678469777107238770e-01
4.631618559360504150e-01
8.546692728996276855e-01
5.806402564048767090e-01
6.506692767143249512e-01
5.654809474945068359e-01
5.013921856880187988e-01
6.474504470825195312e-01
6.788055300712585449e-01
3.912049233913421631e-01
5.075017809867858887e-01
4.360204637050628662e-01
7.760836482048034668e-01
6.002623438835144043e-01
6.581007242202758789e-01
7.475982308387756348e-01
4.558078050613403320e-01
5.153334140777587891e-01
9.744226932525634766e-01
5.789767503738403320e-01
6.808499693870544434e-01
4.914180338382720947e-01
8.247981667518615723e-01
5.685361027717590332e-01
7.512281537055969238e-01
4.191038608551025391e-01
7.463695406913757324e-01
6.994025111198425293e-01
4.752981662750244141e-01
5.970254540443420410e-01
5.529420375823974609e-01
5.435155034065246582e-01
5.040977001190185547e-01
4.173776209354400635e-01
7.437784671783447266e-01
4.861397743225097656e-01
6.540829539299011230e-01
4.655259549617767334e-01
6.323524713516235352e-01
6.142401099205017090e-01
5.957033634185791016e-01
8.099737763404846191e-01
4.243442118167877197e-01
7.455444335937500000e-01
4.730537235736846924e-01
5.150842666625976562e-01
4.840969145298004150e-01
4.624433517456054688e-01
6.235325336456298828e-01
4.898549616336822510e-01
4.147045910358428955e-01
5.973445773124694824e-01
5.838513970375061035e-01
5.230472683906555176e-01
3.957922458648681641e-01
6.566739082336425781e-01
6.309341788291931152e-01
4.858081340789794922e-01
2.936167418956756592e-01
8.118937015533447266e-01
5.741190910339355469e-01
4.828107357025146484e-01
5.740526914596557617e-01
5.437025427818298340e-01
4.967226684093475342e-01
5.765583515167236328e-01
4.266740381717681885e-01
5.417912602424621582e-01
8.131015896797180176e-01
6.761722564697265625e-01
5.963429212570190430e-01
4.937116205692291260e-01
4.587344229221343994e-01
4.811637401580810547e-01
7.794620394706726074e-01
4.807012975215911865e-01
5.586883425712585449e-01
3.840762078762054443e-01
5.251852273941040039e-01
6.383140683174133301e-01
4.577085673809051514e-01
5.725796222686767578e-01
4.875657856464385986e-01
4.522071182727813721e-01
4.340788424015045166e-01
6.821541786193847656e-01
7.200428843498229980e-01
5.274045467376708984e-01
5.570709109306335449e-01
5.187312960624694824e-01
5.104787349700927734e-01
8.341767191886901855e-01
6.791405677795410156e-01
6.873417496681213379e-01
5.216878652572631836e-01
5.732973217964172363e-01
4.640909731388092041e-01
5.035216212272644043e-01
7.380136847496032715e-01
9.281623363494873047e-01
6.632149219512939453e-01
6.822516322135925293e-01
4.236509799957275391e-01
7.079372406005859375e-01
5.388699173927307129e-01
4.922064244747161865e-01
5.211586952209472656e-01
7.165226340293884277e-01
6.182831525802612305e-01
5.609129071235656738e-01
7.067341804504394531e-01
6.022481322288513184e-01
4.243488013744354248e-01
5.236802697181701660e-01
3.880535662174224854e-01
5.547380447387695312e-01
4.720382392406463623e-01
4.533115625381469727e-01
5.468977093696594238e-01
6.088664531707763672e-01
3.962055146694183350e-01
4.919544160366058350e-01
3.897997438907623291e-01
4.758222997188568115e-01
7.529705166816711426e-01
7.181497216224670410e-01
5.708451271057128906e-01
8.074128627777099609e-01
4.212239682674407959e-01
5.109493732452392578e-01
4.963780641555786133e-01
6.858086585998535156e-01
5.080394744873046875e-01
5.569927692413330078e-01
7.601866126060485840e-01
4.558120667934417725e-01
5.678122043609619141e-01
8.766340613365173340e-01
5.866773128509521484e-01
4.705667495727539062e-01
4.036731719970703125e-01
5.434474349021911621e-01
7.851748466491699219e-01
6.343483924865722656e-01
5.837581157684326172e-01
9.838851094245910645e-01
6.804724335670471191e-01
5.937368869781494141e-01
5.213030576705932617e-01
8.571941256523132324e-01
6.828808188438415527e-01
6.173074841499328613e-01
1.131875157356262207e+00
4.081161916255950928e-01
1.206944227218627930e+00
9.788990616798400879e-01
9.840340614318847656e-01
1.511881470680236816e+00
1.004449963569641113e+00
8.723835945129394531e-01
8.789339065551757812e-01
5.850183367729187012e-01
5.862869620323181152e-01
9.121263623237609863e-01
9.476279616355895996e-01
6.822487711906433105e-01
4.784574806690216064e-01
8.509548306465148926e-01
4.651796817779541016e-01
9.524137973785400391e-01
8.295193314552307129e-01
7.289295196533203125e-01
8.552155494689941406e-01
4.744955003261566162e-01
8.968224525451660156e-01
8.342542648315429688e-01
7.559959888458251953e-01
5.985531806945800781e-01
7.240723967552185059e-01
4.256462156772613525e-01
6.602119803428649902e-01
4.510531425476074219e-01
9.810859560966491699e-01
6.245189309120178223e-01
6.583435535430908203e-01
6.036373972892761230e-01
8.148285746574401855e-01
5.496153235435485840e-01
6.030569076538085938e-01
7.033693194389343262e-01
5.213294625282287598e-01
4.989825785160064697e-01
5.904000401496887207e-01
6.133744716644287109e-01
6.303989291191101074e-01
4.770265519618988037e-01
1.161620378494262695e+00
6.390975117683410645e-01
7.320147156715393066e-01
5.688153505325317383e-01
5.874333381652832031e-01
5.022413730621337891e-01
6.163823008537292480e-01
5.998300909996032715e-01
4.507457911968231201e-01
1.012931466102600098e+00
5.387883186340332031e-01
7.738505005836486816e-01
8.679017424583435059e-01
8.403025269508361816e-01
6.942618489265441895e-01
5.846682190895080566e-01
7.399743199348449707e-01
6.017312407493591309e-01
7.688939571380615234e-01
5.763356089591979980e-01
4.867613315582275391e-01
7.861065268516540527e-01
7.237937450408935547e-01
6.260797381401062012e-01
4.890460073947906494e-01
6.436138749122619629e-01
5.245437622070312500e-01
5.096020102500915527e-01
5.565376877784729004e-01
5.660557150840759277e-01
5.125105977058410645e-01
5.090164542198181152e-01
6.684777140617370605e-01
4.772558510303497314e-01
8.487331271171569824e-01
5.135631561279296875e-01
5.908921360969543457e-01
6.219656467437744141e-01
5.305908322334289551e-01
5.344719290733337402e-01
9.227628707885742188e-01
4.739519655704498291e-01
6.050689220428466797e-01
5.666365623474121094e-01
6.425808072090148926e-01
6.020520329475402832e-01
8.303267955780029297e-01
6.404765248298645020e-01
6.119486093521118164e-01
6.191701292991638184e-01
5.654582977294921875e-01
4.134859740734100342e-01
6.968483924865722656e-01
4.706672728061676025e-01
6.512442827224731445e-01
6.561110615730285645e-01
7.282089591026306152e-01
4.852093756198883057e-01
4.580641984939575195e-01
5.564179420471191406e-01
5.386634469032287598e-01
7.512877583503723145e-01
5.720923542976379395e-01
6.100494265556335449e-01
5.446156859397888184e-01
3.839699327945709229e-01
6.968957781791687012e-01
6.024681329727172852e-01
3.729076683521270752e-01
1.009499430656433105e+00
5.610868334770202637e-01
5.656387209892272949e-01
6.585704684257507324e-01
5.311289429664611816e-01
5.906813740730285645e-01
7.556765675544738770e-01
7.042899131774902344e-01
8.499910831451416016e-01
4.041465520858764648e-01
7.268848419189453125e-01
7.074093818664550781e-01
1.081847667694091797e+00
6.211543679237365723e-01
4.895323514938354492e-01
9.651909470558166504e-01
7.598802447319030762e-01
6.998193860054016113e-01
5.425474047660827637e-01
4.894782006740570068e-01
8.045623302459716797e-01
5.511937737464904785e-01
5.445578694343566895e-01
5.722067952156066895e-01
4.772296249866485596e-01
9.078837037086486816e-01
5.516331791877746582e-01
3.813970983028411865e-01
5.978681445121765137e-01
6.320214867591857910e-01
6.497380137443542480e-01
7.562190890312194824e-01
8.347454071044921875e-01
3.665220737457275391e-01
7.565219998359680176e-01
6.433678865432739258e-01
4.677886962890625000e-01
5.274956822395324707e-01
6.582002043724060059e-01
6.080237030982971191e-01
5.774145722389221191e-01
6.631227135658264160e-01
5.381019711494445801e-01
5.128327608108520508e-01
5.196817517280578613e-01
5.432434678077697754e-01
6.648364663124084473e-01
6.428616046905517578e-01
5.967637896537780762e-01
4.594472348690032959e-01
7.626178860664367676e-01
7.930579781532287598e-01
9.405668377876281738e-01
5.692242980003356934e-01
5.259438157081604004e-01
6.253280043601989746e-01
5.844649672508239746e-01
5.875377058982849121e-01
6.057744622230529785e-01
5.470272302627563477e-01
7.074431777000427246e-01
5.690465569496154785e-01
5.934761166572570801e-01
5.964247584342956543e-01
7.554895877838134766e-01
4.225897789001464844e-01
7.323392033576965332e-01
5.286687612533569336e-01
5.010376572608947754e-01
5.807569622993469238e-01
5.845656394958496094e-01
5.941566824913024902e-01
7.501977086067199707e-01
4.422106742858886719e-01
5.517840981483459473e-01
4.754178225994110107e-01
4.300467073917388916e-01
1.241944193840026855e+00
5.416450500488281250e-01
1.500429511070251465e+00
9.309604167938232422e-01
1.061902642250061035e+00
9.558565020561218262e-01
4.598388671875000000e-01
1.039755582809448242e+00
1.028394460678100586e+00
7.858066558837890625e-01
6.280213594436645508e-01
8.422982096672058105e-01
6.506659388542175293e-01
5.960201621055603027e-01
6.579346060752868652e-01
1.090058684349060059e+00
4.130043983459472656e-01
5.291489958763122559e-01
5.130640268325805664e-01
5.360780358314514160e-01
6.705008149147033691e-01
4.480244815349578857e-01
6.611793637275695801e-01
4.000420570373535156e-01
1.308318018913269043e+00
6.283330321311950684e-01
4.409039318561553955e-01
6.894650459289550781e-01
8.846156001091003418e-01
5.323986411094665527e-01
7.321977019309997559e-01
6.469879746437072754e-01
4.925909936428070068e-01
5.272040963172912598e-01
7.485305666923522949e-01
5.233852863311767578e-01
5.345093607902526855e-01
5.418487191200256348e-01
4.555385112762451172e-01
6.210145354270935059e-01
7.774303555488586426e-01
4.927314519882202148e-01
6.238728165626525879e-01
8.035401701927185059e-01
6.169936656951904297e-01
6.604823470115661621e-01
7.009233832359313965e-01
6.167984008789062500e-01
5.652512907981872559e-01
5.463021397590637207e-01
5.844654440879821777e-01
4.947222173213958740e-01
6.527175903320312500e-01
5.843463540077209473e-01
5.683668851852416992e-01
5.923145413398742676e-01
4.389166831970214844e-01
4.903191626071929932e-01
9.332742691040039062e-01
7.126529216766357422e-01
5.289641618728637695e-01
7.079079151153564453e-01
5.837278366088867188e-01
5.583534836769104004e-01
6.861177086830139160e-01
7.450434565544128418e-01
7.383218407630920410e-01
5.392755866050720215e-01
6.167805790901184082e-01
5.012852549552917480e-01
4.937070906162261963e-01
5.661409497261047363e-01
5.130481719970703125e-01
5.205118656158447266e-01
7.023553848266601562e-01
3.984282910823822021e-01
5.857038497924804688e-01
5.013666749000549316e-01
7.812456488609313965e-01
7.754954695701599121e-01
4.542513787746429443e-01
6.344445347785949707e-01
5.042988657951354980e-01
6.818820834159851074e-01
6.182808279991149902e-01
4.111534059047698975e-01
5.304713249206542969e-01
4.888731241226196289e-01
4.179502725601196289e-01
3.918310105800628662e-01
4.103920459747314453e-01
5.034347176551818848e-01
6.096495389938354492e-01
6.950610280036926270e-01
4.621986150741577148e-01
5.017354488372802734e-01
6.125438809394836426e-01
4.053603410720825195e-01
7.840080857276916504e-01
6.012837290763854980e-01
6.881945729255676270e-01
5.269647240638732910e-01
5.863698720932006836e-01
7.791706919670104980e-01
6.958722472190856934e-01
4.405380189418792725e-01
6.402902603149414062e-01
5.809658169746398926e-01
6.027688384056091309e-01
5.360487103462219238e-01
6.221531033515930176e-01
5.696340799331665039e-01
5.136372447013854980e-01
8.077371716499328613e-01
5.297985672950744629e-01
5.478112101554870605e-01
6.218560338020324707e-01
4.205119311809539795e-01
4.738549888134002686e-01
5.315183401107788086e-01
5.809958577156066895e-01
4.578239023685455322e-01
6.058051586151123047e-01
9.531249403953552246e-01
4.665298461914062500e-01
7.349078059196472168e-01
5.442212224006652832e-01
4.399558007717132568e-01
8.503109812736511230e-01
5.474494099617004395e-01
4.645345211029052734e-01
6.311939358711242676e-01
6.043933033943176270e-01
4.904615879058837891e-01
6.968763470649719238e-01
5.851788520812988281e-01
6.708651185035705566e-01
8.868553042411804199e-01
4.681134521961212158e-01
7.904336452484130859e-01
5.178443193435668945e-01
3.516065180301666260e-01
6.772721409797668457e-01
7.897400856018066406e-01
4.823163747787475586e-01
1.037270426750183105e+00
5.068781971931457520e-01
4.731909334659576416e-01
7.196874022483825684e-01
7.085618972778320312e-01
3.991842269897460938e-01
6.699504852294921875e-01
6.459483504295349121e-01
7.872650027275085449e-01
5.695620775222778320e-01
5.868698358535766602e-01
4.537141025066375732e-01
5.357292294502258301e-01
8.274459838867187500e-01
5.439523458480834961e-01
4.802674055099487305e-01
5.746417045593261719e-01
6.061820387840270996e-01
6.401975154876708984e-01
4.016375541687011719e-01
5.529875159263610840e-01
3.617923259735107422e-01
5.974962711334228516e-01
5.681151747703552246e-01
4.839893579483032227e-01
6.003691554069519043e-01
6.044797897338867188e-01
5.458248853683471680e-01
6.814153790473937988e-01
6.874623298645019531e-01
5.503082275390625000e-01
5.442492365837097168e-01
6.612840294837951660e-01
7.697367668151855469e-01
5.230246186256408691e-01
5.571570992469787598e-01
4.112666547298431396e-01
7.029750347137451172e-01
6.267287731170654297e-01
6.190024018287658691e-01
5.901157855987548828e-01
5.046021938323974609e-01
5.157104730606079102e-01
4.744890630245208740e-01
5.794633626937866211e-01
6.509246826171875000e-01
6.009233593940734863e-01
6.259092092514038086e-01
6.061131358146667480e-01
4.595514833927154541e-01
7.293105721473693848e-01
4.595289230346679688e-01
6.961886286735534668e-01
5.335462689399719238e-01
7.636362910270690918e-01
5.123534798622131348e-01
5.792058110237121582e-01
5.658608078956604004e-01
5.781793594360351562e-01
7.421331405639648438e-01
1.138600111007690430e+00
3.814761936664581299e-01
6.939488053321838379e-01
7.016590237617492676e-01
4.780538082122802734e-01
4.482469558715820312e-01
4.762230813503265381e-01
5.147976875305175781e-01
5.524274706840515137e-01
7.960926890373229980e-01
5.720444321632385254e-01
5.695841312408447266e-01
7.183551192283630371e-01
4.781710207462310791e-01
6.145527362823486328e-01
3.804601728916168213e-01
6.295648217201232910e-01
6.286415457725524902e-01
4.232669770717620850e-01
7.052710652351379395e-01
7.768289446830749512e-01
6.782929897308349609e-01
4.475594758987426758e-01
5.745576024055480957e-01
5.574169754981994629e-01
5.081950426101684570e-01
5.152613520622253418e-01
4.377939403057098389e-01
4.718334674835205078e-01
5.965072512626647949e-01
4.267032444477081299e-01
9.006446003913879395e-01
6.228885650634765625e-01
9.990180134773254395e-01
3.483731746673583984e-01
7.112178802490234375e-01
5.458874106407165527e-01
5.688309669494628906e-01
3.718396425247192383e-01
4.952344000339508057e-01
6.832329630851745605e-01
6.304501295089721680e-01
4.942863285541534424e-01
5.284454226493835449e-01
5.472629070281982422e-01
4.125552177429199219e-01
4.795982837677001953e-01
4.956824779510498047e-01
6.454966664314270020e-01
4.963110983371734619e-01
5.475800633430480957e-01
5.524508357048034668e-01
6.494324803352355957e-01
3.999927937984466553e-01
6.215758323669433594e-01
8.337132930755615234e-01
5.240551829338073730e-01
5.029246211051940918e-01
5.475446581840515137e-01
7.443370819091796875e-01
5.948361754417419434e-01
4.639198780059814453e-01
4.408129155635833740e-01
5.790445804595947266e-01
6.594592928886413574e-01
7.098479866981506348e-01
5.510889887809753418e-01
6.421678066253662109e-01
5.959541201591491699e-01
1.023486256599426270e+00
3.940641880035400391e-01
6.322337985038757324e-01
6.483071446418762207e-01
5.343121886253356934e-01
3.085152506828308105e-01
9.887478947639465332e-01
8.872491717338562012e-01
6.456270813941955566e-01
5.877314209938049316e-01
7.543807029724121094e-01
5.923033356666564941e-01
8.880631327629089355e-01
9.506220817565917969e-01
7.594854235649108887e-01
5.510508418083190918e-01
6.053893566131591797e-01
5.901627540588378906e-01
4.965528547763824463e-01
7.000474333763122559e-01
6.484730243682861328e-01
4.473609030246734619e-01
7.559297084808349609e-01
8.426200747489929199e-01
8.122091293334960938e-01
6.762921810150146484e-01
6.353717446327209473e-01
6.849775314331054688e-01
1.001611590385437012e+00
6.396315693855285645e-01
6.508690714836120605e-01
4.621002674102783203e-01
7.143275737762451172e-01
5.760235190391540527e-01
7.688533663749694824e-01
6.132333278656005859e-01
6.218300461769104004e-01
4.384262561798095703e-01
4.409496486186981201e-01
7.564436793327331543e-01
6.882691383361816406e-01
5.294740796089172363e-01
4.793240129947662354e-01
8.034055829048156738e-01
6.623103618621826172e-01
5.253981947898864746e-01
5.577227473258972168e-01
9.090836644172668457e-01
7.528676390647888184e-01
6.003177165985107422e-01
7.936159968376159668e-01
6.250516176223754883e-01
8.230811953544616699e-01
4.507394731044769287e-01
4.433625638484954834e-01
4.695948064327239990e-01
6.894741654396057129e-01
6.141240596771240234e-01
4.324080944061279297e-01
5.254180431365966797e-01
7.605527043342590332e-01
5.440471768379211426e-01
5.324451327323913574e-01
5.336886644363403320e-01
4.145252704620361328e-01
7.244572639465332031e-01
5.622639060020446777e-01
7.955803275108337402e-01
5.562562346458435059e-01
5.171884298324584961e-01
6.615051031112670898e-01
6.344748139381408691e-01
3.745559751987457275e-01
5.852281451225280762e-01
4.799227714538574219e-01
8.371866345405578613e-01
6.433023810386657715e-01
5.580962300300598145e-01
5.219998359680175781e-01
3.790158331394195557e-01
5.162076354026794434e-01
5.166649222373962402e-01
5.781211853027343750e-01
8.590874671936035156e-01
6.818573474884033203e-01
5.306224226951599121e-01
6.874119639396667480e-01
5.673186779022216797e-01
4.978414773941040039e-01
9.645921587944030762e-01
5.239096283912658691e-01
7.859816551208496094e-01
7.948897480964660645e-01
5.712506771087646484e-01
7.689411044120788574e-01
5.110356211662292480e-01
5.649198889732360840e-01
6.142931580543518066e-01
5.343366265296936035e-01
5.411477088928222656e-01
7.000498175621032715e-01
5.939978957176208496e-01
6.668824553489685059e-01
4.605228602886199951e-01
9.312751293182373047e-01
3.879137039184570312e-01
4.542594850063323975e-01
6.614741086959838867e-01
5.232678055763244629e-01
7.621843218803405762e-01
6.768278479576110840e-01
5.671165585517883301e-01
5.232873558998107910e-01
6.855328679084777832e-01
4.748120307922363281e-01
5.129712820053100586e-01
6.862559318542480469e-01
6.568358540534973145e-01
4.008513987064361572e-01
3.248337805271148682e-01
5.205759406089782715e-01
5.373883247375488281e-01
9.017936587333679199e-01
5.804038047790527344e-01
6.970190405845642090e-01
6.390183568000793457e-01
7.147826552391052246e-01
5.545231699943542480e-01
6.053011417388916016e-01
6.670110225677490234e-01
3.706007897853851318e-01
4.864822924137115479e-01
6.153827905654907227e-01
6.300134658813476562e-01
5.598096251487731934e-01
5.869848132133483887e-01
5.545521378517150879e-01
5.004821419715881348e-01
4.694856107234954834e-01
6.234079599380493164e-01
6.027398705482482910e-01
5.908737778663635254e-01
4.671784937381744385e-01
5.638340711593627930e-01
5.585731863975524902e-01
7.171352505683898926e-01
7.556112408638000488e-01
5.073075294494628906e-01
6.399528980255126953e-01
4.048583805561065674e-01
4.410816133022308350e-01
6.117592453956604004e-01
6.134051084518432617e-01
7.396934628486633301e-01
5.052019357681274414e-01
4.900668561458587646e-01
5.423439741134643555e-01
6.574792861938476562e-01
6.788117289543151855e-01
5.046138167381286621e-01
9.495100975036621094e-01
5.853053927421569824e-01
5.767259001731872559e-01
5.397474169731140137e-01
9.358818531036376953e-01
7.006464004516601562e-01
5.442298054695129395e-01
7.518625259399414062e-01
7.029775977134704590e-01
5.914735794067382812e-01
7.555046081542968750e-01
5.562386512756347656e-01
7.544158101081848145e-01
4.934000074863433838e-01
5.691549181938171387e-01
5.159529447555541992e-01
8.608508110046386719e-01
6.276939511299133301e-01
5.349774956703186035e-01
4.992589056491851807e-01
3.398783206939697266e-01
7.606232762336730957e-01
4.927742183208465576e-01
8.529770970344543457e-01
7.343786358833312988e-01
6.034659743309020996e-01
4.355753958225250244e-01
5.881970524787902832e-01
6.241756081581115723e-01
6.228812932968139648e-01
6.025490760803222656e-01
5.349482297897338867e-01
7.506665587425231934e-01
4.933804571628570557e-01
9.308401942253112793e-01
6.180021166801452637e-01
8.989319801330566406e-01
5.235200524330139160e-01
5.699692368507385254e-01
3.701696395874023438e-01
4.635823667049407959e-01
6.062360405921936035e-01
4.210995435714721680e-01
4.482403695583343506e-01
6.181389689445495605e-01
4.962292909622192383e-01
4.346755445003509521e-01
6.958799362182617188e-01
6.872234940528869629e-01
6.233081221580505371e-01
7.634803652763366699e-01
6.479924321174621582e-01
6.525224447250366211e-01
6.391278505325317383e-01
5.054414272308349609e-01
5.831233859062194824e-01
3.092331886291503906e-01
6.309391260147094727e-01
5.631687641143798828e-01
4.080470800399780273e-01
3.228961229324340820e-01
3.970581293106079102e-01
4.431127011775970459e-01
3.608306944370269775e-01
3.987805843353271484e-01
6.909503936767578125e-01
5.859387516975402832e-01
9.070360660552978516e-01
5.208211541175842285e-01
4.688567221164703369e-01
6.376504302024841309e-01
6.262667775154113770e-01
5.985116362571716309e-01
5.616391301155090332e-01
5.661109685897827148e-01
5.539460778236389160e-01
5.426451563835144043e-01
4.421542584896087646e-01
6.950262188911437988e-01
5.743132233619689941e-01
4.871513843536376953e-01
4.846077263355255127e-01
5.019351840019226074e-01
6.317191720008850098e-01
5.716996788978576660e-01
7.110455632209777832e-01
6.110486388206481934e-01
5.580156445503234863e-01
1.007810592651367188e+00
6.122697591781616211e-01
5.023538470268249512e-01
3.784185945987701416e-01
6.082190275192260742e-01
6.001479029655456543e-01
4.185614883899688721e-01
4.666815996170043945e-01
5.087446570396423340e-01
6.859224438667297363e-01
5.081798434257507324e-01
4.027136266231536865e-01
4.738552570343017578e-01
4.167338609695434570e-01
6.118580102920532227e-01
6.112568378448486328e-01
4.300629794597625732e-01
5.155792832374572754e-01
4.956237375736236572e-01
5.300386548042297363e-01
4.642720520496368408e-01
4.797947704792022705e-01
5.992798209190368652e-01
5.716915726661682129e-01
5.895459651947021484e-01
4.966172873973846436e-01
6.555897593498229980e-01
5.623754262924194336e-01
7.039965987205505371e-01
4.657435715198516846e-01
5.408922433853149414e-01
6.582584977149963379e-01
8.268937468528747559e-01
4.593207836151123047e-01
6.159007549285888672e-01
3.802542984485626221e-01
5.470343232154846191e-01
4.195376932621002197e-01
6.871920228004455566e-01
5.620660781860351562e-01
5.849554538726806641e-01
2.660683393478393555e-01
4.349696636199951172e-01
3.511391580104827881e-01
5.031783580780029297e-01
5.286435484886169434e-01
6.324732899665832520e-01
4.953075945377349854e-01
4.716683626174926758e-01
4.982548952102661133e-01
6.005908846855163574e-01
5.622290968894958496e-01
5.739342570304870605e-01
6.767566800117492676e-01
5.662000179290771484e-01
4.352976977825164795e-01
4.903539419174194336e-01
3.905411958694458008e-01
3.263616859912872314e-01
9.673547744750976562e-01
5.069118142127990723e-01
6.691210269927978516e-01
8.278285861015319824e-01
5.330705046653747559e-01
4.900443553924560547e-01
5.699979662895202637e-01
5.786733627319335938e-01
6.436889767646789551e-01
5.805713534355163574e-01
6.728644371032714844e-01
4.200814962387084961e-01
7.420919537544250488e-01
4.126234054565429688e-01
4.621341228485107422e-01
4.806561470031738281e-01
5.147791504859924316e-01
5.197120308876037598e-01
7.180359959602355957e-01
5.715329647064208984e-01
6.201089620590209961e-01
5.788104534149169922e-01
6.961040496826171875e-01
3.992881774902343750e-01
3.412280976772308350e-01
3.709675967693328857e-01
4.258855283260345459e-01
5.666059851646423340e-01
6.258469223976135254e-01
8.663682341575622559e-01
8.769308924674987793e-01
3.512333631515502930e-01
6.193845868110656738e-01
4.471695423126220703e-01
6.767325401306152344e-01
5.565851330757141113e-01
6.428000926971435547e-01
3.441013395786285400e-01
4.342769086360931396e-01
3.941576480865478516e-01
3.989461958408355713e-01
6.256372928619384766e-01
4.846983850002288818e-01
6.164076924324035645e-01
5.488421916961669922e-01
5.136942863464355469e-01
5.442868471145629883e-01
4.932024478912353516e-01
6.752397418022155762e-01
5.088766217231750488e-01
6.326727867126464844e-01
5.183358192443847656e-01
5.429888367652893066e-01
3.835250437259674072e-01
1.214892387390136719e+00
4.422354698181152344e-01
9.317796230316162109e-01
9.931244850158691406e-01
8.474646210670471191e-01
1.108718872070312500e+00
6.966764330863952637e-01
1.079568982124328613e+00
1.097079753875732422e+00
5.345941185951232910e-01
6.237153410911560059e-01
7.112967371940612793e-01
8.057374358177185059e-01
6.785778999328613281e-01
8.028535246849060059e-01
7.697731852531433105e-01
7.868781685829162598e-01
4.268119335174560547e-01
5.929818749427795410e-01
9.790101647377014160e-01
6.074299812316894531e-01
3.714319765567779541e-01
3.867922723293304443e-01
8.601172566413879395e-01
4.898887872695922852e-01
6.430309414863586426e-01
7.331064343452453613e-01
5.167694687843322754e-01
6.691920757293701172e-01
5.398783087730407715e-01
5.254209637641906738e-01
4.507548809051513672e-01
3.400313556194305420e-01
4.927457869052886963e-01
6.252667307853698730e-01
5.261350274085998535e-01
3.808430135250091553e-01
4.440402090549468994e-01
7.032777667045593262e-01
4.787983894348144531e-01
4.955438077449798584e-01
3.671551644802093506e-01
4.927440881729125977e-01
5.683186650276184082e-01
7.212556004524230957e-01
4.485999643802642822e-01
5.951618552207946777e-01
5.850550532341003418e-01
6.282415986061096191e-01
6.023311018943786621e-01
4.259421527385711670e-01
7.107174396514892578e-01
6.159406304359436035e-01
5.881053805351257324e-01
6.338775753974914551e-01
5.910788178443908691e-01
6.910328269004821777e-01
7.281516194343566895e-01
4.374340772628784180e-01
5.680064558982849121e-01
4.938441216945648193e-01
6.599392294883728027e-01
5.370230674743652344e-01
5.258877873420715332e-01
4.738994836807250977e-01
1.392914295196533203e+00
4.070837795734405518e-01
6.088566184043884277e-01
8.147654533386230469e-01
5.267334580421447754e-01
4.494420289993286133e-01
6.959775090217590332e-01
7.360324859619140625e-01
5.198782682418823242e-01
8.547254204750061035e-01
6.140251755714416504e-01
6.272574067115783691e-01
7.513864040374755859e-01
7.357056140899658203e-01
5.965072512626647949e-01
7.490351796150207520e-01
5.241850018501281738e-01
7.184011340141296387e-01
9.247215390205383301e-01
6.475528478622436523e-01
6.201516985893249512e-01
6.197347044944763184e-01
4.648522436618804932e-01
5.266458392143249512e-01
5.230713486671447754e-01
6.213912367820739746e-01
4.689519405364990234e-01
5.908409953117370605e-01
5.793715119361877441e-01
6.140233874320983887e-01
7.066859602928161621e-01
6.285279989242553711e-01
6.942960619926452637e-01
4.668008387088775635e-01
4.620800316333770752e-01
5.035166740417480469e-01
3.513379096984863281e-01
4.907130897045135498e-01
5.239519476890563965e-01
4.968233108520507812e-01
6.497583985328674316e-01
4.572149813175201416e-01
3.209995925426483154e-01
6.434907913208007812e-01
4.643107950687408447e-01
5.025469064712524414e-01
7.343938946723937988e-01
4.976859092712402344e-01
4.531203508377075195e-01
5.761600136756896973e-01
6.158905029296875000e-01
1.172750949859619141e+00
3.924763202667236328e-01
3.504543304443359375e-01
4.025615751743316650e-01
4.095136225223541260e-01
5.540031194686889648e-01
5.032737851142883301e-01
5.692322850227355957e-01
5.240802168846130371e-01
4.275718927383422852e-01
5.698570609092712402e-01
4.027624428272247314e-01
1.141694903373718262e+00
5.617652535438537598e-01
5.044863224029541016e-01
7.533385157585144043e-01
6.136214137077331543e-01
5.655744671821594238e-01
6.993653178215026855e-01
7.844045162200927734e-01
5.591079592704772949e-01
5.564988851547241211e-01
4.737310409545898438e-01
6.304818391799926758e-01
7.631288170814514160e-01
3.269909918308258057e-01
4.552014172077178955e-01
1.091619968414306641e+00
5.759018063545227051e-01
5.851749777793884277e-01
6.233735680580139160e-01
4.776182174682617188e-01
6.750734448432922363e-01
5.343233346939086914e-01
5.713492631912231445e-01
5.994179844856262207e-01
7.241663932800292969e-01
5.716342329978942871e-01
4.660539925098419189e-01
4.629938304424285889e-01
6.447815299034118652e-01
7.244415879249572754e-01
5.641335844993591309e-01
4.889865815639495850e-01
8.173329234123229980e-01
4.561427831649780273e-01
3.906866610050201416e-01
6.613675355911254883e-01
6.059332489967346191e-01
7.123611569404602051e-01
4.800725877285003662e-01
6.732633709907531738e-01
5.830307602882385254e-01
4.766108989715576172e-01
4.480116367340087891e-01
5.557578206062316895e-01
5.441496968269348145e-01
5.344123840332031250e-01
5.232974886894226074e-01
5.225864052772521973e-01
5.749633908271789551e-01
4.380501806735992432e-01
5.784633755683898926e-01
8.976159095764160156e-01
4.698673188686370850e-01
3.883315026760101318e-01
4.824752509593963623e-01
5.387482643127441406e-01
5.666640400886535645e-01
5.429673790931701660e-01
3.611306250095367432e-01
5.372278690338134766e-01
4.638403952121734619e-01
8.853523731231689453e-01
8.378770947456359863e-01
5.878689885139465332e-01
3.594684898853302002e-01
5.294172763824462891e-01
4.890069961547851562e-01
4.415514469146728516e-01
4.562216997146606445e-01
6.198487877845764160e-01
6.447241902351379395e-01
3.689154088497161865e-01
6.723969578742980957e-01
5.846467018127441406e-01
5.216073989868164062e-01
6.615745425224304199e-01
5.606539845466613770e-01
4.805529415607452393e-01
5.500022768974304199e-01
6.496096253395080566e-01
5.584869980812072754e-01
4.313726127147674561e-01
4.390494525432586670e-01
7.225360274314880371e-01
6.099004149436950684e-01
8.403177857398986816e-01
4.855474531650543213e-01
4.501735270023345947e-01
4.252428710460662842e-01
6.045905947685241699e-01
7.036709189414978027e-01
4.702581465244293213e-01
5.539695620536804199e-01
5.007283091545104980e-01
5.629960894584655762e-01
4.509985446929931641e-01
7.666792273521423340e-01
9.656859040260314941e-01
4.504373967647552490e-01
4.761863946914672852e-01
6.409187912940979004e-01
6.796700358390808105e-01
5.205356478691101074e-01
5.447985529899597168e-01
4.249875843524932861e-01
7.778785824775695801e-01
5.819785594940185547e-01
4.394715130329132080e-01
4.828140437602996826e-01
7.543576359748840332e-01
4.720824956893920898e-01
6.258184313774108887e-01
4.659887552261352539e-01
4.419663846492767334e-01
3.977885246276855469e-01
5.850882530212402344e-01
4.726394712924957275e-01
4.726117551326751709e-01
5.427723526954650879e-01
4.481596946716308594e-01
5.394594669342041016e-01
5.107192397117614746e-01
6.208875179290771484e-01
4.844080209732055664e-01
4.713629186153411865e-01
5.932504534721374512e-01
4.643441736698150635e-01
4.818411767482757568e-01
4.030229151248931885e-01
5.678172707557678223e-01
4.506698548793792725e-01
6.320940852165222168e-01
3.466819822788238525e-01
4.626116752624511719e-01
4.237756729125976562e-01
6.454265117645263672e-01
3.468420505523681641e-01
6.502525210380554199e-01
3.847905099391937256e-01
5.599182248115539551e-01
5.310361981391906738e-01
3.929444849491119385e-01
5.769719481468200684e-01
4.744741022586822510e-01
5.552247166633605957e-01
4.972329139709472656e-01
6.013343930244445801e-01
8.461305499076843262e-01
9.652106165885925293e-01
5.742621421813964844e-01
4.964725077152252197e-01
5.042865872383117676e-01
4.646535813808441162e-01
3.569923341274261475e-01
3.920067250728607178e-01
4.986511170864105225e-01
6.115124821662902832e-01
5.480764508247375488e-01
3.941201269626617432e-01
4.844768941402435303e-01
4.004658758640289307e-01
4.492869675159454346e-01
7.374678254127502441e-01
3.740480840206146240e-01
3.043682873249053955e-01
5.813109278678894043e-01
3.655687272548675537e-01
6.598927378654479980e-01
4.366895258426666260e-01
5.571737885475158691e-01
6.655056476593017578e-01
3.572087585926055908e-01
6.015253067016601562e-01
3.748447895050048828e-01
8.141899108886718750e-01
5.394098758697509766e-01
5.154858231544494629e-01
4.174176156520843506e-01
6.688100695610046387e-01
5.947396159172058105e-01
4.071618020534515381e-01
5.216259360313415527e-01
4.723121821880340576e-01
3.472612798213958740e-01
5.408892035484313965e-01
4.843429625034332275e-01
4.545321464538574219e-01
6.293470263481140137e-01
5.333831310272216797e-01
1.126968502998352051e+00
8.872659802436828613e-01
9.010059237480163574e-01
9.897516369819641113e-01
5.975690484046936035e-01
5.436243414878845215e-01
6.093397736549377441e-01
6.026007533073425293e-01
7.618662714958190918e-01
4.202428758144378662e-01
5.686958432197570801e-01
8.444955945014953613e-01
5.169519782066345215e-01
5.658618807792663574e-01
6.057618856430053711e-01
9.970486760139465332e-01
8.036952018737792969e-01
7.251865863800048828e-01
8.965628743171691895e-01
6.967070698738098145e-01
5.714607834815979004e-01
6.630860567092895508e-01
7.142348885536193848e-01
6.695162653923034668e-01
6.169812679290771484e-01
7.658843994140625000e-01
5.700592994689941406e-01
6.195163726806640625e-01
6.881119608879089355e-01
3.788918554782867432e-01
5.195886492729187012e-01
5.775819420814514160e-01
4.617161452770233154e-01
1.148045063018798828e+00
4.756654798984527588e-01
4.545085430145263672e-01
3.972357809543609619e-01
5.321264266967773438e-01
5.774179697036743164e-01
4.625991582870483398e-01
3.792729675769805908e-01
5.303214192390441895e-01
3.630361258983612061e-01
6.009053587913513184e-01
7.735878825187683105e-01
5.278704166412353516e-01
5.008748173713684082e-01
7.501702904701232910e-01
5.403806567192077637e-01
6.206750869750976562e-01
3.664272725582122803e-01
3.545124232769012451e-01
4.883557856082916260e-01
6.230368018150329590e-01
5.653342604637145996e-01
4.567838013172149658e-01
6.442884802818298340e-01
6.229804158210754395e-01
8.223368525505065918e-01
6.307231783866882324e-01
4.832626879215240479e-01
4.435985982418060303e-01
3.452211916446685791e-01
4.503966271877288818e-01
6.036717295646667480e-01
4.029754698276519775e-01
4.742218255996704102e-01
4.678994119167327881e-01
3.557322919368743896e-01
5.029084086418151855e-01
4.860161244869232178e-01
5.175636410713195801e-01
5.420010685920715332e-01
3.935736119747161865e-01
4.423665106296539307e-01
5.596176385879516602e-01
3.868695497512817383e-01
4.687251150608062744e-01
4.139865338802337646e-01
6.926062107086181641e-01
5.780631899833679199e-01
5.780251026153564453e-01
4.207478761672973633e-01
3.741165697574615479e-01
5.206605792045593262e-01
4.449731409549713135e-01
5.676204562187194824e-01
4.961335659027099609e-01
7.034146189689636230e-01
6.623547077178955078e-01
4.136574268341064453e-01
5.660135746002197266e-01
5.283191800117492676e-01
4.481678903102874756e-01
4.749878644943237305e-01
6.073293089866638184e-01
3.921789228916168213e-01
4.804106056690216064e-01
4.335453212261199951e-01
6.091955304145812988e-01
4.223999083042144775e-01
5.460174679756164551e-01
4.476276636123657227e-01
4.219989776611328125e-01
5.029634833335876465e-01
3.212195634841918945e-01
5.218200683593750000e-01
5.131521821022033691e-01
4.473967552185058594e-01
5.186144709587097168e-01
6.169309020042419434e-01
3.276641070842742920e-01
4.425094425678253174e-01
6.510875821113586426e-01
4.583703279495239258e-01
3.794656693935394287e-01
3.654955923557281494e-01
4.930407106876373291e-01
4.559751451015472412e-01
6.765708327293395996e-01
4.514829218387603760e-01
4.755853414535522461e-01
5.367748737335205078e-01
4.643591642379760742e-01
4.171942770481109619e-01
4.977524280548095703e-01
5.051193833351135254e-01
4.652130305767059326e-01
4.387038946151733398e-01
3.596037328243255615e-01
5.752795338630676270e-01
4.855931699275970459e-01
5.064072608947753906e-01
3.395177423954010010e-01
5.996671915054321289e-01
4.535760879516601562e-01
5.683097243309020996e-01
4.798777103424072266e-01
5.441550016403198242e-01
6.638796925544738770e-01
4.294818937778472900e-01
4.357383549213409424e-01
5.483567118644714355e-01
6.186977028846740723e-01
5.799527764320373535e-01
6.308547854423522949e-01
6.368523240089416504e-01
5.036631822586059570e-01
4.739879667758941650e-01
6.266564130783081055e-01
4.388581216335296631e-01
4.336485564708709717e-01
4.143574237823486328e-01
3.911027014255523682e-01
4.069789946079254150e-01
4.288409054279327393e-01
5.970233082771301270e-01
7.184107899665832520e-01
4.005065262317657471e-01
6.786500811576843262e-01
4.524457752704620361e-01
6.241186261177062988e-01
4.795685708522796631e-01
4.907682240009307861e-01
4.352613389492034912e-01
6.563441157341003418e-01
1.277543067932128906e+00
4.191946089267730713e-01
8.907265663146972656e-01
1.035068392753601074e+00
5.120542645454406738e-01
8.173587918281555176e-01
6.155986785888671875e-01
6.572924256324768066e-01
5.865669846534729004e-01
6.360271573066711426e-01
6.220149397850036621e-01
7.484810352325439453e-01
6.244429945945739746e-01
6.925466656684875488e-01
6.856616139411926270e-01
4.586549699306488037e-01
5.639715194702148438e-01
6.861753463745117188e-01
4.845252037048339844e-01
4.204324483871459961e-01
5.400450825691223145e-01
5.796350836753845215e-01
3.361261785030364990e-01
4.688279628753662109e-01
6.683053970336914062e-01
4.167859554290771484e-01
7.821375727653503418e-01
5.868481397628784180e-01
6.518391966819763184e-01
6.151373982429504395e-01
4.691354036331176758e-01
4.744600355625152588e-01
4.183156490325927734e-01
7.130331993103027344e-01
5.751751065254211426e-01
6.665145754814147949e-01
5.032660961151123047e-01
5.698912143707275391e-01
5.341632366180419922e-01
1.317595362663269043e+00
7.435742020606994629e-01
5.584411025047302246e-01
5.894104242324829102e-01
4.726071655750274658e-01
5.015614628791809082e-01
5.693435668945312500e-01
4.179686009883880615e-01
4.677743911743164062e-01
3.637837171554565430e-01
3.451789915561676025e-01
4.527519643306732178e-01
3.411524295806884766e-01
3.878715932369232178e-01
4.831945896148681641e-01
4.920914173126220703e-01
3.593455851078033447e-01
3.614806234836578369e-01
4.047479629516601562e-01
5.559747219085693359e-01
4.854794442653656006e-01
4.384813308715820312e-01
6.638159751892089844e-01
6.871269345283508301e-01
3.971400260925292969e-01
3.942446708679199219e-01
4.738868772983551025e-01
4.845050871372222900e-01
3.758797645568847656e-01
4.168827533721923828e-01
3.629520833492279053e-01
5.653348565101623535e-01
4.351111948490142822e-01
6.038892269134521484e-01
7.441962361335754395e-01
4.780315458774566650e-01
5.860093235969543457e-01
4.103541374206542969e-01
5.853782892227172852e-01
3.367151319980621338e-01
4.782640635967254639e-01
4.137674570083618164e-01
6.857569813728332520e-01
4.560003280639648438e-01
6.407635211944580078e-01
5.197215676307678223e-01
4.117971360683441162e-01
5.495941042900085449e-01
5.866107940673828125e-01
3.376192152500152588e-01
4.715873301029205322e-01
4.442740380764007568e-01
4.177325069904327393e-01
4.475735127925872803e-01
4.305446445941925049e-01
5.857157707214355469e-01
3.695313036441802979e-01
5.680299997329711914e-01
3.962864875793457031e-01
6.328422427177429199e-01
5.271388292312622070e-01
5.429738759994506836e-01
6.639442443847656250e-01
5.352854728698730469e-01
5.459844470024108887e-01
4.399028122425079346e-01
4.132244288921356201e-01
3.276690542697906494e-01
5.279116630554199219e-01
4.151191711425781250e-01
4.794858396053314209e-01
3.878822326660156250e-01
2.584871351718902588e-01
5.106496810913085938e-01
8.194752335548400879e-01
6.482821106910705566e-01
6.887250542640686035e-01
4.462212026119232178e-01
5.388118624687194824e-01
4.533199369907379150e-01
3.612025678157806396e-01
3.842625916004180908e-01
5.041149258613586426e-01
4.697704017162322998e-01
6.294056773185729980e-01
6.954342722892761230e-01
4.646432697772979736e-01
4.558021128177642822e-01
5.619801878929138184e-01
4.730032980442047119e-01
4.818608462810516357e-01
4.635441005229949951e-01
4.217332601547241211e-01
7.047241330146789551e-01
4.255936145782470703e-01
5.506691932678222656e-01
3.719323873519897461e-01
5.833211541175842285e-01
3.568578064441680908e-01
4.636252820491790771e-01
4.242881238460540771e-01
3.743526637554168701e-01
4.362681806087493896e-01
4.457302093505859375e-01
4.293341636657714844e-01
5.397520661354064941e-01
5.189527273178100586e-01
3.102406263351440430e-01
3.045606911182403564e-01
5.474092364311218262e-01
3.989911973476409912e-01
7.363253235816955566e-01
4.696023762226104736e-01
3.505745232105255127e-01
4.974428713321685791e-01
3.778316080570220947e-01
3.128195703029632568e-01
6.027244925498962402e-01
4.042693078517913818e-01
4.279331266880035400e-01
3.531987667083740234e-01
5.088971257209777832e-01
3.371926248073577881e-01
5.540397763252258301e-01
5.364856123924255371e-01
4.527211189270019531e-01
4.795190393924713135e-01
6.376988887786865234e-01
4.522224664688110352e-01
5.436852574348449707e-01
4.517291784286499023e-01
4.099193513393402100e-01
5.060068964958190918e-01
4.101541340351104736e-01
6.214631199836730957e-01
4.859894514083862305e-01
4.475460052490234375e-01
4.508679807186126709e-01
6.265341639518737793e-01
5.666468143463134766e-01
5.294589400291442871e-01
4.186304509639739990e-01
3.799247741699218750e-01
4.063800275325775146e-01
3.424650132656097412e-01
3.930101692676544189e-01
3.835053443908691406e-01
7.010218501091003418e-01
4.279177188873291016e-01
4.939029216766357422e-01
4.263361990451812744e-01
3.490591049194335938e-01
4.993418157100677490e-01
4.338966608047485352e-01
3.577088415622711182e-01
4.699038565158843994e-01
1.419915318489074707e+00
4.798316061496734619e-01
8.052942752838134766e-01
1.544473648071289062e+00
1.180295586585998535e+00
4.899687767028808594e-01
6.942129731178283691e-01
9.142337441444396973e-01
8.754856586456298828e-01
8.586983680725097656e-01
7.101135253906250000e-01
6.531032919883728027e-01
8.158945441246032715e-01
1.019667029380798340e+00
5.779979228973388672e-01
7.090246677398681641e-01
7.400641441345214844e-01
6.865134835243225098e-01
6.706933975219726562e-01
4.478685557842254639e-01
4.742995202541351318e-01
1.123182654380798340e+00
5.033611059188842773e-01
6.500481963157653809e-01
7.415890693664550781e-01
5.428178906440734863e-01
4.493180811405181885e-01
5.169052481651306152e-01
4.142053127288818359e-01
6.206757426261901855e-01
6.514506340026855469e-01
6.996114850044250488e-01
4.552691876888275146e-01
6.711407303810119629e-01
3.519545793533325195e-01
4.162860214710235596e-01
4.982479512691497803e-01
5.450974106788635254e-01
6.503397822380065918e-01
4.088431298732757568e-01
7.882429957389831543e-01
5.674657225608825684e-01
3.384288549423217773e-01
5.636679530143737793e-01
6.300936341285705566e-01
5.960999727249145508e-01
5.667551159858703613e-01
3.874805867671966553e-01
3.255060613155364990e-01
6.414927840232849121e-01
4.757546186447143555e-01
5.523386597633361816e-01
5.631637573242187500e-01
5.438407063484191895e-01
6.370812058448791504e-01
4.144106805324554443e-01
4.363108575344085693e-01
6.297016143798828125e-01
4.634367525577545166e-01
6.004663109779357910e-01
5.340691208839416504e-01
6.391898989677429199e-01
5.349206328392028809e-01
5.150792002677917480e-01
3.782475888729095459e-01
3.713867664337158203e-01
4.994423389434814453e-01
4.236818850040435791e-01
4.299547374248504639e-01
5.059006214141845703e-01
7.279305458068847656e-01
4.915087223052978516e-01
3.901811838150024414e-01
6.105761528015136719e-01
3.925920724868774414e-01
4.738658368587493896e-01
3.852212429046630859e-01
7.576813697814941406e-01
7.047882080078125000e-01
6.013242602348327637e-01
5.044229030609130859e-01
5.569642782211303711e-01
8.846443295478820801e-01
6.052678227424621582e-01
3.599890172481536865e-01
4.265723526477813721e-01
6.643457412719726562e-01
4.615491330623626709e-01
5.340957045555114746e-01
5.419770479202270508e-01
4.448135793209075928e-01
6.798446178436279297e-01
3.373229503631591797e-01
6.297474503517150879e-01
5.090824961662292480e-01
4.718125760555267334e-01
4.387834370136260986e-01
5.004504323005676270e-01
4.274018704891204834e-01
4.670230150222778320e-01
4.582276046276092529e-01
4.616498649120330811e-01
4.349049627780914307e-01
4.815014600753784180e-01
4.815661609172821045e-01
5.083044171333312988e-01
3.905364274978637695e-01
5.631620287895202637e-01
1.101606965065002441e+00
4.417683184146881104e-01
5.060375928878784180e-01
3.835218250751495361e-01
5.013940930366516113e-01
5.168138742446899414e-01
4.430218935012817383e-01
4.959801733493804932e-01
5.575541257858276367e-01
6.511493325233459473e-01
5.392839908599853516e-01
6.154128909111022949e-01
4.551230967044830322e-01
7.646868228912353516e-01
4.827776849269866943e-01
5.570784211158752441e-01
5.744588375091552734e-01
5.149520039558410645e-01
4.972133338451385498e-01
5.681979060173034668e-01
3.155722022056579590e-01
4.811561107635498047e-01
5.062395930290222168e-01
5.472027659416198730e-01
5.245987772941589355e-01
6.714587211608886719e-01
4.664221107959747314e-01
5.808427929878234863e-01
4.468728601932525635e-01
5.581569075584411621e-01
4.705031216144561768e-01
4.245916903018951416e-01
6.670777201652526855e-01
5.026981830596923828e-01
4.114253818988800049e-01
3.035263717174530029e-01
3.539291918277740479e-01
4.359251558780670166e-01
7.206885218620300293e-01
6.441248059272766113e-01
8.075671195983886719e-01
4.653813838958740234e-01
7.510787844657897949e-01
6.030445098876953125e-01
5.701087117195129395e-01
4.067578315734863281e-01
4.798017740249633789e-01
5.324029326438903809e-01
3.865151405334472656e-01
5.559671521186828613e-01
6.221280097961425781e-01
4.542965590953826904e-01
2.666401863098144531e-01
4.623414576053619385e-01
4.087316989898681641e-01
6.501488089561462402e-01
4.778286516666412354e-01
3.916495740413665771e-01
3.703942596912384033e-01
3.985270559787750244e-01
5.009962320327758789e-01
4.643771946430206299e-01
5.617663264274597168e-01
5.918889641761779785e-01
6.254952549934387207e-01
5.478393435478210449e-01
4.341401159763336182e-01
3.865744173526763916e-01
4.579781293869018555e-01
3.744329512119293213e-01
4.614847600460052490e-01
3.385712802410125732e-01
4.447176456451416016e-01
7.353495955467224121e-01
4.810508191585540771e-01
4.285694360733032227e-01
4.014295041561126709e-01
4.277665615081787109e-01
3.598383665084838867e-01
4.307098388671875000e-01
5.532585978507995605e-01
4.972815811634063721e-01
6.588290333747863770e-01
6.589267849922180176e-01
5.250250697135925293e-01
6.416884064674377441e-01
4.613195359706878662e-01
4.683220684528350830e-01
3.742665350437164307e-01
2.907935678958892822e-01
4.285761415958404541e-01
4.496001303195953369e-01
3.982724845409393311e-01
6.052265167236328125e-01
7.596959471702575684e-01
4.002791345119476318e-01
4.735240042209625244e-01
4.169979095458984375e-01
5.230832099914550781e-01
4.481875896453857422e-01
5.697650313377380371e-01
4.954572916030883789e-01
4.367050826549530029e-01
6.333239078521728516e-01
4.072839319705963135e-01
5.227156281471252441e-01
4.069424569606781006e-01
3.391424119472503662e-01
4.218516349792480469e-01
5.101116299629211426e-01
4.716558456420898438e-01
4.081708192825317383e-01
4.577161967754364014e-01
4.305132925510406494e-01
4.582147598266601562e-01
4.194319248199462891e-01
4.918484985828399658e-01
3.001886010169982910e-01
4.289174377918243408e-01
4.651482999324798584e-01
4.696128368377685547e-01
3.929857313632965088e-01
7.601418495178222656e-01
5.379027128219604492e-01
4.652342796325683594e-01
4.013736248016357422e-01
4.550369679927825928e-01
5.690670013427734375e-01
5.364629626274108887e-01
3.686091899871826172e-01
4.508821070194244385e-01
4.340497553348541260e-01
4.870580434799194336e-01
3.658839166164398193e-01
4.451786577701568604e-01
3.671336472034454346e-01
4.494119584560394287e-01
4.505791664123535156e-01
5.089062452316284180e-01
3.739501535892486572e-01
5.553095340728759766e-01
5.044290423393249512e-01
4.533177316188812256e-01
4.089986383914947510e-01
4.688684940338134766e-01
4.805528223514556885e-01
5.486303567886352539e-01
5.697214603424072266e-01
4.173567295074462891e-01
4.527159631252288818e-01
4.495128095149993896e-01
1.012932181358337402e+00
8.375756144523620605e-01
5.499958395957946777e-01
9.108800888061523438e-01
5.044761896133422852e-01
5.056503415107727051e-01
4.066620171070098877e-01
4.109455049037933350e-01
5.904201865196228027e-01
4.694758355617523193e-01
3.956268727779388428e-01
7.148322463035583496e-01
4.485341608524322510e-01
4.579252004623413086e-01
5.381929278373718262e-01
4.140354692935943604e-01
3.781353533267974854e-01
3.615973889827728271e-01
6.324360370635986328e-01
4.898649454116821289e-01
5.814121365547180176e-01
6.016895174980163574e-01
3.619523942470550537e-01
3.840600550174713135e-01
4.921500384807586670e-01
5.322546362876892090e-01
5.381423830986022949e-01
4.058876335620880127e-01
4.186886250972747803e-01
7.205554842948913574e-01
6.035009026527404785e-01
3.617753088474273682e-01
4.786006510257720947e-01
6.987645626068115234e-01
5.483412146568298340e-01
4.455345571041107178e-01
4.485721588134765625e-01
5.083887577056884766e-01
5.711492896080017090e-01
3.944568634033203125e-01
3.006497621536254883e-01
6.744813919067382812e-01
3.999925553798675537e-01
1.391852855682373047e+00
8.800320625305175781e-01
1.350129485130310059e+00
5.703524351119995117e-01
6.178360581398010254e-01
7.403578162193298340e-01
4.704173803329467773e-01
4.797371923923492432e-01
4.141951501369476318e-01
6.416069865226745605e-01
6.160569190979003906e-01
5.380552411079406738e-01
4.205349385738372803e-01
5.462127327919006348e-01
3.918881416320800781e-01
3.023504614830017090e-01
6.764058470726013184e-01
4.357777535915374756e-01
7.029080390930175781e-01
6.174862384796142578e-01
4.520027637481689453e-01
5.527429580688476562e-01
4.856916666030883789e-01
3.827930986881256104e-01
4.921145141124725342e-01
4.662427008152008057e-01
4.799877405166625977e-01
5.360032916069030762e-01
6.021848917007446289e-01
3.788086175918579102e-01
6.585722565650939941e-01
4.382049143314361572e-01
5.050557255744934082e-01
5.573006272315979004e-01
3.818744719028472900e-01
3.555093705654144287e-01
4.515880644321441650e-01
3.508028090000152588e-01
4.026653468608856201e-01
1.280925750732421875e+00
4.961608350276947021e-01
4.080483615398406982e-01
2.755430638790130615e-01
4.515888690948486328e-01
4.430077373981475830e-01
5.073075294494628906e-01
4.235156476497650146e-01
5.268585681915283203e-01
6.684626936912536621e-01
4.617797136306762695e-01
9.222461581230163574e-01
4.153480529785156250e-01
5.746840834617614746e-01
3.013378083705902100e-01
4.467419385910034180e-01
4.026893675327301025e-01
5.686957240104675293e-01
4.333674013614654541e-01
6.856565475463867188e-01
5.932832956314086914e-01
4.628221094608306885e-01
3.606370389461517334e-01
6.899119019508361816e-01
5.284184813499450684e-01
4.866259396076202393e-01
3.745986521244049072e-01
4.891003370285034180e-01
4.413355886936187744e-01
3.633915483951568604e-01
4.341226518154144287e-01
4.127062857151031494e-01
4.512284100055694580e-01
4.009024202823638916e-01
4.429828226566314697e-01
4.051190316677093506e-01
8.350326418876647949e-01
1.102832198143005371e+00
6.520583629608154297e-01
5.563883185386657715e-01
4.824869632720947266e-01
4.325151443481445312e-01
7.405192852020263672e-01
5.463025569915771484e-01
3.195405900478363037e-01
5.581867694854736328e-01
6.059873700141906738e-01
4.145573675632476807e-01
5.655314922332763672e-01
5.620627403259277344e-01
5.248650908470153809e-01
3.989981710910797119e-01
4.893441200256347656e-01
7.799178957939147949e-01
5.678282380104064941e-01
4.785443842411041260e-01
5.568809509277343750e-01
4.523356258869171143e-01
5.912752151489257812e-01
4.742321968078613281e-01
3.055280148983001709e-01
5.219215750694274902e-01
5.154817104339599609e-01
4.505353868007659912e-01
5.249680876731872559e-01
4.753276407718658447e-01
6.180269122123718262e-01
4.681631028652191162e-01
2.157596498727798462e-01
5.250707268714904785e-01
5.327669382095336914e-01
3.733511269092559814e-01
4.806494712829589844e-01
3.268358707427978516e-01
5.418536663055419922e-01
4.281575679779052734e-01
5.295092463493347168e-01
4.346230030059814453e-01
5.396196842193603516e-01
3.455947935581207275e-01
3.778106272220611572e-01
5.238867402076721191e-01
5.066373944282531738e-01
4.602103233337402344e-01
3.546029627323150635e-01
5.670714974403381348e-01
3.546101748943328857e-01
7.694408297538757324e-01
5.648704767227172852e-01
4.369314908981323242e-01
4.335058629512786865e-01
4.547232687473297119e-01
3.715900480747222900e-01
3.691193163394927979e-01
5.945183634757995605e-01
6.818819642066955566e-01
5.156176686286926270e-01
4.299367964267730713e-01
4.817074835300445557e-01
4.826183319091796875e-01
4.411258399486541748e-01
5.014967322349548340e-01
5.186927318572998047e-01
8.180872797966003418e-01
4.714228808879852295e-01
3.657418191432952881e-01
3.923029005527496338e-01
4.873557984828948975e-01
4.214392602443695068e-01
4.980996549129486084e-01
3.450460731983184814e-01
4.074749946594238281e-01
4.533061683177947998e-01
3.295139968395233154e-01
2.883154451847076416e-01
3.783706724643707275e-01
4.680006802082061768e-01
4.259842932224273682e-01
4.256800711154937744e-01
4.520187675952911377e-01
3.820035159587860107e-01
4.348515570163726807e-01
3.590234816074371338e-01
4.198059141635894775e-01
4.397408664226531982e-01
3.363932371139526367e-01
4.190053939819335938e-01
5.177633762359619141e-01
5.282416939735412598e-01
5.466657280921936035e-01
4.599057137966156006e-01
3.745956122875213623e-01
3.240583240985870361e-01
3.951965868473052979e-01
4.984859526157379150e-01
4.085046052932739258e-01
4.111531078815460205e-01
4.581598043441772461e-01
4.777528047561645508e-01
4.817232191562652588e-01
4.350814819335937500e-01
2.896517813205718994e-01
4.559135437011718750e-01
4.343740642070770264e-01
3.519380390644073486e-01
4.145534038543701172e-01
3.600009381771087646e-01
4.514460563659667969e-01
3.564358055591583252e-01
4.475948810577392578e-01
5.189045071601867676e-01
4.458879530429840088e-01
4.355728328227996826e-01
5.020519495010375977e-01
6.053799986839294434e-01
4.775814116001129150e-01
2.936447262763977051e-01
3.415684998035430908e-01
4.696213901042938232e-01
4.113761484622955322e-01
7.790152430534362793e-01
5.459908843040466309e-01
5.338578820228576660e-01
4.593643844127655029e-01
4.219334125518798828e-01
5.507507920265197754e-01
4.282521903514862061e-01
4.954625070095062256e-01
3.990364968776702881e-01
5.321750044822692871e-01
4.229700267314910889e-01
4.295761585235595703e-01
4.716686308383941650e-01
4.861536324024200439e-01
4.929299354553222656e-01
6.190361976623535156e-01
5.819795727729797363e-01
4.072891771793365479e-01
5.782814025878906250e-01
4.278121888637542725e-01
4.559462070465087891e-01
5.159230828285217285e-01
6.272940039634704590e-01
4.694785773754119873e-01
4.048852026462554932e-01
2.182039469480514526e-01
3.596004247665405273e-01
4.208837747573852539e-01
4.108976423740386963e-01
3.570472300052642822e-01
4.854364693164825439e-01
4.352936446666717529e-01
6.310506463050842285e-01
4.944494664669036865e-01
2.800553143024444580e-01
4.061628282070159912e-01
5.651502609252929688e-01
6.600247025489807129e-01
4.846739768981933594e-01
7.216394543647766113e-01
2.500453889369964600e-01
2.987979352474212646e-01
4.200756549835205078e-01
3.477451801300048828e-01
3.746402263641357422e-01
4.635106325149536133e-01
3.570580184459686279e-01
4.741115868091583252e-01
3.689015805721282959e-01
4.412792623043060303e-01
4.804823100566864014e-01
5.634549260139465332e-01
3.549377918243408203e-01
3.714222908020019531e-01
4.133637249469757080e-01
3.620687425136566162e-01
6.471492648124694824e-01
3.604213893413543701e-01
4.230028688907623291e-01
5.032029747962951660e-01
4.103609621524810791e-01
4.468735754489898682e-01
4.475637376308441162e-01
4.369855225086212158e-01
2.476139217615127563e-01
