9.008104354143142700e-02
8.637728542089462280e-02
9.528098255395889282e-02
9.003611654043197632e-02
9.112522751092910767e-02
8.825087547302246094e-02
8.204445242881774902e-02
9.756837040185928345e-02
8.392292261123657227e-02
8.597028255462646484e-02
9.407827258110046387e-02
8.293745666742324829e-02
9.313812106847763062e-02
8.758749812841415405e-02
8.903227001428604126e-02
8.546557277441024780e-02
8.410260826349258423e-02
8.998260647058486938e-02
9.053522348403930664e-02
8.932325243949890137e-02
8.960616588592529297e-02
8.581983298063278198e-02
8.978211134672164917e-02
9.050274640321731567e-02
9.261939674615859985e-02
8.960565179586410522e-02
8.294772356748580933e-02
9.001260995864868164e-02
9.331782907247543335e-02
8.848733454942703247e-02
8.652701228857040405e-02
8.597692847251892090e-02
8.788457512855529785e-02
9.271177649497985840e-02
8.864013105630874634e-02
9.019029140472412109e-02
8.486285805702209473e-02
8.814048767089843750e-02
8.875522017478942871e-02
9.180025011301040649e-02
9.446117281913757324e-02
9.010442346334457397e-02
9.048894792795181274e-02
9.071519225835800171e-02
9.205701202154159546e-02
9.747993946075439453e-02
9.695918112993240356e-02
9.541461616754531860e-02
1.118009090423583984e-01
9.080544859170913696e-02
8.553922176361083984e-02
9.036386758089065552e-02
8.557999879121780396e-02
9.761292487382888794e-02
8.483608812093734741e-02
9.016114473342895508e-02
9.068786352872848511e-02
8.746153116226196289e-02
8.759599924087524414e-02
8.707692474126815796e-02
9.285221248865127563e-02
8.568564802408218384e-02
9.600529819726943970e-02
9.062499552965164185e-02
8.565575629472732544e-02
1.107053160667419434e-01
8.686447888612747192e-02
9.088156372308731079e-02
9.788126498460769653e-02
8.347503095865249634e-02
9.775661677122116089e-02
8.373954147100448608e-02
8.233741670846939087e-02
9.195649623870849609e-02
9.024404734373092651e-02
8.710414171218872070e-02
9.017867594957351685e-02
8.770095556974411011e-02
8.414977043867111206e-02
8.824724704027175903e-02
8.586630225181579590e-02
8.542516082525253296e-02
9.083447605371475220e-02
9.119389206171035767e-02
8.989336341619491577e-02
9.372151643037796021e-02
8.563997596502304077e-02
8.691226691007614136e-02
9.032531827688217163e-02
9.072881191968917847e-02
8.971247822046279907e-02
8.677431195974349976e-02
8.458593487739562988e-02
1.033831015229225159e-01
9.023142606019973755e-02
8.656576275825500488e-02
8.497914671897888184e-02
9.452354162931442261e-02
9.068986773490905762e-02
8.285423368215560913e-02
8.118455111980438232e-02
9.026602655649185181e-02
1.020070686936378479e-01
8.584696799516677856e-02
9.788132458925247192e-02
9.201327711343765259e-02
8.566179126501083374e-02
8.720717579126358032e-02
9.456837922334671021e-02
8.730909973382949829e-02
8.755713701248168945e-02
9.486066550016403198e-02
8.813753724098205566e-02
8.795199543237686157e-02
1.021185517311096191e-01
8.363422006368637085e-02
8.232599496841430664e-02
8.984816819429397583e-02
8.788026124238967896e-02
8.529183268547058105e-02
8.425731211900711060e-02
9.497097879648208618e-02
9.076785296201705933e-02
8.387780934572219849e-02
8.498690277338027954e-02
9.151440858840942383e-02
9.787400811910629272e-02
8.373285084962844849e-02
8.392229676246643066e-02
8.886364847421646118e-02
9.292730689048767090e-02
9.682980179786682129e-02
8.346905559301376343e-02
9.253853559494018555e-02
8.986090868711471558e-02
8.428212255239486694e-02
8.402959257364273071e-02
8.755428344011306763e-02
9.306917339563369751e-02
8.281257003545761108e-02
8.765578269958496094e-02
8.983238786458969116e-02
8.321969956159591675e-02
8.844957500696182251e-02
8.172432333230972290e-02
9.547416120767593384e-02
9.012351185083389282e-02
8.364633470773696899e-02
8.179041743278503418e-02
8.442687243223190308e-02
9.281121939420700073e-02
8.971538394689559937e-02
8.736161142587661743e-02
9.321085363626480103e-02
8.733325451612472534e-02
8.748356252908706665e-02
8.957365900278091431e-02
8.712279051542282104e-02
1.160073280334472656e-01
9.709349274635314941e-02
9.043284505605697632e-02
8.461771160364151001e-02
8.609368652105331421e-02
8.848687261343002319e-02
8.806475996971130371e-02
9.208343178033828735e-02
8.892428129911422729e-02
8.433625847101211548e-02
9.691310673952102661e-02
8.896312117576599121e-02
9.290474653244018555e-02
9.633546322584152222e-02
9.149860590696334839e-02
8.413695544004440308e-02
9.460065513849258423e-02
8.891713619232177734e-02
8.380049467086791992e-02
8.657503873109817505e-02
9.161064773797988892e-02
8.979731798171997070e-02
8.909019082784652710e-02
9.003286808729171753e-02
8.835750818252563477e-02
8.706659823656082153e-02
9.077542275190353394e-02
8.632441610097885132e-02
8.244752883911132812e-02
8.784046024084091187e-02
8.278830349445343018e-02
9.046267718076705933e-02
8.825091272592544556e-02
8.509541302919387817e-02
1.135351061820983887e-01
8.532109111547470093e-02
8.851160854101181030e-02
8.093335479497909546e-02
9.453141689300537109e-02
8.295985311269760132e-02
8.639368414878845215e-02
8.326727896928787231e-02
8.561274409294128418e-02
9.015931934118270874e-02
8.741352707147598267e-02
8.333518356084823608e-02
8.370283991098403931e-02
8.968368172645568848e-02
9.199988096952438354e-02
8.824586123228073120e-02
8.548340946435928345e-02
9.027659147977828979e-02
9.989422559738159180e-02
8.587942272424697876e-02
8.647105097770690918e-02
8.616515249013900757e-02
8.761108666658401489e-02
9.746116399765014648e-02
9.441361576318740845e-02
8.789265155792236328e-02
8.928813785314559937e-02
9.003269672393798828e-02
9.955886006355285645e-02
8.865076303482055664e-02
8.540728688240051270e-02
8.899261802434921265e-02
9.507882595062255859e-02
9.209549427032470703e-02
8.494881540536880493e-02
9.197971969842910767e-02
9.809904545545578003e-02
9.056823700666427612e-02
8.745518326759338379e-02
9.028028696775436401e-02
9.169488400220870972e-02
8.463540673255920410e-02
8.738549798727035522e-02
8.823385089635848999e-02
8.977308124303817749e-02
9.951642155647277832e-02
9.111910313367843628e-02
8.482525497674942017e-02
8.837658911943435669e-02
8.678468316793441772e-02
8.297794312238693237e-02
8.828695863485336304e-02
9.476918727159500122e-02
9.365130215883255005e-02
8.993265777826309204e-02
8.781152218580245972e-02
8.007315546274185181e-02
8.931273221969604492e-02
9.205370396375656128e-02
8.339419215917587280e-02
9.294439107179641724e-02
9.399191290140151978e-02
8.725037425756454468e-02
9.425491094589233398e-02
8.914210647344589233e-02
8.762582391500473022e-02
1.250436753034591675e-01
8.633837848901748657e-02
8.716575056314468384e-02
9.348192065954208374e-02
8.458056300878524780e-02
8.815080672502517700e-02
9.291446954011917114e-02
8.654135465621948242e-02
9.034129232168197632e-02
9.011472016572952271e-02
9.202525764703750610e-02
8.432697504758834839e-02
9.837878495454788208e-02
9.049055725336074829e-02
8.465092629194259644e-02
8.896973729133605957e-02
8.982337266206741333e-02
9.099149703979492188e-02
8.917529135942459106e-02
8.572629839181900024e-02
9.200558811426162720e-02
9.319297224283218384e-02
8.777276426553726196e-02
8.697184175252914429e-02
8.368071913719177246e-02
9.086501598358154297e-02
8.466882258653640747e-02
8.988256007432937622e-02
8.802539110183715820e-02
8.765285462141036987e-02
8.391781896352767944e-02
9.514713287353515625e-02
9.154858440160751343e-02
9.280214458703994751e-02
8.921465277671813965e-02
8.577179908752441406e-02
8.750485628843307495e-02
9.046228975057601929e-02
8.453768491744995117e-02
8.842629194259643555e-02
8.687942475080490112e-02
9.315451979637145996e-02
8.447879552841186523e-02
9.646118432283401489e-02
9.255603700876235962e-02
8.864632993936538696e-02
1.118323430418968201e-01
8.870912343263626099e-02
9.157129377126693726e-02
8.998861163854598999e-02
8.507460355758666992e-02
9.158158302307128906e-02
8.540081977844238281e-02
8.467966318130493164e-02
8.888851851224899292e-02
9.031659364700317383e-02
9.251434355974197388e-02
8.997634798288345337e-02
9.006375819444656372e-02
9.007626771926879883e-02
8.923599869012832642e-02
9.549975395202636719e-02
8.957970887422561646e-02
8.868294209241867065e-02
8.785146474838256836e-02
9.235955029726028442e-02
1.017458513379096985e-01
9.022042155265808105e-02
8.968401700258255005e-02
9.146019071340560913e-02
8.632501214742660522e-02
9.262612462043762207e-02
8.713350445032119751e-02
9.907853603363037109e-02
8.854219317436218262e-02
8.533252030611038208e-02
8.408787101507186890e-02
8.952281624078750610e-02
9.087470918893814087e-02
8.859118074178695679e-02
8.842732757329940796e-02
8.949097990989685059e-02
9.232101589441299438e-02
8.278729766607284546e-02
8.730962872505187988e-02
9.141090512275695801e-02
8.598607778549194336e-02
8.605477958917617798e-02
9.068647772073745728e-02
8.799055963754653931e-02
9.184453636407852173e-02
9.178242832422256470e-02
8.759370446205139160e-02
8.561646938323974609e-02
9.052506834268569946e-02
8.428324013948440552e-02
8.465424925088882446e-02
8.548883348703384399e-02
9.349324554204940796e-02
8.706281334161758423e-02
8.710730820894241333e-02
8.820310235023498535e-02
8.954071253538131714e-02
8.470990508794784546e-02
8.572986721992492676e-02
9.059380739927291870e-02
9.244775027036666870e-02
8.566377311944961548e-02
8.911172300577163696e-02
8.587021380662918091e-02
1.116883829236030579e-01
8.980538696050643921e-02
8.205314725637435913e-02
9.106496721506118774e-02
8.660525083541870117e-02
8.759065717458724976e-02
9.140148013830184937e-02
8.856412023305892944e-02
8.446607738733291626e-02
8.575568348169326782e-02
8.598708361387252808e-02
9.730685502290725708e-02
9.587725251913070679e-02
8.827481418848037720e-02
8.124186098575592041e-02
9.561961889266967773e-02
9.009855240583419800e-02
9.244784712791442871e-02
9.322697669267654419e-02
8.598387241363525391e-02
9.238254278898239136e-02
8.798491954803466797e-02
8.913911134004592896e-02
9.275095909833908081e-02
9.256475418806076050e-02
8.392909914255142212e-02
8.888306468725204468e-02
8.685459941625595093e-02
8.552817255258560181e-02
8.496272563934326172e-02
8.431438356637954712e-02
8.666419982910156250e-02
8.930704742670059204e-02
8.906263858079910278e-02
8.672747761011123657e-02
8.627136796712875366e-02
8.392924070358276367e-02
9.492970257997512817e-02
8.671808242797851562e-02
8.315101265907287598e-02
8.501524478197097778e-02
9.377441555261611938e-02
1.046000793576240540e-01
7.972308248281478882e-02
8.177541941404342651e-02
9.115751832723617554e-02
8.769998699426651001e-02
8.599340915679931641e-02
9.229511022567749023e-02
9.545179456472396851e-02
9.072303771972656250e-02
9.291702508926391602e-02
8.624426275491714478e-02
9.275406599044799805e-02
8.715671300888061523e-02
8.708328008651733398e-02
8.685428649187088013e-02
9.788475185632705688e-02
8.811444044113159180e-02
8.952707052230834961e-02
8.624875545501708984e-02
8.794194459915161133e-02
8.909973502159118652e-02
9.418258816003799438e-02
9.150805324316024780e-02
8.700668811798095703e-02
8.803284168243408203e-02
8.926638215780258179e-02
8.564850687980651855e-02
9.188985079526901245e-02
8.898498862981796265e-02
8.747705072164535522e-02
8.936437219381332397e-02
8.861237764358520508e-02
8.849275112152099609e-02
9.611342102289199829e-02
9.304523468017578125e-02
9.598039835691452026e-02
8.186734467744827271e-02
8.390320092439651489e-02
9.888639301061630249e-02
8.580561727285385132e-02
8.737161010503768921e-02
8.060371875762939453e-02
9.292716532945632935e-02
9.336047619581222534e-02
8.588867634534835815e-02
9.363425523042678833e-02
7.893072068691253662e-02
8.594546467065811157e-02
8.834361284971237183e-02
8.507027477025985718e-02
9.151402115821838379e-02
8.385249972343444824e-02
7.942400127649307251e-02
8.829075098037719727e-02
9.078089147806167603e-02
8.464750647544860840e-02
8.560556173324584961e-02
8.270534873008728027e-02
9.032034873962402344e-02
9.124737977981567383e-02
9.229421615600585938e-02
8.511513471603393555e-02
9.363634139299392700e-02
8.557918667793273926e-02
8.277071267366409302e-02
9.871415048837661743e-02
8.722073584794998169e-02
9.614732861518859863e-02
9.235043078660964966e-02
9.216172248125076294e-02
8.845724910497665405e-02
7.975172996520996094e-02
8.372814208269119263e-02
8.911476284265518188e-02
8.641814440488815308e-02
9.043259173631668091e-02
9.124264866113662720e-02
8.488929271697998047e-02
8.822881430387496948e-02
8.660119026899337769e-02
8.829814940690994263e-02
8.394485712051391602e-02
8.787647634744644165e-02
8.784291893243789673e-02
9.146779030561447144e-02
8.984223753213882446e-02
8.614436537027359009e-02
9.087311476469039917e-02
8.357495069503784180e-02
9.859957545995712280e-02
8.500679582357406616e-02
8.411249518394470215e-02
9.359175711870193481e-02
8.851996809244155884e-02
9.056027978658676147e-02
8.315935730934143066e-02
8.846918493509292603e-02
8.557612448930740356e-02
8.933017402887344360e-02
8.342822641134262085e-02
8.671603351831436157e-02
9.070754051208496094e-02
7.977598160505294800e-02
8.678951114416122437e-02
9.178782254457473755e-02
9.117148071527481079e-02
8.815571665763854980e-02
9.044285863637924194e-02
8.635405451059341431e-02
8.765459060668945312e-02
8.123818039894104004e-02
8.990629762411117554e-02
9.112963825464248657e-02
9.400954842567443848e-02
8.049566298723220825e-02
8.910497277975082397e-02
8.537479490041732788e-02
8.657244592905044556e-02
8.389065414667129517e-02
9.033274650573730469e-02
9.094294160604476929e-02
8.676773309707641602e-02
9.769242256879806519e-02
8.403459936380386353e-02
1.016968488693237305e-01
8.847703784704208374e-02
8.811891078948974609e-02
8.889195322990417480e-02
8.684969693422317505e-02
8.542701601982116699e-02
8.477119356393814087e-02
8.921139687299728394e-02
9.136667847633361816e-02
8.353685587644577026e-02
9.326135367155075073e-02
8.792132139205932617e-02
8.852293342351913452e-02
8.639868348836898804e-02
8.764875680208206177e-02
8.967473357915878296e-02
8.358319848775863647e-02
8.546780794858932495e-02
9.352701902389526367e-02
8.181288093328475952e-02
8.512431383132934570e-02
8.425449579954147339e-02
8.483967930078506470e-02
8.733436465263366699e-02
9.771241992712020874e-02
9.060367941856384277e-02
9.049153327941894531e-02
8.849272131919860840e-02
1.008897125720977783e-01
8.615798503160476685e-02
9.345046430826187134e-02
8.665884286165237427e-02
8.521640300750732422e-02
9.402880817651748657e-02
9.025720506906509399e-02
8.756584674119949341e-02
9.306613355875015259e-02
8.245185762643814087e-02
9.319043904542922974e-02
8.400442451238632202e-02
9.573388099670410156e-02
9.133682399988174438e-02
8.866509050130844116e-02
9.367764741182327271e-02
8.611151576042175293e-02
9.170224517583847046e-02
8.658669143915176392e-02
9.262613207101821899e-02
8.519408106803894043e-02
9.214549511671066284e-02
8.694229274988174438e-02
9.299836307764053345e-02
9.081805497407913208e-02
8.672342449426651001e-02
8.590144664049148560e-02
8.505591750144958496e-02
9.073477238416671753e-02
8.728316426277160645e-02
9.064549207687377930e-02
8.473622798919677734e-02
8.604988455772399902e-02
8.081147819757461548e-02
9.436863660812377930e-02
8.941486477851867676e-02
9.292709082365036011e-02
9.089020639657974243e-02
8.510476350784301758e-02
8.902490884065628052e-02
9.238602966070175171e-02
8.602277189493179321e-02
8.826894313097000122e-02
8.521785587072372437e-02
1.246646046638488770e-01
8.802429586648941040e-02
8.555776625871658325e-02
9.709642082452774048e-02
8.606248348951339722e-02
9.420866519212722778e-02
9.022844582796096802e-02
9.162365645170211792e-02
8.474049717187881470e-02
9.007532149553298950e-02
8.503028750419616699e-02
9.361185878515243530e-02
8.511043339967727661e-02
9.158741682767868042e-02
9.249288588762283325e-02
8.624292165040969849e-02
8.822017908096313477e-02
8.242994546890258789e-02
8.311017602682113647e-02
8.804603666067123413e-02
9.225988388061523438e-02
8.717888593673706055e-02
8.262554556131362915e-02
8.794203400611877441e-02
9.012909978628158569e-02
9.028080105781555176e-02
8.608690649271011353e-02
8.614539355039596558e-02
8.704016357660293579e-02
8.736778050661087036e-02
9.053196758031845093e-02
8.650384098291397095e-02
8.608286827802658081e-02
8.962862938642501831e-02
8.766612410545349121e-02
8.857357501983642578e-02
8.550130575895309448e-02
8.410187810659408569e-02
8.777278661727905273e-02
8.908110111951828003e-02
8.692720532417297363e-02
8.373393863439559937e-02
8.075166493654251099e-02
8.848782628774642944e-02
9.501881152391433716e-02
8.176901936531066895e-02
9.635212272405624390e-02
8.669764548540115356e-02
8.986432105302810669e-02
9.576428681612014771e-02
8.451456576585769653e-02
8.429574966430664062e-02
9.342011064291000366e-02
8.937194943428039551e-02
8.985843509435653687e-02
8.421271294355392456e-02
9.283560514450073242e-02
9.546676278114318848e-02
8.173295855522155762e-02
8.917590230703353882e-02
9.126903861761093140e-02
8.561315387487411499e-02
9.116695076227188110e-02
8.625397086143493652e-02
9.408000856637954712e-02
8.748164772987365723e-02
9.505970031023025513e-02
9.125643968582153320e-02
8.615047484636306763e-02
8.729245513677597046e-02
9.646805375814437866e-02
8.570734411478042603e-02
9.016374498605728149e-02
8.592235296964645386e-02
9.434070438146591187e-02
9.191945940256118774e-02
8.706072717905044556e-02
9.400758147239685059e-02
9.308809787034988403e-02
8.719930797815322876e-02
9.858381748199462891e-02
8.410865813493728638e-02
8.711413294076919556e-02
8.991504460573196411e-02
8.592677116394042969e-02
8.858386427164077759e-02
8.987913280725479126e-02
9.009642153978347778e-02
8.555579930543899536e-02
8.731872588396072388e-02
8.757027238607406616e-02
8.616211265325546265e-02
8.973082900047302246e-02
8.843797445297241211e-02
8.375965803861618042e-02
8.651445060968399048e-02
9.094974398612976074e-02
9.323420375585556030e-02
8.939685672521591187e-02
8.376139402389526367e-02
9.249401837587356567e-02
9.218579530715942383e-02
8.522710204124450684e-02
8.485796302556991577e-02
8.573450893163681030e-02
8.554343134164810181e-02
8.518778532743453979e-02
9.122521430253982544e-02
8.702292293310165405e-02
9.333127737045288086e-02
8.930275589227676392e-02
8.824058622121810913e-02
8.703747391700744629e-02
9.105820208787918091e-02
1.047699749469757080e-01
8.575075864791870117e-02
9.562736749649047852e-02
8.599469065666198730e-02
9.020316600799560547e-02
8.982908725738525391e-02
8.381941169500350952e-02
9.092795848846435547e-02
8.497156947851181030e-02
9.381705522537231445e-02
9.357818216085433960e-02
8.848857134580612183e-02
8.472200483083724976e-02
8.823781460523605347e-02
9.167716652154922485e-02
9.041009098291397095e-02
8.540918678045272827e-02
8.906871080398559570e-02
9.052681922912597656e-02
9.064751118421554565e-02
8.589380979537963867e-02
8.640828728675842285e-02
8.917966485023498535e-02
9.775635600090026855e-02
8.581755310297012329e-02
8.598741888999938965e-02
8.436676114797592163e-02
9.234764426946640015e-02
8.562827855348587036e-02
8.638817071914672852e-02
9.809743613004684448e-02
7.974115014076232910e-02
9.020828455686569214e-02
1.019311025738716125e-01
8.808574825525283813e-02
1.003160700201988220e-01
8.660934120416641235e-02
8.733166009187698364e-02
8.941572159528732300e-02
8.173836022615432739e-02
8.215015381574630737e-02
8.241012692451477051e-02
8.434934169054031372e-02
8.623445034027099609e-02
8.316569775342941284e-02
8.495271205902099609e-02
1.011075973510742188e-01
8.875785022974014282e-02
8.938347548246383667e-02
8.525533229112625122e-02
8.073597401380538940e-02
8.958632498979568481e-02
8.695200830698013306e-02
8.784169703722000122e-02
8.469853550195693970e-02
8.874947577714920044e-02
8.853436261415481567e-02
1.080044209957122803e-01
9.466528147459030151e-02
8.506273478269577026e-02
8.816037327051162720e-02
8.541768044233322144e-02
8.340420573949813843e-02
8.756659179925918579e-02
8.899281173944473267e-02
8.212225884199142456e-02
8.665406703948974609e-02
8.882242441177368164e-02
9.122534841299057007e-02
8.603984862565994263e-02
8.740955591201782227e-02
9.254398941993713379e-02
9.622657299041748047e-02
8.649005740880966187e-02
8.598488569259643555e-02
8.920236676931381226e-02
8.466595411300659180e-02
8.714988082647323608e-02
9.081379324197769165e-02
8.719429373741149902e-02
8.101516216993331909e-02
9.085386991500854492e-02
9.046212583780288696e-02
8.994258195161819458e-02
9.288529306650161743e-02
8.351311087608337402e-02
8.598699420690536499e-02
9.726198762655258179e-02
8.719679713249206543e-02
8.767976611852645874e-02
9.127645939588546753e-02
1.031206026673316956e-01
9.041833132505416870e-02
8.675085753202438354e-02
8.693471550941467285e-02
8.865369111299514771e-02
9.042196720838546753e-02
8.315878361463546753e-02
8.463930338621139526e-02
8.811855316162109375e-02
8.193860203027725220e-02
8.656988292932510376e-02
8.964660018682479858e-02
8.794341236352920532e-02
9.041193127632141113e-02
8.295141905546188354e-02
8.790259808301925659e-02
8.364701271057128906e-02
8.658619970083236694e-02
9.041643142700195312e-02
8.815481513738632202e-02
8.740635961294174194e-02
8.836945891380310059e-02
8.539625257253646851e-02
8.633306622505187988e-02
8.496902137994766235e-02
8.946169167757034302e-02
8.409462124109268188e-02
8.735623210668563843e-02
8.496978133916854858e-02
8.605012297630310059e-02
8.798556774854660034e-02
8.837408572435379028e-02
9.083095192909240723e-02
8.959553390741348267e-02
9.161081165075302124e-02
8.805063366889953613e-02
8.516240119934082031e-02
9.213227033615112305e-02
9.082186222076416016e-02
8.823949843645095825e-02
1.037339791655540466e-01
8.935138583183288574e-02
8.329724520444869995e-02
8.818266540765762329e-02
9.161043912172317505e-02
9.359503537416458130e-02
9.233311563730239868e-02
8.848751336336135864e-02
8.560331910848617554e-02
8.277397602796554565e-02
9.147793054580688477e-02
9.131164103746414185e-02
9.031093120574951172e-02
8.934792131185531616e-02
8.371898531913757324e-02
8.953279256820678711e-02
8.877759426832199097e-02
8.352991938591003418e-02
8.815047889947891235e-02
8.440565317869186401e-02
8.826529979705810547e-02
8.568087965250015259e-02
9.280283004045486450e-02
8.840768784284591675e-02
8.299066871404647827e-02
9.787886589765548706e-02
8.949360251426696777e-02
9.000290185213088989e-02
9.213689714670181274e-02
8.362021297216415405e-02
8.230028301477432251e-02
8.748280256986618042e-02
8.289437741041183472e-02
9.294488281011581421e-02
9.197348356246948242e-02
9.175885468721389771e-02
9.117617458105087280e-02
9.120621532201766968e-02
9.019433706998825073e-02
8.876112848520278931e-02
9.014946222305297852e-02
8.201605826616287231e-02
8.830228447914123535e-02
1.049418076872825623e-01
9.346046298742294312e-02
9.300658851861953735e-02
8.824837952852249146e-02
8.975387364625930786e-02
8.499137312173843384e-02
8.777659386396408081e-02
8.334123343229293823e-02
9.081009775400161743e-02
8.864208310842514038e-02
8.685519546270370483e-02
9.187299013137817383e-02
8.650705963373184204e-02
9.136488288640975952e-02
1.023095846176147461e-01
8.776267617940902710e-02
8.477169275283813477e-02
8.385160565376281738e-02
9.013117104768753052e-02
8.701802045106887817e-02
8.574216812849044800e-02
9.354362636804580688e-02
8.803794533014297485e-02
9.003897756338119507e-02
8.731620758771896362e-02
8.580231666564941406e-02
9.222370386123657227e-02
8.876904100179672241e-02
8.766146749258041382e-02
9.076386690139770508e-02
8.902321010828018188e-02
8.355786651372909546e-02
8.502411097288131714e-02
8.412600308656692505e-02
8.511117100715637207e-02
8.413416892290115356e-02
9.224227070808410645e-02
8.441143482923507690e-02
8.583402633666992188e-02
9.130284190177917480e-02
8.243132382631301880e-02
8.784607797861099243e-02
8.869111537933349609e-02
8.343056589365005493e-02
8.394200354814529419e-02
8.884111791849136353e-02
8.500477671623229980e-02
8.653526753187179565e-02
8.779218792915344238e-02
8.759725838899612427e-02
8.255791664123535156e-02
8.071758598089218140e-02
8.816409111022949219e-02
9.868366271257400513e-02
8.850467205047607422e-02
9.699121117591857910e-02
8.808396011590957642e-02
8.917748183012008667e-02
8.438747376203536987e-02
8.122596144676208496e-02
8.573716133832931519e-02
8.716696500778198242e-02
8.503425121307373047e-02
8.946296572685241699e-02
9.842350333929061890e-02
8.734221011400222778e-02
8.685868978500366211e-02
8.912881463766098022e-02
8.358541876077651978e-02
7.870119065046310425e-02
8.533533662557601929e-02
9.370962530374526978e-02
8.129815012216567993e-02
8.438685536384582520e-02
8.696547150611877441e-02
8.836162090301513672e-02
8.939927071332931519e-02
9.077396988868713379e-02
8.524492383003234863e-02
8.763318508863449097e-02
8.391767740249633789e-02
8.918290585279464722e-02
8.803907781839370728e-02
9.197168797254562378e-02
8.736606687307357788e-02
8.671542257070541382e-02
9.662961959838867188e-02
8.934583514928817749e-02
8.679923415184020996e-02
9.491606801748275757e-02
8.309949189424514771e-02
9.013047814369201660e-02
9.145694971084594727e-02
9.020987898111343384e-02
8.759292215108871460e-02
9.067165851593017578e-02
8.431016653776168823e-02
8.552744984626770020e-02
8.514893054962158203e-02
9.619066119194030762e-02
1.314525008201599121e-01
9.596056491136550903e-02
9.682067483663558960e-02
9.265625476837158203e-02
9.745258837938308716e-02
9.188675135374069214e-02
8.966994285583496094e-02
8.658111095428466797e-02
9.870608896017074585e-02
1.013565137982368469e-01
1.098895072937011719e-01
8.824032545089721680e-02
8.654740452766418457e-02
9.939566254615783691e-02
9.239085763692855835e-02
8.895058184862136841e-02
9.353382140398025513e-02
9.466999024152755737e-02
9.507954120635986328e-02
9.449875354766845703e-02
8.798160403966903687e-02
8.675331622362136841e-02
9.605634957551956177e-02
8.461227267980575562e-02
8.980384469032287598e-02
8.602807670831680298e-02
9.564133733510971069e-02
8.712919801473617554e-02
9.234547615051269531e-02
9.029366821050643921e-02
8.997326344251632690e-02
8.707790821790695190e-02
8.646532148122787476e-02
8.911097049713134766e-02
9.047788381576538086e-02
9.664840251207351685e-02
9.122362732887268066e-02
8.510787039995193481e-02
9.050226956605911255e-02
8.588159084320068359e-02
9.252692013978958130e-02
8.992085605859756470e-02
8.824539929628372192e-02
8.862013369798660278e-02
8.532784134149551392e-02
8.750238269567489624e-02
1.005410775542259216e-01
8.878649026155471802e-02
8.194770663976669312e-02
8.689250797033309937e-02
9.477901458740234375e-02
9.330689162015914917e-02
9.573037177324295044e-02
8.301669359207153320e-02
8.849125355482101440e-02
9.295559674501419067e-02
8.841558545827865601e-02
8.791530132293701172e-02
8.831328153610229492e-02
8.473414182662963867e-02
8.843208104372024536e-02
8.515001088380813599e-02
9.134966135025024414e-02
8.649236708879470825e-02
9.097664803266525269e-02
8.728259801864624023e-02
8.549621701240539551e-02
8.494510501623153687e-02
8.481121063232421875e-02
8.480849117040634155e-02
8.814694732427597046e-02
8.766746520996093750e-02
9.177450090646743774e-02
8.605628460645675659e-02
8.440721780061721802e-02
8.631908148527145386e-02
8.700404316186904907e-02
1.176518723368644714e-01
8.645465970039367676e-02
8.479706197977066040e-02
8.356121927499771118e-02
8.349826186895370483e-02
8.522481471300125122e-02
9.187489748001098633e-02
8.228445798158645630e-02
9.672989696264266968e-02
9.047476202249526978e-02
9.574889391660690308e-02
9.166672080755233765e-02
8.897741883993148804e-02
8.750221878290176392e-02
8.511373400688171387e-02
8.978578448295593262e-02
8.423276990652084351e-02
8.342099189758300781e-02
9.126595407724380493e-02
9.183547645807266235e-02
8.871666342020034790e-02
9.598269313573837280e-02
8.478003740310668945e-02
8.585616201162338257e-02
8.190152794122695923e-02
8.450631052255630493e-02
9.193221479654312134e-02
9.984046965837478638e-02
8.834218233823776245e-02
8.889231830835342407e-02
9.043983370065689087e-02
8.818597346544265747e-02
9.065853804349899292e-02
9.281137585639953613e-02
9.475085139274597168e-02
9.146798402070999146e-02
8.493566513061523438e-02
9.150842577219009399e-02
9.006699919700622559e-02
8.491510897874832153e-02
9.628283977508544922e-02
8.600781112909317017e-02
8.872842788696289062e-02
8.879306912422180176e-02
9.390634298324584961e-02
8.688174933195114136e-02
8.576663583517074585e-02
8.428623527288436890e-02
8.525252342224121094e-02
8.789133280515670776e-02
9.332296252250671387e-02
8.300709724426269531e-02
8.777433633804321289e-02
8.047690242528915405e-02
8.908218145370483398e-02
1.001726612448692322e-01
8.908478170633316040e-02
8.536676317453384399e-02
8.450350910425186157e-02
8.844992518424987793e-02
8.840003609657287598e-02
9.088111668825149536e-02
8.473975211381912231e-02
8.920951932668685913e-02
9.241881966590881348e-02
8.952555060386657715e-02
9.272634983062744141e-02
9.098941832780838013e-02
8.718200773000717163e-02
8.752993494272232056e-02
8.892810344696044922e-02
8.536562323570251465e-02
8.547171950340270996e-02
8.444980531930923462e-02
9.144561737775802612e-02
8.637994527816772461e-02
9.154582023620605469e-02
8.680177479982376099e-02
8.232958614826202393e-02
9.068793058395385742e-02
1.046406030654907227e-01
8.264636993408203125e-02
8.828246593475341797e-02
9.474162012338638306e-02
8.477432280778884888e-02
8.884924650192260742e-02
8.785148710012435913e-02
9.246184676885604858e-02
8.841676265001296997e-02
9.621295332908630371e-02
8.778544515371322632e-02
8.668436855077743530e-02
8.990788459777832031e-02
8.838087320327758789e-02
8.707758784294128418e-02
7.723122090101242065e-02
8.756208419799804688e-02
8.688402175903320312e-02
8.588564395904541016e-02
7.842449098825454712e-02
8.348066359758377075e-02
8.879543095827102661e-02
9.768479317426681519e-02
8.213642984628677368e-02
8.233945816755294800e-02
9.241104125976562500e-02
8.639004826545715332e-02
8.878281712532043457e-02
8.432108163833618164e-02
8.372011035680770874e-02
8.124304562807083130e-02
8.384290337562561035e-02
8.577078580856323242e-02
9.330079704523086548e-02
8.616729825735092163e-02
8.104513585567474365e-02
8.556583523750305176e-02
8.924239128828048706e-02
8.872685581445693970e-02
8.648111671209335327e-02
8.731719851493835449e-02
8.788969367742538452e-02
8.705135434865951538e-02
9.026829153299331665e-02
8.540997654199600220e-02
9.028009325265884399e-02
8.908843994140625000e-02
9.340948611497879028e-02
8.702293038368225098e-02
8.451043814420700073e-02
8.611365407705307007e-02
8.400978893041610718e-02
8.679635077714920044e-02
8.850866556167602539e-02
8.853814750909805298e-02
9.794623404741287231e-02
8.686233311891555786e-02
8.682113885879516602e-02
9.371558576822280884e-02
9.042390435934066772e-02
9.093221276998519897e-02
8.773339539766311646e-02
8.889749646186828613e-02
9.369546175003051758e-02
8.839106559753417969e-02
8.242871612310409546e-02
9.624711424112319946e-02
9.222024679183959961e-02
9.222171455621719360e-02
8.344519138336181641e-02
8.269403129816055298e-02
8.615476638078689575e-02
8.369889110326766968e-02
9.243088215589523315e-02
8.512850850820541382e-02
8.427518606185913086e-02
8.548400551080703735e-02
8.367615193128585815e-02
8.790853619575500488e-02
8.008442074060440063e-02
8.290527760982513428e-02
8.547703176736831665e-02
8.527126908302307129e-02
9.157916158437728882e-02
8.491083234548568726e-02
8.480733633041381836e-02
8.734422177076339722e-02
8.954167366027832031e-02
8.885214477777481079e-02
9.834038466215133667e-02
8.761314302682876587e-02
9.172765165567398071e-02
8.897072076797485352e-02
8.693610876798629761e-02
9.229204803705215454e-02
9.244719892740249634e-02
8.681806921958923340e-02
9.548041969537734985e-02
8.541867882013320923e-02
8.435368537902832031e-02
8.768702298402786255e-02
8.294575661420822144e-02
8.478996902704238892e-02
9.018108993768692017e-02
8.639717102050781250e-02
9.095524996519088745e-02
8.582910150289535522e-02
8.967677503824234009e-02
8.731190115213394165e-02
9.035310894250869751e-02
8.792346715927124023e-02
8.453098684549331665e-02
8.739163726568222046e-02
9.184709936380386353e-02
9.044312685728073120e-02
8.635458350181579590e-02
8.996022492647171021e-02
8.825265616178512573e-02
9.001981467008590698e-02
8.549210429191589355e-02
9.066483378410339355e-02
8.506870269775390625e-02
8.189321309328079224e-02
8.768747001886367798e-02
8.975867182016372681e-02
8.581241220235824585e-02
8.043592423200607300e-02
8.541339635848999023e-02
9.160774201154708862e-02
8.665120601654052734e-02
8.357656747102737427e-02
9.943640232086181641e-02
8.437839150428771973e-02
8.352018147706985474e-02
8.449023962020874023e-02
9.021800011396408081e-02
8.004096895456314087e-02
9.006730467081069946e-02
8.299482613801956177e-02
8.558562397956848145e-02
8.565471321344375610e-02
9.224686026573181152e-02
8.413214236497879028e-02
9.088280051946640015e-02
9.369823336601257324e-02
8.576617389917373657e-02
9.590967744588851929e-02
9.185266494750976562e-02
9.024577587842941284e-02
8.640647679567337036e-02
8.598177880048751831e-02
8.997189998626708984e-02
9.218708425760269165e-02
8.382382988929748535e-02
8.910742402076721191e-02
9.281683713197708130e-02
9.358584880828857422e-02
9.234082698822021484e-02
9.304852038621902466e-02
8.492672443389892578e-02
9.030198305845260620e-02
8.622562140226364136e-02
9.521317481994628906e-02
9.174418449401855469e-02
8.888137340545654297e-02
8.859609812498092651e-02
9.560223668813705444e-02
9.218769520521163940e-02
9.185150265693664551e-02
9.229296445846557617e-02
8.664750307798385620e-02
8.737692981958389282e-02
8.959128707647323608e-02
9.564477205276489258e-02
8.959213644266128540e-02
8.633312582969665527e-02
8.987367153167724609e-02
8.195471018552780151e-02
8.713608980178833008e-02
8.986804634332656860e-02
8.392564207315444946e-02
8.747979998588562012e-02
8.691391348838806152e-02
8.528961986303329468e-02
8.780530095100402832e-02
9.182833880186080933e-02
8.752877265214920044e-02
8.914495259523391724e-02
8.955537527799606323e-02
9.564829617738723755e-02
8.662865310907363892e-02
8.577853441238403320e-02
8.705262094736099243e-02
8.482834696769714355e-02
8.890061825513839722e-02
9.327063709497451782e-02
8.083993941545486450e-02
8.848560601472854614e-02
8.922653645277023315e-02
9.082705527544021606e-02
8.619140833616256714e-02
8.336016535758972168e-02
9.095207601785659790e-02
9.009557217359542847e-02
8.608404546976089478e-02
8.619725704193115234e-02
8.654887229204177856e-02
9.110867977142333984e-02
1.043264195322990417e-01
9.284562617540359497e-02
9.021738171577453613e-02
9.254074096679687500e-02
8.659759908914566040e-02
8.202825486660003662e-02
1.051578298211097717e-01
8.384221047163009644e-02
1.005166992545127869e-01
9.230379015207290649e-02
9.016033262014389038e-02
8.604741096496582031e-02
9.019476175308227539e-02
9.181806445121765137e-02
8.930188417434692383e-02
8.669373393058776855e-02
9.252809733152389526e-02
8.589162677526473999e-02
8.563363552093505859e-02
8.480570465326309204e-02
8.563747256994247437e-02
9.275213629007339478e-02
8.468521386384963989e-02
8.940304070711135864e-02
8.749400824308395386e-02
8.965425938367843628e-02
8.572750538587570190e-02
8.941373229026794434e-02
8.417730778455734253e-02
8.662811666727066040e-02
8.808609843254089355e-02
8.372624963521957397e-02
8.856359869241714478e-02
7.783035933971405029e-02
8.991906046867370605e-02
8.547278493642807007e-02
8.863841742277145386e-02
8.732392638921737671e-02
8.689615130424499512e-02
9.216767549514770508e-02
8.437659591436386108e-02
8.714868873357772827e-02
8.973044157028198242e-02
9.121831506490707397e-02
9.129812568426132202e-02
8.911544084548950195e-02
8.284644037485122681e-02
9.096151590347290039e-02
8.589562028646469116e-02
8.849964290857315063e-02
8.618906885385513306e-02
8.809330314397811890e-02
8.922707289457321167e-02
8.174218982458114624e-02
8.639743924140930176e-02
8.837708830833435059e-02
8.692008256912231445e-02
9.168472141027450562e-02
8.737681061029434204e-02
8.490871638059616089e-02
8.504018932580947876e-02
8.624104410409927368e-02
9.285700321197509766e-02
8.877846598625183105e-02
8.457943797111511230e-02
8.719161152839660645e-02
8.808461576700210571e-02
8.641927689313888550e-02
9.683188050985336304e-02
9.191819280385971069e-02
8.283305913209915161e-02
8.948763459920883179e-02
9.262456744909286499e-02
8.465821295976638794e-02
8.348802477121353149e-02
8.914855867624282837e-02
8.769904822111129761e-02
8.513110131025314331e-02
8.626002073287963867e-02
8.949998021125793457e-02
8.708092570304870605e-02
8.129406720399856567e-02
8.815640211105346680e-02
8.406802266836166382e-02
8.029127866029739380e-02
8.691962808370590210e-02
9.174828976392745972e-02
8.517911285161972046e-02
8.818396180868148804e-02
9.571874141693115234e-02
8.675885945558547974e-02
8.622875064611434937e-02
8.481085300445556641e-02
9.080100059509277344e-02
9.053829312324523926e-02
8.743306249380111694e-02
8.779744058847427368e-02
8.940220624208450317e-02
8.477091044187545776e-02
9.393621236085891724e-02
8.873023837804794312e-02
8.280304819345474243e-02
8.123892545700073242e-02
9.319256991147994995e-02
9.029945731163024902e-02
8.610556274652481079e-02
8.771310001611709595e-02
8.890344947576522827e-02
8.887279778718948364e-02
8.784490078687667847e-02
8.704709261655807495e-02
8.435208350419998169e-02
8.698621392250061035e-02
9.022095799446105957e-02
9.086948633193969727e-02
8.905633538961410522e-02
8.490949869155883789e-02
8.787596970796585083e-02
1.292626857757568359e-01
8.852642029523849487e-02
9.031686186790466309e-02
8.621922880411148071e-02
8.440443128347396851e-02
8.907210081815719604e-02
8.742999285459518433e-02
8.553143590688705444e-02
8.977001160383224487e-02
8.612201362848281860e-02
8.237389475107192993e-02
8.677840977907180786e-02
8.708572387695312500e-02
8.766997605562210083e-02
8.635611087083816528e-02
8.881967514753341675e-02
8.866543322801589966e-02
9.463443607091903687e-02
9.541547298431396484e-02
8.650670200586318970e-02
8.354861289262771606e-02
8.782095462083816528e-02
8.246097713708877563e-02
9.724411368370056152e-02
9.148830920457839966e-02
9.303487092256546021e-02
9.068917483091354370e-02
9.532137960195541382e-02
8.558968454599380493e-02
9.074511379003524780e-02
8.427967876195907593e-02
8.609357476234436035e-02
8.269596099853515625e-02
9.641224145889282227e-02
8.648147433996200562e-02
8.464048057794570923e-02
8.647283166646957397e-02
8.513382822275161743e-02
8.537288755178451538e-02
8.530692011117935181e-02
8.499943464994430542e-02
8.694259077310562134e-02
8.972813934087753296e-02
8.720556646585464478e-02
8.945394307374954224e-02
8.627442270517349243e-02
8.515401929616928101e-02
9.388741105794906616e-02
9.222403913736343384e-02
8.758544921875000000e-02
8.826025575399398804e-02
8.304852992296218872e-02
8.571177721023559570e-02
8.722984790802001953e-02
9.588950872421264648e-02
8.655235171318054199e-02
8.898296207189559937e-02
8.875019103288650513e-02
8.516398072242736816e-02
8.249671757221221924e-02
8.877652138471603394e-02
8.392628282308578491e-02
8.474218100309371948e-02
8.754984289407730103e-02
8.797811716794967651e-02
8.678989857435226440e-02
8.927750587463378906e-02
8.567076176404953003e-02
8.455733209848403931e-02
8.729741722345352173e-02
9.124835580587387085e-02
9.572727233171463013e-02
8.775535225868225098e-02
8.228999376296997070e-02
8.919321745634078979e-02
9.236498922109603882e-02
8.388058096170425415e-02
8.562108129262924194e-02
8.651369810104370117e-02
9.344736486673355103e-02
9.421029686927795410e-02
8.685046434402465820e-02
9.011578559875488281e-02
9.220545738935470581e-02
9.521060436964035034e-02
8.460423350334167480e-02
8.636898547410964966e-02
8.973947912454605103e-02
8.458276838064193726e-02
8.578890562057495117e-02
8.539132028818130493e-02
8.984195441007614136e-02
9.364873915910720825e-02
8.821519464254379272e-02
8.796703070402145386e-02
9.449588507413864136e-02
1.218744590878486633e-01
9.225127846002578735e-02
9.002753347158432007e-02
8.344984799623489380e-02
8.467259258031845093e-02
9.716578572988510132e-02
9.173092991113662720e-02
8.154360949993133545e-02
8.780338615179061890e-02
9.316057711839675903e-02
8.427321910858154297e-02
8.277479559183120728e-02
9.047963470220565796e-02
9.163108468055725098e-02
9.178143739700317383e-02
8.558941632509231567e-02
8.703380078077316284e-02
8.652804046869277954e-02
8.574163168668746948e-02
8.636052161455154419e-02
8.688471466302871704e-02
8.385763317346572876e-02
8.632151037454605103e-02
1.087218821048736572e-01
8.118296414613723755e-02
8.538550138473510742e-02
8.484485000371932983e-02
8.591691404581069946e-02
8.367434144020080566e-02
8.800351619720458984e-02
8.330269902944564819e-02
8.772619813680648804e-02
9.362613409757614136e-02
8.370361477136611938e-02
9.265444427728652954e-02
8.991256356239318848e-02
9.025419503450393677e-02
8.752384781837463379e-02
9.497267007827758789e-02
9.397089481353759766e-02
9.254027158021926880e-02
8.337405323982238770e-02
8.042049407958984375e-02
8.495795726776123047e-02
8.043021708726882935e-02
8.583662658929824829e-02
8.977954834699630737e-02
9.008177369832992554e-02
9.422666579484939575e-02
8.552724868059158325e-02
8.206757158041000366e-02
8.777979761362075806e-02
8.796677738428115845e-02
8.863628655672073364e-02
8.354980498552322388e-02
8.599504083395004272e-02
8.691206574440002441e-02
9.197840094566345215e-02
9.460201114416122437e-02
9.989409893751144409e-02
9.255877882242202759e-02
8.881013840436935425e-02
8.735537528991699219e-02
8.774545043706893921e-02
8.798073977231979370e-02
8.467435836791992188e-02
8.707915991544723511e-02
8.181767910718917847e-02
8.619406074285507202e-02
9.646738320589065552e-02
8.490442484617233276e-02
8.540508896112442017e-02
8.656910806894302368e-02
8.797448128461837769e-02
8.798622339963912964e-02
8.202455192804336548e-02
8.431594818830490112e-02
8.218286931514739990e-02
8.841207623481750488e-02
8.914560824632644653e-02
8.606152981519699097e-02
9.041470289230346680e-02
8.747444301843643188e-02
8.916898816823959351e-02
9.169268608093261719e-02
8.549481630325317383e-02
8.376105874776840210e-02
8.500051498413085938e-02
9.176667779684066772e-02
9.086722880601882935e-02
8.505932241678237915e-02
8.847235888242721558e-02
8.687532693147659302e-02
9.077209979295730591e-02
8.551952987909317017e-02
8.441304415464401245e-02
8.187220245599746704e-02
8.463958650827407837e-02
8.896160870790481567e-02
8.852224797010421753e-02
8.954459428787231445e-02
1.009775623679161072e-01
8.857458084821701050e-02
9.260761737823486328e-02
8.895377069711685181e-02
8.625236153602600098e-02
1.101640462875366211e-01
8.345156908035278320e-02
8.899339288473129272e-02
8.759310096502304077e-02
9.195285290479660034e-02
8.528950065374374390e-02
8.310589194297790527e-02
8.792295306921005249e-02
8.812858909368515015e-02
8.276538550853729248e-02
8.475068956613540649e-02
9.000121802091598511e-02
8.932798355817794800e-02
8.680296689271926880e-02
8.501072973012924194e-02
9.052794426679611206e-02
8.955486863851547241e-02
1.312635689973831177e-01
9.175156801939010620e-02
9.296158701181411743e-02
9.086660295724868774e-02
8.244343847036361694e-02
9.052463620901107788e-02
8.867621421813964844e-02
9.036236256361007690e-02
8.135692030191421509e-02
9.285229444503784180e-02
8.519542217254638672e-02
8.239787071943283081e-02
8.532437682151794434e-02
8.677107840776443481e-02
9.186893701553344727e-02
8.374252170324325562e-02
8.379062265157699585e-02
9.116736799478530884e-02
8.474725484848022461e-02
8.874440193176269531e-02
8.667927980422973633e-02
9.200813621282577515e-02
8.921765536069869995e-02
8.387283235788345337e-02
8.827990293502807617e-02
8.492090553045272827e-02
8.279450982809066772e-02
8.440916985273361206e-02
8.516386151313781738e-02
8.723668009042739868e-02
8.604767173528671265e-02
8.760374784469604492e-02
1.001935601234436035e-01
8.392143994569778442e-02
8.012548834085464478e-02
1.023078635334968567e-01
9.176411479711532593e-02
9.034956246614456177e-02
8.953138440847396851e-02
8.744943141937255859e-02
8.845318108797073364e-02
8.877444267272949219e-02
8.129331469535827637e-02
8.709865808486938477e-02
8.342524617910385132e-02
8.591669052839279175e-02
8.347708731889724731e-02
8.808622509241104126e-02
9.149116277694702148e-02
9.307850152254104614e-02
8.281251043081283569e-02
9.272677451372146606e-02
8.548528701066970825e-02
9.002647548913955688e-02
9.150105714797973633e-02
8.965289592742919922e-02
8.438663929700851440e-02
9.162210673093795776e-02
8.868079632520675659e-02
8.939602226018905640e-02
8.171654492616653442e-02
9.086854010820388794e-02
8.617927879095077515e-02
9.011521190404891968e-02
8.673694729804992676e-02
8.935800939798355103e-02
8.598832041025161743e-02
7.647883892059326172e-02
8.354737609624862671e-02
8.735857158899307251e-02
9.395984560251235962e-02
8.569079637527465820e-02
9.140682965517044067e-02
8.934197574853897095e-02
8.970233052968978882e-02
8.388299494981765747e-02
8.813697099685668945e-02
9.263240545988082886e-02
9.251696616411209106e-02
9.419858455657958984e-02
8.644962310791015625e-02
8.337586373090744019e-02
9.421341866254806519e-02
8.854559808969497681e-02
8.667244762182235718e-02
8.969497680664062500e-02
8.379643410444259644e-02
8.804181218147277832e-02
8.394789695739746094e-02
8.832604438066482544e-02
8.965230733156204224e-02
8.720561116933822632e-02
9.002170711755752563e-02
8.828244358301162720e-02
8.410043269395828247e-02
1.006957218050956726e-01
8.748146146535873413e-02
8.183611184358596802e-02
8.845266699790954590e-02
9.844428300857543945e-02
8.874750882387161255e-02
8.906906098127365112e-02
8.865415304899215698e-02
8.732065558433532715e-02
8.344619721174240112e-02
8.769014477729797363e-02
9.166800975799560547e-02
8.761554956436157227e-02
8.756279945373535156e-02
8.659424632787704468e-02
8.640861511230468750e-02
8.597479015588760376e-02
9.122437238693237305e-02
9.247311204671859741e-02
7.973044365644454956e-02
9.539010375738143921e-02
8.893272280693054199e-02
9.178259223699569702e-02
8.785116672515869141e-02
8.502116799354553223e-02
8.006087690591812134e-02
9.480635076761245728e-02
8.624284714460372925e-02
8.267295360565185547e-02
9.034285694360733032e-02
8.678150177001953125e-02
8.450254797935485840e-02
9.096897393465042114e-02
8.705764263868331909e-02
8.169595897197723389e-02
9.260306507349014282e-02
8.371017128229141235e-02
8.462636917829513550e-02
9.129800647497177124e-02
8.809719234704971313e-02
8.100146800279617310e-02
9.244219213724136353e-02
8.375185728073120117e-02
8.742734044790267944e-02
8.944836258888244629e-02
9.420534968376159668e-02
9.793788939714431763e-02
8.664524555206298828e-02
8.806785941123962402e-02
8.529566973447799683e-02
8.633300662040710449e-02
8.789664506912231445e-02
8.333671092987060547e-02
8.432707190513610840e-02
8.612012118101119995e-02
8.898078650236129761e-02
8.709206432104110718e-02
9.307334572076797485e-02
8.357588201761245728e-02
8.980184048414230347e-02
8.610048890113830566e-02
9.216793626546859741e-02
8.426878601312637329e-02
8.041179180145263672e-02
1.004822850227355957e-01
8.608125895261764526e-02
9.117841720581054688e-02
8.610186725854873657e-02
9.255805611610412598e-02
9.050637483596801758e-02
9.229820221662521362e-02
8.799361437559127808e-02
8.428525179624557495e-02
9.029234200716018677e-02
8.584318310022354126e-02
9.114364534616470337e-02
9.613347053527832031e-02
8.618596941232681274e-02
8.579222112894058228e-02
8.899552375078201294e-02
9.155339747667312622e-02
9.205043315887451172e-02
8.410211652517318726e-02
8.732665330171585083e-02
8.844365924596786499e-02
8.730912208557128906e-02
8.724066615104675293e-02
8.831626176834106445e-02
8.635592460632324219e-02
8.825773745775222778e-02
9.222448617219924927e-02
9.028232842683792114e-02
9.411851316690444946e-02
8.630771189928054810e-02
8.742458373308181763e-02
8.131527900695800781e-02
8.964078873395919800e-02
8.732709288597106934e-02
7.895491272211074829e-02
8.819908648729324341e-02
8.960696309804916382e-02
8.930927515029907227e-02
8.773516863584518433e-02
8.374450355768203735e-02
8.704132586717605591e-02
8.626672625541687012e-02
9.036593884229660034e-02
8.915770053863525391e-02
8.742791414260864258e-02
8.491736650466918945e-02
8.493363857269287109e-02
8.699768781661987305e-02
8.363530039787292480e-02
9.089808911085128784e-02
9.588772803544998169e-02
9.192955493927001953e-02
9.241683036088943481e-02
8.735817670822143555e-02
8.869291096925735474e-02
8.579313009977340698e-02
8.544144779443740845e-02
8.275748044252395630e-02
9.583902359008789062e-02
9.631440788507461548e-02
8.740270882844924927e-02
8.678671717643737793e-02
9.267672151327133179e-02
8.646943420171737671e-02
9.050256013870239258e-02
9.597333520650863647e-02
1.023748740553855896e-01
8.446570485830307007e-02
8.720332384109497070e-02
9.086802601814270020e-02
8.584936708211898804e-02
8.004284650087356567e-02
8.877726644277572632e-02
8.432952314615249634e-02
8.380474895238876343e-02
8.244065940380096436e-02
9.032952040433883667e-02
8.594483137130737305e-02
1.028406918048858643e-01
8.635917305946350098e-02
9.240039438009262085e-02
8.629831671714782715e-02
9.585151076316833496e-02
8.520855754613876343e-02
8.892047405242919922e-02
8.739291876554489136e-02
8.880158513784408569e-02
9.051012247800827026e-02
9.047073870897293091e-02
8.219075947999954224e-02
9.008713811635971069e-02
8.948943763971328735e-02
8.439922332763671875e-02
8.800043910741806030e-02
8.693438768386840820e-02
8.831652253866195679e-02
8.623313903808593750e-02
8.414153009653091431e-02
8.613461256027221680e-02
8.813941478729248047e-02
8.320408314466476440e-02
9.142481535673141479e-02
9.555963426828384399e-02
8.546122908592224121e-02
9.760507196187973022e-02
8.310819417238235474e-02
8.895733207464218140e-02
9.209761768579483032e-02
1.213155463337898254e-01
9.423341602087020874e-02
9.105700999498367310e-02
8.883085101842880249e-02
8.382738381624221802e-02
8.675283193588256836e-02
8.912826329469680786e-02
8.777392655611038208e-02
8.826523274183273315e-02
8.685172349214553833e-02
8.488616347312927246e-02
8.199483901262283325e-02
8.319154381752014160e-02
8.916217088699340820e-02
8.545009046792984009e-02
9.107892960309982300e-02
8.419623225927352905e-02
8.856154233217239380e-02
8.634635061025619507e-02
9.393731504678726196e-02
9.329712390899658203e-02
9.009385854005813599e-02
8.462324738502502441e-02
8.726355433464050293e-02
8.139499276876449585e-02
8.838168531656265259e-02
8.644572645425796509e-02
8.920913934707641602e-02
8.961272984743118286e-02
8.562219142913818359e-02
1.058766841888427734e-01
8.601780980825424194e-02
8.370626717805862427e-02
9.102726727724075317e-02
8.915498107671737671e-02
8.721806854009628296e-02
8.499378710985183716e-02
8.823511004447937012e-02
8.301211148500442505e-02
9.268943220376968384e-02
8.912891894578933716e-02
9.062591940164566040e-02
9.378426522016525269e-02
9.400469809770584106e-02
8.576973527669906616e-02
8.651285618543624878e-02
8.464362472295761108e-02
8.518406003713607788e-02
9.501501172780990601e-02
8.576574176549911499e-02
8.822607994079589844e-02
8.815262466669082642e-02
9.419918060302734375e-02
8.588831871747970581e-02
9.111112356185913086e-02
8.962497115135192871e-02
8.792235702276229858e-02
8.824688941240310669e-02
8.263247460126876831e-02
9.836385399103164673e-02
9.112566709518432617e-02
8.794379979372024536e-02
1.049800887703895569e-01
9.029608964920043945e-02
9.267318248748779297e-02
8.456254005432128906e-02
8.543837815523147583e-02
8.704335242509841919e-02
9.026443213224411011e-02
8.404024690389633179e-02
8.364653587341308594e-02
8.892562985420227051e-02
8.185568451881408691e-02
8.871889114379882812e-02
8.880710601806640625e-02
1.006479635834693909e-01
8.420488983392715454e-02
8.167565613985061646e-02
9.091155976057052612e-02
8.485943078994750977e-02
8.669205754995346069e-02
9.077084064483642578e-02
8.951634168624877930e-02
9.263882040977478027e-02
1.075478717684745789e-01
8.604969829320907593e-02
8.842184394598007202e-02
8.991246670484542847e-02
8.845615386962890625e-02
8.337507396936416626e-02
8.779751509428024292e-02
8.367951959371566772e-02
9.601377695798873901e-02
9.235046058893203735e-02
8.600535988807678223e-02
8.538024872541427612e-02
9.198751300573348999e-02
8.599647134542465210e-02
8.557673543691635132e-02
8.709657192230224609e-02
8.811239153146743774e-02
8.979284018278121948e-02
9.322258085012435913e-02
8.959106355905532837e-02
8.971949666738510132e-02
8.641817420721054077e-02
9.025117009878158569e-02
9.829204529523849487e-02
8.719959855079650879e-02
8.477944135665893555e-02
9.146595746278762817e-02
8.777333050966262817e-02
8.741075545549392700e-02
8.774926513433456421e-02
8.667525649070739746e-02
9.269035607576370239e-02
8.753085136413574219e-02
8.669178932905197144e-02
8.424685150384902954e-02
8.446768671274185181e-02
8.774600178003311157e-02
8.759560436010360718e-02
9.053657203912734985e-02
8.253283798694610596e-02
8.807751536369323730e-02
8.766072243452072144e-02
9.051185846328735352e-02
9.045837074518203735e-02
9.103899449110031128e-02
8.386931568384170532e-02
9.122499823570251465e-02
8.479281514883041382e-02
9.342686086893081665e-02
8.771441131830215454e-02
8.730897307395935059e-02
8.918590098619461060e-02
9.296699613332748413e-02
8.668217808008193970e-02
8.870160579681396484e-02
8.575021475553512573e-02
8.584291487932205200e-02
8.667331188917160034e-02
8.416043967008590698e-02
8.158610016107559204e-02
8.354272693395614624e-02
9.272653609514236450e-02
8.564043790102005005e-02
8.767849206924438477e-02
8.880883455276489258e-02
8.936088532209396362e-02
8.483339101076126099e-02
8.641269057989120483e-02
8.989010006189346313e-02
9.209870547056198120e-02
8.482742309570312500e-02
8.169198781251907349e-02
8.611159771680831909e-02
8.682698756456375122e-02
8.898320049047470093e-02
9.407011419534683228e-02
8.497110754251480103e-02
8.439141511917114258e-02
8.774244040250778198e-02
8.560744673013687134e-02
9.200137108564376831e-02
8.794762939214706421e-02
8.446925878524780273e-02
8.371686935424804688e-02
8.995830267667770386e-02
9.939489513635635376e-02
9.114286303520202637e-02
8.670847862958908081e-02
9.227225184440612793e-02
8.926516026258468628e-02
9.502044320106506348e-02
8.462075144052505493e-02
8.521743863821029663e-02
8.184214681386947632e-02
9.700401872396469116e-02
8.846940845251083374e-02
8.498174697160720825e-02
9.192628413438796997e-02
9.979599714279174805e-02
8.594741672277450562e-02
9.026018530130386353e-02
9.734672307968139648e-02
8.733997493982315063e-02
8.893277496099472046e-02
8.568767458200454712e-02
9.386029839515686035e-02
9.346633404493331909e-02
8.560359477996826172e-02
8.463453501462936401e-02
8.416932821273803711e-02
9.349349141120910645e-02
8.753558248281478882e-02
8.783919364213943481e-02
7.939120382070541382e-02
8.954245597124099731e-02
8.911842852830886841e-02
8.244112879037857056e-02
9.553670883178710938e-02
8.437318354845046997e-02
9.184374660253524780e-02
9.197771549224853516e-02
8.419925719499588013e-02
9.025285392999649048e-02
9.212669730186462402e-02
9.019853919744491577e-02
1.017425432801246643e-01
8.357838541269302368e-02
8.180538564920425415e-02
8.520961552858352661e-02
8.614590018987655640e-02
8.761628717184066772e-02
9.038695693016052246e-02
8.736940473318099976e-02
8.273239433765411377e-02
9.021743386983871460e-02
8.160970360040664673e-02
9.815783053636550903e-02
9.319382905960083008e-02
8.208856731653213501e-02
8.633751422166824341e-02
9.151975065469741821e-02
9.024268388748168945e-02
8.808303624391555786e-02
8.765534311532974243e-02
9.139248728752136230e-02
8.534950017929077148e-02
9.297246485948562622e-02
9.355186671018600464e-02
8.797145634889602661e-02
8.751543611288070679e-02
8.501955121755599976e-02
8.996667712926864624e-02
8.859297633171081543e-02
8.054412156343460083e-02
8.658228069543838501e-02
8.949738740921020508e-02
8.037324994802474976e-02
8.805400878190994263e-02
8.302816748619079590e-02
9.255466610193252563e-02
8.808036893606185913e-02
9.000376611948013306e-02
8.220087736845016479e-02
9.360453486442565918e-02
8.693805336952209473e-02
8.500234037637710571e-02
8.489602804183959961e-02
8.942475169897079468e-02
8.671536296606063843e-02
8.982006460428237915e-02
9.027063846588134766e-02
8.195165544748306274e-02
9.240105748176574707e-02
1.013357266783714294e-01
8.249894529581069946e-02
8.672551065683364868e-02
8.937820792198181152e-02
9.445003420114517212e-02
9.272392839193344116e-02
8.618175238370895386e-02
9.525877237319946289e-02
8.713833242654800415e-02
9.050650149583816528e-02
8.732185512781143188e-02
8.482989668846130371e-02
8.206009119749069214e-02
9.453522413969039917e-02
8.748301118612289429e-02
8.873393386602401733e-02
9.023138135671615601e-02
8.981821686029434204e-02
7.949576526880264282e-02
9.258776903152465820e-02
8.126626163721084595e-02
9.018382430076599121e-02
8.939892053604125977e-02
8.850141614675521851e-02
8.982487767934799194e-02
8.831483870744705200e-02
9.604706615209579468e-02
8.493858575820922852e-02
8.597313612699508667e-02
8.770471066236495972e-02
9.109655767679214478e-02
8.489302545785903931e-02
8.898480981588363647e-02
1.019022166728973389e-01
8.944588154554367065e-02
8.768766373395919800e-02
8.680955320596694946e-02
8.560439944267272949e-02
9.154012799263000488e-02
9.502824395895004272e-02
8.932728320360183716e-02
8.260308951139450073e-02
8.339170366525650024e-02
9.235968440771102905e-02
8.400207012891769409e-02
8.363322168588638306e-02
8.877467364072799683e-02
9.135592728853225708e-02
8.430584520101547241e-02
8.592712879180908203e-02
8.169265836477279663e-02
8.877640962600708008e-02
9.102779626846313477e-02
9.237154573202133179e-02
8.410474658012390137e-02
8.944516628980636597e-02
8.867936581373214722e-02
9.131156653165817261e-02
8.696518093347549438e-02
9.008137136697769165e-02
8.522135019302368164e-02
8.629512041807174683e-02
9.077947586774826050e-02
9.543753415346145630e-02
8.414640277624130249e-02
8.897459506988525391e-02
8.189254254102706909e-02
8.958747237920761108e-02
8.386397361755371094e-02
8.634348958730697632e-02
8.523073047399520874e-02
8.955464512109756470e-02
9.385328739881515503e-02
8.593676239252090454e-02
8.927738666534423828e-02
9.130292385816574097e-02
8.536455780267715454e-02
8.476562052965164185e-02
9.099920839071273804e-02
8.814717084169387817e-02
9.815368056297302246e-02
8.993379026651382446e-02
8.793710917234420776e-02
8.493741601705551147e-02
8.237162977457046509e-02
8.394855260848999023e-02
8.402007818222045898e-02
8.594278246164321899e-02
8.577116578817367554e-02
9.288716316223144531e-02
8.663285523653030396e-02
8.617261797189712524e-02
8.909898251295089722e-02
8.791921287775039673e-02
8.999215811491012573e-02
8.345694094896316528e-02
9.038597345352172852e-02
8.763274550437927246e-02
8.227296918630599976e-02
8.883079886436462402e-02
8.816770464181900024e-02
8.506190031766891479e-02
9.358674287796020508e-02
8.524339646100997925e-02
8.813069015741348267e-02
8.653816580772399902e-02
9.512566775083541870e-02
8.337251096963882446e-02
8.986981958150863647e-02
9.081304073333740234e-02
8.840463310480117798e-02
8.731087297201156616e-02
8.319575339555740356e-02
9.813263267278671265e-02
9.179981797933578491e-02
8.410442620515823364e-02
9.223125129938125610e-02
8.897927403450012207e-02
9.007054567337036133e-02
8.685576915740966797e-02
8.226212859153747559e-02
8.397526293992996216e-02
9.105003625154495239e-02
8.894576877355575562e-02
8.878266811370849609e-02
9.082565456628799438e-02
8.922669291496276855e-02
9.194514900445938110e-02
9.053554385900497437e-02
8.276810497045516968e-02
8.480582386255264282e-02
8.798465877771377563e-02
8.550047874450683594e-02
9.063425660133361816e-02
8.869717270135879517e-02
8.881401270627975464e-02
9.023383259773254395e-02
8.911208063364028931e-02
8.518738299608230591e-02
8.870135992765426636e-02
8.449270576238632202e-02
8.640635013580322266e-02
8.265302330255508423e-02
8.844814449548721313e-02
8.788416534662246704e-02
8.154783397912979126e-02
9.676605463027954102e-02
9.066153317689895630e-02
9.011624008417129517e-02
8.722139149904251099e-02
8.601280301809310913e-02
8.953934907913208008e-02
8.370962738990783691e-02
9.205868095159530640e-02
9.172768145799636841e-02
8.802947402000427246e-02
8.963975310325622559e-02
8.918153494596481323e-02
1.017782092094421387e-01
8.815740793943405151e-02
8.580281585454940796e-02
8.679386228322982788e-02
9.571611136198043823e-02
8.788117021322250366e-02
8.343575149774551392e-02
8.730653673410415649e-02
8.588156104087829590e-02
8.549196273088455200e-02
9.440607577562332153e-02
9.195909649133682251e-02
8.276057243347167969e-02
8.362437039613723755e-02
8.469510078430175781e-02
9.483905881643295288e-02
8.273800462484359741e-02
8.248866349458694458e-02
8.811619132757186890e-02
8.976385742425918579e-02
8.624005317687988281e-02
8.269540220499038696e-02
8.807442337274551392e-02
8.278633654117584229e-02
8.859789371490478516e-02
8.777426928281784058e-02
8.775416761636734009e-02
9.104454517364501953e-02
8.497954159975051880e-02
8.429069072008132935e-02
8.468484133481979370e-02
9.165535122156143188e-02
9.341164678335189819e-02
8.342912048101425171e-02
8.935939520597457886e-02
9.040599316358566284e-02
9.037757664918899536e-02
8.117417246103286743e-02
8.381306380033493042e-02
9.767872840166091919e-02
8.532959222793579102e-02
8.616474270820617676e-02
8.260519802570343018e-02
9.030855447053909302e-02
8.750858157873153687e-02
8.742409944534301758e-02
8.516392856836318970e-02
8.702085167169570923e-02
1.048821583390235901e-01
8.603075146675109863e-02
9.033817052841186523e-02
9.026915580034255981e-02
8.506947010755538940e-02
8.521324396133422852e-02
8.378124982118606567e-02
8.721996098756790161e-02
8.576086908578872681e-02
8.838796615600585938e-02
9.194514155387878418e-02
9.097167849540710449e-02
8.144841343164443970e-02
9.324693679809570312e-02
8.545552939176559448e-02
9.411919862031936646e-02
8.343824744224548340e-02
9.224600344896316528e-02
8.525314927101135254e-02
9.009730815887451172e-02
8.973983675241470337e-02
8.665768057107925415e-02
8.961397409439086914e-02
9.564164280891418457e-02
9.248536080121994019e-02
8.613890409469604492e-02
8.998333662748336792e-02
8.984944224357604980e-02
8.901960402727127075e-02
8.437771350145339966e-02
9.083715826272964478e-02
8.430564403533935547e-02
8.406592160463333130e-02
9.919053316116333008e-02
8.472318202257156372e-02
8.572214096784591675e-02
8.767325431108474731e-02
8.964943885803222656e-02
8.747328072786331177e-02
8.468206971883773804e-02
8.421642333269119263e-02
8.620134741067886353e-02
8.387871831655502319e-02
8.202305436134338379e-02
8.485289663076400757e-02
9.772849082946777344e-02
8.886379003524780273e-02
8.965498954057693481e-02
8.734110742807388306e-02
8.646091073751449585e-02
8.539832383394241333e-02
8.535152673721313477e-02
9.124898910522460938e-02
9.037843346595764160e-02
9.979493170976638794e-02
8.668839931488037109e-02
9.787783771753311157e-02
9.567163139581680298e-02
8.404656499624252319e-02
8.458734303712844849e-02
9.504947811365127563e-02
8.545324951410293579e-02
8.639635890722274780e-02
9.052914381027221680e-02
8.864923566579818726e-02
8.691131323575973511e-02
8.477588742971420288e-02
9.086938947439193726e-02
9.142034500837326050e-02
8.575507998466491699e-02
8.951967954635620117e-02
8.877982944250106812e-02
1.080986037850379944e-01
9.702318906784057617e-02
9.506338834762573242e-02
8.956898003816604614e-02
8.539804816246032715e-02
9.381005913019180298e-02
8.926247805356979370e-02
1.051145121455192566e-01
8.947923034429550171e-02
8.691252022981643677e-02
9.021323174238204956e-02
8.998713642358779907e-02
8.352091908454895020e-02
8.992486447095870972e-02
8.717276901006698608e-02
8.556111901998519897e-02
9.425136446952819824e-02
8.588445186614990234e-02
8.581474423408508301e-02
8.626643568277359009e-02
9.184923022985458374e-02
8.593600988388061523e-02
9.016225486993789673e-02
8.383685350418090820e-02
9.815091639757156372e-02
9.254806488752365112e-02
9.159351140260696411e-02
8.730128407478332520e-02
9.011019021272659302e-02
8.857336640357971191e-02
8.961401134729385376e-02
8.822933584451675415e-02
8.700128644704818726e-02
9.040588885545730591e-02
9.013020247220993042e-02
9.380561113357543945e-02
9.505104273557662964e-02
8.788812905550003052e-02
9.063292294740676880e-02
8.825618028640747070e-02
9.152563661336898804e-02
9.004927426576614380e-02
8.880638331174850464e-02
9.142629057168960571e-02
8.202064037322998047e-02
8.019684255123138428e-02
8.811507374048233032e-02
9.948059916496276855e-02
8.788061141967773438e-02
9.160021692514419556e-02
8.334270119667053223e-02
8.417054265737533569e-02
8.637865632772445679e-02
8.820002526044845581e-02
8.978200703859329224e-02
8.413574844598770142e-02
9.265265613794326782e-02
8.670353889465332031e-02
8.912217617034912109e-02
8.907444030046463013e-02
8.618026971817016602e-02
8.676922321319580078e-02
8.843296766281127930e-02
8.634204417467117310e-02
9.273657947778701782e-02
9.116727858781814575e-02
8.823718875646591187e-02
8.382651954889297485e-02
8.707984536886215210e-02
8.358448743820190430e-02
9.264087677001953125e-02
8.600530028343200684e-02
8.978608995676040649e-02
8.891239017248153687e-02
9.022376686334609985e-02
8.977366238832473755e-02
8.804761618375778198e-02
8.327240496873855591e-02
8.308891206979751587e-02
9.138003736734390259e-02
8.916275948286056519e-02
7.978963106870651245e-02
8.731639385223388672e-02
9.111562371253967285e-02
8.507314324378967285e-02
8.922214061021804810e-02
8.890677243471145630e-02
8.985220640897750854e-02
8.447492122650146484e-02
8.830609172582626343e-02
1.007827520370483398e-01
9.381774067878723145e-02
8.790791034698486328e-02
8.925763517618179321e-02
8.271829038858413696e-02
9.264826029539108276e-02
8.660787343978881836e-02
8.839387446641921997e-02
9.152958542108535767e-02
8.716005086898803711e-02
8.866887539625167847e-02
9.021243453025817871e-02
1.030772104859352112e-01
8.822751045227050781e-02
8.989099413156509399e-02
8.762300759553909302e-02
8.286758512258529663e-02
8.665587007999420166e-02
