9.645273536443710327e-02
9.794699400663375854e-02
9.955274313688278198e-02
1.044974029064178467e-01
1.039109230041503906e-01
9.915874153375625610e-02
1.018902435898780823e-01
1.011372730135917664e-01
1.002317443490028381e-01
9.189911931753158569e-02
9.905902296304702759e-02
1.031366586685180664e-01
1.021439731121063232e-01
1.002848967909812927e-01
9.948543459177017212e-02
1.076431572437286377e-01
1.089475080370903015e-01
9.346005320549011230e-02
9.777074307203292847e-02
1.040690615773200989e-01
1.026008725166320801e-01
9.720402956008911133e-02
1.041535958647727966e-01
1.000605151057243347e-01
1.052583158016204834e-01
9.668802469968795776e-02
1.042870655655860901e-01
9.924890846014022827e-02
1.336741447448730469e-01
1.038137003779411316e-01
1.016722694039344788e-01
1.042380705475807190e-01
9.627508372068405151e-02
9.941937774419784546e-02
1.013467609882354736e-01
1.033989787101745605e-01
1.025401949882507324e-01
1.040742993354797363e-01
1.054800823330879211e-01
1.010442897677421570e-01
9.901569038629531860e-02
1.015608534216880798e-01
9.586483240127563477e-02
9.739618748426437378e-02
1.004249528050422668e-01
1.022566854953765869e-01
1.015621200203895569e-01
1.075158342719078064e-01
1.025134697556495667e-01
1.057171449065208435e-01
1.021329537034034729e-01
1.000919342041015625e-01
9.599675983190536499e-02
1.037781611084938049e-01
1.070927307009696960e-01
9.309083968400955200e-02
9.978675842285156250e-02
8.937904983758926392e-02
1.305106878280639648e-01
1.016158163547515869e-01
1.141102910041809082e-01
1.038768067955970764e-01
9.563342481851577759e-02
1.038060113787651062e-01
1.013517677783966064e-01
1.007629409432411194e-01
1.006560921669006348e-01
1.056552529335021973e-01
1.066196486353874207e-01
1.026534736156463623e-01
9.523576498031616211e-02
1.070768535137176514e-01
1.008405983448028564e-01
1.107441186904907227e-01
9.640302509069442749e-02
9.272026270627975464e-02
9.980421513319015503e-02
9.659203886985778809e-02
1.052456274628639221e-01
1.005130782723426819e-01
9.792616218328475952e-02
9.950719028711318970e-02
1.071421429514884949e-01
9.690692275762557983e-02
9.604793787002563477e-02
9.437787532806396484e-02
9.996619075536727905e-02
9.313362836837768555e-02
1.033201590180397034e-01
9.752828627824783325e-02
1.021119579672813416e-01
9.732187539339065552e-02
1.102236583828926086e-01
9.789613634347915649e-02
9.190731495618820190e-02
1.042656078934669495e-01
9.282207489013671875e-02
9.732744842767715454e-02
1.005029007792472839e-01
1.073079332709312439e-01
1.002060398459434509e-01
9.511355310678482056e-02
9.828528761863708496e-02
9.392985701560974121e-02
9.666395932435989380e-02
1.010880470275878906e-01
9.614842385053634644e-02
1.012709811329841614e-01
1.035299673676490784e-01
9.475419670343399048e-02
1.030580177903175354e-01
9.760117530822753906e-02
1.003892496228218079e-01
9.781204909086227417e-02
1.035143136978149414e-01
1.006277799606323242e-01
9.848064184188842773e-02
1.010378971695899963e-01
1.115587651729583740e-01
1.199757978320121765e-01
1.070909276604652405e-01
1.017938032746315002e-01
9.427973628044128418e-02
1.034284904599189758e-01
9.715127199888229370e-02
1.001702919602394104e-01
1.182468309998512268e-01
9.386321157217025757e-02
1.022750064730644226e-01
9.515428543090820312e-02
9.747940301895141602e-02
1.048242449760437012e-01
9.541060775518417358e-02
9.411701560020446777e-02
9.944992512464523315e-02
9.593522548675537109e-02
9.931492060422897339e-02
9.649952501058578491e-02
1.040959358215332031e-01
1.008669957518577576e-01
9.978982061147689819e-02
9.042838215827941895e-02
1.026627197861671448e-01
9.956952184438705444e-02
1.401913315057754517e-01
1.169580593705177307e-01
9.595971554517745972e-02
1.044621840119361877e-01
9.601794928312301636e-02
9.585251659154891968e-02
9.888494014739990234e-02
1.010768339037895203e-01
1.068272814154624939e-01
9.643986076116561890e-02
9.387591481208801270e-02
9.261971712112426758e-02
1.033107116818428040e-01
9.838598966598510742e-02
9.672019630670547485e-02
1.025329455733299255e-01
9.477762132883071899e-02
9.110832214355468750e-02
1.238865330815315247e-01
9.958210587501525879e-02
9.758430719375610352e-02
9.631816297769546509e-02
1.072882786393165588e-01
1.004254892468452454e-01
1.076956167817115784e-01
1.026903688907623291e-01
1.026416420936584473e-01
1.014921367168426514e-01
1.004556640982627869e-01
9.765199571847915649e-02
1.074369624257087708e-01
1.006776988506317139e-01
9.749233722686767578e-02
1.081030592322349548e-01
1.026427224278450012e-01
9.481046348810195923e-02
9.735824912786483765e-02
1.010631695389747620e-01
1.043418124318122864e-01
1.016326770186424255e-01
9.857809543609619141e-02
9.819471836090087891e-02
9.604897350072860718e-02
9.368890523910522461e-02
1.063865944743156433e-01
9.872213006019592285e-02
1.025641784071922302e-01
1.031463071703910828e-01
1.043094322085380554e-01
1.061838939785957336e-01
9.675090759992599487e-02
9.888425469398498535e-02
1.053688228130340576e-01
1.020101085305213928e-01
1.033265963196754456e-01
9.929796308279037476e-02
1.135286465287208557e-01
9.888041019439697266e-02
1.114893555641174316e-01
1.011842861771583557e-01
1.099457070231437683e-01
9.917762875556945801e-02
1.018406227231025696e-01
1.097797751426696777e-01
1.075383797287940979e-01
1.034208163619041443e-01
9.927520900964736938e-02
9.759011864662170410e-02
1.051446795463562012e-01
9.625575691461563110e-02
9.790460020303726196e-02
9.972909837961196899e-02
1.000903844833374023e-01
1.039637699723243713e-01
9.630298614501953125e-02
9.646647423505783081e-02
9.919214248657226562e-02
9.891551733016967773e-02
1.004678010940551758e-01
9.511939436197280884e-02
9.913235157728195190e-02
9.968904405832290649e-02
9.945271164178848267e-02
9.825807064771652222e-02
1.029822751879692078e-01
1.082166433334350586e-01
1.041635051369667053e-01
1.020451188087463379e-01
1.007360592484474182e-01
1.053862646222114563e-01
9.565129876136779785e-02
1.102657392621040344e-01
1.226989254355430603e-01
9.496773034334182739e-02
9.812745451927185059e-02
1.065861210227012634e-01
9.606695920228958130e-02
1.097800731658935547e-01
1.136844381690025330e-01
1.035095751285552979e-01
1.051177680492401123e-01
9.783145040273666382e-02
1.002065464854240417e-01
1.025139689445495605e-01
9.852505475282669067e-02
1.034432724118232727e-01
9.331481903791427612e-02
9.833010286092758179e-02
1.065906211733818054e-01
9.808383136987686157e-02
9.792828559875488281e-02
1.000052094459533691e-01
1.046375110745429993e-01
9.339523315429687500e-02
1.034556254744529724e-01
1.002621278166770935e-01
1.025621071457862854e-01
1.051152721047401428e-01
9.868486970663070679e-02
1.027640700340270996e-01
9.983447194099426270e-02
1.092794537544250488e-01
1.107985079288482666e-01
9.941095113754272461e-02
1.049552932381629944e-01
9.467973560094833374e-02
9.563013911247253418e-02
9.459322690963745117e-02
9.824496507644653320e-02
9.662053734064102173e-02
9.969945996999740601e-02
9.585019946098327637e-02
9.831261634826660156e-02
1.033341586589813232e-01
9.764578938484191895e-02
9.787213802337646484e-02
1.126316785812377930e-01
9.761384129524230957e-02
9.548773616552352905e-02
9.249811619520187378e-02
1.017770841717720032e-01
1.065691635012626648e-01
1.025227382779121399e-01
1.021246612071990967e-01
9.732094407081604004e-02
1.126423701643943787e-01
1.019592583179473877e-01
9.921398013830184937e-02
9.198956936597824097e-02
9.740072488784790039e-02
9.325914829969406128e-02
9.068957716226577759e-02
1.008184552192687988e-01
1.066572070121765137e-01
1.030617654323577881e-01
9.179422259330749512e-02
9.617334604263305664e-02
1.011528745293617249e-01
1.048796251416206360e-01
9.159675985574722290e-02
8.962956815958023071e-02
9.740740805864334106e-02
1.102448403835296631e-01
1.021383404731750488e-01
9.760746359825134277e-02
1.118216440081596375e-01
9.473058581352233887e-02
1.045870259404182434e-01
1.056293547153472900e-01
1.047593429684638977e-01
9.895408898591995239e-02
1.052021980285644531e-01
1.065015792846679688e-01
1.159541904926300049e-01
1.006124243140220642e-01
9.001708775758743286e-02
1.059835031628608704e-01
1.009382829070091248e-01
9.833640605211257935e-02
1.014615520834922791e-01
1.060298681259155273e-01
1.030151769518852234e-01
9.941997379064559937e-02
9.738796949386596680e-02
1.351731568574905396e-01
1.006745696067810059e-01
1.025533080101013184e-01
9.838727861642837524e-02
1.016262471675872803e-01
9.481078386306762695e-02
9.998803585767745972e-02
1.143016591668128967e-01
9.607002884149551392e-02
9.713083505630493164e-02
9.699466079473495483e-02
1.092559099197387695e-01
1.029273644089698792e-01
1.025925576686859131e-01
9.956118464469909668e-02
1.022113636136054993e-01
1.031012758612632751e-01
1.055844351649284363e-01
9.911202639341354370e-02
1.029400601983070374e-01
9.201017022132873535e-02
9.757097810506820679e-02
1.002159640192985535e-01
9.990379214286804199e-02
1.014792248606681824e-01
9.837897866964340210e-02
9.480065107345581055e-02
1.051382198929786682e-01
1.066332682967185974e-01
1.016714796423912048e-01
9.929601103067398071e-02
1.024864390492439270e-01
1.087169125676155090e-01
1.032495722174644470e-01
1.069047451019287109e-01
1.019253730773925781e-01
1.046193838119506836e-01
1.101617887616157532e-01
9.421680122613906860e-02
9.668537229299545288e-02
1.120465695858001709e-01
9.961232542991638184e-02
1.093048229813575745e-01
9.778925031423568726e-02
1.085602268576622009e-01
9.572213143110275269e-02
1.114945486187934875e-01
1.084229424595832825e-01
1.018828228116035461e-01
9.991899877786636353e-02
1.156787946820259094e-01
1.070355400443077087e-01
1.008795872330665588e-01
1.084546372294425964e-01
1.065312623977661133e-01
1.073776260018348694e-01
1.081021130084991455e-01
1.083299890160560608e-01
1.056636348366737366e-01
1.024950146675109863e-01
9.947990626096725464e-02
9.869303554296493530e-02
1.006052717566490173e-01
9.825321286916732788e-02
1.054250597953796387e-01
1.097982525825500488e-01
1.019057109951972961e-01
1.065855324268341064e-01
9.946665912866592407e-02
1.050404310226440430e-01
1.027360782027244568e-01
1.027593240141868591e-01
1.013737693428993225e-01
9.833094477653503418e-02
9.846428781747817993e-02
9.522250294685363770e-02
1.037518605589866638e-01
1.021549925208091736e-01
9.728161245584487915e-02
1.081235110759735107e-01
1.049793660640716553e-01
1.095054745674133301e-01
1.001308560371398926e-01
1.065966114401817322e-01
1.014403477311134338e-01
1.059604510664939880e-01
1.082312986254692078e-01
9.326895326375961304e-02
1.023480668663978577e-01
1.103779971599578857e-01
9.946200996637344360e-02
1.028973758220672607e-01
1.039338186383247375e-01
9.951902180910110474e-02
9.991889446973800659e-02
9.545546770095825195e-02
1.037256121635437012e-01
9.320193529129028320e-02
9.562679380178451538e-02
1.022272780537605286e-01
1.099629327654838562e-01
1.039592027664184570e-01
1.187968924641609192e-01
1.091567501425743103e-01
9.749919176101684570e-02
9.861140698194503784e-02
9.606239944696426392e-02
9.339768439531326294e-02
9.946348518133163452e-02
1.078267470002174377e-01
9.738235920667648315e-02
1.049842759966850281e-01
1.038762927055358887e-01
1.122851148247718811e-01
1.146017834544181824e-01
9.668811410665512085e-02
1.066815555095672607e-01
1.166226491332054138e-01
1.054438948631286621e-01
9.651765972375869751e-02
1.071448922157287598e-01
1.022290810942649841e-01
1.185830831527709961e-01
1.030798256397247314e-01
1.021751090884208679e-01
9.519696235656738281e-02
9.761089831590652466e-02
1.048640012741088867e-01
1.103467941284179688e-01
1.012151464819908142e-01
9.678601473569869995e-02
9.808865934610366821e-02
1.019147858023643494e-01
9.848534315824508667e-02
1.000540852546691895e-01
1.048922762274742126e-01
1.064579263329505920e-01
1.005805134773254395e-01
1.007160916924476624e-01
1.025469526648521423e-01
1.069236472249031067e-01
1.058693453669548035e-01
9.965882450342178345e-02
9.821925312280654907e-02
1.086150929331779480e-01
1.070219576358795166e-01
1.016365513205528259e-01
9.907370805740356445e-02
1.001886725425720215e-01
9.092510491609573364e-02
9.644281119108200073e-02
1.018969044089317322e-01
1.031489595770835876e-01
9.862124919891357422e-02
1.092098876833915710e-01
9.867931157350540161e-02
1.093185171484947205e-01
9.568040817975997925e-02
1.070452630519866943e-01
1.288667470216751099e-01
9.343221038579940796e-02
1.020981371402740479e-01
1.098905503749847412e-01
1.005563139915466309e-01
9.680064767599105835e-02
1.013577356934547424e-01
1.005589291453361511e-01
9.926468133926391602e-02
1.077419593930244446e-01
1.008483245968818665e-01
1.018299832940101624e-01
9.670665115118026733e-02
1.059982553124427795e-01
1.021760925650596619e-01
9.901212900876998901e-02
1.070442721247673035e-01
1.008983328938484192e-01
1.114453002810478210e-01
1.015506312251091003e-01
1.169784292578697205e-01
9.880421310663223267e-02
9.678375720977783203e-02
9.846568852663040161e-02
1.008638218045234680e-01
9.726686030626296997e-02
1.003406047821044922e-01
9.760924428701400757e-02
9.141426533460617065e-02
1.050397455692291260e-01
1.001782417297363281e-01
1.017533913254737854e-01
1.066623330116271973e-01
9.063529223203659058e-02
1.058053746819496155e-01
1.056568101048469543e-01
9.760058671236038208e-02
9.422647953033447266e-02
9.428722411394119263e-02
9.620788693428039551e-02
1.069340482354164124e-01
9.739322215318679810e-02
1.027868166565895081e-01
1.040663495659828186e-01
1.052911952137947083e-01
1.030491888523101807e-01
1.012754812836647034e-01
1.019008830189704895e-01
1.009792089462280273e-01
1.102847084403038025e-01
9.942927211523056030e-02
9.251268953084945679e-02
9.393146634101867676e-02
1.019131913781166077e-01
9.787694364786148071e-02
1.076428368687629700e-01
9.704805165529251099e-02
1.001468524336814880e-01
9.631526470184326172e-02
9.337732940912246704e-02
9.934072941541671753e-02
9.899514913558959961e-02
1.004476547241210938e-01
1.011486276984214783e-01
9.648365527391433716e-02
9.838259965181350708e-02
9.579510241746902466e-02
9.986430406570434570e-02
1.042061075568199158e-01
9.655612707138061523e-02
9.353399276733398438e-02
1.002856120467185974e-01
9.965094923973083496e-02
1.033553704619407654e-01
1.130276098847389221e-01
1.016904637217521667e-01
9.583082050085067749e-02
1.013133451342582703e-01
1.050507202744483948e-01
9.915243834257125854e-02
1.026172339916229248e-01
9.857422113418579102e-02
9.431014209985733032e-02
9.851736575365066528e-02
1.000122651457786560e-01
9.535217285156250000e-02
1.160299256443977356e-01
1.064705625176429749e-01
1.095775738358497620e-01
1.062378063797950745e-01
9.835228323936462402e-02
9.867420792579650879e-02
9.538640826940536499e-02
1.073277592658996582e-01
9.854231029748916626e-02
9.889072179794311523e-02
9.672034531831741333e-02
9.862676262855529785e-02
9.789421409368515015e-02
9.818241000175476074e-02
9.666782617568969727e-02
1.007477417588233948e-01
1.024419143795967102e-01
9.617311507463455200e-02
1.005218327045440674e-01
1.073190569877624512e-01
9.732612222433090210e-02
1.005777344107627869e-01
1.000203564763069153e-01
9.652378410100936890e-02
1.005593165755271912e-01
9.897885471582412720e-02
9.980324655771255493e-02
1.086813807487487793e-01
1.113393381237983704e-01
1.261915862560272217e-01
9.944811463356018066e-02
9.576556831598281860e-02
1.023852229118347168e-01
9.649297595024108887e-02
9.716880321502685547e-02
1.009725406765937805e-01
9.361851215362548828e-02
1.069615483283996582e-01
9.835314750671386719e-02
1.003631576895713806e-01
9.952674061059951782e-02
1.029341146349906921e-01
1.045131906867027283e-01
9.803050756454467773e-02
1.102153733372688293e-01
9.797365218400955200e-02
9.737803786993026733e-02
9.423834830522537231e-02
9.523559361696243286e-02
1.193547174334526062e-01
9.769234806299209595e-02
9.422975778579711914e-02
1.029603481292724609e-01
1.401768475770950317e-01
1.166078522801399231e-01
9.850149601697921753e-02
1.071250215172767639e-01
1.012244820594787598e-01
9.956597536802291870e-02
1.018450781702995300e-01
9.540798515081405640e-02
9.238878637552261353e-02
1.084705889225006104e-01
1.017475500702857971e-01
1.037594899535179138e-01
9.673225879669189453e-02
1.021467223763465881e-01
9.995669871568679810e-02
9.940261393785476685e-02
1.024590730667114258e-01
9.533456712961196899e-02
1.056015565991401672e-01
1.027693971991539001e-01
1.009934321045875549e-01
1.034343317151069641e-01
1.071281433105468750e-01
1.027142181992530823e-01
9.738107770681381226e-02
1.054369732737541199e-01
1.024264916777610779e-01
9.798865765333175659e-02
1.034665331244468689e-01
9.718316793441772461e-02
9.947697073221206665e-02
1.038995385169982910e-01
1.000160053372383118e-01
1.057817935943603516e-01
9.922540932893753052e-02
9.938707202672958374e-02
1.074860990047454834e-01
9.995693713426589966e-02
1.016309261322021484e-01
9.574595838785171509e-02
9.844758361577987671e-02
9.542703628540039062e-02
1.005068942904472351e-01
1.030941978096961975e-01
1.035480722784996033e-01
9.535697102546691895e-02
1.012298241257667542e-01
9.566394239664077759e-02
1.082193478941917419e-01
9.857720136642456055e-02
9.630051255226135254e-02
9.543698281049728394e-02
9.641275554895401001e-02
1.036455333232879639e-01
1.287826448678970337e-01
1.017435491085052490e-01
1.039429605007171631e-01
1.014144793152809143e-01
9.840352088212966919e-02
1.020021513104438782e-01
9.623109549283981323e-02
1.041685938835144043e-01
1.173961833119392395e-01
9.908465296030044556e-02
1.020778715610504150e-01
1.048413440585136414e-01
1.093792915344238281e-01
1.031962260603904724e-01
1.032566651701927185e-01
9.551233053207397461e-02
1.142767891287803650e-01
1.035679504275321960e-01
9.927283972501754761e-02
1.067472919821739197e-01
9.460543841123580933e-02
9.840857982635498047e-02
1.043506562709808350e-01
9.961432218551635742e-02
1.013904735445976257e-01
1.006660461425781250e-01
1.072355210781097412e-01
1.017488837242126465e-01
9.607187658548355103e-02
1.082877516746520996e-01
1.025393009185791016e-01
9.404465556144714355e-02
9.913101792335510254e-02
1.005570217967033386e-01
9.690377861261367798e-02
9.661673754453659058e-02
9.422668069601058960e-02
1.043063625693321228e-01
1.044591888785362244e-01
1.086271703243255615e-01
1.076823994517326355e-01
1.012301072478294373e-01
1.004885062575340271e-01
1.091518998146057129e-01
1.034538745880126953e-01
1.219089701771736145e-01
1.002983525395393372e-01
1.053565368056297302e-01
1.046767234802246094e-01
9.483448415994644165e-02
1.574501246213912964e-01
1.031042337417602539e-01
9.501179307699203491e-02
1.090719476342201233e-01
9.626615047454833984e-02
1.094379946589469910e-01
9.736406058073043823e-02
1.038296222686767578e-01
9.673314541578292847e-02
9.885728359222412109e-02
1.019791290163993835e-01
9.618580341339111328e-02
9.786409884691238403e-02
9.737440198659896851e-02
1.041559204459190369e-01
9.660208225250244141e-02
9.543212503194808960e-02
1.137287542223930359e-01
1.034563407301902771e-01
1.050179004669189453e-01
1.217732131481170654e-01
9.564944356679916382e-02
1.036231815814971924e-01
1.033185124397277832e-01
9.673342108726501465e-02
9.142494946718215942e-02
1.046422719955444336e-01
9.629338234663009644e-02
9.826926141977310181e-02
9.727156907320022583e-02
9.857317060232162476e-02
1.056573614478111267e-01
9.676916152238845825e-02
9.764394164085388184e-02
1.081523820757865906e-01
9.504017233848571777e-02
1.077925562858581543e-01
9.332076460123062134e-02
1.022657752037048340e-01
9.824315458536148071e-02
1.022481843829154968e-01
1.023917794227600098e-01
9.211202710866928101e-02
1.070422828197479248e-01
9.836529940366744995e-02
9.769452363252639771e-02
1.184954047203063965e-01
1.022762134671211243e-01
1.019555106759071350e-01
1.020682081580162048e-01
9.603950381278991699e-02
9.805848449468612671e-02
9.724993258714675903e-02
9.725486487150192261e-02
9.953872114419937134e-02
9.927373379468917847e-02
1.075810864567756653e-01
1.037452891469001770e-01
1.081609427928924561e-01
1.013126298785209656e-01
9.733638912439346313e-02
1.083088219165802002e-01
1.047543957829475403e-01
1.029106006026268005e-01
1.026665940880775452e-01
1.035080254077911377e-01
9.659746289253234863e-02
9.998148679733276367e-02
1.037562116980552673e-01
1.137149855494499207e-01
1.026209816336631775e-01
1.151602268218994141e-01
9.746342897415161133e-02
1.056328192353248596e-01
9.596619009971618652e-02
9.312158077955245972e-02
9.894385188817977905e-02
1.049431189894676208e-01
1.012146100401878357e-01
1.117161884903907776e-01
1.048320904374122620e-01
1.028758287429809570e-01
1.262820959091186523e-01
9.761890769004821777e-02
1.019364595413208008e-01
1.079541221261024475e-01
1.025671437382698059e-01
1.071847304701805115e-01
1.037130430340766907e-01
8.688699454069137573e-02
1.179533228278160095e-01
1.077716723084449768e-01
9.356371313333511353e-02
1.009429320693016052e-01
1.004967316985130310e-01
1.010049656033515930e-01
1.025300994515419006e-01
9.970464557409286499e-02
1.020473912358283997e-01
1.087975576519966125e-01
1.013485714793205261e-01
1.000650823116302490e-01
9.917455166578292847e-02
9.961333125829696655e-02
1.000835523009300232e-01
1.075377240777015686e-01
1.064560189843177795e-01
1.014500185847282410e-01
1.017530560493469238e-01
9.343892335891723633e-02
1.022028699517250061e-01
1.015802696347236633e-01
1.037948206067085266e-01
1.021129786968231201e-01
9.599692374467849731e-02
9.876150637865066528e-02
9.441188722848892212e-02
9.859216958284378052e-02
1.017761006951332092e-01
9.600513428449630737e-02
9.725650399923324585e-02
9.780503064393997192e-02
1.078908741474151611e-01
1.059307083487510681e-01
9.990423172712326050e-02
9.747946262359619141e-02
9.942984580993652344e-02
1.003093495965003967e-01
1.059456542134284973e-01
1.038174703717231750e-01
1.005822792649269104e-01
9.713428467512130737e-02
9.456444531679153442e-02
9.835170954465866089e-02
1.097665205597877502e-01
1.044502258300781250e-01
9.946742653846740723e-02
1.053313389420509338e-01
9.977007657289505005e-02
1.125522181391716003e-01
1.017498597502708435e-01
9.139462560415267944e-02
9.090605378150939941e-02
1.046020910143852234e-01
1.039701476693153381e-01
1.002467498183250427e-01
1.015320420265197754e-01
9.686034172773361206e-02
1.016675010323524475e-01
1.137912496924400330e-01
1.181969344615936279e-01
1.001065373420715332e-01
9.607433527708053589e-02
1.025922223925590515e-01
1.053977310657501221e-01
9.472858160734176636e-02
9.681192040443420410e-02
9.868706017732620239e-02
1.031515374779701233e-01
9.749075770378112793e-02
9.316468983888626099e-02
1.051642894744873047e-01
9.637274593114852905e-02
1.022891178727149963e-01
9.677625447511672974e-02
1.014669761061668396e-01
1.001490727066993713e-01
9.646839648485183716e-02
9.920504689216613770e-02
1.015930175781250000e-01
1.240779757499694824e-01
9.882033616304397583e-02
9.629166126251220703e-02
9.397450089454650879e-02
1.049719974398612976e-01
1.083725690841674805e-01
9.373611956834793091e-02
9.907549619674682617e-02
9.214023500680923462e-02
1.038215979933738708e-01
1.038366556167602539e-01
1.099834069609642029e-01
1.003506854176521301e-01
1.050191745162010193e-01
1.040895655751228333e-01
9.405388683080673218e-02
9.460464864969253540e-02
9.877336025238037109e-02
1.077478155493736267e-01
1.158509626984596252e-01
1.037885472178459167e-01
1.136984601616859436e-01
9.983562678098678589e-02
9.440121799707412720e-02
9.875482320785522461e-02
9.800612181425094604e-02
9.872388839721679688e-02
1.015312150120735168e-01
9.647724032402038574e-02
9.653204679489135742e-02
1.010879948735237122e-01
9.700319916009902954e-02
9.484305232763290405e-02
9.574338793754577637e-02
1.022982224822044373e-01
1.079664006829261780e-01
1.086175665259361267e-01
9.881251305341720581e-02
9.684693813323974609e-02
1.021625176072120667e-01
1.145783439278602600e-01
9.194076061248779297e-02
1.056089624762535095e-01
1.303667724132537842e-01
9.698086231946945190e-02
1.015145778656005859e-01
9.803503751754760742e-02
1.064189895987510681e-01
9.456308931112289429e-02
9.786633402109146118e-02
1.054038330912590027e-01
1.030165776610374451e-01
9.619688987731933594e-02
1.124146953225135803e-01
9.549561887979507446e-02
9.342632442712783813e-02
1.081759408116340637e-01
1.082035601139068604e-01
1.043199673295021057e-01
1.132753789424896240e-01
9.506133943796157837e-02
9.700372070074081421e-02
1.013872921466827393e-01
1.061743125319480896e-01
1.015581414103507996e-01
9.610525518655776978e-02
9.787657111883163452e-02
1.060635223984718323e-01
1.071867942810058594e-01
9.745493531227111816e-02
1.038672924041748047e-01
1.182661354541778564e-01
1.026724353432655334e-01
9.515020996332168579e-02
1.068328246474266052e-01
1.015455052256584167e-01
1.166929528117179871e-01
9.757482260465621948e-02
1.024119183421134949e-01
1.059490814805030823e-01
9.752412885427474976e-02
1.275134831666946411e-01
1.020624116063117981e-01
1.085390672087669373e-01
9.340452402830123901e-02
9.606003761291503906e-02
1.154453158378601074e-01
1.085807383060455322e-01
1.041669622063636780e-01
1.002820357680320740e-01
1.021918281912803650e-01
9.564875811338424683e-02
1.093384400010108948e-01
1.045771762728691101e-01
9.632087498903274536e-02
1.009545549750328064e-01
1.017844751477241516e-01
1.012134253978729248e-01
1.054918989539146423e-01
1.018973886966705322e-01
9.796924144029617310e-02
1.083041802048683167e-01
9.495720267295837402e-02
9.759911149740219116e-02
1.051018238067626953e-01
1.003160178661346436e-01
1.009180769324302673e-01
1.080353483557701111e-01
9.575268626213073730e-02
1.024520471692085266e-01
1.015685573220252991e-01
9.706509858369827271e-02
9.689084440469741821e-02
9.090128540992736816e-02
1.013174280524253845e-01
1.059437766671180725e-01
1.083894595503807068e-01
9.767895191907882690e-02
9.507197886705398560e-02
9.626594930887222290e-02
9.951728582382202148e-02
1.018929257988929749e-01
9.554795175790786743e-02
9.194970875978469849e-02
9.389791637659072876e-02
9.550219029188156128e-02
9.830886870622634888e-02
9.808405488729476929e-02
1.084005311131477356e-01
1.011831760406494141e-01
1.072957143187522888e-01
1.041232123970985413e-01
1.009647473692893982e-01
1.041761115193367004e-01
9.541511535644531250e-02
1.022528633475303650e-01
1.028406545519828796e-01
1.055421009659767151e-01
9.795128554105758667e-02
1.197069510817527771e-01
9.738525003194808960e-02
1.043757423758506775e-01
9.965226054191589355e-02
1.096231117844581604e-01
1.034640669822692871e-01
1.020908579230308533e-01
1.019857302308082581e-01
9.466946125030517578e-02
9.900184720754623413e-02
1.029974445700645447e-01
1.027020290493965149e-01
9.894870966672897339e-02
9.650268405675888062e-02
1.033558920025825500e-01
1.009089723229408264e-01
9.534814208745956421e-02
1.050740256905555725e-01
9.475287795066833496e-02
9.594812989234924316e-02
1.001440584659576416e-01
1.104571893811225891e-01
9.608050435781478882e-02
1.048908233642578125e-01
1.092310771346092224e-01
1.011576876044273376e-01
1.026385501027107239e-01
1.000225916504859924e-01
9.723462909460067749e-02
9.827683120965957642e-02
1.005701646208763123e-01
1.013535186648368835e-01
9.453868120908737183e-02
1.055950596928596497e-01
1.004919111728668213e-01
9.629648178815841675e-02
9.886282682418823242e-02
9.166377782821655273e-02
1.026020869612693787e-01
1.066973581910133362e-01
1.020702347159385681e-01
1.017997339367866516e-01
9.702213853597640991e-02
1.053916290402412415e-01
1.031706407666206360e-01
1.076508760452270508e-01
9.551598876714706421e-02
1.010119691491127014e-01
9.815254062414169312e-02
9.997858852148056030e-02
9.870142489671707153e-02
1.003178730607032776e-01
1.001512333750724792e-01
1.018641293048858643e-01
9.608402103185653687e-02
1.006584241986274719e-01
1.011698469519615173e-01
9.259137511253356934e-02
1.000925078988075256e-01
1.104072928428649902e-01
1.026190593838691711e-01
1.059622839093208313e-01
1.070246919989585876e-01
1.055924668908119202e-01
1.174380257725715637e-01
9.641390293836593628e-02
1.038065478205680847e-01
9.178205579519271851e-02
9.821409732103347778e-02
1.034194603562355042e-01
9.853819757699966431e-02
1.065274253487586975e-01
9.981971979141235352e-02
1.095040738582611084e-01
1.023692712187767029e-01
9.567203372716903687e-02
1.147603616118431091e-01
9.984394907951354980e-02
1.002465412020683289e-01
9.590408205986022949e-02
1.016636416316032410e-01
1.016400679945945740e-01
9.513460844755172729e-02
1.015501841902732849e-01
1.061170026659965515e-01
1.109708920121192932e-01
9.813196212053298950e-02
1.002739891409873962e-01
1.012082770466804504e-01
9.873840212821960449e-02
9.940651804208755493e-02
1.002857089042663574e-01
9.601610898971557617e-02
1.026297584176063538e-01
9.768972545862197876e-02
9.920221567153930664e-02
1.138275042176246643e-01
9.960056096315383911e-02
1.068273708224296570e-01
1.073363199830055237e-01
1.022641062736511230e-01
9.626623243093490601e-02
1.060746610164642334e-01
9.584253281354904175e-02
1.025792732834815979e-01
9.798397868871688843e-02
1.044023633003234863e-01
1.017368137836456299e-01
9.860318154096603394e-02
9.768051654100418091e-02
1.068666502833366394e-01
9.878081828355789185e-02
9.777617454528808594e-02
9.784602373838424683e-02
9.817030280828475952e-02
1.058290898799896240e-01
9.696611762046813965e-02
9.544911980628967285e-02
1.080442667007446289e-01
9.646195173263549805e-02
1.220369338989257812e-01
1.057146191596984863e-01
1.101281344890594482e-01
9.933217614889144897e-02
9.671631455421447754e-02
9.546496719121932983e-02
1.042409539222717285e-01
9.738243371248245239e-02
1.151078417897224426e-01
9.858388453722000122e-02
1.013783290982246399e-01
9.800987690687179565e-02
8.977458626031875610e-02
9.731870144605636597e-02
1.044059023261070251e-01
9.495175629854202271e-02
9.695047140121459961e-02
1.037180721759796143e-01
1.083028241991996765e-01
1.055113449692726135e-01
9.975993633270263672e-02
9.950936585664749146e-02
1.049908772110939026e-01
9.990236908197402954e-02
1.051931157708168030e-01
1.012138798832893372e-01
9.734364598989486694e-02
9.365866333246231079e-02
9.518915414810180664e-02
1.108824089169502258e-01
9.669510275125503540e-02
9.655817598104476929e-02
1.077365651726722717e-01
9.948696941137313843e-02
1.121169999241828918e-01
1.052768602967262268e-01
1.064006462693214417e-01
1.022656857967376709e-01
9.763321280479431152e-02
9.866114705801010132e-02
9.421044588088989258e-02
1.056709215044975281e-01
9.997177869081497192e-02
1.043451502919197083e-01
1.074797809123992920e-01
9.928039461374282837e-02
1.072197183966636658e-01
9.580776095390319824e-02
1.039708629250526428e-01
9.958703070878982544e-02
1.266882717609405518e-01
9.976986795663833618e-02
9.532263129949569702e-02
1.106957197189331055e-01
9.761058539152145386e-02
9.755431860685348511e-02
9.631299227476119995e-02
1.030309498310089111e-01
1.020848974585533142e-01
1.048174127936363220e-01
1.046829000115394592e-01
9.978783130645751953e-02
9.495996683835983276e-02
1.023662909865379333e-01
9.820479899644851685e-02
1.011386737227439880e-01
1.037517413496971130e-01
1.059859991073608398e-01
1.106881871819496155e-01
1.023573055863380432e-01
1.012331023812294006e-01
1.057300940155982971e-01
1.032399535179138184e-01
9.605165570974349976e-02
1.053306534886360168e-01
1.064787134528160095e-01
1.058389618992805481e-01
9.563151746988296509e-02
1.011328101158142090e-01
1.007621958851814270e-01
1.024816930294036865e-01
1.015072762966156006e-01
9.503773599863052368e-02
1.076292395591735840e-01
1.056470870971679688e-01
1.034065857529640198e-01
1.014247909188270569e-01
9.758818149566650391e-02
1.059653982520103455e-01
1.112887039780616760e-01
1.307966262102127075e-01
1.033388301730155945e-01
1.011965945363044739e-01
9.900212287902832031e-02
9.777131676673889160e-02
9.011854976415634155e-02
1.082500442862510681e-01
1.018453165888786316e-01
9.857818484306335449e-02
1.003823280334472656e-01
1.069958582520484924e-01
1.005484536290168762e-01
9.549149870872497559e-02
9.693298488855361938e-02
1.101011857390403748e-01
1.048700138926506042e-01
1.013990566134452820e-01
1.101781129837036133e-01
1.068678572773933411e-01
9.705043584108352661e-02
9.832400083541870117e-02
9.058430790901184082e-02
1.071983948349952698e-01
1.004250347614288330e-01
9.968837350606918335e-02
9.619281440973281860e-02
9.850595146417617798e-02
9.904568642377853394e-02
9.696770459413528442e-02
1.017292439937591553e-01
1.017357632517814636e-01
1.110336408019065857e-01
1.040177717804908752e-01
1.011622473597526550e-01
9.993761777877807617e-02
9.824264794588088989e-02
1.092333123087882996e-01
9.820131212472915649e-02
1.131721138954162598e-01
1.041048988699913025e-01
1.044178679585456848e-01
9.492775797843933105e-02
9.836456924676895142e-02
1.020185872912406921e-01
1.008916869759559631e-01
1.003186777234077454e-01
9.942837804555892944e-02
1.015034243464469910e-01
9.905993193387985229e-02
9.693456441164016724e-02
1.088845357298851013e-01
1.195414066314697266e-01
1.024434193968772888e-01
1.020440086722373962e-01
9.412124007940292358e-02
1.019677445292472839e-01
1.037165895104408264e-01
1.008851155638694763e-01
1.069034934043884277e-01
1.027039363980293274e-01
1.013089418411254883e-01
1.010701581835746765e-01
1.114966347813606262e-01
9.944575279951095581e-02
9.269887953996658325e-02
9.664113074541091919e-02
1.013776883482933044e-01
9.979993104934692383e-02
1.089326217770576477e-01
1.039753854274749756e-01
1.031554117798805237e-01
1.052385494112968445e-01
1.104934141039848328e-01
1.063786968588829041e-01
9.916108101606369019e-02
9.638968110084533691e-02
9.926345199346542358e-02
9.748291224241256714e-02
9.856585413217544556e-02
9.976349025964736938e-02
9.220212697982788086e-02
9.258840233087539673e-02
1.035806834697723389e-01
1.028748825192451477e-01
1.006424725055694580e-01
9.349378198385238647e-02
9.866165369749069214e-02
9.996036440134048462e-02
9.544158726930618286e-02
1.042803823947906494e-01
1.134775280952453613e-01
1.066770330071449280e-01
1.078059077262878418e-01
9.652846306562423706e-02
1.207904145121574402e-01
9.709808230400085449e-02
1.011274382472038269e-01
1.035782173275947571e-01
9.606701135635375977e-02
1.014265939593315125e-01
1.029086187481880188e-01
1.003929153084754944e-01
9.484440088272094727e-02
1.049110516905784607e-01
9.547901153564453125e-02
1.068751811981201172e-01
1.030565202236175537e-01
9.698170423507690430e-02
1.012386977672576904e-01
9.749150276184082031e-02
9.491211175918579102e-02
8.800948411226272583e-02
9.825935214757919312e-02
9.069144725799560547e-02
1.027372181415557861e-01
1.015199795365333557e-01
1.012574136257171631e-01
9.827028959989547729e-02
9.497918933629989624e-02
9.660258144140243530e-02
1.066945865750312805e-01
1.077731177210807800e-01
9.875082224607467651e-02
9.919762611389160156e-02
1.008726581931114197e-01
1.102246269583702087e-01
1.176640167832374573e-01
1.087759509682655334e-01
1.450386047363281250e-01
1.037278473377227783e-01
1.062546297907829285e-01
1.038318574428558350e-01
1.069432720541954041e-01
1.040918305516242981e-01
1.097037419676780701e-01
1.033402606844902039e-01
1.047781109809875488e-01
9.834051132202148438e-02
1.053759679198265076e-01
9.946598857641220093e-02
9.353542327880859375e-02
1.012871935963630676e-01
1.052386760711669922e-01
9.975428134202957153e-02
9.370336681604385376e-02
1.069931313395500183e-01
1.086861416697502136e-01
9.722739458084106445e-02
9.851646423339843750e-02
9.968095272779464722e-02
9.812310338020324707e-02
9.619372338056564331e-02
1.036684587597846985e-01
9.841063618659973145e-02
1.006148234009742737e-01
1.007435098290443420e-01
9.948850423097610474e-02
1.149198487401008606e-01
1.062629744410514832e-01
1.048222184181213379e-01
1.004016622900962830e-01
9.605482220649719238e-02
1.081191822886466980e-01
1.052850857377052307e-01
1.018519625067710876e-01
1.161510944366455078e-01
1.018531844019889832e-01
1.100576296448707581e-01
1.094861552119255066e-01
1.046476587653160095e-01
9.123721718788146973e-02
9.710714966058731079e-02
1.048073098063468933e-01
9.669700264930725098e-02
9.987942129373550415e-02
9.696537256240844727e-02
1.033930405974388123e-01
1.080372706055641174e-01
9.870382398366928101e-02
1.076447144150733948e-01
9.529674798250198364e-02
1.029342636466026306e-01
1.024773418903350830e-01
9.310845285654067993e-02
9.718406200408935547e-02
9.654048085212707520e-02
1.008196473121643066e-01
9.960634261369705200e-02
9.836783260107040405e-02
1.063277497887611389e-01
1.004752740263938904e-01
9.647103399038314819e-02
9.861847013235092163e-02
9.418492764234542847e-02
1.031779870390892029e-01
1.058506071567535400e-01
9.843453019857406616e-02
1.147177144885063171e-01
9.553370624780654907e-02
9.733962267637252808e-02
9.899854660034179688e-02
1.074741482734680176e-01
9.832191467285156250e-02
9.556940943002700806e-02
9.434957057237625122e-02
9.809580445289611816e-02
9.310084581375122070e-02
1.056336686015129089e-01
1.012388691306114197e-01
9.943629056215286255e-02
1.038585007190704346e-01
9.732658416032791138e-02
9.675726294517517090e-02
9.484132379293441772e-02
1.130752339959144592e-01
1.123263463377952576e-01
9.587123245000839233e-02
9.748091548681259155e-02
9.738645702600479126e-02
1.102196872234344482e-01
1.004468575119972229e-01
9.525821357965469360e-02
1.001156270503997803e-01
1.093947961926460266e-01
9.306807070970535278e-02
1.107408180832862854e-01
1.016552224755287170e-01
1.068901494145393372e-01
1.045490726828575134e-01
9.604835510253906250e-02
1.044583022594451904e-01
9.624860435724258423e-02
1.066210046410560608e-01
1.017282530665397644e-01
1.014636084437370300e-01
1.018186211585998535e-01
1.013505682349205017e-01
9.771754592657089233e-02
1.007851362228393555e-01
9.654166549444198608e-02
9.227798134088516235e-02
9.739594906568527222e-02
9.838096052408218384e-02
1.002631261944770813e-01
9.866449981927871704e-02
1.055589318275451660e-01
1.026156470179557800e-01
9.630292654037475586e-02
9.120288491249084473e-02
9.295732527971267700e-02
9.844579547643661499e-02
9.952425956726074219e-02
1.008559539914131165e-01
9.556107968091964722e-02
9.742673486471176147e-02
1.007924377918243408e-01
1.044054329395294189e-01
9.740928560495376587e-02
9.959993511438369751e-02
1.023613885045051575e-01
1.057935431599617004e-01
9.892463684082031250e-02
9.882345050573348999e-02
8.957581967115402222e-02
9.756201505661010742e-02
1.025675758719444275e-01
1.004319414496421814e-01
9.831462055444717407e-02
9.638783335685729980e-02
1.087166592478752136e-01
9.798639267683029175e-02
9.822195023298263550e-02
1.041002646088600159e-01
1.014425978064537048e-01
9.499552100896835327e-02
9.273713827133178711e-02
9.855011105537414551e-02
1.023491322994232178e-01
1.135480180382728577e-01
1.004463806748390198e-01
1.011613830924034119e-01
1.066372469067573547e-01
9.678602218627929688e-02
9.841408580541610718e-02
1.091266646981239319e-01
9.345370531082153320e-02
1.031488776206970215e-01
9.990763664245605469e-02
1.020763292908668518e-01
1.047268584370613098e-01
1.010989546775817871e-01
1.011480167508125305e-01
9.742709994316101074e-02
9.936505556106567383e-02
1.083876863121986389e-01
1.071321293711662292e-01
1.014417409896850586e-01
9.486827999353408813e-02
1.028088629245758057e-01
1.040718778967857361e-01
1.066180467605590820e-01
9.887222200632095337e-02
9.706658124923706055e-02
9.998840093612670898e-02
9.677738696336746216e-02
9.519717097282409668e-02
1.075037643313407898e-01
9.471560269594192505e-02
9.711783379316329956e-02
1.021269261837005615e-01
1.011913940310478210e-01
9.788113087415695190e-02
1.193669363856315613e-01
9.478175640106201172e-02
1.011718139052391052e-01
1.038060709834098816e-01
1.021173819899559021e-01
9.941668063402175903e-02
1.001911759376525879e-01
1.032678782939910889e-01
9.180560708045959473e-02
1.106087937951087952e-01
1.011351868510246277e-01
9.595606476068496704e-02
9.827225655317306519e-02
9.435772895812988281e-02
1.015493199229240417e-01
9.713849425315856934e-02
1.025867089629173279e-01
9.855780005455017090e-02
1.030565425753593445e-01
1.008569970726966858e-01
1.052276492118835449e-01
9.880870580673217773e-02
1.017370000481605530e-01
1.168512776494026184e-01
1.036858931183815002e-01
1.023117080330848694e-01
9.550108760595321655e-02
1.095713004469871521e-01
1.001385673880577087e-01
1.025793179869651794e-01
1.067737564444541931e-01
1.009090840816497803e-01
1.055668964982032776e-01
1.067545413970947266e-01
9.871951490640640259e-02
9.566279500722885132e-02
9.041876345872879028e-02
9.745258837938308716e-02
1.042728424072265625e-01
9.881470352411270142e-02
9.799220412969589233e-02
1.030841097235679626e-01
9.816322475671768188e-02
1.082897409796714783e-01
9.931683540344238281e-02
9.930092096328735352e-02
1.023528799414634705e-01
1.051303222775459290e-01
1.002937853336334229e-01
9.982716292142868042e-02
9.581443667411804199e-02
1.104730963706970215e-01
1.005299389362335205e-01
1.376681327819824219e-01
1.079465821385383606e-01
1.000598296523094177e-01
9.936460852622985840e-02
1.016928181052207947e-01
1.034257188439369202e-01
1.014140248298645020e-01
1.039292216300964355e-01
1.150070130825042725e-01
1.029632315039634705e-01
9.573656320571899414e-02
1.012476757168769836e-01
1.115594506263732910e-01
1.134052947163581848e-01
9.837720543146133423e-02
9.950929880142211914e-02
1.074962094426155090e-01
1.014867722988128662e-01
1.030258536338806152e-01
9.350913763046264648e-02
9.616964310407638550e-02
9.558591991662979126e-02
1.042529717087745667e-01
1.037298440933227539e-01
9.411550313234329224e-02
1.155214831233024597e-01
1.166686713695526123e-01
9.827668219804763794e-02
9.919569641351699829e-02
1.000679954886436462e-01
1.055309548974037170e-01
1.063830479979515076e-01
1.071071550250053406e-01
1.090617552399635315e-01
1.033990681171417236e-01
1.029979661107063293e-01
1.016757264733314514e-01
9.975603967905044556e-02
1.087104082107543945e-01
1.060353815555572510e-01
9.884161502122879028e-02
9.921910613775253296e-02
1.059123054146766663e-01
1.188739836215972900e-01
1.070853769779205322e-01
9.837905317544937134e-02
1.039201244711875916e-01
9.733274579048156738e-02
9.613668918609619141e-02
9.739986807107925415e-02
1.070094928145408630e-01
1.010780707001686096e-01
1.011428460478782654e-01
9.723632782697677612e-02
1.017709970474243164e-01
1.065965592861175537e-01
1.046180501580238342e-01
1.080493703484535217e-01
9.796369075775146484e-02
1.194728538393974304e-01
9.351020306348800659e-02
9.708132594823837280e-02
9.694988280534744263e-02
9.489401429891586304e-02
9.236112982034683228e-02
9.898494929075241089e-02
1.030859425663948059e-01
1.013242825865745544e-01
1.039835438132286072e-01
1.054516509175300598e-01
1.046236827969551086e-01
1.019928753376007080e-01
1.000217422842979431e-01
9.607353806495666504e-02
1.043716073036193848e-01
1.001392602920532227e-01
1.030065193772315979e-01
9.670599550008773804e-02
1.042177751660346985e-01
1.013184413313865662e-01
1.036531850695610046e-01
9.709952026605606079e-02
1.078119575977325439e-01
9.131356328725814819e-02
1.046378314495086670e-01
1.084795370697975159e-01
9.593084454536437988e-02
9.356989711523056030e-02
9.574413299560546875e-02
1.046276912093162537e-01
1.123631298542022705e-01
9.984146803617477417e-02
1.044656112790107727e-01
9.592107683420181274e-02
9.745106101036071777e-02
1.042381823062896729e-01
9.795283526182174683e-02
1.002163216471672058e-01
1.020824015140533447e-01
9.640866518020629883e-02
9.662955999374389648e-02
9.576883912086486816e-02
1.018172279000282288e-01
1.004631742835044861e-01
9.658617526292800903e-02
1.031564474105834961e-01
9.139660745859146118e-02
1.064015626907348633e-01
9.347910434007644653e-02
9.537100046873092651e-02
1.011312305927276611e-01
1.001377180218696594e-01
1.055101379752159119e-01
1.059125736355781555e-01
1.006503701210021973e-01
1.093553528189659119e-01
9.438925981521606445e-02
1.291167587041854858e-01
1.005950868129730225e-01
9.268318861722946167e-02
9.421805292367935181e-02
1.033588647842407227e-01
1.081455424427986145e-01
9.769710898399353027e-02
1.033990979194641113e-01
1.077929139137268066e-01
1.054218336939811707e-01
1.001293882727622986e-01
9.701704978942871094e-02
9.860881417989730835e-02
1.036005839705467224e-01
9.430218487977981567e-02
1.122092530131340027e-01
1.019582971930503845e-01
1.162644997239112854e-01
1.008689403533935547e-01
9.518098831176757812e-02
9.383910149335861206e-02
1.010459735989570618e-01
9.889479726552963257e-02
1.040252819657325745e-01
9.401310235261917114e-02
9.209833294153213501e-02
1.046331897377967834e-01
9.722807258367538452e-02
9.430227428674697876e-02
9.682310372591018677e-02
9.065434336662292480e-02
1.071153506636619568e-01
1.002475097775459290e-01
1.078319847583770752e-01
9.744366258382797241e-02
9.996393322944641113e-02
1.010475456714630127e-01
1.076211556792259216e-01
9.357947111129760742e-02
9.580888599157333374e-02
1.069488599896430969e-01
1.021829545497894287e-01
9.956414252519607544e-02
9.032682329416275024e-02
9.266998618841171265e-02
1.013374626636505127e-01
1.033315658569335938e-01
9.790612012147903442e-02
1.004164889454841614e-01
1.021104827523231506e-01
1.041792705655097961e-01
1.021690964698791504e-01
9.271658211946487427e-02
1.004960313439369202e-01
1.061415597796440125e-01
9.683821350336074829e-02
1.053443923592567444e-01
9.958337992429733276e-02
1.109600588679313660e-01
9.625371545553207397e-02
9.734358638525009155e-02
1.004011034965515137e-01
1.082703694701194763e-01
9.421694278717041016e-02
9.998478740453720093e-02
9.843640774488449097e-02
9.170553833246231079e-02
1.027264520525932312e-01
1.036934629082679749e-01
1.012597754597663879e-01
1.006232127547264099e-01
9.928383678197860718e-02
9.703651815652847290e-02
9.424098581075668335e-02
1.039575114846229553e-01
1.005416586995124817e-01
9.234225749969482422e-02
1.042269840836524963e-01
9.999831765890121460e-02
1.034284010529518127e-01
9.912696480751037598e-02
1.029067263007164001e-01
9.711778163909912109e-02
1.026407480239868164e-01
1.056161746382713318e-01
1.053669676184654236e-01
9.897202253341674805e-02
1.023156046867370605e-01
9.910317510366439819e-02
1.003028526902198792e-01
1.082233190536499023e-01
9.318866580724716187e-02
9.148636460304260254e-02
9.940598160028457642e-02
9.308689087629318237e-02
9.593293070793151855e-02
1.056415140628814697e-01
1.048614606261253357e-01
9.421285241842269897e-02
9.979712963104248047e-02
9.707063436508178711e-02
9.926226735115051270e-02
1.067826747894287109e-01
9.934866428375244141e-02
9.771392494440078735e-02
9.515459090471267700e-02
1.001477614045143127e-01
9.399545937776565552e-02
1.028416156768798828e-01
1.027786731719970703e-01
1.021579727530479431e-01
9.426044672727584839e-02
9.506575018167495728e-02
9.360858052968978882e-02
1.002719476819038391e-01
9.545671194791793823e-02
1.231190636754035950e-01
9.954527765512466431e-02
9.902902692556381226e-02
1.003631129860877991e-01
9.832703322172164917e-02
1.005047187209129333e-01
9.099491685628890991e-02
1.010810211300849915e-01
9.999110549688339233e-02
9.984041005373001099e-02
9.871401637792587280e-02
1.012672781944274902e-01
9.957583993673324585e-02
1.027528420090675354e-01
1.008805856108665466e-01
1.084927991032600403e-01
9.961029887199401855e-02
9.449181705713272095e-02
1.043257117271423340e-01
9.410434961318969727e-02
1.073064729571342468e-01
1.116955578327178955e-01
1.021896526217460632e-01
1.002192124724388123e-01
9.944969415664672852e-02
9.635765105485916138e-02
1.006034016609191895e-01
1.157758831977844238e-01
9.553632140159606934e-02
9.161534905433654785e-02
1.076696291565895081e-01
9.560242295265197754e-02
1.041291430592536926e-01
1.055448427796363831e-01
9.596834331750869751e-02
9.622025489807128906e-02
1.099276244640350342e-01
1.026824712753295898e-01
1.035194694995880127e-01
1.025474667549133301e-01
1.015262305736541748e-01
1.032862290740013123e-01
1.175292059779167175e-01
9.932037442922592163e-02
9.899306297302246094e-02
9.442264586687088013e-02
9.238488227128982544e-02
9.674254804849624634e-02
1.057794094085693359e-01
1.007598638534545898e-01
9.511689096689224243e-02
1.106550469994544983e-01
9.608127921819686890e-02
9.959170967340469360e-02
1.003303751349449158e-01
9.942466765642166138e-02
9.834478050470352173e-02
9.599599987268447876e-02
1.047148033976554871e-01
9.815307706594467163e-02
1.020170971751213074e-01
9.546214342117309570e-02
9.599080681800842285e-02
1.068832352757453918e-01
1.003065705299377441e-01
1.099508702754974365e-01
9.863253682851791382e-02
9.650537371635437012e-02
1.074998751282691956e-01
1.079365313053131104e-01
1.014889702200889587e-01
1.059070155024528503e-01
1.011416018009185791e-01
9.633335471153259277e-02
9.083370119333267212e-02
9.482308477163314819e-02
9.754300862550735474e-02
9.918254613876342773e-02
1.060816347599029541e-01
1.033059358596801758e-01
9.786099940538406372e-02
1.003821715712547302e-01
1.031888797879219055e-01
1.004999205470085144e-01
9.600766748189926147e-02
9.848219156265258789e-02
1.005162596702575684e-01
1.001559719443321228e-01
9.954962879419326782e-02
9.739261865615844727e-02
1.022419109940528870e-01
9.672284126281738281e-02
1.181188225746154785e-01
1.047735512256622314e-01
1.129639744758605957e-01
1.020293012261390686e-01
1.107811257243156433e-01
9.665212035179138184e-02
9.504944831132888794e-02
9.648343175649642944e-02
9.909606724977493286e-02
9.018874913454055786e-02
1.028600633144378662e-01
9.696234017610549927e-02
1.026724055409431458e-01
1.021448969841003418e-01
1.040176525712013245e-01
9.593484550714492798e-02
1.001346707344055176e-01
1.006488129496574402e-01
1.023622527718544006e-01
9.332689642906188965e-02
1.011132225394248962e-01
1.019304990768432617e-01
9.949917346239089966e-02
1.075058877468109131e-01
1.017723679542541504e-01
1.018623784184455872e-01
1.043366417288780212e-01
9.399536997079849243e-02
9.946995973587036133e-02
1.073808446526527405e-01
1.040447130799293518e-01
1.167455688118934631e-01
9.741894155740737915e-02
1.074935719370841980e-01
1.024981513619422913e-01
9.761343151330947876e-02
1.049357354640960693e-01
1.006923690438270569e-01
9.266728907823562622e-02
9.981140494346618652e-02
1.035862937569618225e-01
1.018318310379981995e-01
1.048843562602996826e-01
9.251814335584640503e-02
9.030757099390029907e-02
9.905000776052474976e-02
9.843248873949050903e-02
9.995249658823013306e-02
9.348273277282714844e-02
1.035876050591468811e-01
1.036096215248107910e-01
9.189441055059432983e-02
9.842187166213989258e-02
9.257304668426513672e-02
1.058818697929382324e-01
9.500827640295028687e-02
9.596305340528488159e-02
9.638866782188415527e-02
1.063691750168800354e-01
9.863927215337753296e-02
9.463331848382949829e-02
9.490564465522766113e-02
1.051492094993591309e-01
9.599373489618301392e-02
1.025359630584716797e-01
1.036570891737937927e-01
1.002542376518249512e-01
1.021444797515869141e-01
1.075049340724945068e-01
1.019611433148384094e-01
1.060404255986213684e-01
1.068126261234283447e-01
9.912808984518051147e-02
1.035686805844306946e-01
9.753835946321487427e-02
1.079792752861976624e-01
1.008320152759552002e-01
1.000937446951866150e-01
1.047455966472625732e-01
9.942611306905746460e-02
9.752415865659713745e-02
1.026493534445762634e-01
9.776923060417175293e-02
1.078769937157630920e-01
9.933069348335266113e-02
9.959461539983749390e-02
9.886796027421951294e-02
9.994631260633468628e-02
9.747928380966186523e-02
9.924419969320297241e-02
1.068915501236915588e-01
1.169644370675086975e-01
9.850583225488662720e-02
9.872377663850784302e-02
9.203241020441055298e-02
1.008528694510459900e-01
9.931024163961410522e-02
1.034022197127342224e-01
1.056988760828971863e-01
1.001551747322082520e-01
9.823163598775863647e-02
1.008826419711112976e-01
1.016502752900123596e-01
1.006571128964424133e-01
9.659560769796371460e-02
9.692464023828506470e-02
1.022971794009208679e-01
1.056029200553894043e-01
1.012967228889465332e-01
1.040076389908790588e-01
9.602367877960205078e-02
9.577941149473190308e-02
9.675595909357070923e-02
9.992962330579757690e-02
1.056113466620445251e-01
1.000222861766815186e-01
1.021838560700416565e-01
9.483883529901504517e-02
9.480885416269302368e-02
9.880515187978744507e-02
9.646085649728775024e-02
1.116671562194824219e-01
1.313058286905288696e-01
9.951468557119369507e-02
9.752202779054641724e-02
9.375050663948059082e-02
9.764700382947921753e-02
9.900226444005966187e-02
9.741092473268508911e-02
1.166837140917778015e-01
1.117597296833992004e-01
9.358638525009155273e-02
1.028248593211174011e-01
1.044691205024719238e-01
1.037359833717346191e-01
8.997565507888793945e-02
9.256585687398910522e-02
9.468107670545578003e-02
9.716878086328506470e-02
9.619108587503433228e-02
9.615447372198104858e-02
1.065650358796119690e-01
1.000020876526832581e-01
9.702891111373901367e-02
1.044742465019226074e-01
8.754163235425949097e-02
1.026266813278198242e-01
9.799752384424209595e-02
1.022270843386650085e-01
1.083032190799713135e-01
9.105533361434936523e-02
1.100551858544349670e-01
9.581712633371353149e-02
1.017342805862426758e-01
1.021267548203468323e-01
1.056210771203041077e-01
9.603291749954223633e-02
1.027881130576133728e-01
9.267285466194152832e-02
9.310662001371383667e-02
9.521054476499557495e-02
1.045170128345489502e-01
1.154362484812736511e-01
1.021702066063880920e-01
1.016258001327514648e-01
1.100891008973121643e-01
9.611233323812484741e-02
1.083500310778617859e-01
9.733869880437850952e-02
9.430216997861862183e-02
1.020785942673683167e-01
1.025514975190162659e-01
1.001906692981719971e-01
1.037236079573631287e-01
9.935415536165237427e-02
9.611169248819351196e-02
9.400587528944015503e-02
1.012054160237312317e-01
9.050210565328598022e-02
9.635931998491287231e-02
1.061429977416992188e-01
9.417713433504104614e-02
1.118051633238792419e-01
9.833084791898727417e-02
9.939125925302505493e-02
9.386775642633438110e-02
9.763175249099731445e-02
1.009147167205810547e-01
9.285190701484680176e-02
9.664759039878845215e-02
1.021098271012306213e-01
9.861234575510025024e-02
9.715744107961654663e-02
1.050262227654457092e-01
9.594752639532089233e-02
1.304442435503005981e-01
1.044033765792846680e-01
1.011280491948127747e-01
1.014999970793724060e-01
1.051636114716529846e-01
9.567058831453323364e-02
9.160643815994262695e-02
1.028577312827110291e-01
1.041428446769714355e-01
1.007695794105529785e-01
9.617779403924942017e-02
1.046218946576118469e-01
9.980718046426773071e-02
9.613278508186340332e-02
1.018144488334655762e-01
9.312233328819274902e-02
1.007836163043975830e-01
9.933697432279586792e-02
1.081119552254676819e-01
1.000278070569038391e-01
1.013000831007957458e-01
1.007176712155342102e-01
9.347060322761535645e-02
9.395763278007507324e-02
1.079132556915283203e-01
9.951692074537277222e-02
1.048538088798522949e-01
9.649906307458877563e-02
1.024112701416015625e-01
9.810664504766464233e-02
9.384614974260330200e-02
9.929209947586059570e-02
9.961984306573867798e-02
9.541618824005126953e-02
1.040934547781944275e-01
1.011113300919532776e-01
9.933812171220779419e-02
1.011193096637725830e-01
1.035987138748168945e-01
1.027998104691505432e-01
9.848320484161376953e-02
9.734475612640380859e-02
9.826282411813735962e-02
9.459545463323593140e-02
9.474793821573257446e-02
1.059686839580535889e-01
9.932427853345870972e-02
1.367041319608688354e-01
9.677938371896743774e-02
1.060577258467674255e-01
1.126332804560661316e-01
9.893234819173812866e-02
9.359241276979446411e-02
1.075783744454383850e-01
9.606260806322097778e-02
9.446289390325546265e-02
1.071637570858001709e-01
1.078919544816017151e-01
1.021474003791809082e-01
1.004892364144325256e-01
9.746047109365463257e-02
9.807000309228897095e-02
1.049439907073974609e-01
9.931460022926330566e-02
1.058400273323059082e-01
1.010825559496879578e-01
1.013118028640747070e-01
1.027111634612083435e-01
9.175177663564682007e-02
9.790041297674179077e-02
9.683796018362045288e-02
9.875699132680892944e-02
9.576631337404251099e-02
1.090914607048034668e-01
1.152443811297416687e-01
1.041049733757972717e-01
9.450659900903701782e-02
9.499797224998474121e-02
1.021047756075859070e-01
1.072274670004844666e-01
1.040655076503753662e-01
1.015798375010490417e-01
1.094475314021110535e-01
1.048341393470764160e-01
9.828677773475646973e-02
9.694314002990722656e-02
1.044288352131843567e-01
1.003299877047538757e-01
1.011359617114067078e-01
1.002097502350807190e-01
1.121527329087257385e-01
1.020596846938133240e-01
1.073883175849914551e-01
1.002358570694923401e-01
9.996947646141052246e-02
9.263662248849868774e-02
1.060159876942634583e-01
1.034392341971397400e-01
1.004423201084136963e-01
1.087944731116294861e-01
9.735178202390670776e-02
1.039725169539451599e-01
9.908951073884963989e-02
1.093584522604942322e-01
1.049453243613243103e-01
1.128768101334571838e-01
1.068252548575401306e-01
9.047600626945495605e-02
9.480234235525131226e-02
1.037998124957084656e-01
1.181671842932701111e-01
1.480524390935897827e-01
1.056568101048469543e-01
9.323660284280776978e-02
9.416449069976806641e-02
1.036367714405059814e-01
1.054651811718940735e-01
1.015670374035835266e-01
1.043344810605049133e-01
9.228866547346115112e-02
1.066716536879539490e-01
1.017255485057830811e-01
9.858389943838119507e-02
1.012699678540229797e-01
1.024614498019218445e-01
9.544650465250015259e-02
9.831038117408752441e-02
1.011826619505882263e-01
1.037394404411315918e-01
9.648483246564865112e-02
1.055599376559257507e-01
9.703109413385391235e-02
9.801421314477920532e-02
1.079336181282997131e-01
9.787835925817489624e-02
1.054146215319633484e-01
9.425938129425048828e-02
9.886725991964340210e-02
9.237549453973770142e-02
9.921094030141830444e-02
9.998764842748641968e-02
1.036940887570381165e-01
1.026413068175315857e-01
1.042968705296516418e-01
1.088379099965095520e-01
1.035951375961303711e-01
1.191609203815460205e-01
9.055987745523452759e-02
9.868398308753967285e-02
9.699324518442153931e-02
9.272257238626480103e-02
9.393326193094253540e-02
9.698224812746047974e-02
9.619232267141342163e-02
1.131883636116981506e-01
1.031466200947761536e-01
1.008842065930366516e-01
1.002951338887214661e-01
9.860306978225708008e-02
1.060217693448066711e-01
1.000694036483764648e-01
1.019578352570533752e-01
1.011154875159263611e-01
1.013566032052040100e-01
1.036400496959686279e-01
9.770977497100830078e-02
9.937977045774459839e-02
1.011642292141914368e-01
9.860873222351074219e-02
1.050813719630241394e-01
9.832517057657241821e-02
1.015364006161689758e-01
1.039131581783294678e-01
1.023184284567832947e-01
1.022407412528991699e-01
9.861820936203002930e-02
9.358040243387222290e-02
9.714034944772720337e-02
1.053060889244079590e-01
9.261185675859451294e-02
1.000060811638832092e-01
1.007747724652290344e-01
1.128920242190361023e-01
9.798131138086318970e-02
9.770011901855468750e-02
9.729915857315063477e-02
1.038666591048240662e-01
1.014988124370574951e-01
9.443034976720809937e-02
9.896142035722732544e-02
9.591523557901382446e-02
9.344356507062911987e-02
1.023566126823425293e-01
1.009393259882926941e-01
9.550581127405166626e-02
9.730523824691772461e-02
9.792045503854751587e-02
1.017262041568756104e-01
9.507506340742111206e-02
9.819313883781433105e-02
1.015536561608314514e-01
1.015208363533020020e-01
9.671276062726974487e-02
1.090427041053771973e-01
1.138353347778320312e-01
1.005814000964164734e-01
1.001041308045387268e-01
1.041044071316719055e-01
9.460452944040298462e-02
9.746517986059188843e-02
9.647944569587707520e-02
1.053868755698204041e-01
1.041824221611022949e-01
9.883888810873031616e-02
1.004341840744018555e-01
9.643540531396865845e-02
9.596858173608779907e-02
1.019367203116416931e-01
1.012398302555084229e-01
9.806982427835464478e-02
1.011217609047889709e-01
9.843346476554870605e-02
1.126769781112670898e-01
9.690737724304199219e-02
9.759353846311569214e-02
1.065010800957679749e-01
9.492429345846176147e-02
9.410969167947769165e-02
9.578656405210494995e-02
9.619420021772384644e-02
1.000813469290733337e-01
9.750311821699142456e-02
1.011834070086479187e-01
9.835144132375717163e-02
9.399002790451049805e-02
1.035649850964546204e-01
1.012582108378410339e-01
1.043950617313385010e-01
9.529056400060653687e-02
9.909550100564956665e-02
1.035911515355110168e-01
1.039328798651695251e-01
9.581238776445388794e-02
9.686110168695449829e-02
9.789896011352539062e-02
1.009938493371009827e-01
9.842266887426376343e-02
1.023566201329231262e-01
9.961911290884017944e-02
1.025032773613929749e-01
9.712506085634231567e-02
9.299304336309432983e-02
9.546602517366409302e-02
1.032017990946769714e-01
9.552481025457382202e-02
9.871705621480941772e-02
1.019804701209068298e-01
9.912705421447753906e-02
9.801820665597915649e-02
9.396898746490478516e-02
9.803703427314758301e-02
9.874158352613449097e-02
1.002511456608772278e-01
1.011363565921783447e-01
9.704127907752990723e-02
9.415489435195922852e-02
1.034952923655509949e-01
9.943897277116775513e-02
9.334415197372436523e-02
9.417421370744705200e-02
9.633132070302963257e-02
9.804000705480575562e-02
9.283938258886337280e-02
9.588576108217239380e-02
1.095869541168212891e-01
9.725445508956909180e-02
9.427385777235031128e-02
1.048704981803894043e-01
1.026320531964302063e-01
9.583452343940734863e-02
1.031009927392005920e-01
1.091400012373924255e-01
1.005355343222618103e-01
9.957057982683181763e-02
9.986595064401626587e-02
1.284421831369400024e-01
9.723769873380661011e-02
9.862243384122848511e-02
1.009163931012153625e-01
9.520640969276428223e-02
1.042385622859001160e-01
9.768247604370117188e-02
1.290392726659774780e-01
1.050663068890571594e-01
9.711345285177230835e-02
9.534394741058349609e-02
9.927874803543090820e-02
9.569501876831054688e-02
1.063192486763000488e-01
9.423455595970153809e-02
9.371095895767211914e-02
1.003609076142311096e-01
9.542518854141235352e-02
9.994077682495117188e-02
9.997949749231338501e-02
9.950631111860275269e-02
1.028627529740333557e-01
9.753303974866867065e-02
1.016998663544654846e-01
9.619417041540145874e-02
9.126310795545578003e-02
1.021540239453315735e-01
1.017555594444274902e-01
9.776140004396438599e-02
9.911223500967025757e-02
9.845844656229019165e-02
9.243834018707275391e-02
1.046406626701354980e-01
9.956415742635726929e-02
1.173660159111022949e-01
1.101208031177520752e-01
1.029082611203193665e-01
9.548792988061904907e-02
1.070120856165885925e-01
9.731694310903549194e-02
1.042273417115211487e-01
9.389704465866088867e-02
1.010322570800781250e-01
9.597855061292648315e-02
1.123419478535652161e-01
1.008593216538429260e-01
9.904182702302932739e-02
9.705665707588195801e-02
1.025576218962669373e-01
9.492469578981399536e-02
1.012586727738380432e-01
1.078093051910400391e-01
1.068886220455169678e-01
9.820855408906936646e-02
1.010310724377632141e-01
1.059827804565429688e-01
1.032131612300872803e-01
1.000208333134651184e-01
9.022712707519531250e-02
9.469863772392272949e-02
1.000171527266502380e-01
1.019507125020027161e-01
9.966110438108444214e-02
9.934947639703750610e-02
1.023885011672973633e-01
1.136439070105552673e-01
1.065717563033103943e-01
1.104434654116630554e-01
1.016263365745544434e-01
9.732156246900558472e-02
9.576752036809921265e-02
1.070464625954627991e-01
9.013811498880386353e-02
9.508062154054641724e-02
9.919407963752746582e-02
1.014613881707191467e-01
9.303846210241317749e-02
1.020318195223808289e-01
9.755606204271316528e-02
1.004057601094245911e-01
9.604215621948242188e-02
9.745902568101882935e-02
1.006584838032722473e-01
1.001003906130790710e-01
9.905221313238143921e-02
1.039893701672554016e-01
1.215902343392372131e-01
9.924603253602981567e-02
1.013197600841522217e-01
1.000511646270751953e-01
9.371164441108703613e-02
1.045936718583106995e-01
1.029936149716377258e-01
1.017643809318542480e-01
9.460985660552978516e-02
1.044892668724060059e-01
9.854039549827575684e-02
1.002113223075866699e-01
1.023195460438728333e-01
9.658401459455490112e-02
1.082617640495300293e-01
1.018356904387474060e-01
9.680071473121643066e-02
1.028433516621589661e-01
1.065794453024864197e-01
1.046841144561767578e-01
1.005890592932701111e-01
1.003635227680206299e-01
1.153555735945701599e-01
1.253947317600250244e-01
1.040474772453308105e-01
9.905929118394851685e-02
9.627728909254074097e-02
1.003175005316734314e-01
1.040632352232933044e-01
9.252218157052993774e-02
9.942559152841567993e-02
1.028659418225288391e-01
9.863594174385070801e-02
1.003047451376914978e-01
9.582793712615966797e-02
9.291648119688034058e-02
1.067658737301826477e-01
1.028878018260002136e-01
9.411203861236572266e-02
1.008646860718727112e-01
9.477382898330688477e-02
1.003926917910575867e-01
9.617496281862258911e-02
1.199439764022827148e-01
1.020487248897552490e-01
9.851817041635513306e-02
1.039822697639465332e-01
1.063781604170799255e-01
1.014673337340354919e-01
9.905174374580383301e-02
9.511068463325500488e-02
9.785738587379455566e-02
9.053959697484970093e-02
1.271315217018127441e-01
1.074447259306907654e-01
9.755202382802963257e-02
9.360233694314956665e-02
9.470022469758987427e-02
1.082641407847404480e-01
9.879692643880844116e-02
9.599080681800842285e-02
1.086433231830596924e-01
9.885741025209426880e-02
9.974356740713119507e-02
9.764134138822555542e-02
1.023310720920562744e-01
1.025823950767517090e-01
1.000550985336303711e-01
9.827364236116409302e-02
9.751326590776443481e-02
9.912228584289550781e-02
1.043436229228973389e-01
9.565854817628860474e-02
1.019368171691894531e-01
9.626218676567077637e-02
9.123756736516952515e-02
1.041460931301116943e-01
1.005387231707572937e-01
1.033301576972007751e-01
9.949693083763122559e-02
1.057208403944969177e-01
1.086458340287208557e-01
1.023735404014587402e-01
1.028017625212669373e-01
1.079968810081481934e-01
1.003553792834281921e-01
9.925327450037002563e-02
9.631848335266113281e-02
1.017338931560516357e-01
1.055105999112129211e-01
9.948284178972244263e-02
9.445568174123764038e-02
1.040781140327453613e-01
1.114485040307044983e-01
1.145660504698753357e-01
1.048684492707252502e-01
9.690823405981063843e-02
1.011976003646850586e-01
1.102386116981506348e-01
9.778431057929992676e-02
1.107525750994682312e-01
