9.625325351953506470e-02
1.001417860388755798e-01
9.771821647882461548e-02
9.746833890676498413e-02
9.501691907644271851e-02
9.163417667150497437e-02
9.423265606164932251e-02
1.010735630989074707e-01
1.018126830458641052e-01
9.484425932168960571e-02
9.105692058801651001e-02
9.451445192098617554e-02
9.711470454931259155e-02
9.886462241411209106e-02
8.865904062986373901e-02
9.186059236526489258e-02
9.734124690294265747e-02
9.322399646043777466e-02
9.544617682695388794e-02
9.315355867147445679e-02
9.777632355690002441e-02
9.757124632596969604e-02
9.275370836257934570e-02
1.004513800144195557e-01
9.440320730209350586e-02
8.619672060012817383e-02
9.456661343574523926e-02
9.423559159040451050e-02
9.118429571390151978e-02
9.159817546606063843e-02
1.086771264672279358e-01
9.411331266164779663e-02
1.116560176014900208e-01
9.398952871561050415e-02
8.639377355575561523e-02
9.021265059709548950e-02
8.704761415719985962e-02
8.863969892263412476e-02
9.300758689641952515e-02
1.025279462337493896e-01
9.017508476972579956e-02
9.177834540605545044e-02
1.001653671264648438e-01
9.253676980733871460e-02
8.426188677549362183e-02
9.521590918302536011e-02
9.411699324846267700e-02
9.764780849218368530e-02
9.097356349229812622e-02
9.450105577707290649e-02
9.083471447229385376e-02
9.340324252843856812e-02
9.323638677597045898e-02
9.350290149450302124e-02
8.702024072408676147e-02
9.403283149003982544e-02
8.795452862977981567e-02
9.102615714073181152e-02
9.459557384252548218e-02
8.663568645715713501e-02
1.050643324851989746e-01
8.542271703481674194e-02
9.647390991449356079e-02
8.974615484476089478e-02
9.114762395620346069e-02
9.370256215333938599e-02
9.954243153333663940e-02
9.035420417785644531e-02
9.152454137802124023e-02
9.156376123428344727e-02
9.379342943429946899e-02
9.385748952627182007e-02
9.196833521127700806e-02
9.433522075414657593e-02
9.242545813322067261e-02
9.208619594573974609e-02
9.365295618772506714e-02
9.455299377441406250e-02
9.474858641624450684e-02
9.457686543464660645e-02
9.329742938280105591e-02
8.850298076868057251e-02
9.174448251724243164e-02
1.047766506671905518e-01
1.008885428309440613e-01
9.461638331413269043e-02
8.843719959259033203e-02
9.317078441381454468e-02
9.379120916128158569e-02
9.579602628946304321e-02
9.988988190889358521e-02
8.786322921514511108e-02
9.701722860336303711e-02
9.360603243112564087e-02
9.839407354593276978e-02
9.616576880216598511e-02
9.701602905988693237e-02
9.372392296791076660e-02
9.431386739015579224e-02
9.894352406263351440e-02
1.030055880546569824e-01
1.081834957003593445e-01
9.414986521005630493e-02
9.607762843370437622e-02
9.956950694322586060e-02
9.365818649530410767e-02
9.225567430257797241e-02
9.919988363981246948e-02
9.172942489385604858e-02
9.934145957231521606e-02
8.984523266553878784e-02
9.080939739942550659e-02
9.015882015228271484e-02
8.966651558876037598e-02
8.645574003458023071e-02
9.642493724822998047e-02
8.368416875600814819e-02
9.766402840614318848e-02
9.133853763341903687e-02
9.529759734869003296e-02
9.023740887641906738e-02
8.900543302297592163e-02
8.965736627578735352e-02
9.756594151258468628e-02
8.868630975484848022e-02
9.022278338670730591e-02
9.425824135541915894e-02
9.510231763124465942e-02
9.829530864953994751e-02
9.171823412179946899e-02
9.113660454750061035e-02
9.417314082384109497e-02
9.647300839424133301e-02
9.107366949319839478e-02
1.018588319420814514e-01
9.327223151922225952e-02
9.296848624944686890e-02
9.460183233022689819e-02
9.279047697782516479e-02
1.016473695635795593e-01
9.927060455083847046e-02
9.505216032266616821e-02
8.831346780061721802e-02
9.846933931112289429e-02
9.604856371879577637e-02
9.215822815895080566e-02
9.498256444931030273e-02
8.915548771619796753e-02
8.760953694581985474e-02
8.997958898544311523e-02
9.025917202234268188e-02
9.476831555366516113e-02
9.249166399240493774e-02
9.297785907983779907e-02
8.816909790039062500e-02
1.054170131683349609e-01
9.119343012571334839e-02
8.616986125707626343e-02
9.303893893957138062e-02
9.453392028808593750e-02
8.459666371345520020e-02
9.172412008047103882e-02
9.185814857482910156e-02
9.705451875925064087e-02
8.975008875131607056e-02
9.382817149162292480e-02
8.756098896265029907e-02
9.525483846664428711e-02
9.001186490058898926e-02
9.492931514978408813e-02
8.878289908170700073e-02
9.141182899475097656e-02
8.831381052732467651e-02
8.705049753189086914e-02
9.589287638664245605e-02
8.825543522834777832e-02
9.546337276697158813e-02
8.812621235847473145e-02
8.962488174438476562e-02
8.901426941156387329e-02
9.023163467645645142e-02
9.263223409652709961e-02
9.191425889730453491e-02
8.625639230012893677e-02
9.132412075996398926e-02
9.248261898756027222e-02
8.991708606481552124e-02
9.051466733217239380e-02
9.756204485893249512e-02
9.376027435064315796e-02
9.485697746276855469e-02
9.798020869493484497e-02
9.620650857686996460e-02
8.837819844484329224e-02
9.036650508642196655e-02
9.678351879119873047e-02
8.854398876428604126e-02
8.546626567840576172e-02
9.486763924360275269e-02
1.017488017678260803e-01
9.905108809471130371e-02
9.331084042787551880e-02
9.126672893762588501e-02
9.730637073516845703e-02
9.807696938514709473e-02
9.344045072793960571e-02
9.979370981454849243e-02
8.969005942344665527e-02
9.059149026870727539e-02
9.303158521652221680e-02
1.036897674202919006e-01
9.286853671073913574e-02
9.013540297746658325e-02
8.650530129671096802e-02
9.432622045278549194e-02
9.656091779470443726e-02
9.487596899271011353e-02
1.187543272972106934e-01
9.000309556722640991e-02
9.150620549917221069e-02
8.802229166030883789e-02
9.800206869840621948e-02
9.123671799898147583e-02
9.328637272119522095e-02
8.639148622751235962e-02
9.332612156867980957e-02
9.716489911079406738e-02
8.841711282730102539e-02
9.016311913728713989e-02
9.387031197547912598e-02
9.867683053016662598e-02
9.823010116815567017e-02
9.278249740600585938e-02
9.606352448463439941e-02
9.400796890258789062e-02
1.002647057175636292e-01
9.618457406759262085e-02
9.514158219099044800e-02
8.897981047630310059e-02
9.134998917579650879e-02
9.733378142118453979e-02
9.377965331077575684e-02
9.839465469121932983e-02
9.358290582895278931e-02
1.055380776524543762e-01
9.956554323434829712e-02
9.239753335714340210e-02
9.205567091703414917e-02
9.249025583267211914e-02
9.548258036375045776e-02
9.882488101720809937e-02
9.829562157392501831e-02
9.555428475141525269e-02
8.901354670524597168e-02
8.768531680107116699e-02
8.873351663351058960e-02
1.018325313925743103e-01
1.001392900943756104e-01
9.364599734544754028e-02
9.071444720029830933e-02
8.848688751459121704e-02
9.655902534723281860e-02
9.462646394968032837e-02
9.946751594543457031e-02
1.078680381178855896e-01
9.467961639165878296e-02
9.044033288955688477e-02
9.648516029119491577e-02
9.829471260309219360e-02
1.166689395904541016e-01
9.238573163747787476e-02
9.455209970474243164e-02
9.109447151422500610e-02
9.807264059782028198e-02
1.028382256627082825e-01
8.670524507761001587e-02
9.346548467874526978e-02
9.500703960657119751e-02
9.311616420745849609e-02
9.220900386571884155e-02
1.058021187782287598e-01
1.013349071145057678e-01
9.520629793405532837e-02
9.751439094543457031e-02
9.303846210241317749e-02
9.856218844652175903e-02
9.927317500114440918e-02
8.997514843940734863e-02
9.256618469953536987e-02
9.337860345840454102e-02
8.960429579019546509e-02
9.534888714551925659e-02
9.212702512741088867e-02
9.291252493858337402e-02
9.781620651483535767e-02
9.772655367851257324e-02
8.979070931673049927e-02
9.226556867361068726e-02
9.800329059362411499e-02
9.514299035072326660e-02
9.455869346857070923e-02
1.015298739075660706e-01
1.096747890114784241e-01
9.779558330774307251e-02
9.620084613561630249e-02
8.923298120498657227e-02
9.098720550537109375e-02
8.654052019119262695e-02
8.977339416742324829e-02
9.428656846284866333e-02
9.880877286195755005e-02
8.710280805826187134e-02
9.832391142845153809e-02
8.897603303194046021e-02
9.189549833536148071e-02
9.266230463981628418e-02
8.838919550180435181e-02
1.065534353256225586e-01
9.112709015607833862e-02
9.078396111726760864e-02
9.674113243818283081e-02
9.631270170211791992e-02
9.665235877037048340e-02
9.098144620656967163e-02
8.770713210105895996e-02
8.882514387369155884e-02
9.799075126647949219e-02
9.015842527151107788e-02
9.564775228500366211e-02
9.410282224416732788e-02
8.972007036209106445e-02
9.397313743829727173e-02
9.304603189229965210e-02
9.197054058313369751e-02
9.266564249992370605e-02
9.164288640022277832e-02
9.214628487825393677e-02
9.433925896883010864e-02
1.204154491424560547e-01
9.366684406995773315e-02
9.302975982427597046e-02
9.800431132316589355e-02
9.155058860778808594e-02
9.216869622468948364e-02
9.499628096818923950e-02
9.237433224916458130e-02
1.004580631852149963e-01
9.146726131439208984e-02
1.000465527176856995e-01
9.075482934713363647e-02
1.059104800224304199e-01
9.435363858938217163e-02
9.639853984117507935e-02
9.865286201238632202e-02
9.138061851263046265e-02
9.918785840272903442e-02
9.851014614105224609e-02
9.892605990171432495e-02
1.000430658459663391e-01
9.025727957487106323e-02
9.092865139245986938e-02
9.330481290817260742e-02
9.298529475927352905e-02
9.440583735704421997e-02
1.187925040721893311e-01
9.616824239492416382e-02
8.815818279981613159e-02
9.867832064628601074e-02
8.613982796669006348e-02
9.377344697713851929e-02
1.017547026276588440e-01
9.606909006834030151e-02
8.920645713806152344e-02
9.010008722543716431e-02
9.487211704254150391e-02
9.223554283380508423e-02
9.735205769538879395e-02
9.164883941411972046e-02
9.773219376802444458e-02
9.429953247308731079e-02
9.135893732309341431e-02
9.146610647439956665e-02
9.202408790588378906e-02
8.830415457487106323e-02
9.256901592016220093e-02
9.184246510267257690e-02
9.078509360551834106e-02
9.624654054641723633e-02
9.300852566957473755e-02
9.019819647073745728e-02
9.561467915773391724e-02
9.445536881685256958e-02
9.191688895225524902e-02
9.425091743469238281e-02
8.536859601736068726e-02
9.407570213079452515e-02
9.854183346033096313e-02
9.070950746536254883e-02
8.841424435377120972e-02
1.096743270754814148e-01
9.422632306814193726e-02
9.013831615447998047e-02
9.095076471567153931e-02
8.537912368774414062e-02
9.266098588705062866e-02
9.191932529211044312e-02
9.379800409078598022e-02
9.101722389459609985e-02
1.088883578777313232e-01
8.709115535020828247e-02
9.442558884620666504e-02
9.661012887954711914e-02
9.659833461046218872e-02
9.098961949348449707e-02
8.868110179901123047e-02
9.682059288024902344e-02
9.342157095670700073e-02
1.032163575291633606e-01
8.823120594024658203e-02
9.600225836038589478e-02
9.136518090963363647e-02
9.405403584241867065e-02
1.001046225428581238e-01
8.869570493698120117e-02
8.936271071434020996e-02
9.366816282272338867e-02
9.511652588844299316e-02
8.891713619232177734e-02
9.414375573396682739e-02
9.292776137590408325e-02
9.119930118322372437e-02
8.694345504045486450e-02
9.623587131500244141e-02
9.952306002378463745e-02
9.449359029531478882e-02
9.327227622270584106e-02
9.271565824747085571e-02
1.009043678641319275e-01
9.301324933767318726e-02
9.024059027433395386e-02
9.335362166166305542e-02
8.859344571828842163e-02
9.015396982431411743e-02
9.813629835844039917e-02
9.168205410242080688e-02
9.549549221992492676e-02
8.683594316244125366e-02
9.409878402948379517e-02
9.266050904989242554e-02
8.715218305587768555e-02
1.256166845560073853e-01
9.192217141389846802e-02
9.687787294387817383e-02
9.038227796554565430e-02
9.530067443847656250e-02
1.008546650409698486e-01
8.648840337991714478e-02
8.615177124738693237e-02
9.374925494194030762e-02
8.912688493728637695e-02
8.679180592298507690e-02
9.373193979263305664e-02
9.618413448333740234e-02
9.355057030916213989e-02
8.895039558410644531e-02
9.329101443290710449e-02
9.138555079698562622e-02
8.684795349836349487e-02
9.541639685630798340e-02
9.516788274049758911e-02
9.096895903348922729e-02
9.483412653207778931e-02
9.699460864067077637e-02
1.005913540720939636e-01
8.574577420949935913e-02
9.119514375925064087e-02
1.003762260079383850e-01
9.009917825460433960e-02
9.046424180269241333e-02
9.585195034742355347e-02
1.124740913510322571e-01
9.384950250387191772e-02
9.637134522199630737e-02
9.215985983610153198e-02
1.133046671748161316e-01
8.591365814208984375e-02
9.860410541296005249e-02
9.039335697889328003e-02
1.058779135346412659e-01
8.615425974130630493e-02
9.101145714521408081e-02
9.106922149658203125e-02
9.855148941278457642e-02
9.510918706655502319e-02
1.057222560048103333e-01
1.185726299881935120e-01
1.004880592226982117e-01
9.086483716964721680e-02
8.485909551382064819e-02
9.173671156167984009e-02
8.752886205911636353e-02
9.168090671300888062e-02
9.640812873840332031e-02
9.517910331487655640e-02
9.345760941505432129e-02
8.867708593606948853e-02
8.780384808778762817e-02
9.097064286470413208e-02
9.170717746019363403e-02
1.018204912543296814e-01
9.209084510803222656e-02
9.117227792739868164e-02
9.640239924192428589e-02
9.845703095197677612e-02
8.958443999290466309e-02
8.591336011886596680e-02
1.064789220690727234e-01
9.616237133741378784e-02
9.546082466840744019e-02
9.195739775896072388e-02
9.004869312047958374e-02
9.745386987924575806e-02
9.343229979276657104e-02
9.635873883962631226e-02
8.695552498102188110e-02
9.901795536279678345e-02
9.810396283864974976e-02
8.716910332441329956e-02
9.099131822586059570e-02
1.005877032876014709e-01
9.449658542871475220e-02
1.027855351567268372e-01
9.152418375015258789e-02
9.794824570417404175e-02
9.143275767564773560e-02
9.158735722303390503e-02
9.355380386114120483e-02
9.234554320573806763e-02
8.555844426155090332e-02
8.775792270898818970e-02
8.732527494430541992e-02
1.003975793719291687e-01
9.633099287748336792e-02
9.006334096193313599e-02
9.097382426261901855e-02
9.020739048719406128e-02
9.188062697649002075e-02
9.424572438001632690e-02
9.011432528495788574e-02
1.010792329907417297e-01
1.026611253619194031e-01
9.476047754287719727e-02
9.454634040594100952e-02
9.141278266906738281e-02
9.091120958328247070e-02
9.365221112966537476e-02
8.800946921110153198e-02
9.091636538505554199e-02
8.612046390771865845e-02
1.063235923647880554e-01
9.632391482591629028e-02
9.185037016868591309e-02
1.000170037150382996e-01
9.448943287134170532e-02
9.633349627256393433e-02
1.219095215201377869e-01
8.926820009946823120e-02
9.996953606605529785e-02
9.069236367940902710e-02
9.150073677301406860e-02
8.921635150909423828e-02
8.675424009561538696e-02
1.023070588707923889e-01
8.950472623109817505e-02
1.037809848785400391e-01
9.087908267974853516e-02
9.320869296789169312e-02
8.727837353944778442e-02
1.132584437727928162e-01
9.598357230424880981e-02
9.690999239683151245e-02
8.935186266899108887e-02
9.032422304153442383e-02
9.872942417860031128e-02
9.881838411092758179e-02
9.824705123901367188e-02
9.201855212450027466e-02
9.196576476097106934e-02
9.830222278833389282e-02
8.865211158990859985e-02
9.087387472391128540e-02
9.063471108675003052e-02
8.669177442789077759e-02
8.778504282236099243e-02
9.059286862611770630e-02
8.899544924497604370e-02
9.416192024946212769e-02
9.984233975410461426e-02
1.027741357684135437e-01
8.768329769372940063e-02
1.011416986584663391e-01
8.819303661584854126e-02
9.650351852178573608e-02
9.382098168134689331e-02
9.257179498672485352e-02
8.961516618728637695e-02
9.171729534864425659e-02
8.715063333511352539e-02
9.116753190755844116e-02
8.810073137283325195e-02
9.000707417726516724e-02
8.878117054700851440e-02
9.067002683877944946e-02
9.271612763404846191e-02
9.413624554872512817e-02
9.103158861398696899e-02
9.538871049880981445e-02
1.016279160976409912e-01
8.859435468912124634e-02
8.942084759473800659e-02
9.797463566064834595e-02
9.212670475244522095e-02
1.011200472712516785e-01
9.195574373006820679e-02
9.233406186103820801e-02
9.531304985284805298e-02
8.848872035741806030e-02
8.757084608078002930e-02
9.380617737770080566e-02
9.706640988588333130e-02
9.422439336776733398e-02
8.598625659942626953e-02
9.367128461599349976e-02
9.010008722543716431e-02
9.825371950864791870e-02
9.223204851150512695e-02
9.024948626756668091e-02
9.891036152839660645e-02
9.426587820053100586e-02
9.637644886970520020e-02
8.590033650398254395e-02
9.351870417594909668e-02
9.164261817932128906e-02
9.304263442754745483e-02
9.486981481313705444e-02
8.971953392028808594e-02
9.933613985776901245e-02
9.701796621084213257e-02
8.868207782506942749e-02
9.350541979074478149e-02
9.243592619895935059e-02
9.070336073637008667e-02
8.808809518814086914e-02
9.694746136665344238e-02
9.010764211416244507e-02
9.451798349618911743e-02
8.969839662313461304e-02
9.391164034605026245e-02
9.048906713724136353e-02
9.609240293502807617e-02
9.408520907163619995e-02
8.848410844802856445e-02
8.947785943746566772e-02
9.338407963514328003e-02
8.568456023931503296e-02
9.522237628698348999e-02
8.978014439344406128e-02
9.068562835454940796e-02
9.075701236724853516e-02
8.902721852064132690e-02
9.651297330856323242e-02
8.968076854944229126e-02
8.820223808288574219e-02
1.016398966312408447e-01
9.171611815690994263e-02
8.986145257949829102e-02
9.580548852682113647e-02
9.801363945007324219e-02
9.090778231620788574e-02
9.203195571899414062e-02
9.015339612960815430e-02
9.046951681375503540e-02
9.399522095918655396e-02
9.283820539712905884e-02
9.068835526704788208e-02
9.136552363634109497e-02
8.824545145034790039e-02
9.241033345460891724e-02
9.138623625040054321e-02
9.104228764772415161e-02
9.241229295730590820e-02
8.572728186845779419e-02
9.412536770105361938e-02
9.470516443252563477e-02
1.091937795281410217e-01
8.903533220291137695e-02
9.246039390563964844e-02
9.500602632761001587e-02
1.006098762154579163e-01
8.799497038125991821e-02
8.602420240640640259e-02
8.905560523271560669e-02
8.979427069425582886e-02
9.701194614171981812e-02
1.009098961949348450e-01
8.942836523056030273e-02
1.003867015242576599e-01
9.970739483833312988e-02
9.423603862524032593e-02
1.051649227738380432e-01
9.183456748723983765e-02
9.145999699831008911e-02
9.482827782630920410e-02
9.090510010719299316e-02
9.370998293161392212e-02
9.346067160367965698e-02
9.341442584991455078e-02
9.040961414575576782e-02
9.360856562852859497e-02
1.013140901923179626e-01
1.048595905303955078e-01
9.571184962987899780e-02
8.945280313491821289e-02
9.401879459619522095e-02
9.662517905235290527e-02
9.341415762901306152e-02
9.686168283224105835e-02
9.172549098730087280e-02
9.969560056924819946e-02
9.245595335960388184e-02
9.325196593999862671e-02
8.708357065916061401e-02
9.651347994804382324e-02
1.145504415035247803e-01
9.485768526792526245e-02
9.009965509176254272e-02
9.360051155090332031e-02
9.608295559883117676e-02
9.389110654592514038e-02
8.961003273725509644e-02
9.409710764884948730e-02
9.395790100097656250e-02
8.570586889982223511e-02
8.807710558176040649e-02
8.791252225637435913e-02
9.470716118812561035e-02
1.028624176979064941e-01
9.200035780668258667e-02
9.259274601936340332e-02
8.992294222116470337e-02
9.848740696907043457e-02
8.742353320121765137e-02
8.962461352348327637e-02
9.436552971601486206e-02
9.479690343141555786e-02
9.523301571607589722e-02
9.252321720123291016e-02
9.815081954002380371e-02
9.075019508600234985e-02
9.238510578870773315e-02
9.955608099699020386e-02
9.448654204607009888e-02
1.024703755974769592e-01
9.356825798749923706e-02
9.297800064086914062e-02
9.115877747535705566e-02
9.417406469583511353e-02
8.899160474538803101e-02
9.649137407541275024e-02
9.432976692914962769e-02
8.628239482641220093e-02
9.190515428781509399e-02
1.001467332243919373e-01
9.434819221496582031e-02
1.049213632941246033e-01
9.952423721551895142e-02
8.855051547288894653e-02
9.106063842773437500e-02
9.721705317497253418e-02
8.985770493745803833e-02
9.238887578248977661e-02
9.330708533525466919e-02
9.465915709733963013e-02
9.376797825098037720e-02
1.132602319121360779e-01
8.555739372968673706e-02
9.695247560739517212e-02
9.222296625375747681e-02
1.001968085765838623e-01
1.003415286540985107e-01
9.677497297525405884e-02
9.339457750320434570e-02
9.121587872505187988e-02
9.672153741121292114e-02
9.095089882612228394e-02
9.051007032394409180e-02
9.556797891855239868e-02
9.122995287179946899e-02
9.310718625783920288e-02
9.236636757850646973e-02
9.289225935935974121e-02
8.839657157659530640e-02
9.421172738075256348e-02
9.298131614923477173e-02
9.199193865060806274e-02
9.109012037515640259e-02
9.762863069772720337e-02
8.645410090684890747e-02
9.569236636161804199e-02
8.533298224210739136e-02
9.380748867988586426e-02
8.815843611955642700e-02
9.081435948610305786e-02
9.711316972970962524e-02
9.589102119207382202e-02
8.640479296445846558e-02
9.972727298736572266e-02
9.826671332120895386e-02
9.640457481145858765e-02
9.676530212163925171e-02
1.036001965403556824e-01
9.745537489652633667e-02
8.932802081108093262e-02
8.809941262006759644e-02
9.022887796163558960e-02
8.667263388633728027e-02
9.969299286603927612e-02
8.899635076522827148e-02
9.616560488939285278e-02
9.289786964654922485e-02
9.961861371994018555e-02
9.099259972572326660e-02
8.905178308486938477e-02
9.261370450258255005e-02
9.236136078834533691e-02
9.439138323068618774e-02
9.106823056936264038e-02
9.335992485284805298e-02
9.148439764976501465e-02
9.447160363197326660e-02
9.629990905523300171e-02
8.683267235755920410e-02
8.775996416807174683e-02
8.978445082902908325e-02
9.796407818794250488e-02
9.195805341005325317e-02
9.210455417633056641e-02
9.345803409814834595e-02
9.375987201929092407e-02
9.150471538305282593e-02
8.763381093740463257e-02
9.345522522926330566e-02
8.808150887489318848e-02
9.679412841796875000e-02
8.968701213598251343e-02
9.136544913053512573e-02
9.163858741521835327e-02
8.636905997991561890e-02
8.717057853937149048e-02
9.663956612348556519e-02
9.730958938598632812e-02
9.718648344278335571e-02
9.262180328369140625e-02
1.249709203839302063e-01
9.312099218368530273e-02
9.327215701341629028e-02
9.393884986639022827e-02
9.185075014829635620e-02
9.408099204301834106e-02
9.011108428239822388e-02
9.320665150880813599e-02
9.363172203302383423e-02
9.135064482688903809e-02
9.319672733545303345e-02
9.193687885999679565e-02
9.706028550863265991e-02
8.927241712808609009e-02
9.621810913085937500e-02
9.724628180265426636e-02
9.267883747816085815e-02
8.708566427230834961e-02
1.005550846457481384e-01
9.498737007379531860e-02
8.670341968536376953e-02
8.832394331693649292e-02
1.013405323028564453e-01
1.153176426887512207e-01
9.233347326517105103e-02
9.015274792909622192e-02
9.398295730352401733e-02
8.818174153566360474e-02
9.231937676668167114e-02
1.031418815255165100e-01
9.136263281106948853e-02
9.280857443809509277e-02
8.745882660150527954e-02
9.242198616266250610e-02
8.604237437248229980e-02
8.924207091331481934e-02
8.846583217382431030e-02
9.459912776947021484e-02
9.561511129140853882e-02
9.788104146718978882e-02
9.300305694341659546e-02
9.931746870279312134e-02
9.303585439920425415e-02
8.740253001451492310e-02
9.345064312219619751e-02
9.181653708219528198e-02
8.705631643533706665e-02
9.085812419652938843e-02
9.393451362848281860e-02
8.714459091424942017e-02
9.319555014371871948e-02
1.010596156120300293e-01
9.220074862241744995e-02
9.410744160413742065e-02
8.952927589416503906e-02
9.548550099134445190e-02
9.372437745332717896e-02
9.921995550394058228e-02
1.002796217799186707e-01
9.672791510820388794e-02
9.279208630323410034e-02
1.000937521457672119e-01
9.987529367208480835e-02
8.792721480131149292e-02
9.081951528787612915e-02
1.322597414255142212e-01
9.308832883834838867e-02
9.224641323089599609e-02
9.021826833486557007e-02
9.149064868688583374e-02
9.286564588546752930e-02
9.045464545488357544e-02
9.571731090545654297e-02
9.200117737054824829e-02
9.354799985885620117e-02
1.054514423012733459e-01
1.023707985877990723e-01
8.911130577325820923e-02
8.940032124519348145e-02
9.770760685205459595e-02
9.135335683822631836e-02
9.019156545400619507e-02
9.120106697082519531e-02
1.096750274300575256e-01
9.349837154150009155e-02
9.290555864572525024e-02
9.953057765960693359e-02
9.338027238845825195e-02
9.762206673622131348e-02
9.075035899877548218e-02
9.177752584218978882e-02
9.834263473749160767e-02
9.240468591451644897e-02
9.158227592706680298e-02
9.329873323440551758e-02
9.502776712179183960e-02
8.784421533346176147e-02
8.752125501632690430e-02
9.406002610921859741e-02
9.745210409164428711e-02
9.636822342872619629e-02
9.006770700216293335e-02
9.102018922567367554e-02
8.449644595384597778e-02
1.071954891085624695e-01
9.560615569353103638e-02
8.793070167303085327e-02
9.194016456604003906e-02
8.793723583221435547e-02
9.544941782951354980e-02
9.335586428642272949e-02
9.208404272794723511e-02
9.147109836339950562e-02
9.422356635332107544e-02
9.075631946325302124e-02
1.128952875733375549e-01
9.549006074666976929e-02
9.137112647294998169e-02
8.916761726140975952e-02
1.007752716541290283e-01
9.499057382345199585e-02
9.806243330240249634e-02
8.684945851564407349e-02
9.173367172479629517e-02
9.318357706069946289e-02
8.693644404411315918e-02
9.368398040533065796e-02
1.038138195872306824e-01
9.071919322013854980e-02
9.409335255622863770e-02
1.006920561194419861e-01
9.800402075052261353e-02
9.541850537061691284e-02
9.867775440216064453e-02
9.400463849306106567e-02
9.480700641870498657e-02
9.001646190881729126e-02
9.905064105987548828e-02
8.971499651670455933e-02
9.075094014406204224e-02
9.575331956148147583e-02
1.076793596148490906e-01
9.258582442998886108e-02
8.991692215204238892e-02
9.922320395708084106e-02
8.995691686868667603e-02
9.652321785688400269e-02
8.297019451856613159e-02
9.269038587808609009e-02
9.441006183624267578e-02
9.815079718828201294e-02
9.571129083633422852e-02
9.777782112360000610e-02
9.032476693391799927e-02
8.873336762189865112e-02
9.890002757310867310e-02
9.610377997159957886e-02
1.013484373688697815e-01
9.433529525995254517e-02
9.506722539663314819e-02
9.554716199636459351e-02
9.915234893560409546e-02
1.061729192733764648e-01
9.179979562759399414e-02
9.587099403142929077e-02
9.198275208473205566e-02
8.939900994300842285e-02
9.889169782400131226e-02
9.790840744972229004e-02
8.957348018884658813e-02
9.271334856748580933e-02
9.867942333221435547e-02
9.012057632207870483e-02
8.964555710554122925e-02
9.402778744697570801e-02
8.787409216165542603e-02
8.727690577507019043e-02
9.382318705320358276e-02
8.919536322355270386e-02
8.806256204843521118e-02
9.076484292745590210e-02
9.240307658910751343e-02
9.747114777565002441e-02
9.748208522796630859e-02
9.475520253181457520e-02
8.910765498876571655e-02
9.411694854497909546e-02
9.247908741235733032e-02
9.238833934068679810e-02
8.965572714805603027e-02
9.899970889091491699e-02
9.301296621561050415e-02
9.685784578323364258e-02
9.781641513109207153e-02
9.408190101385116577e-02
1.059211120009422302e-01
9.348269551992416382e-02
1.017005369067192078e-01
9.173389524221420288e-02
8.990214020013809204e-02
1.030545234680175781e-01
9.687354415655136108e-02
9.132220596075057983e-02
9.276520460844039917e-02
8.601063489913940430e-02
1.007312834262847900e-01
9.749069064855575562e-02
9.477803111076354980e-02
9.852539747953414917e-02
9.142962098121643066e-02
9.276792407035827637e-02
9.447374194860458374e-02
8.947553485631942749e-02
9.862255305051803589e-02
1.004041209816932678e-01
9.441453963518142700e-02
9.004124253988265991e-02
9.318497031927108765e-02
8.710765838623046875e-02
1.082694232463836670e-01
8.542930334806442261e-02
9.005581587553024292e-02
8.758938312530517578e-02
8.913790434598922729e-02
8.648043125867843628e-02
1.235422864556312561e-01
8.805081248283386230e-02
9.004863351583480835e-02
9.527710825204849243e-02
9.851398319005966187e-02
9.429901838302612305e-02
1.064163818955421448e-01
9.311469644308090210e-02
9.434842318296432495e-02
9.381247311830520630e-02
8.989853411912918091e-02
1.006866395473480225e-01
9.090843051671981812e-02
9.859488159418106079e-02
9.129527211189270020e-02
9.227462857961654663e-02
1.038415804505348206e-01
9.046310931444168091e-02
9.558246284723281860e-02
9.049987792968750000e-02
9.109324216842651367e-02
8.682825416326522827e-02
9.569183737039566040e-02
9.198660403490066528e-02
1.014008000493049622e-01
8.453591912984848022e-02
8.838266134262084961e-02
9.085836261510848999e-02
9.479838609695434570e-02
9.736943989992141724e-02
8.996013551950454712e-02
9.260794520378112793e-02
9.271872788667678833e-02
8.672234416007995605e-02
9.208685159683227539e-02
9.252321720123291016e-02
9.816411882638931274e-02
9.425938129425048828e-02
9.288953989744186401e-02
9.213718026876449585e-02
9.191998094320297241e-02
9.506151825189590454e-02
9.551799297332763672e-02
9.641247242689132690e-02
9.651539474725723267e-02
9.570103883743286133e-02
8.943172544240951538e-02
8.999552577733993530e-02
9.079995006322860718e-02
9.016423672437667847e-02
9.053117036819458008e-02
9.984187036752700806e-02
8.966486901044845581e-02
9.076278656721115112e-02
9.041547030210494995e-02
9.289985895156860352e-02
8.984521776437759399e-02
8.919463306665420532e-02
9.026882052421569824e-02
9.130054712295532227e-02
9.209654480218887329e-02
1.155486628413200378e-01
1.418222486972808838e-01
8.927806466817855835e-02
1.000869646668434143e-01
9.431097656488418579e-02
8.882892876863479614e-02
9.278530627489089966e-02
9.714185446500778198e-02
9.352102130651473999e-02
8.873715251684188843e-02
9.493919461965560913e-02
9.788159281015396118e-02
9.551396220922470093e-02
9.494201093912124634e-02
8.722704648971557617e-02
8.868830651044845581e-02
9.374052286148071289e-02
9.492287784814834595e-02
1.038869395852088928e-01
8.940836787223815918e-02
8.584257215261459351e-02
8.583980053663253784e-02
1.373684257268905640e-01
9.819654375314712524e-02
9.711798280477523804e-02
1.005165800452232361e-01
8.890086412429809570e-02
8.743575215339660645e-02
9.833389520645141602e-02
9.666804224252700806e-02
9.588229656219482422e-02
9.169760346412658691e-02
9.026852250099182129e-02
9.032484889030456543e-02
9.649487584829330444e-02
8.675050735473632812e-02
9.151210635900497437e-02
9.944724291563034058e-02
9.740110486745834351e-02
9.580913186073303223e-02
9.386337548494338989e-02
9.241134673357009888e-02
9.582469612360000610e-02
9.162559360265731812e-02
9.599616378545761108e-02
9.142384678125381470e-02
9.132841974496841431e-02
9.347806125879287720e-02
1.036902889609336853e-01
9.939613938331604004e-02
9.271874278783798218e-02
9.886164218187332153e-02
9.957662224769592285e-02
9.257996827363967896e-02
9.838488698005676270e-02
9.254011511802673340e-02
9.211745858192443848e-02
9.546206146478652954e-02
9.581157565116882324e-02
9.723811596632003784e-02
9.043402224779129028e-02
9.593494981527328491e-02
9.941026568412780762e-02
9.430811554193496704e-02
9.614747017621994019e-02
8.745869994163513184e-02
9.405628591775894165e-02
9.223399311304092407e-02
9.410171955823898315e-02
9.405514597892761230e-02
9.450906515121459961e-02
9.658476710319519043e-02
1.068591177463531494e-01
1.034712791442871094e-01
8.913159370422363281e-02
9.461279958486557007e-02
8.227119594812393188e-02
9.490559250116348267e-02
9.118357300758361816e-02
8.779453486204147339e-02
9.199608117341995239e-02
8.982596546411514282e-02
9.655741602182388306e-02
8.888753503561019897e-02
9.441110491752624512e-02
8.913134783506393433e-02
9.573394060134887695e-02
1.106908693909645081e-01
8.897729963064193726e-02
9.354985505342483521e-02
9.486311674118041992e-02
9.085289388895034790e-02
8.697018772363662720e-02
8.746829628944396973e-02
9.765237569808959961e-02
9.402215480804443359e-02
8.746870607137680054e-02
9.053725749254226685e-02
1.037303507328033447e-01
9.625813364982604980e-02
9.339853376150131226e-02
9.030406922101974487e-02
8.705645054578781128e-02
9.281309694051742554e-02
9.480783343315124512e-02
8.818439394235610962e-02
9.501790255308151245e-02
9.271147102117538452e-02
8.884644508361816406e-02
9.958127886056900024e-02
9.093582630157470703e-02
1.010019779205322266e-01
9.865272045135498047e-02
9.379186481237411499e-02
9.393284469842910767e-02
9.211926907300949097e-02
9.036860615015029907e-02
8.831510692834854126e-02
9.468165040016174316e-02
8.659116178750991821e-02
1.112304925918579102e-01
1.106820926070213318e-01
9.222874790430068970e-02
9.514159709215164185e-02
9.721461683511734009e-02
9.237440675497055054e-02
9.316133707761764526e-02
8.837173134088516235e-02
1.065047979354858398e-01
1.003072857856750488e-01
9.463811665773391724e-02
9.712877869606018066e-02
1.048158705234527588e-01
9.701038151979446411e-02
9.482751041650772095e-02
9.451692551374435425e-02
9.428965300321578979e-02
1.034121587872505188e-01
9.453437477350234985e-02
9.494078159332275391e-02
9.622070938348770142e-02
9.056991338729858398e-02
1.096642017364501953e-01
9.567305445671081543e-02
9.521970152854919434e-02
9.662449359893798828e-02
9.681255370378494263e-02
9.529495239257812500e-02
9.729971736669540405e-02
9.543914347887039185e-02
9.208619594573974609e-02
8.856255561113357544e-02
9.333460777997970581e-02
9.165874868631362915e-02
8.993425220251083374e-02
8.861905336380004883e-02
8.915149420499801636e-02
9.216883033514022827e-02
9.529432654380798340e-02
9.260091930627822876e-02
9.091439843177795410e-02
9.246039390563964844e-02
9.120988100767135620e-02
9.099856019020080566e-02
9.035634994506835938e-02
9.963671118021011353e-02
9.527192264795303345e-02
1.191099956631660461e-01
9.114304929971694946e-02
9.675576537847518921e-02
9.314405173063278198e-02
8.931243419647216797e-02
8.822521567344665527e-02
9.774827957153320312e-02
9.084890037775039673e-02
9.503740072250366211e-02
9.143507480621337891e-02
8.924683928489685059e-02
9.742975980043411255e-02
9.820544719696044922e-02
9.007974714040756226e-02
1.006433591246604919e-01
9.662563353776931763e-02
9.850806742906570435e-02
8.978751301765441895e-02
1.057745739817619324e-01
9.066315740346908569e-02
9.218070656061172485e-02
9.714248031377792358e-02
9.015689045190811157e-02
9.342288970947265625e-02
9.187742322683334351e-02
9.827455878257751465e-02
1.302023679018020630e-01
8.801591396331787109e-02
9.123878926038742065e-02
9.441074728965759277e-02
8.797708153724670410e-02
9.905219823122024536e-02
9.544075280427932739e-02
8.923560380935668945e-02
1.028900742530822754e-01
9.405916184186935425e-02
9.958683699369430542e-02
8.965069055557250977e-02
9.859431535005569458e-02
9.364357590675354004e-02
1.001764312386512756e-01
8.596938848495483398e-02
9.445797652006149292e-02
9.240663796663284302e-02
1.045066937804222107e-01
8.771732449531555176e-02
9.257322549819946289e-02
9.731012582778930664e-02
1.002762913703918457e-01
1.024560555815696716e-01
9.871003031730651855e-02
1.204675510525703430e-01
9.040647000074386597e-02
9.879058599472045898e-02
9.604952484369277954e-02
8.702632784843444824e-02
9.335676580667495728e-02
9.401660412549972534e-02
9.436288475990295410e-02
9.084385633468627930e-02
9.800955653190612793e-02
9.399790316820144653e-02
9.464942663908004761e-02
9.166433662176132202e-02
9.150429815053939819e-02
9.047657996416091919e-02
9.134200215339660645e-02
8.901038020849227905e-02
9.377214312553405762e-02
9.121125191450119019e-02
9.731101244688034058e-02
9.505882859230041504e-02
8.832275122404098511e-02
9.871932119131088257e-02
9.537538886070251465e-02
9.124029427766799927e-02
8.619538694620132446e-02
8.664750307798385620e-02
9.725061804056167603e-02
1.017632111907005310e-01
8.967628329992294312e-02
1.008209064602851868e-01
9.031652659177780151e-02
8.781952410936355591e-02
9.333205223083496094e-02
9.352011233568191528e-02
9.377670288085937500e-02
9.087907522916793823e-02
8.895236253738403320e-02
9.429460018873214722e-02
8.819039911031723022e-02
9.207573533058166504e-02
9.476501494646072388e-02
9.287279844284057617e-02
9.303790330886840820e-02
1.047026887536048889e-01
9.728474169969558716e-02
8.388167619705200195e-02
9.435943514108657837e-02
9.365566819906234741e-02
9.517633914947509766e-02
1.089750528335571289e-01
9.785443544387817383e-02
8.850847929716110229e-02
9.773597121238708496e-02
8.754008263349533081e-02
9.924840927124023438e-02
9.247558563947677612e-02
9.560242295265197754e-02
8.892535418272018433e-02
8.443892002105712891e-02
1.018565222620964050e-01
9.086401015520095825e-02
8.950684219598770142e-02
8.596412092447280884e-02
9.386879205703735352e-02
9.287289530038833618e-02
9.617638587951660156e-02
9.225279092788696289e-02
9.874161332845687866e-02
8.385556936264038086e-02
9.766892343759536743e-02
9.486994147300720215e-02
8.916459232568740845e-02
9.115649014711380005e-02
9.045597165822982788e-02
8.988533169031143188e-02
8.680173754692077637e-02
9.544312953948974609e-02
9.541762620210647583e-02
9.021428227424621582e-02
9.971644729375839233e-02
1.025315821170806885e-01
9.260035306215286255e-02
9.149276465177536011e-02
9.768307954072952271e-02
9.691542387008666992e-02
9.804133325815200806e-02
9.009113162755966187e-02
9.138896316289901733e-02
9.139174222946166992e-02
8.740895986557006836e-02
9.356081485748291016e-02
9.078758955001831055e-02
9.474909305572509766e-02
9.618429094552993774e-02
8.758569508790969849e-02
1.045690178871154785e-01
9.512188285589218140e-02
9.374687820672988892e-02
1.045509055256843567e-01
9.079392999410629272e-02
8.672690391540527344e-02
8.508347719907760620e-02
9.618803113698959351e-02
1.019653603434562683e-01
9.501302987337112427e-02
9.518428891897201538e-02
9.230207651853561401e-02
9.775733202695846558e-02
9.652616828680038452e-02
8.734041452407836914e-02
8.791896700859069824e-02
9.362626075744628906e-02
9.387140721082687378e-02
9.721720963716506958e-02
8.465700596570968628e-02
9.675499796867370605e-02
9.282378107309341431e-02
8.923640102148056030e-02
9.393239766359329224e-02
9.225044399499893188e-02
9.142223000526428223e-02
9.455630928277969360e-02
9.341882914304733276e-02
9.435492008924484253e-02
9.944739192724227905e-02
9.209307283163070679e-02
1.133318766951560974e-01
9.590544551610946655e-02
8.734688907861709595e-02
9.566679596900939941e-02
9.403841942548751831e-02
9.870284795761108398e-02
9.162645787000656128e-02
8.760400861501693726e-02
8.723580837249755859e-02
8.914986252784729004e-02
8.730263262987136841e-02
9.069315344095230103e-02
9.054774791002273560e-02
9.090266376733779907e-02
9.056815505027770996e-02
8.534709364175796509e-02
9.013064950704574585e-02
9.073681384325027466e-02
9.261119365692138672e-02
8.939474821090698242e-02
9.272225946187973022e-02
9.240122884511947632e-02
8.655571192502975464e-02
8.967509120702743530e-02
9.716159850358963013e-02
8.835035562515258789e-02
9.628459811210632324e-02
9.460995346307754517e-02
9.409087896347045898e-02
8.931029587984085083e-02
9.425943344831466675e-02
9.230893850326538086e-02
9.321396797895431519e-02
9.170022606849670410e-02
8.828274160623550415e-02
9.924002736806869507e-02
9.707769751548767090e-02
1.037906184792518616e-01
9.684655070304870605e-02
8.541140705347061157e-02
9.573245048522949219e-02
9.667635709047317505e-02
9.548702090978622437e-02
8.879593759775161743e-02
9.460482001304626465e-02
9.304841607809066772e-02
9.702550619840621948e-02
9.078544378280639648e-02
9.288553148508071899e-02
9.026867896318435669e-02
1.001824736595153809e-01
9.206559509038925171e-02
9.172711521387100220e-02
9.323038905858993530e-02
9.351277351379394531e-02
1.026552096009254456e-01
8.989719301462173462e-02
9.846978634595870972e-02
9.935206174850463867e-02
9.496474266052246094e-02
9.596925973892211914e-02
9.586828947067260742e-02
1.089316681027412415e-01
9.249195456504821777e-02
9.583287686109542847e-02
8.822759240865707397e-02
9.193859249353408813e-02
8.894304186105728149e-02
1.045049503445625305e-01
9.304434061050415039e-02
9.239371865987777710e-02
9.104130417108535767e-02
9.157395362854003906e-02
1.012713834643363953e-01
9.718746691942214966e-02
9.438500553369522095e-02
9.596022963523864746e-02
9.243035316467285156e-02
9.268499165773391724e-02
9.585256129503250122e-02
9.271603822708129883e-02
9.754469990730285645e-02
9.335578233003616333e-02
9.239808470010757446e-02
9.760121256113052368e-02
9.505108743906021118e-02
9.560371190309524536e-02
9.102848917245864868e-02
8.441611379384994507e-02
9.664741903543472290e-02
9.517603367567062378e-02
8.756089955568313599e-02
9.157288074493408203e-02
9.589888900518417358e-02
9.596899896860122681e-02
9.346551448106765747e-02
1.002968549728393555e-01
9.284771233797073364e-02
9.596729278564453125e-02
9.476956725120544434e-02
9.024050831794738770e-02
9.268803149461746216e-02
8.781885355710983276e-02
8.378290385007858276e-02
9.222916513681411743e-02
9.207755327224731445e-02
9.517165273427963257e-02
8.948109298944473267e-02
9.041001647710800171e-02
8.786866813898086548e-02
1.138739958405494690e-01
9.267956763505935669e-02
9.719401597976684570e-02
9.909694641828536987e-02
9.245511144399642944e-02
8.559717983007431030e-02
9.325250983238220215e-02
8.228928595781326294e-02
8.782470971345901489e-02
9.379309415817260742e-02
8.715013414621353149e-02
9.530314058065414429e-02
1.015795469284057617e-01
8.681229501962661743e-02
9.986150264739990234e-02
9.787527471780776978e-02
9.177916496992111206e-02
8.952925354242324829e-02
8.543399721384048462e-02
9.752593189477920532e-02
8.615979552268981934e-02
8.846169710159301758e-02
9.482469409704208374e-02
9.544345736503601074e-02
9.508258104324340820e-02
9.414968639612197876e-02
9.205015748739242554e-02
9.225878119468688965e-02
9.101662039756774902e-02
8.909148722887039185e-02
9.452442079782485962e-02
9.921827167272567749e-02
9.655024856328964233e-02
8.818542212247848511e-02
9.357710927724838257e-02
9.388608485460281372e-02
9.609451889991760254e-02
9.229966998100280762e-02
8.776297420263290405e-02
9.162139892578125000e-02
8.613928407430648804e-02
9.330775588750839233e-02
9.942667931318283081e-02
8.809623867273330688e-02
8.888759464025497437e-02
1.004524528980255127e-01
9.513762593269348145e-02
9.977234154939651489e-02
9.030126780271530151e-02
8.901885151863098145e-02
9.012123197317123413e-02
8.788023144006729126e-02
8.659485727548599243e-02
9.103006869554519653e-02
9.502100944519042969e-02
9.131759405136108398e-02
9.796974807977676392e-02
1.003802493214607239e-01
8.598124235868453979e-02
9.311553090810775757e-02
8.990908414125442505e-02
9.690246731042861938e-02
9.417863935232162476e-02
9.082929044961929321e-02
9.513428807258605957e-02
9.167004376649856567e-02
9.782896190881729126e-02
8.614364266395568848e-02
9.152742475271224976e-02
9.045831114053726196e-02
9.345272928476333618e-02
9.517812728881835938e-02
9.036336094141006470e-02
9.509877115488052368e-02
9.078282117843627930e-02
9.622233361005783081e-02
9.729547053575515747e-02
8.660292625427246094e-02
8.978360891342163086e-02
9.043321013450622559e-02
9.163141250610351562e-02
1.109321713447570801e-01
9.008518606424331665e-02
8.831498026847839355e-02
9.546089172363281250e-02
9.757385402917861938e-02
9.737171977758407593e-02
8.530453592538833618e-02
9.964793175458908081e-02
8.989129215478897095e-02
9.788873046636581421e-02
9.153617173433303833e-02
9.272486716508865356e-02
9.600818902254104614e-02
1.015153154730796814e-01
8.745462447404861450e-02
8.901361376047134399e-02
1.030644252896308899e-01
9.730403870344161987e-02
9.248442202806472778e-02
9.855435043573379517e-02
9.865510463714599609e-02
1.000108495354652405e-01
9.127823263406753540e-02
9.030527621507644653e-02
9.560988098382949829e-02
9.236704558134078979e-02
8.966041356325149536e-02
9.505530446767807007e-02
9.035959094762802124e-02
9.307820349931716919e-02
9.602396935224533081e-02
9.086134284734725952e-02
8.937910199165344238e-02
9.530665725469589233e-02
9.256259351968765259e-02
9.513851255178451538e-02
9.394750744104385376e-02
9.274041652679443359e-02
9.518513083457946777e-02
8.934109658002853394e-02
8.798857778310775757e-02
9.113935381174087524e-02
9.205160290002822876e-02
8.855354785919189453e-02
9.147039800882339478e-02
8.844760060310363770e-02
9.137678146362304688e-02
8.774397522211074829e-02
9.752061963081359863e-02
9.031083434820175171e-02
9.540031105279922485e-02
8.720149844884872437e-02
9.390407055616378784e-02
8.632657676935195923e-02
9.644953161478042603e-02
9.375523775815963745e-02
8.925724029541015625e-02
9.167486429214477539e-02
9.259176999330520630e-02
9.150224179029464722e-02
8.746863156557083130e-02
9.285508841276168823e-02
8.403941243886947632e-02
8.638925105333328247e-02
9.603346139192581177e-02
9.679269790649414062e-02
9.841371327638626099e-02
9.187374264001846313e-02
9.245779365301132202e-02
1.094061061739921570e-01
9.718678146600723267e-02
9.061169624328613281e-02
9.547498077154159546e-02
9.260708093643188477e-02
9.972257167100906372e-02
1.008894219994544983e-01
8.675491809844970703e-02
8.788287639617919922e-02
8.794378489255905151e-02
9.256267547607421875e-02
9.303504228591918945e-02
9.270355850458145142e-02
1.035400629043579102e-01
9.853995591402053833e-02
9.453955292701721191e-02
9.914507716894149780e-02
9.030199050903320312e-02
9.222712367773056030e-02
8.914786577224731445e-02
9.417002648115158081e-02
9.442710876464843750e-02
9.439525753259658813e-02
9.285400062799453735e-02
9.346321970224380493e-02
9.469536691904067993e-02
1.055807992815971375e-01
8.655478805303573608e-02
9.193026274442672729e-02
9.324896335601806641e-02
9.138082712888717651e-02
9.619628638029098511e-02
8.561443537473678589e-02
9.106853604316711426e-02
9.396296739578247070e-02
9.111929684877395630e-02
8.969851583242416382e-02
8.851367980241775513e-02
8.752158284187316895e-02
9.415835142135620117e-02
9.267693758010864258e-02
9.559724479913711548e-02
9.687832742929458618e-02
9.196311980485916138e-02
1.012791767716407776e-01
1.070417538285255432e-01
9.242934733629226685e-02
9.977361559867858887e-02
1.005705967545509338e-01
8.999162912368774414e-02
9.303588420152664185e-02
9.410033375024795532e-02
9.686908870935440063e-02
8.785142749547958374e-02
9.355578571557998657e-02
8.821607381105422974e-02
9.043931961059570312e-02
9.522857517004013062e-02
9.746559709310531616e-02
9.549618512392044067e-02
9.597585350275039673e-02
8.977252990007400513e-02
9.794818609952926636e-02
9.101289510726928711e-02
8.952937275171279907e-02
8.844383805990219116e-02
9.075544029474258423e-02
9.250539541244506836e-02
9.860744327306747437e-02
9.750301390886306763e-02
9.727418422698974609e-02
8.783891797065734863e-02
9.815707057714462280e-02
9.597788006067276001e-02
1.065106391906738281e-01
9.455609321594238281e-02
1.034537926316261292e-01
8.530104905366897583e-02
9.960451722145080566e-02
9.477598220109939575e-02
9.663522243499755859e-02
9.360259771347045898e-02
8.878754824399948120e-02
9.573111683130264282e-02
9.417543560266494751e-02
9.481874853372573853e-02
1.013562679290771484e-01
9.031274169683456421e-02
9.236048907041549683e-02
9.066724032163619995e-02
8.659437298774719238e-02
9.112673997879028320e-02
9.863957017660140991e-02
9.794482588768005371e-02
9.024465084075927734e-02
9.455901384353637695e-02
8.790689706802368164e-02
9.392704814672470093e-02
9.539609402418136597e-02
9.368904680013656616e-02
1.064372286200523376e-01
8.636846393346786499e-02
8.462294191122055054e-02
9.697526693344116211e-02
1.005701795220375061e-01
9.189047664403915405e-02
8.633803576231002808e-02
9.222128242254257202e-02
8.994851261377334595e-02
9.586695581674575806e-02
9.105903655290603638e-02
8.939954638481140137e-02
8.926439285278320312e-02
9.593236446380615234e-02
9.510335326194763184e-02
9.658822417259216309e-02
9.704583883285522461e-02
9.128751605749130249e-02
1.041839942336082458e-01
9.625461697578430176e-02
9.444212913513183594e-02
9.581535309553146362e-02
9.506795555353164673e-02
9.485015273094177246e-02
9.248697757720947266e-02
8.740463107824325562e-02
9.654424339532852173e-02
9.385690093040466309e-02
9.697393327951431274e-02
9.492966532707214355e-02
9.883215278387069702e-02
9.551253169775009155e-02
9.563887864351272583e-02
9.445133805274963379e-02
8.981162309646606445e-02
1.020136177539825439e-01
9.237385541200637817e-02
1.027184501290321350e-01
8.806834369897842407e-02
9.498823434114456177e-02
9.753269702196121216e-02
9.412237256765365601e-02
9.474004060029983521e-02
8.687663078308105469e-02
9.471318870782852173e-02
9.356995671987533569e-02
9.332691878080368042e-02
8.695600181818008423e-02
9.304347634315490723e-02
9.733452647924423218e-02
9.304841607809066772e-02
9.289285540580749512e-02
9.661218523979187012e-02
1.014038324356079102e-01
8.860445767641067505e-02
9.430079907178878784e-02
9.657621383666992188e-02
1.004489138722419739e-01
9.022132307291030884e-02
8.746615797281265259e-02
9.219964593648910522e-02
9.881854802370071411e-02
9.689718484878540039e-02
9.251455217599868774e-02
9.163711220026016235e-02
9.256583452224731445e-02
9.034103900194168091e-02
8.805298805236816406e-02
9.425994753837585449e-02
9.862402081489562988e-02
9.740050882101058960e-02
9.327631443738937378e-02
9.017667174339294434e-02
9.731620550155639648e-02
9.451311081647872925e-02
9.158450365066528320e-02
9.827681630849838257e-02
8.719245344400405884e-02
9.826656430959701538e-02
9.235537052154541016e-02
9.588626772165298462e-02
9.347757697105407715e-02
8.865073323249816895e-02
1.145710349082946777e-01
9.545411914587020874e-02
9.337236732244491577e-02
1.011127531528472900e-01
9.528073668479919434e-02
8.644697815179824829e-02
8.768085390329360962e-02
8.993178606033325195e-02
9.165450185537338257e-02
9.329590946435928345e-02
9.792572259902954102e-02
9.611812233924865723e-02
1.076590791344642639e-01
9.349298477172851562e-02
9.880182147026062012e-02
8.817098289728164673e-02
9.538944810628890991e-02
8.967977762222290039e-02
9.568434953689575195e-02
9.901312738656997681e-02
9.942727535963058472e-02
9.787970781326293945e-02
9.752777963876724243e-02
9.247220307588577271e-02
9.499479085206985474e-02
9.039529412984848022e-02
8.986758440732955933e-02
1.155304089188575745e-01
9.717763215303421021e-02
9.369340538978576660e-02
8.701479434967041016e-02
9.193577617406845093e-02
9.261960536241531372e-02
9.418872743844985962e-02
8.677358180284500122e-02
9.403993934392929077e-02
9.088163822889328003e-02
9.057354927062988281e-02
9.029867500066757202e-02
9.385052323341369629e-02
8.689864724874496460e-02
8.978641778230667114e-02
9.546697139739990234e-02
1.041328608989715576e-01
8.842016011476516724e-02
9.004754573106765747e-02
9.286589175462722778e-02
9.280807524919509888e-02
9.798911958932876587e-02
9.497075527906417847e-02
9.291059523820877075e-02
9.468147903680801392e-02
9.039024263620376587e-02
9.271800518035888672e-02
9.165648370981216431e-02
8.665736764669418335e-02
8.710929006338119507e-02
9.307938814163208008e-02
9.170833975076675415e-02
1.022316589951515198e-01
8.857952803373336792e-02
1.131494715809822083e-01
1.039010658860206604e-01
9.003765136003494263e-02
9.454106539487838745e-02
9.889844805002212524e-02
9.043406695127487183e-02
9.112774580717086792e-02
1.085355356335639954e-01
9.287645667791366577e-02
9.319386631250381470e-02
9.401180595159530640e-02
9.413418173789978027e-02
8.431614190340042114e-02
1.095781922340393066e-01
9.030018001794815063e-02
1.011073589324951172e-01
9.165617078542709351e-02
9.623196721076965332e-02
9.850376844406127930e-02
9.168940782546997070e-02
9.580389410257339478e-02
8.978316932916641235e-02
9.898709505796432495e-02
9.449432045221328735e-02
8.991340547800064087e-02
1.033496856689453125e-01
9.233222156763076782e-02
9.361197799444198608e-02
9.843114763498306274e-02
8.931598812341690063e-02
8.779149502515792847e-02
8.742836117744445801e-02
9.390544146299362183e-02
9.250569343566894531e-02
8.872210979461669922e-02
9.270433336496353149e-02
9.251699596643447876e-02
9.387289732694625854e-02
9.443099051713943481e-02
9.368461370468139648e-02
9.655769914388656616e-02
9.524974226951599121e-02
8.872722834348678589e-02
9.104231745004653931e-02
9.352669119834899902e-02
8.723021298646926880e-02
9.248457103967666626e-02
9.535279124975204468e-02
9.360131621360778809e-02
8.966269344091415405e-02
1.169430315494537354e-01
9.200008958578109741e-02
9.110528975725173950e-02
9.032047539949417114e-02
9.010642766952514648e-02
9.808791428804397583e-02
9.532955288887023926e-02
9.744173288345336914e-02
9.707995504140853882e-02
8.403843641281127930e-02
9.764123708009719849e-02
9.443620592355728149e-02
9.294969588518142700e-02
9.533735364675521851e-02
9.487586468458175659e-02
9.454216808080673218e-02
9.450417757034301758e-02
9.542381763458251953e-02
8.999890834093093872e-02
9.079235047101974487e-02
9.418327361345291138e-02
8.881703764200210571e-02
9.838018566370010376e-02
9.175059199333190918e-02
9.015432000160217285e-02
9.531259536743164062e-02
1.017857193946838379e-01
9.024415165185928345e-02
8.946763724088668823e-02
8.745528012514114380e-02
9.479439258575439453e-02
9.212943166494369507e-02
9.513252228498458862e-02
9.919943660497665405e-02
1.175346300005912781e-01
9.217884391546249390e-02
1.006780862808227539e-01
8.503031730651855469e-02
9.511643648147583008e-02
8.348842710256576538e-02
8.857329934835433960e-02
9.201431274414062500e-02
8.719269186258316040e-02
8.517601341009140015e-02
9.043350815773010254e-02
8.809188008308410645e-02
9.341198205947875977e-02
1.033590808510780334e-01
8.933176845312118530e-02
9.462159126996994019e-02
1.021912470459938049e-01
8.537103980779647827e-02
9.214371442794799805e-02
9.632464498281478882e-02
9.083709120750427246e-02
9.344154596328735352e-02
1.101998463273048401e-01
9.418886899948120117e-02
9.099882841110229492e-02
9.378214925527572632e-02
9.176644682884216309e-02
1.016524732112884521e-01
9.105813503265380859e-02
9.649226814508438110e-02
9.646681696176528931e-02
9.431663900613784790e-02
9.223552793264389038e-02
9.317779541015625000e-02
9.113097190856933594e-02
9.043846279382705688e-02
9.780346602201461792e-02
1.002396270632743835e-01
1.046680510044097900e-01
9.088102728128433228e-02
9.251568466424942017e-02
9.280651062726974487e-02
9.186970442533493042e-02
9.312921017408370972e-02
9.741935878992080688e-02
9.258236736059188843e-02
8.793997019529342651e-02
9.625872969627380371e-02
8.793180435895919800e-02
9.410822391510009766e-02
9.408345073461532593e-02
9.644475579261779785e-02
9.480449557304382324e-02
9.663810580968856812e-02
8.946771174669265747e-02
9.169620275497436523e-02
9.152174741029739380e-02
9.070155024528503418e-02
9.095250815153121948e-02
8.926551789045333862e-02
1.073360219597816467e-01
1.010742858052253723e-01
1.023004651069641113e-01
9.055172652006149292e-02
9.235906600952148438e-02
9.434694051742553711e-02
9.065064042806625366e-02
9.079999476671218872e-02
8.864805847406387329e-02
9.521528333425521851e-02
9.133837372064590454e-02
9.582474827766418457e-02
9.619875997304916382e-02
1.011547818779945374e-01
8.692470937967300415e-02
9.462487697601318359e-02
9.370568394660949707e-02
9.580016136169433594e-02
9.763550758361816406e-02
1.017177477478981018e-01
9.459915757179260254e-02
8.818212151527404785e-02
9.146690368652343750e-02
9.279248118400573730e-02
9.390366077423095703e-02
8.192690461874008179e-02
9.458453208208084106e-02
9.360869973897933960e-02
9.926021844148635864e-02
9.723057597875595093e-02
9.318984299898147583e-02
9.086287021636962891e-02
9.608555585145950317e-02
9.296750277280807495e-02
9.406754374504089355e-02
9.248258918523788452e-02
9.471476078033447266e-02
9.173611551523208618e-02
9.603813290596008301e-02
9.738037735223770142e-02
1.003518775105476379e-01
9.238871932029724121e-02
9.063371270895004272e-02
9.997227042913436890e-02
9.233710914850234985e-02
8.989027887582778931e-02
9.181497246026992798e-02
9.695776551961898804e-02
8.860457688570022583e-02
9.304823726415634155e-02
9.594548493623733521e-02
9.228357672691345215e-02
8.652905374765396118e-02
9.099891781806945801e-02
8.658316731452941895e-02
1.007998585700988770e-01
1.023689508438110352e-01
9.552567452192306519e-02
9.445559978485107422e-02
8.812758326530456543e-02
8.865632861852645874e-02
8.890082687139511108e-02
9.287401288747787476e-02
9.529277682304382324e-02
8.580598980188369751e-02
9.397723525762557983e-02
9.824407845735549927e-02
9.673843532800674438e-02
1.055996417999267578e-01
8.741679787635803223e-02
9.238234907388687134e-02
9.501933306455612183e-02
9.297138452529907227e-02
9.488127380609512329e-02
9.905352443456649780e-02
9.540136903524398804e-02
9.033930301666259766e-02
8.590031415224075317e-02
9.356053918600082397e-02
9.140845388174057007e-02
9.446499496698379517e-02
8.941728621721267700e-02
9.730652719736099243e-02
8.909466862678527832e-02
8.966060727834701538e-02
8.963171392679214478e-02
9.162008017301559448e-02
8.704002946615219116e-02
9.085748344659805298e-02
9.092763811349868774e-02
9.236329793930053711e-02
9.406866878271102905e-02
8.712702989578247070e-02
8.628442138433456421e-02
9.238494187593460083e-02
8.915419131517410278e-02
8.753123134374618530e-02
8.580872416496276855e-02
8.965924382209777832e-02
9.662795066833496094e-02
9.513645619153976440e-02
9.321860224008560181e-02
9.674224257469177246e-02
8.513238281011581421e-02
9.174481779336929321e-02
9.769130498170852661e-02
8.904854208230972290e-02
9.870982170104980469e-02
9.115165472030639648e-02
9.435973316431045532e-02
9.423688799142837524e-02
9.188586473464965820e-02
8.703628927469253540e-02
9.821516275405883789e-02
9.690139442682266235e-02
9.415753930807113647e-02
1.066377460956573486e-01
8.960511535406112671e-02
9.013646095991134644e-02
8.932567387819290161e-02
1.055782809853553772e-01
9.343383461236953735e-02
9.432700276374816895e-02
9.580741077661514282e-02
8.864849805831909180e-02
9.359190613031387329e-02
9.011477231979370117e-02
9.018057584762573242e-02
9.292738884687423706e-02
9.397224336862564087e-02
8.522791415452957153e-02
8.935642987489700317e-02
9.497157484292984009e-02
8.928713947534561157e-02
9.499741345643997192e-02
9.029885381460189819e-02
9.580186754465103149e-02
8.686351031064987183e-02
9.586316347122192383e-02
8.966774493455886841e-02
8.599358052015304565e-02
8.896549791097640991e-02
8.771845698356628418e-02
9.003940224647521973e-02
9.476572275161743164e-02
9.669321775436401367e-02
8.724821358919143677e-02
9.507987648248672485e-02
9.458260983228683472e-02
9.289062768220901489e-02
9.188386052846908569e-02
9.072148799896240234e-02
8.956690877676010132e-02
9.360230714082717896e-02
9.684332460165023804e-02
9.721422195434570312e-02
9.340026229619979858e-02
9.313488006591796875e-02
9.271114319562911987e-02
8.528225868940353394e-02
9.397482126951217651e-02
8.871179074048995972e-02
9.321366995573043823e-02
8.905488997697830200e-02
8.921726793050765991e-02
9.275086969137191772e-02
8.961809426546096802e-02
9.827969223260879517e-02
9.917864203453063965e-02
9.115099906921386719e-02
9.101619571447372437e-02
8.962953835725784302e-02
9.228276461362838745e-02
8.550747483968734741e-02
9.406939893960952759e-02
9.179845452308654785e-02
9.279662370681762695e-02
9.337840229272842407e-02
9.225425869226455688e-02
9.101226180791854858e-02
9.376294165849685669e-02
8.957663923501968384e-02
8.606550842523574829e-02
8.883839845657348633e-02
9.089509397745132446e-02
9.032180160284042358e-02
9.935582429170608521e-02
9.428075700998306274e-02
9.061277657747268677e-02
9.595829248428344727e-02
9.230182319879531860e-02
9.319513291120529175e-02
9.255006164312362671e-02
9.733492136001586914e-02
8.967292308807373047e-02
8.995994925498962402e-02
8.981838822364807129e-02
9.331331402063369751e-02
9.108307957649230957e-02
9.573367983102798462e-02
8.694360405206680298e-02
9.510476142168045044e-02
8.738908171653747559e-02
1.050433740019798279e-01
9.461331367492675781e-02
8.407964557409286499e-02
9.605693817138671875e-02
9.533552080392837524e-02
8.525706082582473755e-02
9.218681603670120239e-02
9.551775455474853516e-02
8.992537111043930054e-02
9.235306829214096069e-02
9.699314832687377930e-02
9.472341090440750122e-02
9.011236578226089478e-02
9.124266356229782104e-02
8.534869551658630371e-02
9.455867856740951538e-02
1.006896570324897766e-01
9.757579118013381958e-02
9.142658859491348267e-02
9.743527323007583618e-02
1.030667051672935486e-01
9.752867370843887329e-02
9.308922290802001953e-02
8.871505409479141235e-02
9.411237388849258423e-02
9.080203622579574585e-02
9.630816429853439331e-02
9.699493646621704102e-02
8.944887667894363403e-02
8.801008015871047974e-02
8.896093815565109253e-02
1.039495468139648438e-01
9.540996700525283813e-02
9.226712584495544434e-02
8.613052219152450562e-02
9.545735269784927368e-02
9.102826565504074097e-02
8.696398884057998657e-02
9.347584843635559082e-02
8.560518175363540649e-02
1.035192608833312988e-01
9.869971871376037598e-02
8.783517032861709595e-02
9.081306308507919312e-02
9.199187904596328735e-02
9.318965673446655273e-02
8.985046297311782837e-02
1.008755266666412354e-01
9.191068261861801147e-02
1.022718474268913269e-01
9.159564226865768433e-02
8.931306004524230957e-02
9.567511081695556641e-02
9.581238031387329102e-02
9.512764960527420044e-02
9.560263156890869141e-02
9.178555011749267578e-02
9.368716925382614136e-02
9.382437914609909058e-02
9.420643001794815063e-02
9.243475645780563354e-02
8.950424939393997192e-02
1.197162047028541565e-01
9.149929136037826538e-02
9.478163719177246094e-02
9.069017320871353149e-02
9.357798844575881958e-02
9.217840433120727539e-02
9.412468224763870239e-02
9.496995061635971069e-02
8.959230035543441772e-02
9.543251991271972656e-02
8.955380320549011230e-02
9.327406436204910278e-02
9.040073305368423462e-02
9.520757198333740234e-02
8.749244362115859985e-02
8.881974965333938599e-02
9.775217622518539429e-02
1.279410123825073242e-01
9.503293037414550781e-02
8.991700410842895508e-02
9.090397506952285767e-02
9.877759963274002075e-02
8.986429125070571899e-02
9.689938277006149292e-02
8.919826894998550415e-02
9.088495373725891113e-02
9.241919964551925659e-02
9.076031297445297241e-02
9.141568094491958618e-02
9.916370362043380737e-02
9.572109580039978027e-02
9.311699122190475464e-02
9.314412623643875122e-02
9.188357740640640259e-02
9.522745758295059204e-02
8.931570500135421753e-02
9.163814783096313477e-02
8.996292948722839355e-02
9.622647613286972046e-02
9.625754505395889282e-02
8.943118900060653687e-02
1.006686687469482422e-01
8.724975585937500000e-02
9.215745329856872559e-02
1.040628179907798767e-01
8.543016761541366577e-02
9.451601654291152954e-02
8.732720464468002319e-02
8.899951726198196411e-02
9.364915639162063599e-02
8.980912715196609497e-02
8.837482333183288574e-02
8.852779865264892578e-02
8.707068115472793579e-02
9.390148520469665527e-02
9.205907583236694336e-02
9.240514785051345825e-02
1.007421240210533142e-01
8.572411537170410156e-02
9.863265603780746460e-02
9.628295153379440308e-02
9.454396367073059082e-02
9.722363948822021484e-02
9.868139773607254028e-02
8.843836933374404907e-02
9.232410788536071777e-02
9.433130174875259399e-02
9.593643993139266968e-02
9.308179467916488647e-02
9.569283574819564819e-02
9.565048664808273315e-02
8.991482853889465332e-02
8.731773495674133301e-02
9.488043189048767090e-02
9.033574908971786499e-02
9.187883883714675903e-02
9.177380800247192383e-02
8.856972306966781616e-02
9.138825535774230957e-02
9.309043735265731812e-02
9.536883980035781860e-02
9.457356482744216919e-02
9.076537936925888062e-02
9.368783235549926758e-02
9.243977814912796021e-02
9.138211607933044434e-02
9.920725226402282715e-02
9.667824953794479370e-02
1.005430296063423157e-01
9.320113062858581543e-02
1.030856668949127197e-01
9.758991003036499023e-02
9.318868070840835571e-02
9.575866907835006714e-02
1.109926328063011169e-01
1.028398647904396057e-01
9.211140871047973633e-02
8.817263692617416382e-02
9.335101395845413208e-02
9.362860769033432007e-02
9.247494488954544067e-02
9.620391577482223511e-02
9.443060308694839478e-02
9.710278362035751343e-02
9.472206979990005493e-02
9.115960448980331421e-02
9.195656329393386841e-02
9.296328574419021606e-02
9.149035066366195679e-02
9.179300069808959961e-02
8.702606707811355591e-02
9.479286521673202515e-02
1.004299223423004150e-01
9.116402268409729004e-02
9.508777409791946411e-02
9.678608924150466919e-02
9.380950778722763062e-02
1.003718376159667969e-01
8.734464645385742188e-02
8.851116895675659180e-02
8.894910663366317749e-02
9.355283528566360474e-02
9.068432450294494629e-02
9.250275045633316040e-02
9.551233053207397461e-02
8.808719366788864136e-02
9.331800788640975952e-02
9.104489535093307495e-02
9.269329905509948730e-02
9.220376610755920410e-02
8.867427706718444824e-02
8.695200830698013306e-02
9.155195206403732300e-02
8.682569116353988647e-02
8.947813510894775391e-02
9.880136698484420776e-02
9.022033959627151489e-02
9.268930554389953613e-02
9.112677723169326782e-02
9.300639480352401733e-02
9.112992137670516968e-02
9.492618590593338013e-02
9.042769670486450195e-02
9.523270279169082642e-02
9.302085638046264648e-02
9.292774647474288940e-02
1.006504520773887634e-01
9.332495182752609253e-02
9.375054389238357544e-02
9.744835644960403442e-02
8.770624548196792603e-02
9.593278914690017700e-02
9.069231152534484863e-02
9.007310867309570312e-02
8.505794405937194824e-02
9.560847282409667969e-02
9.857398271560668945e-02
9.473937749862670898e-02
8.790680021047592163e-02
1.002473309636116028e-01
1.009165048599243164e-01
9.231557697057723999e-02
9.222767502069473267e-02
1.011061966419219971e-01
9.076245874166488647e-02
8.854964375495910645e-02
8.803800493478775024e-02
1.027906909584999084e-01
8.727764338254928589e-02
8.957124501466751099e-02
9.186468273401260376e-02
9.381556510925292969e-02
9.437575191259384155e-02
9.451957792043685913e-02
9.500086307525634766e-02
9.052527695894241333e-02
8.931785821914672852e-02
9.047620743513107300e-02
8.963125199079513550e-02
9.166652709245681763e-02
1.106524243950843811e-01
9.204239398241043091e-02
8.711390942335128784e-02
1.048706546425819397e-01
9.566450119018554688e-02
9.161149710416793823e-02
9.885442256927490234e-02
9.739463776350021362e-02
8.960124105215072632e-02
9.504678845405578613e-02
9.410839527845382690e-02
1.070337593555450439e-01
9.672097116708755493e-02
9.928070753812789917e-02
9.271065145730972290e-02
9.283763915300369263e-02
9.199867397546768188e-02
9.121605753898620605e-02
9.125611931085586548e-02
