2.808831632137298584e-01
3.421494066715240479e-01
1.903106570243835449e-01
4.305242598056793213e-01
4.055519104003906250e-01
4.886015355587005615e-01
4.570748805999755859e-01
5.246180295944213867e-01
4.751659333705902100e-01
3.861429989337921143e-01
3.868983983993530273e-01
3.963075578212738037e-01
5.188149809837341309e-01
4.934503734111785889e-01
3.456861674785614014e-01
4.367267191410064697e-01
4.943970143795013428e-01
4.062155783176422119e-01
3.881926536560058594e-01
4.267739355564117432e-01
3.837844431400299072e-01
4.001061618328094482e-01
3.914700448513031006e-01
3.976562023162841797e-01
3.891442716121673584e-01
3.123863637447357178e-01
3.356204032897949219e-01
2.794894576072692871e-01
2.931756377220153809e-01
3.620334565639495850e-01
4.212625920772552490e-01
3.291369378566741943e-01
3.360482454299926758e-01
4.003710746765136719e-01
3.348909318447113037e-01
6.443199515342712402e-01
3.497497141361236572e-01
4.387257397174835205e-01
4.548563063144683838e-01
2.777923047542572021e-01
5.011563897132873535e-01
2.519021332263946533e-01
4.105447232723236084e-01
3.663440644741058350e-01
3.875755071640014648e-01
2.464209794998168945e-01
2.843001186847686768e-01
4.019877910614013672e-01
3.825765550136566162e-01
3.099375069141387939e-01
2.973759472370147705e-01
3.161853551864624023e-01
2.723547220230102539e-01
3.289196491241455078e-01
3.378942906856536865e-01
2.893115580081939697e-01
4.570753276348114014e-01
3.388479650020599365e-01
3.012121319770812988e-01
3.150921761989593506e-01
4.240895807743072510e-01
3.721953332424163818e-01
3.239089548587799072e-01
2.689659893512725830e-01
3.825875222682952881e-01
4.990124404430389404e-01
2.351320981979370117e-01
2.779550254344940186e-01
2.720651030540466309e-01
2.127280235290527344e-01
3.424614369869232178e-01
3.717576563358306885e-01
3.352721631526947021e-01
2.372156232595443726e-01
2.777661085128784180e-01
2.056142091751098633e-01
2.127205282449722290e-01
3.667317926883697510e-01
2.820430696010589600e-01
2.718143165111541748e-01
3.491002321243286133e-01
2.950374484062194824e-01
3.834280967712402344e-01
3.184401690959930420e-01
2.711007297039031982e-01
2.617720663547515869e-01
2.822186052799224854e-01
4.321048557758331299e-01
2.558785378932952881e-01
2.536259591579437256e-01
2.901610434055328369e-01
3.536286354064941406e-01
2.054279297590255737e-01
4.658637046813964844e-01
6.962811946868896484e-01
3.091568052768707275e-01
3.340961933135986328e-01
3.325252830982208252e-01
2.880818843841552734e-01
4.169112443923950195e-01
2.204825133085250854e-01
4.606036245822906494e-01
3.480159342288970947e-01
3.138157129287719727e-01
2.893727123737335205e-01
3.012143671512603760e-01
4.874008595943450928e-01
3.853160142898559570e-01
2.481190562248229980e-01
2.193687707185745239e-01
2.377675324678421021e-01
4.348334372043609619e-01
3.135302364826202393e-01
2.722369730472564697e-01
3.430581986904144287e-01
4.148248732089996338e-01
3.073756396770477295e-01
2.218928784132003784e-01
3.963098526000976562e-01
2.384647876024246216e-01
4.084217846393585205e-01
3.126314282417297363e-01
3.074105679988861084e-01
3.689171075820922852e-01
2.754760086536407471e-01
4.499064385890960693e-01
2.993163466453552246e-01
2.850353419780731201e-01
3.561590611934661865e-01
3.380166292190551758e-01
2.269578725099563599e-01
4.660679399967193604e-01
2.509103417396545410e-01
3.690523207187652588e-01
3.844865262508392334e-01
2.644098401069641113e-01
3.028914034366607666e-01
2.084029316902160645e-01
2.492450475692749023e-01
4.634968936443328857e-01
3.702865540981292725e-01
2.497396469116210938e-01
2.905946671962738037e-01
2.328957766294479370e-01
2.769468128681182861e-01
2.512403428554534912e-01
2.948816120624542236e-01
2.988435626029968262e-01
2.993779480457305908e-01
2.774153649806976318e-01
2.721987068653106689e-01
2.198157310485839844e-01
4.404060840606689453e-01
3.136847913265228271e-01
1.791151165962219238e-01
2.479401379823684692e-01
2.904752790927886963e-01
2.556185424327850342e-01
4.454171359539031982e-01
2.171105593442916870e-01
4.476188421249389648e-01
2.654550969600677490e-01
2.460609227418899536e-01
2.355793118476867676e-01
3.841557502746582031e-01
2.970699071884155273e-01
2.898254394531250000e-01
2.934819757938385010e-01
2.893561124801635742e-01
4.284113645553588867e-01
4.195576012134552002e-01
2.126046866178512573e-01
2.625780999660491943e-01
6.080794334411621094e-01
2.442729026079177856e-01
2.334474325180053711e-01
3.156642019748687744e-01
2.927775681018829346e-01
6.327068209648132324e-01
2.725516557693481445e-01
2.976573109626770020e-01
3.112506568431854248e-01
2.705461680889129639e-01
2.662019729614257812e-01
2.377707958221435547e-01
2.627689242362976074e-01
2.828517556190490723e-01
2.086575776338577271e-01
2.886060476303100586e-01
2.203722596168518066e-01
2.925156354904174805e-01
4.923905432224273682e-01
2.498332411050796509e-01
2.688890397548675537e-01
2.316667586565017700e-01
2.540100812911987305e-01
4.841320216655731201e-01
2.564778923988342285e-01
2.608406543731689453e-01
1.818429380655288696e-01
2.940653562545776367e-01
4.919529855251312256e-01
2.120994478464126587e-01
2.688716351985931396e-01
2.601477503776550293e-01
2.401914149522781372e-01
3.371427357196807861e-01
4.091091156005859375e-01
1.976227015256881714e-01
2.610281407833099365e-01
1.761290282011032104e-01
2.673866450786590576e-01
2.038483023643493652e-01
3.515735566616058350e-01
2.710716724395751953e-01
1.992437094449996948e-01
3.292945921421051025e-01
3.568105399608612061e-01
2.735617458820343018e-01
2.722164392471313477e-01
2.805823981761932373e-01
3.073308467864990234e-01
3.672455847263336182e-01
2.261074185371398926e-01
2.320863008499145508e-01
2.449768334627151489e-01
3.155538141727447510e-01
3.394222557544708252e-01
3.729768693447113037e-01
2.083138674497604370e-01
3.243456184864044189e-01
2.846759259700775146e-01
2.969843447208404541e-01
3.166029453277587891e-01
2.760271728038787842e-01
2.234402149915695190e-01
3.271197974681854248e-01
3.279505670070648193e-01
6.300424337387084961e-01
2.961222827434539795e-01
3.119171559810638428e-01
5.121192932128906250e-01
2.308575659990310669e-01
2.765536904335021973e-01
2.250444442033767700e-01
3.437058925628662109e-01
2.092923671007156372e-01
2.854665219783782959e-01
2.083800584077835083e-01
1.755840629339218140e-01
2.320384383201599121e-01
2.938475012779235840e-01
3.609668314456939697e-01
3.450619876384735107e-01
3.402728140354156494e-01
3.110035955905914307e-01
2.826813459396362305e-01
1.906687021255493164e-01
2.320045679807662964e-01
2.661921679973602295e-01
2.532483637332916260e-01
2.793461978435516357e-01
2.589914500713348389e-01
3.516502082347869873e-01
3.525116741657257080e-01
3.848737180233001709e-01
2.281554490327835083e-01
2.209571450948715210e-01
3.514127731323242188e-01
1.844769567251205444e-01
2.317922115325927734e-01
1.890146285295486450e-01
3.010286092758178711e-01
3.653600513935089111e-01
2.371437102556228638e-01
2.383516579866409302e-01
2.773627936840057373e-01
2.227884978055953979e-01
2.434472441673278809e-01
3.737985193729400635e-01
2.485439032316207886e-01
2.369916290044784546e-01
3.463651239871978760e-01
3.979740142822265625e-01
2.627785503864288330e-01
2.456049919128417969e-01
2.716822326183319092e-01
5.164569020271301270e-01
2.198139429092407227e-01
5.026577115058898926e-01
2.328532934188842773e-01
2.493200153112411499e-01
3.366108834743499756e-01
2.299634665250778198e-01
2.006714791059494019e-01
2.634347677230834961e-01
3.435858190059661865e-01
2.689097821712493896e-01
2.544615268707275391e-01
2.702970802783966064e-01
2.434464246034622192e-01
2.253996133804321289e-01
2.972393333911895752e-01
2.606794536113739014e-01
3.039416372776031494e-01
2.341947704553604126e-01
3.327538669109344482e-01
2.937359511852264404e-01
2.405688762664794922e-01
3.080213367938995361e-01
2.222401648759841919e-01
2.879548370838165283e-01
3.251587450504302979e-01
2.578693628311157227e-01
1.976450681686401367e-01
3.001728355884552002e-01
3.030790090560913086e-01
2.561925351619720459e-01
2.823365032672882080e-01
2.322451621294021606e-01
4.499332904815673828e-01
2.279288321733474731e-01
2.498078793287277222e-01
2.250674813985824585e-01
3.430124223232269287e-01
3.963614702224731445e-01
2.479257732629776001e-01
2.619756758213043213e-01
2.358356267213821411e-01
3.608288764953613281e-01
3.852926194667816162e-01
3.489100039005279541e-01
2.207884788513183594e-01
2.611994445323944092e-01
3.383874893188476562e-01
2.504426538944244385e-01
3.260217905044555664e-01
1.826093643903732300e-01
2.129630446434020996e-01
2.487832307815551758e-01
2.596721947193145752e-01
2.418603748083114624e-01
2.160525768995285034e-01
2.827112674713134766e-01
4.103612899780273438e-01
2.828288674354553223e-01
3.101330697536468506e-01
3.073697984218597412e-01
3.737826049327850342e-01
2.621699273586273193e-01
2.462882846593856812e-01
2.429551631212234497e-01
2.282411456108093262e-01
3.641601800918579102e-01
6.048406362533569336e-01
2.631424069404602051e-01
2.679170072078704834e-01
2.782356739044189453e-01
2.378460019826889038e-01
3.958270549774169922e-01
3.046279847621917725e-01
2.214165180921554565e-01
2.801621258258819580e-01
1.831626147031784058e-01
4.315223693847656250e-01
2.065887004137039185e-01
3.463416099548339844e-01
3.003738820552825928e-01
2.072700262069702148e-01
2.677750885486602783e-01
4.144941866397857666e-01
1.787283420562744141e-01
2.478217631578445435e-01
2.225291281938552856e-01
1.920096427202224731e-01
2.378948479890823364e-01
3.237045109272003174e-01
2.934003174304962158e-01
2.153436392545700073e-01
2.085953205823898315e-01
2.618356645107269287e-01
2.923215329647064209e-01
2.239930629730224609e-01
2.418874949216842651e-01
3.465375006198883057e-01
3.024328351020812988e-01
3.385963141918182373e-01
2.543913424015045166e-01
2.292987853288650513e-01
1.794561892747879028e-01
3.417659699916839600e-01
3.238906562328338623e-01
4.776965081691741943e-01
2.030780315399169922e-01
2.941162288188934326e-01
2.201694697141647339e-01
3.683286905288696289e-01
2.616138160228729248e-01
2.156803607940673828e-01
1.981010288000106812e-01
2.720880210399627686e-01
2.832808792591094971e-01
2.082810997962951660e-01
3.830807209014892578e-01
1.901459246873855591e-01
2.291178703308105469e-01
2.161396890878677368e-01
5.210347771644592285e-01
2.822825610637664795e-01
1.924313157796859741e-01
2.130687683820724487e-01
1.916615515947341919e-01
2.112768143415451050e-01
2.183861136436462402e-01
2.144698649644851685e-01
2.742200791835784912e-01
3.205165863037109375e-01
3.511960506439208984e-01
5.032687783241271973e-01
3.557666242122650146e-01
2.341564893722534180e-01
1.725370287895202637e-01
2.572499215602874756e-01
2.941975295543670654e-01
2.373530417680740356e-01
1.919387727975845337e-01
2.599834501743316650e-01
3.286401033401489258e-01
2.775336802005767822e-01
2.848656177520751953e-01
3.199328482151031494e-01
2.205304950475692749e-01
3.549005985260009766e-01
2.807807028293609619e-01
6.086158752441406250e-01
2.533766329288482666e-01
2.173171043395996094e-01
2.834698855876922607e-01
2.421243190765380859e-01
2.471197396516799927e-01
2.484992891550064087e-01
1.935805529356002808e-01
2.289223670959472656e-01
2.140371650457382202e-01
1.972449570894241333e-01
2.567297816276550293e-01
2.843728363513946533e-01
2.247572541236877441e-01
3.147472143173217773e-01
2.679248750209808350e-01
2.257789373397827148e-01
2.622139155864715576e-01
1.778520792722702026e-01
2.374508827924728394e-01
2.780321836471557617e-01
2.000926584005355835e-01
3.174103200435638428e-01
2.252713590860366821e-01
3.574182093143463135e-01
2.962559759616851807e-01
1.925832480192184448e-01
2.730641067028045654e-01
3.595570325851440430e-01
3.581734895706176758e-01
2.657836675643920898e-01
3.936408460140228271e-01
1.886069327592849731e-01
2.391654700040817261e-01
2.928911447525024414e-01
2.459050416946411133e-01
3.328454196453094482e-01
2.462074309587478638e-01
2.457502633333206177e-01
2.631019651889801025e-01
2.578622996807098389e-01
2.011349052190780640e-01
2.466757446527481079e-01
1.699516326189041138e-01
3.759396374225616455e-01
1.908273100852966309e-01
2.861011922359466553e-01
2.789049744606018066e-01
1.811444014310836792e-01
2.204103022813796997e-01
2.254462689161300659e-01
1.809492111206054688e-01
2.143257856369018555e-01
2.645328938961029053e-01
2.424078434705734253e-01
3.516029417514801025e-01
2.546443939208984375e-01
1.964548081159591675e-01
3.408640921115875244e-01
2.728841602802276611e-01
3.332246243953704834e-01
3.425670564174652100e-01
2.452221065759658813e-01
2.522692382335662842e-01
3.371386528015136719e-01
2.735248804092407227e-01
1.852288246154785156e-01
3.359924256801605225e-01
3.469644784927368164e-01
2.469634264707565308e-01
3.166703879833221436e-01
2.395846396684646606e-01
2.896235287189483643e-01
2.105850726366043091e-01
3.392475545406341553e-01
3.038015365600585938e-01
2.209538221359252930e-01
2.308953255414962769e-01
2.467602491378784180e-01
2.020950168371200562e-01
1.781308501958847046e-01
2.172411829233169556e-01
2.201140671968460083e-01
1.935815811157226562e-01
2.406576424837112427e-01
2.660428881645202637e-01
3.109453916549682617e-01
2.827209532260894775e-01
2.564445436000823975e-01
2.488543987274169922e-01
2.079055309295654297e-01
3.536048829555511475e-01
2.177373170852661133e-01
4.521455764770507812e-01
4.136369228363037109e-01
2.061414271593093872e-01
2.467412948608398438e-01
2.112340182065963745e-01
3.407168388366699219e-01
2.708016037940979004e-01
3.253732621669769287e-01
2.800572216510772705e-01
5.447530150413513184e-01
2.598733007907867432e-01
3.239220380783081055e-01
2.668555974960327148e-01
1.830090284347534180e-01
4.613188207149505615e-01
3.117439448833465576e-01
2.793655097484588623e-01
2.583997547626495361e-01
3.549991548061370850e-01
2.315046340227127075e-01
2.059765607118606567e-01
3.837749063968658447e-01
2.569622695446014404e-01
5.526036620140075684e-01
3.325463235378265381e-01
2.311018556356430054e-01
3.129540383815765381e-01
2.642101049423217773e-01
1.804130822420120239e-01
2.481977492570877075e-01
2.541171610355377197e-01
2.166022807359695435e-01
1.971972137689590454e-01
2.420910596847534180e-01
4.199895560741424561e-01
3.070879280567169189e-01
3.372465074062347412e-01
2.776731550693511963e-01
1.887422949075698853e-01
3.072735369205474854e-01
3.739731311798095703e-01
2.333413362503051758e-01
2.767457067966461182e-01
2.149063348770141602e-01
2.357435077428817749e-01
3.385156095027923584e-01
3.498106896877288818e-01
2.145082205533981323e-01
1.950516700744628906e-01
1.869202107191085815e-01
3.224138915538787842e-01
1.769858747720718384e-01
2.286475896835327148e-01
2.521392107009887695e-01
3.205293715000152588e-01
2.622641623020172119e-01
4.403350353240966797e-01
2.431900054216384888e-01
2.536775171756744385e-01
3.158080279827117920e-01
2.623971402645111084e-01
4.045892655849456787e-01
3.224926292896270752e-01
2.685650289058685303e-01
2.533479630947113037e-01
2.064547985792160034e-01
4.323227405548095703e-01
2.942374944686889648e-01
4.095145761966705322e-01
3.850356042385101318e-01
3.002247810363769531e-01
3.832090198993682861e-01
2.815417349338531494e-01
2.436882108449935913e-01
2.203982025384902954e-01
2.330358028411865234e-01
2.509053647518157959e-01
2.529371976852416992e-01
2.544726431369781494e-01
2.606540024280548096e-01
2.722453176975250244e-01
2.195113897323608398e-01
2.830065190792083740e-01
2.687991559505462646e-01
2.032936066389083862e-01
1.955329328775405884e-01
4.191316068172454834e-01
2.119422554969787598e-01
3.077479600906372070e-01
2.968660891056060791e-01
2.826526165008544922e-01
3.049993813037872314e-01
5.290298461914062500e-01
2.021021842956542969e-01
2.501889169216156006e-01
6.073498129844665527e-01
2.340112477540969849e-01
3.564464151859283447e-01
2.071873098611831665e-01
7.119396328926086426e-01
2.487250417470932007e-01
1.763185113668441772e-01
2.446635514497756958e-01
1.654996126890182495e-01
3.026654720306396484e-01
2.097037583589553833e-01
3.626289367675781250e-01
3.667757809162139893e-01
4.407604038715362549e-01
3.757714033126831055e-01
1.888652592897415161e-01
3.390999138355255127e-01
3.274259865283966064e-01
2.379866689443588257e-01
2.627244889736175537e-01
2.862922549247741699e-01
2.246199101209640503e-01
2.284378409385681152e-01
4.271895885467529297e-01
4.491519927978515625e-01
3.508846461772918701e-01
3.073188960552215576e-01
3.435160219669342041e-01
2.974580228328704834e-01
2.133958339691162109e-01
2.577044665813446045e-01
1.965136975049972534e-01
2.554197013378143311e-01
2.768326103687286377e-01
2.324694991111755371e-01
2.766673266887664795e-01
3.322179913520812988e-01
2.024574279785156250e-01
2.572514712810516357e-01
2.770369946956634521e-01
3.023596405982971191e-01
2.738817930221557617e-01
2.058862000703811646e-01
2.696670293807983398e-01
2.011402696371078491e-01
2.469596713781356812e-01
3.279993832111358643e-01
2.565626800060272217e-01
2.380253523588180542e-01
2.792685627937316895e-01
2.332153767347335815e-01
1.639250367879867554e-01
1.417758464813232422e-01
5.693113207817077637e-01
1.905518770217895508e-01
2.425029426813125610e-01
2.825917899608612061e-01
2.678829431533813477e-01
2.897514402866363525e-01
2.874746024608612061e-01
3.386795222759246826e-01
3.974080383777618408e-01
2.354764342308044434e-01
2.211924791336059570e-01
1.675065755844116211e-01
3.720422089099884033e-01
3.600955903530120850e-01
1.723671704530715942e-01
2.107984870672225952e-01
1.848978251218795776e-01
1.820056587457656860e-01
2.456706762313842773e-01
2.221531420946121216e-01
2.670616209506988525e-01
2.998354434967041016e-01
2.578348219394683838e-01
2.049068063497543335e-01
3.062725365161895752e-01
3.427755534648895264e-01
2.203894257545471191e-01
1.882811337709426880e-01
3.067943453788757324e-01
2.373123615980148315e-01
2.132371664047241211e-01
2.563818693161010742e-01
3.232429325580596924e-01
2.822759449481964111e-01
1.963123679161071777e-01
3.130441904067993164e-01
2.558082938194274902e-01
3.720866739749908447e-01
2.028997987508773804e-01
1.856792718172073364e-01
1.881717443466186523e-01
3.135942816734313965e-01
4.026761353015899658e-01
4.024088382720947266e-01
4.692376554012298584e-01
4.008596241474151611e-01
2.941621243953704834e-01
2.135279178619384766e-01
2.360850572586059570e-01
2.407806962728500366e-01
1.913363188505172729e-01
2.023881673812866211e-01
2.402406930923461914e-01
1.861460655927658081e-01
2.779732942581176758e-01
3.962142467498779297e-01
2.093058377504348755e-01
2.313509136438369751e-01
2.352903932332992554e-01
2.555470466613769531e-01
2.659873664379119873e-01
2.562241554260253906e-01
2.610869705677032471e-01
2.438604235649108887e-01
2.626314461231231689e-01
4.532538354396820068e-01
4.036835730075836182e-01
2.094628810882568359e-01
2.106059193611145020e-01
2.070715576410293579e-01
1.656412631273269653e-01
2.207691222429275513e-01
1.634764671325683594e-01
3.368551731109619141e-01
3.467276990413665771e-01
2.410721033811569214e-01
2.512671649456024170e-01
2.684865593910217285e-01
2.432836294174194336e-01
2.272264957427978516e-01
3.249662816524505615e-01
3.006449043750762939e-01
2.261717319488525391e-01
2.229877561330795288e-01
2.023228257894515991e-01
1.902412921190261841e-01
3.947502672672271729e-01
2.171546220779418945e-01
1.879549026489257812e-01
2.397787719964981079e-01
4.036103188991546631e-01
2.248510271310806274e-01
2.542647719383239746e-01
2.388979792594909668e-01
2.585484683513641357e-01
2.734208405017852783e-01
2.867422997951507568e-01
2.116027623414993286e-01
2.240876704454421997e-01
2.546369135379791260e-01
2.553845942020416260e-01
2.373407632112503052e-01
3.041925728321075439e-01
2.231317758560180664e-01
2.327544689178466797e-01
2.581765949726104736e-01
2.229295223951339722e-01
2.756137549877166748e-01
2.525693178176879883e-01
2.405952066183090210e-01
1.604190021753311157e-01
2.193424552679061890e-01
1.778953522443771362e-01
2.348237484693527222e-01
3.002949357032775879e-01
3.183833658695220947e-01
4.211188256740570068e-01
1.696255207061767578e-01
2.663360536098480225e-01
3.215399682521820068e-01
2.259703874588012695e-01
1.879542469978332520e-01
2.839506566524505615e-01
3.336413800716400146e-01
2.829825282096862793e-01
1.406169980764389038e-01
3.591915071010589600e-01
2.100152522325515747e-01
2.404579371213912964e-01
2.120923250913619995e-01
3.271403312683105469e-01
2.412503957748413086e-01
2.296717017889022827e-01
3.380189836025238037e-01
2.610801458358764648e-01
2.709478437900543213e-01
2.251015156507492065e-01
2.859933376312255859e-01
2.341403812170028687e-01
3.452730178833007812e-01
2.265282273292541504e-01
2.447144836187362671e-01
2.518215179443359375e-01
2.017207741737365723e-01
3.709720373153686523e-01
3.018997907638549805e-01
1.848044842481613159e-01
2.895702719688415527e-01
2.110434025526046753e-01
2.341505885124206543e-01
2.216817140579223633e-01
2.102648764848709106e-01
2.125315219163894653e-01
2.937144637107849121e-01
2.662729620933532715e-01
2.647244930267333984e-01
2.350189238786697388e-01
1.953324228525161743e-01
4.311604201793670654e-01
2.087675333023071289e-01
3.527153730392456055e-01
2.456609606742858887e-01
2.283941060304641724e-01
2.519336044788360596e-01
2.679862082004547119e-01
2.605561912059783936e-01
2.358355075120925903e-01
3.128955662250518799e-01
3.060949146747589111e-01
2.647935152053833008e-01
1.867784112691879272e-01
1.738593131303787231e-01
1.814116984605789185e-01
2.003462314605712891e-01
2.265639305114746094e-01
2.915544509887695312e-01
3.730817139148712158e-01
2.944968044757843018e-01
2.522197067737579346e-01
3.418724536895751953e-01
2.513519823551177979e-01
2.905810773372650146e-01
2.724965810775756836e-01
4.476605653762817383e-01
2.329739332199096680e-01
2.020566463470458984e-01
2.373251467943191528e-01
2.124699205160140991e-01
2.292003184556961060e-01
1.719273328781127930e-01
2.105442285537719727e-01
1.932770013809204102e-01
3.018927276134490967e-01
2.235539406538009644e-01
2.453953772783279419e-01
2.156660109758377075e-01
2.899024486541748047e-01
2.655071020126342773e-01
3.972043097019195557e-01
3.030819296836853027e-01
2.456469684839248657e-01
1.786957979202270508e-01
2.132717519998550415e-01
3.742447197437286377e-01
2.751789093017578125e-01
2.927162349224090576e-01
3.001885712146759033e-01
2.664408981800079346e-01
1.685618162155151367e-01
2.570310831069946289e-01
2.087617963552474976e-01
3.184649944305419922e-01
2.728489935398101807e-01
2.844573557376861572e-01
2.393170595169067383e-01
3.061369359493255615e-01
2.277412861585617065e-01
1.339096426963806152e-01
3.450777530670166016e-01
5.902685523033142090e-01
2.665441930294036865e-01
2.778958380222320557e-01
2.188522070646286011e-01
2.143049985170364380e-01
3.801069557666778564e-01
3.197939693927764893e-01
2.816626727581024170e-01
2.099086195230484009e-01
1.994011849164962769e-01
1.833591014146804810e-01
2.332978248596191406e-01
4.689141809940338135e-01
3.642709255218505859e-01
2.051059454679489136e-01
2.645294666290283203e-01
2.318257838487625122e-01
1.701187491416931152e-01
3.009265065193176270e-01
9.650989174842834473e-01
2.414121031761169434e-01
1.936219185590744019e-01
2.339111566543579102e-01
2.180980443954467773e-01
1.730333119630813599e-01
2.488884180784225464e-01
2.540234327316284180e-01
2.250122427940368652e-01
2.343222647905349731e-01
1.753347665071487427e-01
3.149127662181854248e-01
2.517085373401641846e-01
2.229960560798645020e-01
2.711160182952880859e-01
1.570930629968643188e-01
2.953965961933135986e-01
3.072253763675689697e-01
1.835541278123855591e-01
2.031153440475463867e-01
1.871212869882583618e-01
3.098985850811004639e-01
1.834335178136825562e-01
2.033487558364868164e-01
1.768593788146972656e-01
2.215157747268676758e-01
2.709693610668182373e-01
2.704737186431884766e-01
2.506106495857238770e-01
2.513420879840850830e-01
2.250992506742477417e-01
2.527684271335601807e-01
2.208226174116134644e-01
3.108559548854827881e-01
2.801458835601806641e-01
2.464807778596878052e-01
3.054539859294891357e-01
4.347622394561767578e-01
2.173262834548950195e-01
3.619472086429595947e-01
2.658696174621582031e-01
2.307964116334915161e-01
2.726061642169952393e-01
2.214249819517135620e-01
1.992691308259963989e-01
1.917870044708251953e-01
3.544325828552246094e-01
3.445502221584320068e-01
1.884020119905471802e-01
2.868190407752990723e-01
3.946398794651031494e-01
2.031348943710327148e-01
1.949838846921920776e-01
1.812502592802047729e-01
4.798331260681152344e-01
3.933007717132568359e-01
1.946079283952713013e-01
2.327408790588378906e-01
2.322711944580078125e-01
2.812890708446502686e-01
3.005094528198242188e-01
2.522963881492614746e-01
2.985924780368804932e-01
1.726832240819931030e-01
3.311480581760406494e-01
4.485745728015899658e-01
2.812063992023468018e-01
2.393796443939208984e-01
3.030571043491363525e-01
2.068395167589187622e-01
2.114229947328567505e-01
2.174295932054519653e-01
2.292026728391647339e-01
4.339843988418579102e-01
2.986604869365692139e-01
2.003404945135116577e-01
2.211338728666305542e-01
2.154723256826400757e-01
1.970824003219604492e-01
2.139721363782882690e-01
2.122025638818740845e-01
2.463509291410446167e-01
2.333750277757644653e-01
4.124707281589508057e-01
2.095932215452194214e-01
2.478831261396408081e-01
2.592905163764953613e-01
2.854017913341522217e-01
2.284894585609436035e-01
2.158189564943313599e-01
3.515598773956298828e-01
1.524205207824707031e-01
2.625643610954284668e-01
2.391371279954910278e-01
2.827011048793792725e-01
2.292292863130569458e-01
2.227607965469360352e-01
2.788060605525970459e-01
2.831839621067047119e-01
2.215747386217117310e-01
2.165785878896713257e-01
3.077098429203033447e-01
1.949133127927780151e-01
3.342730700969696045e-01
2.423599511384963989e-01
7.086293101310729980e-01
2.716697752475738525e-01
2.917722463607788086e-01
2.010225504636764526e-01
2.390976697206497192e-01
2.839497327804565430e-01
2.840091288089752197e-01
2.512751519680023193e-01
3.102282583713531494e-01
5.195196866989135742e-01
1.994216889142990112e-01
1.955444067716598511e-01
2.081151008605957031e-01
2.907542288303375244e-01
1.682121306657791138e-01
1.936994642019271851e-01
2.100299447774887085e-01
2.939743697643280029e-01
1.672473400831222534e-01
3.829315602779388428e-01
1.848434060811996460e-01
3.046939671039581299e-01
2.136455327272415161e-01
3.366582393646240234e-01
2.773036956787109375e-01
2.414442151784896851e-01
2.248200327157974243e-01
2.244946956634521484e-01
1.548380106687545776e-01
2.048937678337097168e-01
2.364650964736938477e-01
1.495805829763412476e-01
3.926880657672882080e-01
1.937138289213180542e-01
2.163023203611373901e-01
2.907561659812927246e-01
2.666419744491577148e-01
2.373178750276565552e-01
3.222568333148956299e-01
2.866315841674804688e-01
2.943319082260131836e-01
2.735702097415924072e-01
2.329336553812026978e-01
1.882455348968505859e-01
2.168421000242233276e-01
2.876989543437957764e-01
2.424468547105789185e-01
3.374476730823516846e-01
1.849342584609985352e-01
1.751388162374496460e-01
3.124261796474456787e-01
2.321011871099472046e-01
2.236044555902481079e-01
2.732681334018707275e-01
2.894482314586639404e-01
2.720947563648223877e-01
1.733018010854721069e-01
3.168616592884063721e-01
1.534176170825958252e-01
3.266030251979827881e-01
2.310805767774581909e-01
2.527364492416381836e-01
1.886510848999023438e-01
2.626531124114990234e-01
2.546769380569458008e-01
2.461283802986145020e-01
3.281383216381072998e-01
2.295409590005874634e-01
2.148867696523666382e-01
2.116101235151290894e-01
2.632329761981964111e-01
1.442528516054153442e-01
1.825794577598571777e-01
1.415777206420898438e-01
1.835289746522903442e-01
2.457795739173889160e-01
3.459016084671020508e-01
4.491859674453735352e-01
2.407429665327072144e-01
2.224066257476806641e-01
3.175632655620574951e-01
7.449199557304382324e-01
1.872382164001464844e-01
2.044463604688644409e-01
3.453153073787689209e-01
2.584245502948760986e-01
2.690373361110687256e-01
1.667441576719284058e-01
1.736155301332473755e-01
2.584019005298614502e-01
2.059427648782730103e-01
1.902610212564468384e-01
2.422065734863281250e-01
2.983160018920898438e-01
2.856476902961730957e-01
2.873193323612213135e-01
3.742738664150238037e-01
3.623054027557373047e-01
3.410602509975433350e-01
2.026246786117553711e-01
3.002990782260894775e-01
6.166160702705383301e-01
2.060905098915100098e-01
3.023327589035034180e-01
2.657630443572998047e-01
3.965288698673248291e-01
2.155759930610656738e-01
2.222913950681686401e-01
1.288684308528900146e-01
2.234741449356079102e-01
2.054824084043502808e-01
3.989387452602386475e-01
3.014451563358306885e-01
2.523666918277740479e-01
2.101438045501708984e-01
2.676509022712707520e-01
2.960866689682006836e-01
3.178803026676177979e-01
2.495586127042770386e-01
1.967465877532958984e-01
2.278109639883041382e-01
2.787577807903289795e-01
1.988523155450820923e-01
3.419102132320404053e-01
2.130963355302810669e-01
2.583488821983337402e-01
2.550708353519439697e-01
2.589778602123260498e-01
3.364020884037017822e-01
2.553139626979827881e-01
2.064453810453414917e-01
3.726576566696166992e-01
4.328846931457519531e-01
2.198958843946456909e-01
2.309071272611618042e-01
1.815664023160934448e-01
3.147002160549163818e-01
2.378870993852615356e-01
2.371988445520401001e-01
2.431312203407287598e-01
2.144080549478530884e-01
2.512667477130889893e-01
2.373977303504943848e-01
1.947575807571411133e-01
2.179856449365615845e-01
3.708306550979614258e-01
3.954380750656127930e-01
2.576032876968383789e-01
2.671918570995330811e-01
2.334408760070800781e-01
2.254399210214614868e-01
2.234466075897216797e-01
2.217555195093154907e-01
2.409601658582687378e-01
2.348998039960861206e-01
2.996007204055786133e-01
3.440501987934112549e-01
1.898437589406967163e-01
2.141065597534179688e-01
3.432655632495880127e-01
3.156492412090301514e-01
2.810333669185638428e-01
2.410576790571212769e-01
2.441442608833312988e-01
2.011725455522537231e-01
2.732683420181274414e-01
2.276734858751296997e-01
2.783467769622802734e-01
2.428630143404006958e-01
1.948656439781188965e-01
2.632455229759216309e-01
3.163209259510040283e-01
2.643666267395019531e-01
2.361853122711181641e-01
3.195295631885528564e-01
2.162721604108810425e-01
2.802470624446868896e-01
2.330526113510131836e-01
1.866219490766525269e-01
2.260119467973709106e-01
2.599263191223144531e-01
1.884512901306152344e-01
1.921639889478683472e-01
1.843963861465454102e-01
1.656042635440826416e-01
2.035911828279495239e-01
3.589898049831390381e-01
2.180361002683639526e-01
1.865852624177932739e-01
2.433280497789382935e-01
2.463088631629943848e-01
3.323970139026641846e-01
2.437622100114822388e-01
2.613115608692169189e-01
3.251239061355590820e-01
1.555515676736831665e-01
1.540932506322860718e-01
3.329766094684600830e-01
2.323599010705947876e-01
2.228216528892517090e-01
2.698651254177093506e-01
1.939644813537597656e-01
2.304650992155075073e-01
2.349692434072494507e-01
2.816639542579650879e-01
2.089861482381820679e-01
2.601197063922882080e-01
1.991334408521652222e-01
6.074816584587097168e-01
1.446427255868911743e-01
1.869299262762069702e-01
2.207939028739929199e-01
2.020707875490188599e-01
4.658954143524169922e-01
2.823038995265960693e-01
3.248759806156158447e-01
1.771398335695266724e-01
4.466206729412078857e-01
2.050585150718688965e-01
1.804446429014205933e-01
3.116651177406311035e-01
1.944615393877029419e-01
3.121170103549957275e-01
2.440620213747024536e-01
1.985444277524948120e-01
2.390757352113723755e-01
2.585952579975128174e-01
1.896071434020996094e-01
2.639811336994171143e-01
2.262679189443588257e-01
2.415015548467636108e-01
2.914952933788299561e-01
2.063066214323043823e-01
1.719508767127990723e-01
2.922188341617584229e-01
2.098197340965270996e-01
1.743409186601638794e-01
2.424810081720352173e-01
1.829959750175476074e-01
1.926959007978439331e-01
2.376107126474380493e-01
2.974303066730499268e-01
1.775796413421630859e-01
1.479471623897552490e-01
1.931113004684448242e-01
1.808928996324539185e-01
3.337953090667724609e-01
1.777089834213256836e-01
2.010016441345214844e-01
2.071401327848434448e-01
2.189106494188308716e-01
1.488767117261886597e-01
1.994926482439041138e-01
2.905052602291107178e-01
3.615044057369232178e-01
2.026743739843368530e-01
2.587006986141204834e-01
2.376004308462142944e-01
1.677486449480056763e-01
1.991569548845291138e-01
2.119886875152587891e-01
3.332363963127136230e-01
2.969349920749664307e-01
4.122426211833953857e-01
2.652331292629241943e-01
3.252626657485961914e-01
1.767192333936691284e-01
2.161880582571029663e-01
2.259341925382614136e-01
2.456185072660446167e-01
3.025320470333099365e-01
2.562237679958343506e-01
2.214064151048660278e-01
2.500667273998260498e-01
2.187466472387313843e-01
2.093855142593383789e-01
2.916992008686065674e-01
3.037328422069549561e-01
3.301543891429901123e-01
3.078007996082305908e-01
1.979791671037673950e-01
2.007128745317459106e-01
1.936088949441909790e-01
2.088072299957275391e-01
1.767559498548507690e-01
2.482506632804870605e-01
1.297318637371063232e-01
1.890842914581298828e-01
1.973406076431274414e-01
3.115992844104766846e-01
2.070233821868896484e-01
2.468549162149429321e-01
3.897742331027984619e-01
1.889837235212326050e-01
1.772232651710510254e-01
2.823982536792755127e-01
2.698259651660919189e-01
2.684513628482818604e-01
3.083253204822540283e-01
1.584619730710983276e-01
1.837852597236633301e-01
1.644053012132644653e-01
2.516219019889831543e-01
2.418717890977859497e-01
2.650116682052612305e-01
2.230463773012161255e-01
2.664814591407775879e-01
2.750297486782073975e-01
2.103580832481384277e-01
2.218953818082809448e-01
2.208734303712844849e-01
2.500425577163696289e-01
2.836413979530334473e-01
2.281289547681808472e-01
2.449657469987869263e-01
2.282382100820541382e-01
3.150502443313598633e-01
2.801046669483184814e-01
2.114458084106445312e-01
3.721388876438140869e-01
2.427203655242919922e-01
1.982341259717941284e-01
2.866756916046142578e-01
2.846783697605133057e-01
2.187714576721191406e-01
2.358959168195724487e-01
2.137558013200759888e-01
3.473717272281646729e-01
3.235447108745574951e-01
2.813582718372344971e-01
2.965822517871856689e-01
2.420505881309509277e-01
6.347955465316772461e-01
4.171388447284698486e-01
1.905478984117507935e-01
3.688985109329223633e-01
2.660671770572662354e-01
2.307420969009399414e-01
2.879594564437866211e-01
2.070364207029342651e-01
3.684714138507843018e-01
2.941848933696746826e-01
2.765538692474365234e-01
1.979007869958877563e-01
2.799842655658721924e-01
2.777098119258880615e-01
2.071179598569869995e-01
3.567871749401092529e-01
2.287976890802383423e-01
3.156416714191436768e-01
2.980708777904510498e-01
2.431269139051437378e-01
1.890693157911300659e-01
2.225195318460464478e-01
1.998484730720520020e-01
3.553320169448852539e-01
2.891599237918853760e-01
1.914146989583969116e-01
1.953531950712203979e-01
2.770273387432098389e-01
2.619810700416564941e-01
1.829283088445663452e-01
2.079943865537643433e-01
2.396538108587265015e-01
2.291578054428100586e-01
1.938652545213699341e-01
2.726158499717712402e-01
3.001930415630340576e-01
2.068755179643630981e-01
2.192346602678298950e-01
2.119696885347366333e-01
2.176259756088256836e-01
1.949530094861984253e-01
1.451628059148788452e-01
1.557408720254898071e-01
2.068537622690200806e-01
3.612703382968902588e-01
1.465850919485092163e-01
1.653869003057479858e-01
4.016456902027130127e-01
2.978132665157318115e-01
2.443916946649551392e-01
2.204704284667968750e-01
2.012439966201782227e-01
2.248385101556777954e-01
2.049786299467086792e-01
2.507183849811553955e-01
2.737946808338165283e-01
3.599933087825775146e-01
3.331825733184814453e-01
2.307056188583374023e-01
2.201542854309082031e-01
2.113762497901916504e-01
2.460856288671493530e-01
2.665248811244964600e-01
2.166999578475952148e-01
3.582105338573455811e-01
2.053920477628707886e-01
2.387393265962600708e-01
4.058976471424102783e-01
2.883973717689514160e-01
3.026171624660491943e-01
2.487134486436843872e-01
2.655768692493438721e-01
2.648967802524566650e-01
2.409898638725280762e-01
2.189385890960693359e-01
2.862827777862548828e-01
2.193828225135803223e-01
1.873281449079513550e-01
2.050358802080154419e-01
2.283083945512771606e-01
3.399578630924224854e-01
3.069995939731597900e-01
4.275419712066650391e-01
2.160443514585494995e-01
1.835163235664367676e-01
2.292596846818923950e-01
3.017507791519165039e-01
2.776896059513092041e-01
3.518710136413574219e-01
2.874432802200317383e-01
2.322155684232711792e-01
3.237939774990081787e-01
2.008038759231567383e-01
2.486865520477294922e-01
2.968248724937438965e-01
2.622302472591400146e-01
2.133262306451797485e-01
2.421281784772872925e-01
2.918027341365814209e-01
2.365842908620834351e-01
2.237693816423416138e-01
2.688775658607482910e-01
3.888831436634063721e-01
2.685045897960662842e-01
1.696459054946899414e-01
2.957596480846405029e-01
3.732488453388214111e-01
2.041990309953689575e-01
2.331356555223464966e-01
2.853874862194061279e-01
3.044671714305877686e-01
3.229164183139801025e-01
2.024531364440917969e-01
2.296202927827835083e-01
2.396662682294845581e-01
2.724240720272064209e-01
1.630941927433013916e-01
2.408940196037292480e-01
2.549574375152587891e-01
2.024122029542922974e-01
2.487233728170394897e-01
5.060883760452270508e-01
2.872809171676635742e-01
3.174763023853302002e-01
2.364215850830078125e-01
2.810856401920318604e-01
2.591883540153503418e-01
3.450318872928619385e-01
3.264068365097045898e-01
1.926200538873672485e-01
2.476095706224441528e-01
3.665439188480377197e-01
2.327247411012649536e-01
3.026133179664611816e-01
2.866911590099334717e-01
2.352270632982254028e-01
3.004077374935150146e-01
2.382990121841430664e-01
1.966855525970458984e-01
1.874350160360336304e-01
1.704800873994827271e-01
1.855144500732421875e-01
2.736464738845825195e-01
3.699897229671478271e-01
3.341899812221527100e-01
1.778203248977661133e-01
2.690397202968597412e-01
2.339069843292236328e-01
2.526852190494537354e-01
1.875021457672119141e-01
4.159843027591705322e-01
2.432902604341506958e-01
2.912125587463378906e-01
3.159022331237792969e-01
2.754336893558502197e-01
2.249317914247512817e-01
2.052837610244750977e-01
3.154883384704589844e-01
2.815037071704864502e-01
2.893342375755310059e-01
2.370483428239822388e-01
3.105168640613555908e-01
2.618904113769531250e-01
2.724558711051940918e-01
2.262278348207473755e-01
4.136169850826263428e-01
3.256962299346923828e-01
3.505695760250091553e-01
3.268236219882965088e-01
2.120937556028366089e-01
2.470314502716064453e-01
1.834317296743392944e-01
1.827479153871536255e-01
2.854769825935363770e-01
5.326333045959472656e-01
3.109431266784667969e-01
4.659530818462371826e-01
1.972749680280685425e-01
2.650540769100189209e-01
2.521840333938598633e-01
2.693808078765869141e-01
3.403225839138031006e-01
1.984244138002395630e-01
2.582720816135406494e-01
2.144922763109207153e-01
3.056989014148712158e-01
1.725961565971374512e-01
3.416111469268798828e-01
2.970176041126251221e-01
2.639812827110290527e-01
2.734185755252838135e-01
2.013310194015502930e-01
3.231270313262939453e-01
2.391579151153564453e-01
2.316641807556152344e-01
4.236621856689453125e-01
2.043526023626327515e-01
2.022346705198287964e-01
1.976021081209182739e-01
2.789044082164764404e-01
2.187703400850296021e-01
2.533874213695526123e-01
2.343958169221878052e-01
2.533524930477142334e-01
2.376036643981933594e-01
2.483231574296951294e-01
1.804879456758499146e-01
3.024186789989471436e-01
2.234097719192504883e-01
2.440139502286911011e-01
2.052523642778396606e-01
1.858445852994918823e-01
3.356124460697174072e-01
3.121025860309600830e-01
3.597526550292968750e-01
2.873593568801879883e-01
2.346522212028503418e-01
4.224950373172760010e-01
2.842800915241241455e-01
2.763019502162933350e-01
2.556736171245574951e-01
2.182293981313705444e-01
2.978420555591583252e-01
2.062134742736816406e-01
2.518175840377807617e-01
2.541181445121765137e-01
4.250102937221527100e-01
3.286879956722259521e-01
1.861204057931900024e-01
2.726725935935974121e-01
4.532593786716461182e-01
1.853374838829040527e-01
2.780803143978118896e-01
1.796511858701705933e-01
2.863022685050964355e-01
2.197849303483963013e-01
2.275163382291793823e-01
1.921389847993850708e-01
3.190360069274902344e-01
2.413803786039352417e-01
2.399917393922805786e-01
2.882509529590606689e-01
2.157295346260070801e-01
2.695562541484832764e-01
3.330569565296173096e-01
1.883519291877746582e-01
2.911989092826843262e-01
2.947864830493927002e-01
4.551806449890136719e-01
3.586833477020263672e-01
1.799433976411819458e-01
2.501752376556396484e-01
1.958563774824142456e-01
2.471528500318527222e-01
2.122993022203445435e-01
2.377203553915023804e-01
1.851932555437088013e-01
2.117785066366195679e-01
3.434477746486663818e-01
1.870356947183609009e-01
2.770203053951263428e-01
2.005113363265991211e-01
2.740564346313476562e-01
2.370078712701797485e-01
2.222772389650344849e-01
8.588173985481262207e-01
2.440779656171798706e-01
1.959230452775955200e-01
2.447413653135299683e-01
4.447829723358154297e-01
2.607483565807342529e-01
4.520572721958160400e-01
2.094888240098953247e-01
2.509432137012481689e-01
2.410709112882614136e-01
2.835730910301208496e-01
1.983518600463867188e-01
3.895153999328613281e-01
3.315608799457550049e-01
2.744912803173065186e-01
2.553968131542205811e-01
2.216661721467971802e-01
1.812469214200973511e-01
2.632553279399871826e-01
2.298579365015029907e-01
2.812429964542388916e-01
2.389447689056396484e-01
1.921709626913070679e-01
2.055526971817016602e-01
3.321756124496459961e-01
3.050225675106048584e-01
2.467275410890579224e-01
3.756332099437713623e-01
3.340235650539398193e-01
2.271679788827896118e-01
2.674046754837036133e-01
2.170983999967575073e-01
2.239599674940109253e-01
3.229043185710906982e-01
1.765799522399902344e-01
1.793356388807296753e-01
2.083767652511596680e-01
2.115309834480285645e-01
2.893641889095306396e-01
2.871471345424652100e-01
2.180941104888916016e-01
4.002161026000976562e-01
2.736221551895141602e-01
1.762359142303466797e-01
2.527559995651245117e-01
3.453050553798675537e-01
1.914340704679489136e-01
2.178228944540023804e-01
2.837139070034027100e-01
2.124915570020675659e-01
2.637298405170440674e-01
3.183392584323883057e-01
2.736828625202178955e-01
3.504563271999359131e-01
2.486760169267654419e-01
3.585164844989776611e-01
2.902426123619079590e-01
1.983136385679244995e-01
1.982383728027343750e-01
1.871282309293746948e-01
1.843490749597549438e-01
3.823277950286865234e-01
1.773552894592285156e-01
2.706388235092163086e-01
1.973106414079666138e-01
2.441368848085403442e-01
2.860351502895355225e-01
2.073097676038742065e-01
2.644196748733520508e-01
2.671227753162384033e-01
3.121134042739868164e-01
2.667498886585235596e-01
2.796123325824737549e-01
2.047451585531234741e-01
2.743084728717803955e-01
2.096852809190750122e-01
1.742002367973327637e-01
5.240733027458190918e-01
1.849890798330307007e-01
2.439249008893966675e-01
1.792511343955993652e-01
1.567610800266265869e-01
2.890394330024719238e-01
2.853902280330657959e-01
3.642606437206268311e-01
2.574569880962371826e-01
2.775786221027374268e-01
2.215278893709182739e-01
3.309500217437744141e-01
1.600393205881118774e-01
2.427312582731246948e-01
2.523133456707000732e-01
2.355410605669021606e-01
1.849644184112548828e-01
6.018109917640686035e-01
1.968480348587036133e-01
3.406968414783477783e-01
2.471758127212524414e-01
1.697003096342086792e-01
2.409767359495162964e-01
1.869077235460281372e-01
2.072443515062332153e-01
2.436476945877075195e-01
1.510811448097229004e-01
2.262035608291625977e-01
2.302725315093994141e-01
2.192556113004684448e-01
1.966998130083084106e-01
1.978817731142044067e-01
2.778805196285247803e-01
1.785069704055786133e-01
3.015455603599548340e-01
2.489314079284667969e-01
1.935212463140487671e-01
1.828205734491348267e-01
3.394248485565185547e-01
2.349428683519363403e-01
2.266543358564376831e-01
3.397009670734405518e-01
2.451959848403930664e-01
3.239167034626007080e-01
2.450575679540634155e-01
2.471255809068679810e-01
3.056498765945434570e-01
2.955567538738250732e-01
3.400792181491851807e-01
2.685906589031219482e-01
2.229434996843338013e-01
1.898066550493240356e-01
3.134510219097137451e-01
2.571541965007781982e-01
2.733138203620910645e-01
2.049732208251953125e-01
1.862612366676330566e-01
2.776682078838348389e-01
2.302412390708923340e-01
2.842377722263336182e-01
1.513435542583465576e-01
2.182846069335937500e-01
2.501698732376098633e-01
2.222343236207962036e-01
3.010216057300567627e-01
1.553774327039718628e-01
2.718851566314697266e-01
2.072271704673767090e-01
2.090121507644653320e-01
3.186639547348022461e-01
3.115815818309783936e-01
6.883006691932678223e-01
3.456599712371826172e-01
1.933627575635910034e-01
3.259063065052032471e-01
2.566283047199249268e-01
1.998370140790939331e-01
2.673110067844390869e-01
2.445465326309204102e-01
1.924511641263961792e-01
1.939928978681564331e-01
2.549844384193420410e-01
3.086934089660644531e-01
2.412031441926956177e-01
2.053749114274978638e-01
2.139355987310409546e-01
1.683621853590011597e-01
2.426685094833374023e-01
2.339739054441452026e-01
2.311680763959884644e-01
4.157357513904571533e-01
3.149227797985076904e-01
3.147863149642944336e-01
4.426051676273345947e-01
1.600909829139709473e-01
3.088699877262115479e-01
2.890068292617797852e-01
2.088472098112106323e-01
8.288168907165527344e-01
2.828242480754852295e-01
3.295634090900421143e-01
3.051840364933013916e-01
2.932251989841461182e-01
1.976160556077957153e-01
2.783839404582977295e-01
5.752411484718322754e-01
2.494257539510726929e-01
1.730483621358871460e-01
2.098036408424377441e-01
2.069259136915206909e-01
2.067378312349319458e-01
2.373426705598831177e-01
2.557857632637023926e-01
2.981254160404205322e-01
2.574945390224456787e-01
2.223150879144668579e-01
2.643055617809295654e-01
3.248643875122070312e-01
1.867423802614212036e-01
2.113252878189086914e-01
1.719967573881149292e-01
2.884152531623840332e-01
2.409952133893966675e-01
4.006610214710235596e-01
2.498810738325119019e-01
2.359277456998825073e-01
1.942128688097000122e-01
2.887993156909942627e-01
4.121718704700469971e-01
4.504541456699371338e-01
2.415943592786788940e-01
2.174272537231445312e-01
3.490097522735595703e-01
2.288757115602493286e-01
2.367861717939376831e-01
3.906699120998382568e-01
2.910513579845428467e-01
1.731284707784652710e-01
1.917625069618225098e-01
3.475755751132965088e-01
2.248094677925109863e-01
2.242716997861862183e-01
4.556957483291625977e-01
1.737688034772872925e-01
2.375440150499343872e-01
2.165060490369796753e-01
3.537727594375610352e-01
2.100556492805480957e-01
2.067999392747879028e-01
1.638278216123580933e-01
2.313778251409530640e-01
2.793846428394317627e-01
2.592794895172119141e-01
2.376824766397476196e-01
2.279969006776809692e-01
2.105821222066879272e-01
3.112686574459075928e-01
1.943482905626296997e-01
2.790331542491912842e-01
2.839789092540740967e-01
1.385624408721923828e-01
3.286312520503997803e-01
2.717567682266235352e-01
2.236731797456741333e-01
3.425916135311126709e-01
2.064396589994430542e-01
5.212484598159790039e-01
3.327773809432983398e-01
2.519606649875640869e-01
2.837248742580413818e-01
1.682322472333908081e-01
2.653141617774963379e-01
2.596056759357452393e-01
2.169621735811233521e-01
4.159137010574340820e-01
2.946015894412994385e-01
2.162464112043380737e-01
2.760494053363800049e-01
2.207297086715698242e-01
2.546810507774353027e-01
2.861621379852294922e-01
2.087373733520507812e-01
2.253211885690689087e-01
4.965741634368896484e-01
3.243778645992279053e-01
1.448172926902770996e-01
2.470790743827819824e-01
3.606074750423431396e-01
2.217906713485717773e-01
3.362411558628082275e-01
1.695191860198974609e-01
2.983020246028900146e-01
1.861028522253036499e-01
3.725472390651702881e-01
2.827052772045135498e-01
3.080819547176361084e-01
2.032737284898757935e-01
3.389693796634674072e-01
2.078446596860885620e-01
1.411592811346054077e-01
2.396979779005050659e-01
2.738950252532958984e-01
2.176201492547988892e-01
2.389253824949264526e-01
3.591423034667968750e-01
2.620705068111419678e-01
1.784362047910690308e-01
2.107621878385543823e-01
2.571584284305572510e-01
1.985711604356765747e-01
5.577279925346374512e-01
1.956965476274490356e-01
2.617054879665374756e-01
2.500286102294921875e-01
4.352490901947021484e-01
2.195830345153808594e-01
2.077711820602416992e-01
2.652767598628997803e-01
2.271830588579177856e-01
3.357031643390655518e-01
1.400740742683410645e-01
2.701415121555328369e-01
2.962947189807891846e-01
2.381271123886108398e-01
3.400488197803497314e-01
1.437141746282577515e-01
2.559889554977416992e-01
2.859167158603668213e-01
2.311988323926925659e-01
2.628570497035980225e-01
2.657380700111389160e-01
2.199172228574752808e-01
2.182097882032394409e-01
2.731410264968872070e-01
2.620937526226043701e-01
3.410249948501586914e-01
2.168889492750167847e-01
1.799029558897018433e-01
2.777854204177856445e-01
2.096806764602661133e-01
1.904017478227615356e-01
2.899999916553497314e-01
2.164954394102096558e-01
2.835989892482757568e-01
2.136434465646743774e-01
2.317137271165847778e-01
3.038444817066192627e-01
2.065588831901550293e-01
1.608192175626754761e-01
2.163212448358535767e-01
2.644381225109100342e-01
2.725639343261718750e-01
2.736413776874542236e-01
2.486028820276260376e-01
1.906090974807739258e-01
2.106244415044784546e-01
1.787069290876388550e-01
1.575607210397720337e-01
3.282161653041839600e-01
3.251306712627410889e-01
1.463910192251205444e-01
2.421648055315017700e-01
1.501961499452590942e-01
2.095830440521240234e-01
2.379740476608276367e-01
2.456594109535217285e-01
3.349062204360961914e-01
3.815525472164154053e-01
2.652588188648223877e-01
2.402299642562866211e-01
2.099012881517410278e-01
3.064131438732147217e-01
2.525107562541961670e-01
2.539156377315521240e-01
2.865673303604125977e-01
1.643338948488235474e-01
2.437946796417236328e-01
1.658251434564590454e-01
2.479021698236465454e-01
2.502224147319793701e-01
2.596302330493927002e-01
6.608526110649108887e-01
1.820954233407974243e-01
2.109560966491699219e-01
2.726681530475616455e-01
2.933835089206695557e-01
2.007190436124801636e-01
2.752389013767242432e-01
2.296220064163208008e-01
1.974375694990158081e-01
2.069223970174789429e-01
3.158458471298217773e-01
2.989666759967803955e-01
3.515905141830444336e-01
2.733995020389556885e-01
2.635054290294647217e-01
2.096827775239944458e-01
1.976090222597122192e-01
2.676717936992645264e-01
2.564733922481536865e-01
3.490175902843475342e-01
2.244237065315246582e-01
1.655264347791671753e-01
3.335409462451934814e-01
2.152127772569656372e-01
2.786376178264617920e-01
2.901370227336883545e-01
1.822567731142044067e-01
3.123720288276672363e-01
1.964937895536422729e-01
2.133734077215194702e-01
2.360183000564575195e-01
5.232431292533874512e-01
2.445207089185714722e-01
3.231859803199768066e-01
2.474113255739212036e-01
2.311906069517135620e-01
2.205724865198135376e-01
2.480606585741043091e-01
3.032536208629608154e-01
1.886501908302307129e-01
2.487922310829162598e-01
2.948960363864898682e-01
2.857873737812042236e-01
2.956316769123077393e-01
2.734521329402923584e-01
3.221169710159301758e-01
3.261382877826690674e-01
2.464827299118041992e-01
1.937132924795150757e-01
2.368118762969970703e-01
2.261735945940017700e-01
2.933928668498992920e-01
1.606466621160507202e-01
2.742376625537872314e-01
2.785067856311798096e-01
2.011819928884506226e-01
2.427033185958862305e-01
3.679981231689453125e-01
2.752792239189147949e-01
2.762914896011352539e-01
6.857517361640930176e-01
1.807867884635925293e-01
3.314057588577270508e-01
2.535119056701660156e-01
1.882879287004470825e-01
2.792215347290039062e-01
2.721455991268157959e-01
2.953416407108306885e-01
2.913186550140380859e-01
2.165513038635253906e-01
3.463024795055389404e-01
2.554322779178619385e-01
3.030076324939727783e-01
3.061824738979339600e-01
2.562716305255889893e-01
3.427313566207885742e-01
2.115699052810668945e-01
2.570584714412689209e-01
2.052726000547409058e-01
2.968603670597076416e-01
1.563882082700729370e-01
2.006700187921524048e-01
2.555278241634368896e-01
1.821625828742980957e-01
2.257537394762039185e-01
2.657658159732818604e-01
2.523125410079956055e-01
3.146565556526184082e-01
3.474391996860504150e-01
2.417332679033279419e-01
2.151437252759933472e-01
2.703231275081634521e-01
3.155764639377593994e-01
3.490529358386993408e-01
1.560977697372436523e-01
3.305937349796295166e-01
2.600408494472503662e-01
2.192885428667068481e-01
4.707762300968170166e-01
3.102473318576812744e-01
3.836399018764495850e-01
2.003365904092788696e-01
2.996858656406402588e-01
2.542757391929626465e-01
2.074578255414962769e-01
3.079327046871185303e-01
2.608348131179809570e-01
2.337230443954467773e-01
1.750866025686264038e-01
2.348425537347793579e-01
3.120940029621124268e-01
2.257740497589111328e-01
2.058512717485427856e-01
2.431560158729553223e-01
2.879991233348846436e-01
2.849307954311370850e-01
2.532581388950347900e-01
2.444230169057846069e-01
2.368456721305847168e-01
3.140938580036163330e-01
2.402696609497070312e-01
1.957129389047622681e-01
2.464352846145629883e-01
2.020753622055053711e-01
3.085975646972656250e-01
1.874748915433883667e-01
1.800985783338546753e-01
2.359201759099960327e-01
2.357090711593627930e-01
2.854677140712738037e-01
4.886950254440307617e-01
2.715408802032470703e-01
2.892306149005889893e-01
2.768568992614746094e-01
2.751500010490417480e-01
1.740504950284957886e-01
1.910260915756225586e-01
2.935492098331451416e-01
2.224458009004592896e-01
2.440418004989624023e-01
2.595784366130828857e-01
3.063706457614898682e-01
1.730478256940841675e-01
1.970711350440979004e-01
4.556867778301239014e-01
2.241242378950119019e-01
4.027916193008422852e-01
2.120764404535293579e-01
2.019177079200744629e-01
2.542204558849334717e-01
3.163209259510040283e-01
5.301656126976013184e-01
2.255437374114990234e-01
2.076519280672073364e-01
1.974658817052841187e-01
3.414204120635986328e-01
2.489317208528518677e-01
2.503840029239654541e-01
2.610110342502593994e-01
2.163582593202590942e-01
2.668452262878417969e-01
3.043067753314971924e-01
2.278812378644943237e-01
2.439943403005599976e-01
5.150817036628723145e-01
3.269011676311492920e-01
1.998616009950637817e-01
2.311317473649978638e-01
3.237673342227935791e-01
2.521580159664154053e-01
2.380753010511398315e-01
2.959262728691101074e-01
2.025897055864334106e-01
2.604956924915313721e-01
1.725443750619888306e-01
2.882509827613830566e-01
3.319706618785858154e-01
1.286429613828659058e-01
2.247211486101150513e-01
3.467179834842681885e-01
1.828672289848327637e-01
3.442937135696411133e-01
1.829558014869689941e-01
3.100486993789672852e-01
1.938704252243041992e-01
3.050634562969207764e-01
6.846602559089660645e-01
2.237482219934463501e-01
2.472518831491470337e-01
4.517222344875335693e-01
2.180757522583007812e-01
1.848246604204177856e-01
2.927750349044799805e-01
2.749984264373779297e-01
3.043048977851867676e-01
2.907917201519012451e-01
2.693521976470947266e-01
1.941948384046554565e-01
2.874948084354400635e-01
2.351555973291397095e-01
2.268908470869064331e-01
2.030796408653259277e-01
1.682039946317672729e-01
2.528400123119354248e-01
2.034651488065719604e-01
1.888560801744461060e-01
2.219271063804626465e-01
2.699821293354034424e-01
2.506642639636993408e-01
2.593986690044403076e-01
2.577836811542510986e-01
2.259862869977951050e-01
2.254510670900344849e-01
3.657757341861724854e-01
2.543103992938995361e-01
1.885691881179809570e-01
2.233574390411376953e-01
2.667200863361358643e-01
3.690830767154693604e-01
1.904184222221374512e-01
2.190715819597244263e-01
2.120121270418167114e-01
3.414494097232818604e-01
3.699455559253692627e-01
2.312165498733520508e-01
2.189734727144241333e-01
2.216035276651382446e-01
2.405213266611099243e-01
1.765203922986984253e-01
2.015473097562789917e-01
2.761413753032684326e-01
1.909107118844985962e-01
2.176780551671981812e-01
1.514883488416671753e-01
3.804889619350433350e-01
1.895653456449508667e-01
1.995487660169601440e-01
2.170461863279342651e-01
2.884170711040496826e-01
1.341062486171722412e-01
2.434965819120407104e-01
3.078215122222900391e-01
1.825715750455856323e-01
5.012704133987426758e-01
1.865448504686355591e-01
2.617192566394805908e-01
2.170420438051223755e-01
3.057695627212524414e-01
2.194871157407760620e-01
2.790377140045166016e-01
1.765057593584060669e-01
4.440436363220214844e-01
1.711905449628829956e-01
2.822344601154327393e-01
2.454828470945358276e-01
2.430106401443481445e-01
2.064328789710998535e-01
1.949596405029296875e-01
2.467916458845138550e-01
2.786501348018646240e-01
2.504868805408477783e-01
1.893817931413650513e-01
3.120756447315216064e-01
2.419307678937911987e-01
2.141447067260742188e-01
2.636418640613555908e-01
3.147260546684265137e-01
2.198851555585861206e-01
2.777520716190338135e-01
1.674173921346664429e-01
1.769764572381973267e-01
3.018887341022491455e-01
2.244871109724044800e-01
2.794291079044342041e-01
2.136299014091491699e-01
1.847449541091918945e-01
3.707280457019805908e-01
2.796281576156616211e-01
3.191573321819305420e-01
2.462882250547409058e-01
2.360741347074508667e-01
2.460352033376693726e-01
3.052243888378143311e-01
3.115384578704833984e-01
2.016914486885070801e-01
2.464258223772048950e-01
2.352007031440734863e-01
2.882817983627319336e-01
2.614469826221466064e-01
2.318256944417953491e-01
2.277396768331527710e-01
1.779601126909255981e-01
3.499426841735839844e-01
2.020714730024337769e-01
2.184718847274780273e-01
2.060138434171676636e-01
3.863680362701416016e-01
1.566935926675796509e-01
2.411249428987503052e-01
2.385795861482620239e-01
2.748220264911651611e-01
2.057787328958511353e-01
1.942872256040573120e-01
3.376660346984863281e-01
2.124992609024047852e-01
1.685068011283874512e-01
1.973346471786499023e-01
1.963541656732559204e-01
3.177734911441802979e-01
2.361145764589309692e-01
1.673490256071090698e-01
2.052813321352005005e-01
2.022845000028610229e-01
2.360137253999710083e-01
4.185062944889068604e-01
1.815226823091506958e-01
2.749364078044891357e-01
2.913392484188079834e-01
1.558078378438949585e-01
2.008585929870605469e-01
2.068934887647628784e-01
3.618470132350921631e-01
2.107337713241577148e-01
2.961089611053466797e-01
2.038491964340209961e-01
2.580032646656036377e-01
2.125205248594284058e-01
2.527089416980743408e-01
2.243563085794448853e-01
2.726045846939086914e-01
2.525785863399505615e-01
5.075538158416748047e-01
2.569353282451629639e-01
2.503427565097808838e-01
1.537454128265380859e-01
2.093240767717361450e-01
1.898059099912643433e-01
4.014869630336761475e-01
2.540687024593353271e-01
2.212117314338684082e-01
3.681305944919586182e-01
2.811742126941680908e-01
1.890485137701034546e-01
2.323359251022338867e-01
2.405128926038742065e-01
2.023203521966934204e-01
2.230065912008285522e-01
2.924199104309082031e-01
2.224858999252319336e-01
2.806746065616607666e-01
2.006106823682785034e-01
2.884579598903656006e-01
2.150467038154602051e-01
1.927575916051864624e-01
2.629774510860443115e-01
3.199313879013061523e-01
3.811351358890533447e-01
2.636815011501312256e-01
2.487697154283523560e-01
2.035485506057739258e-01
2.003796100616455078e-01
2.351334244012832642e-01
2.038252353668212891e-01
2.390693426132202148e-01
2.170263975858688354e-01
2.383278608322143555e-01
2.059636712074279785e-01
2.541804313659667969e-01
1.707141399383544922e-01
2.989772558212280273e-01
3.090956509113311768e-01
2.684486210346221924e-01
2.590582668781280518e-01
2.198317199945449829e-01
2.431076765060424805e-01
3.170471787452697754e-01
2.176523208618164062e-01
2.525027394294738770e-01
3.465043604373931885e-01
2.738391458988189697e-01
2.376490682363510132e-01
2.266023159027099609e-01
3.468918800354003906e-01
3.413008749485015869e-01
2.108916640281677246e-01
1.617754697799682617e-01
2.067735344171524048e-01
3.209253251552581787e-01
1.748889684677124023e-01
1.595808118581771851e-01
2.071692794561386108e-01
1.981360167264938354e-01
2.041869014501571655e-01
2.638985812664031982e-01
2.091812938451766968e-01
2.469661086797714233e-01
2.650958597660064697e-01
1.734610646963119507e-01
1.896867007017135620e-01
2.655222117900848389e-01
3.020070791244506836e-01
2.429183870553970337e-01
2.824685573577880859e-01
2.631865143775939941e-01
1.698852330446243286e-01
1.910368949174880981e-01
2.923108041286468506e-01
1.572502106428146362e-01
2.261553406715393066e-01
2.526953816413879395e-01
5.333814620971679688e-01
2.478898167610168457e-01
2.874510288238525391e-01
1.778073161840438843e-01
2.011168748140335083e-01
2.658312320709228516e-01
1.994910687208175659e-01
2.045416384935379028e-01
2.503747045993804932e-01
1.911876648664474487e-01
3.674481809139251709e-01
2.260419577360153198e-01
3.054778277873992920e-01
2.348738163709640503e-01
1.833571046590805054e-01
1.915991902351379395e-01
7.438871264457702637e-01
3.152440786361694336e-01
2.247998267412185669e-01
2.688660919666290283e-01
2.999877035617828369e-01
2.523627281188964844e-01
1.991583853960037231e-01
1.453399807214736938e-01
3.486987650394439697e-01
1.810431480407714844e-01
1.864280700683593750e-01
4.810806810855865479e-01
3.257936537265777588e-01
3.013791739940643311e-01
1.948376893997192383e-01
3.488462269306182861e-01
2.616125047206878662e-01
3.058330416679382324e-01
2.986888587474822998e-01
3.421871960163116455e-01
2.465439438819885254e-01
2.563633024692535400e-01
2.010129839181900024e-01
2.806334495544433594e-01
1.641704887151718140e-01
2.392997145652770996e-01
2.234364300966262817e-01
2.415008544921875000e-01
2.024149894714355469e-01
2.473618984222412109e-01
1.471594423055648804e-01
4.454275071620941162e-01
3.029476106166839600e-01
4.083893597126007080e-01
2.022739648818969727e-01
2.426904439926147461e-01
1.935804039239883423e-01
3.066797554492950439e-01
2.714809179306030273e-01
3.196876943111419678e-01
2.585892081260681152e-01
1.833167225122451782e-01
2.318281084299087524e-01
2.521022856235504150e-01
2.302452176809310913e-01
2.858799695968627930e-01
1.866633445024490356e-01
2.133518904447555542e-01
2.350146174430847168e-01
2.632548213005065918e-01
3.388250768184661865e-01
3.111901283264160156e-01
1.770829409360885620e-01
2.170449644327163696e-01
2.047824859619140625e-01
2.393597364425659180e-01
2.041474580764770508e-01
2.162423133850097656e-01
2.274877578020095825e-01
2.307318896055221558e-01
2.033732682466506958e-01
2.825144231319427490e-01
1.528352499008178711e-01
1.640781164169311523e-01
2.416928410530090332e-01
2.547751367092132568e-01
2.631118595600128174e-01
1.808803230524063110e-01
2.337170094251632690e-01
2.426931858062744141e-01
2.115429192781448364e-01
2.377393990755081177e-01
1.850571036338806152e-01
2.547794878482818604e-01
3.328957855701446533e-01
1.733912974596023560e-01
2.048898339271545410e-01
1.704724431037902832e-01
2.560136020183563232e-01
2.789828181266784668e-01
1.829333901405334473e-01
2.515232264995574951e-01
2.043630629777908325e-01
1.747030764818191528e-01
1.550775617361068726e-01
2.306639999151229858e-01
2.512809634208679199e-01
1.923599094152450562e-01
2.004389613866806030e-01
2.551167309284210205e-01
3.363924920558929443e-01
1.987790912389755249e-01
2.910277545452117920e-01
3.058578372001647949e-01
2.158688902854919434e-01
2.402848452329635620e-01
2.101411372423171997e-01
1.999408155679702759e-01
2.945374548435211182e-01
1.435113698244094849e-01
6.251332163810729980e-01
2.106810361146926880e-01
2.090891152620315552e-01
4.079565107822418213e-01
5.867763757705688477e-01
2.630661725997924805e-01
2.418484687805175781e-01
2.613153457641601562e-01
2.193052321672439575e-01
1.716984957456588745e-01
2.522710263729095459e-01
2.085484117269515991e-01
1.731429100036621094e-01
1.782920956611633301e-01
2.466441392898559570e-01
2.668229639530181885e-01
2.100141048431396484e-01
2.450232505798339844e-01
2.123244255781173706e-01
3.431206643581390381e-01
2.088438272476196289e-01
2.798690795898437500e-01
2.825301885604858398e-01
2.038005143404006958e-01
2.086889296770095825e-01
3.542698919773101807e-01
2.009528279304504395e-01
1.618111729621887207e-01
3.947968482971191406e-01
3.411559760570526123e-01
2.340403050184249878e-01
2.683110237121582031e-01
2.563575506210327148e-01
2.217395752668380737e-01
1.913491040468215942e-01
1.812165528535842896e-01
2.417947500944137573e-01
2.355523258447647095e-01
3.124017715454101562e-01
2.265629768371582031e-01
2.668813467025756836e-01
2.786853611469268799e-01
2.527228295803070068e-01
2.245204001665115356e-01
2.192945331335067749e-01
1.829857826232910156e-01
3.799003362655639648e-01
2.631257474422454834e-01
2.836321592330932617e-01
2.881009280681610107e-01
2.129017561674118042e-01
1.927665024995803833e-01
2.385199815034866333e-01
2.385307401418685913e-01
2.718065679073333740e-01
4.749099016189575195e-01
2.182794660329818726e-01
2.206964492797851562e-01
2.545918524265289307e-01
2.045011967420578003e-01
2.199235707521438599e-01
2.270337790250778198e-01
1.506048887968063354e-01
1.962382346391677856e-01
2.867998480796813965e-01
2.239371091127395630e-01
3.595846593379974365e-01
3.695063889026641846e-01
2.745448648929595947e-01
3.059686720371246338e-01
2.038003206253051758e-01
2.391781806945800781e-01
2.544014155864715576e-01
2.407561540603637695e-01
2.591523230075836182e-01
3.437855243682861328e-01
2.282214909791946411e-01
4.362301528453826904e-01
1.927183270454406738e-01
2.561434805393218994e-01
3.164384067058563232e-01
1.784508973360061646e-01
2.428815960884094238e-01
3.245735466480255127e-01
2.379101514816284180e-01
2.564240694046020508e-01
1.910148113965988159e-01
2.779954075813293457e-01
2.839750051498413086e-01
2.144260853528976440e-01
2.623079717159271240e-01
3.309178054332733154e-01
2.411009073257446289e-01
1.905856281518936157e-01
2.327175587415695190e-01
2.325101345777511597e-01
2.107742279767990112e-01
2.908239662647247314e-01
3.619094789028167725e-01
1.958725601434707642e-01
1.847184151411056519e-01
3.870571553707122803e-01
3.217067718505859375e-01
1.577571034431457520e-01
2.453016191720962524e-01
4.050060510635375977e-01
2.627725601196289062e-01
