1.962989270687103271e-01
8.798459172248840332e-02
1.959094256162643433e-01
2.356283217668533325e-01
6.487356424331665039e-01
2.085094153881072998e-01
1.210810616612434387e-01
2.891541123390197754e-01
1.118143498897552490e-01
4.104865491390228271e-01
1.200337186455726624e-01
2.506058514118194580e-01
2.424618154764175415e-01
4.866486787796020508e-01
2.302444577217102051e-01
2.152114957571029663e-01
3.324334621429443359e-01
2.577545940876007080e-01
1.858497262001037598e-01
1.834223270416259766e-01
2.472873181104660034e-01
2.149348258972167969e-01
2.448563575744628906e-01
1.914269626140594482e-01
1.909858733415603638e-01
4.029570817947387695e-01
1.274611353874206543e-01
2.235199362039566040e-01
1.351688802242279053e-01
1.680136620998382568e-01
1.092950254678726196e-01
3.040911555290222168e-01
3.852508068084716797e-01
2.716591358184814453e-01
1.219395026564598083e-01
2.243607789278030396e-01
9.843580424785614014e-02
1.281078159809112549e-01
1.080034524202346802e-01
2.118380665779113770e-01
1.498903483152389526e-01
2.076539099216461182e-01
1.420881450176239014e-01
7.421766221523284912e-02
8.726525306701660156e-02
1.374049186706542969e-01
1.769356131553649902e-01
1.883424520492553711e-01
1.007767915725708008e-01
1.661876142024993896e-01
5.235023498535156250e-01
2.504248023033142090e-01
2.905911803245544434e-01
1.301576495170593262e-01
1.040438860654830933e-01
4.728721082210540771e-01
2.392282634973526001e-01
3.727384209632873535e-01
2.439961433410644531e-01
4.035739004611968994e-01
1.863708496093750000e-01
2.177946567535400391e-01
2.304481863975524902e-01
1.946022212505340576e-01
2.299997955560684204e-01
1.924806535243988037e-01
2.207481861114501953e-01
4.305340051651000977e-01
2.219907343387603760e-01
3.487317264080047607e-01
1.089587807655334473e-01
9.645915031433105469e-02
1.165305152535438538e-01
4.211891293525695801e-01
1.035687178373336792e-01
8.422252535820007324e-02
1.876718401908874512e-01
1.231811046600341797e-01
4.333508014678955078e-01
2.587271332740783691e-01
1.384234130382537842e-01
9.136366844177246094e-02
4.092247784137725830e-01
1.317726224660873413e-01
3.819297254085540771e-01
2.244016081094741821e-01
3.871698975563049316e-01
1.851359307765960693e-01
2.039898931980133057e-01
4.357097744941711426e-01
1.918252110481262207e-01
1.183661147952079773e-01
8.508825302124023438e-02
1.335781216621398926e-01
2.456263452768325806e-01
2.428867965936660767e-01
2.545788884162902832e-01
3.019807934761047363e-01
9.752167016267776489e-02
1.281801611185073853e-01
1.155195534229278564e-01
1.685146093368530273e-01
6.589370965957641602e-01
1.272144764661788940e-01
5.000966787338256836e-01
1.413686722517013550e-01
9.809795767068862915e-02
1.924064159393310547e-01
9.212850034236907959e-02
1.790700554847717285e-01
2.341659963130950928e-01
1.994319558143615723e-01
2.095067203044891357e-01
2.608271241188049316e-01
6.564697623252868652e-02
9.323050081729888916e-02
1.581536829471588135e-01
2.734566628932952881e-01
1.614551544189453125e-01
3.234490752220153809e-01
1.398161947727203369e-01
2.793184816837310791e-01
1.087917834520339966e-01
1.129479631781578064e-01
1.097261309623718262e-01
1.842532902956008911e-01
2.083917111158370972e-01
1.052581146359443665e-01
8.804134279489517212e-02
1.277519166469573975e-01
1.088125482201576233e-01
1.913958489894866943e-01
3.039270937442779541e-01
1.918915063142776489e-01
3.564177155494689941e-01
2.234576940536499023e-01
2.628318071365356445e-01
2.007899731397628784e-01
2.209690809249877930e-01
2.398818582296371460e-01
2.232962846755981445e-01
9.946182370185852051e-02
4.320781230926513672e-01
1.056447327136993408e-01
1.631586402654647827e-01
2.976047992706298828e-01
1.658375263214111328e-01
1.755159795284271240e-01
1.521461457014083862e-01
1.693926453590393066e-01
1.499564051628112793e-01
2.066891193389892578e-01
8.189834654331207275e-02
1.145513206720352173e-01
1.318406760692596436e-01
2.495658397674560547e-01
1.081146970391273499e-01
1.019740179181098938e-01
1.800952702760696411e-01
2.244773209095001221e-01
1.359591186046600342e-01
1.852280944585800171e-01
1.964495927095413208e-01
2.874345183372497559e-01
1.544452309608459473e-01
2.126924693584442139e-01
1.796003729104995728e-01
4.338278174400329590e-01
1.411868929862976074e-01
3.179905712604522705e-01
1.907343268394470215e-01
9.122481942176818848e-02
1.169558465480804443e-01
2.810311317443847656e-01
1.035439223051071167e-01
2.411434650421142578e-01
1.633837521076202393e-01
1.155024692416191101e-01
1.051535159349441528e-01
1.833072602748870850e-01
9.774962067604064941e-02
1.711151003837585449e-01
1.107555776834487915e-01
1.202226132154464722e-01
1.654040217399597168e-01
2.145136743783950806e-01
1.304514706134796143e-01
1.236075982451438904e-01
8.981931209564208984e-02
2.016305625438690186e-01
1.930269449949264526e-01
2.388639450073242188e-01
2.404701113700866699e-01
1.028171181678771973e-01
1.085255891084671021e-01
1.698785722255706787e-01
2.386883646249771118e-01
1.180408149957656860e-01
1.026783436536788940e-01
1.498863548040390015e-01
1.652833223342895508e-01
3.381338715553283691e-01
1.960791349411010742e-01
9.519772231578826904e-02
2.704723477363586426e-01
2.056321203708648682e-01
1.012377291917800903e-01
7.916799187660217285e-02
2.180368304252624512e-01
2.615182399749755859e-01
8.266207575798034668e-02
7.803286612033843994e-02
1.054548025131225586e-01
2.317947596311569214e-01
1.037500500679016113e-01
1.919616162776947021e-01
1.491580307483673096e-01
1.019243448972702026e-01
2.348995804786682129e-01
8.739182353019714355e-02
1.059225052595138550e-01
1.551961898803710938e-01
1.504396498203277588e-01
1.209471672773361206e-01
2.552605569362640381e-01
1.870004832744598389e-01
1.024610772728919983e-01
2.811279892921447754e-01
9.205830097198486328e-02
1.987535655498504639e-01
9.855852276086807251e-02
3.878220319747924805e-01
1.085529178380966187e-01
4.210397303104400635e-01
2.349090129137039185e-01
1.899867057800292969e-01
1.706846505403518677e-01
3.195993900299072266e-01
1.429553329944610596e-01
1.193334460258483887e-01
3.300530910491943359e-01
6.347066760063171387e-01
1.045395880937576294e-01
1.999510973691940308e-01
1.907904744148254395e-01
2.132610678672790527e-01
3.042548000812530518e-01
2.465469688177108765e-01
1.111438572406768799e-01
2.971769273281097412e-01
9.261857718229293823e-02
2.187179625034332275e-01
1.527257263660430908e-01
1.034385263919830322e-01
2.749764323234558105e-01
1.575752198696136475e-01
1.928300261497497559e-01
9.981833398342132568e-02
1.519213914871215820e-01
1.942110359668731689e-01
1.201560944318771362e-01
2.135686576366424561e-01
2.139511257410049438e-01
1.460071206092834473e-01
4.828462004661560059e-01
4.250646829605102539e-01
2.581523656845092773e-01
9.455699473619461060e-02
2.057807147502899170e-01
8.471855521202087402e-02
1.927732229232788086e-01
3.379828929901123047e-01
1.275303661823272705e-01
1.402453184127807617e-01
7.836238294839859009e-02
1.058981716632843018e-01
3.068348765373229980e-01
1.321208328008651733e-01
2.560902237892150879e-01
1.131591424345970154e-01
8.477370440959930420e-02
1.173615828156471252e-01
9.866409003734588623e-02
2.859599888324737549e-01
6.786730885505676270e-02
2.023443579673767090e-01
1.287293732166290283e-01
1.803189814090728760e-01
1.896898448467254639e-01
3.281946778297424316e-01
1.743131577968597412e-01
1.866577565670013428e-01
1.408013105392456055e-01
8.889173716306686401e-02
3.920102119445800781e-01
1.052023693919181824e-01
2.245426774024963379e-01
2.708412110805511475e-01
1.082727462053298950e-01
1.142815276980400085e-01
1.668179333209991455e-01
3.130648136138916016e-01
1.547628045082092285e-01
2.728589773178100586e-01
1.972248703241348267e-01
6.761617213487625122e-02
6.691750884056091309e-02
1.040778011083602905e-01
2.558228969573974609e-01
1.617030501365661621e-01
3.556557893753051758e-01
5.887837409973144531e-01
1.636157035827636719e-01
2.486672103404998779e-01
1.847930550575256348e-01
2.238989025354385376e-01
1.778067052364349365e-01
2.034702897071838379e-01
1.355525851249694824e-01
1.021466106176376343e-01
1.400547772645950317e-01
2.250721156597137451e-01
3.143156468868255615e-01
1.287875175476074219e-01
2.578418254852294922e-01
1.050174534320831299e-01
1.191571801900863647e-01
7.623996585607528687e-02
1.145226955413818359e-01
3.582744896411895752e-01
1.560742408037185669e-01
9.496232867240905762e-02
3.302015662193298340e-01
1.302500069141387939e-01
2.242285758256912231e-01
2.002226114273071289e-01
1.549580693244934082e-01
1.026002764701843262e-01
1.443242430686950684e-01
1.324045360088348389e-01
9.555239975452423096e-02
1.945990920066833496e-01
7.316263020038604736e-02
6.221238151192665100e-02
2.053583413362503052e-01
2.354954779148101807e-01
1.914173364639282227e-01
1.484096348285675049e-01
2.134155929088592529e-01
9.161339700222015381e-02
1.698920130729675293e-01
9.196941554546356201e-02
2.288528084754943848e-01
1.610482931137084961e-01
2.054309844970703125e-01
1.839962154626846313e-01
4.500060677528381348e-01
2.576147317886352539e-01
2.344916462898254395e-01
2.235638052225112915e-01
1.620438694953918457e-01
1.761443763971328735e-01
8.489035069942474365e-02
5.292257070541381836e-01
2.368380129337310791e-01
8.559894561767578125e-02
6.252251863479614258e-01
2.460545003414154053e-01
2.420433908700942993e-01
1.404516696929931641e-01
9.105484187602996826e-02
1.881755888462066650e-01
1.727369725704193115e-01
1.769296824932098389e-01
2.579367756843566895e-01
2.617581486701965332e-01
6.999836862087249756e-02
2.195437401533126831e-01
8.434306085109710693e-02
1.853962242603302002e-01
1.952293515205383301e-01
1.944942474365234375e-01
2.338789403438568115e-01
9.023897349834442139e-02
1.714649945497512817e-01
3.845245242118835449e-01
3.964683413505554199e-01
1.020155400037765503e-01
1.069008558988571167e-01
2.278685122728347778e-01
1.463040113449096680e-01
7.413940131664276123e-02
9.881985187530517578e-02
1.971922516822814941e-01
1.946142613887786865e-01
1.919451802968978882e-01
2.255004793405532837e-01
6.603975296020507812e-01
3.985696434974670410e-01
1.475569605827331543e-01
1.882112920284271240e-01
1.814008951187133789e-01
2.413675338029861450e-01
3.030604124069213867e-01
3.097898662090301514e-01
2.717791795730590820e-01
1.274457573890686035e-01
1.673137694597244263e-01
1.737858951091766357e-01
9.169425815343856812e-02
2.373538911342620850e-01
2.304610013961791992e-01
2.130209356546401978e-01
3.930603265762329102e-01
7.427259534597396851e-02
1.041352450847625732e-01
2.121077477931976318e-01
9.675251692533493042e-02
3.829017579555511475e-01
1.819125413894653320e-01
1.193757131695747375e-01
2.230559885501861572e-01
1.372847259044647217e-01
1.173329800367355347e-01
1.826085895299911499e-01
2.086494565010070801e-01
1.868420988321304321e-01
4.988310337066650391e-01
8.924020081758499146e-02
1.137884855270385742e-01
2.030180692672729492e-01
2.631531357765197754e-01
2.290294170379638672e-01
1.320063769817352295e-01
9.490241110324859619e-02
1.605965495109558105e-01
3.085466921329498291e-01
2.151915580034255981e-01
1.195776164531707764e-01
4.240276217460632324e-01
1.971893459558486938e-01
1.069674789905548096e-01
1.690831631422042847e-01
1.379295289516448975e-01
1.112755089998245239e-01
1.187552660703659058e-01
2.969175577163696289e-01
1.092449873685836792e-01
2.047424018383026123e-01
2.173978984355926514e-01
9.075418859720230103e-02
1.362043619155883789e-01
3.569290041923522949e-01
1.851707398891448975e-01
2.288855016231536865e-01
4.136472940444946289e-01
1.088120639324188232e-01
1.107609719038009644e-01
4.536594152450561523e-01
1.628421843051910400e-01
1.997511684894561768e-01
2.025654911994934082e-01
1.807960867881774902e-01
1.294965445995330811e-01
1.667643487453460693e-01
9.484128654003143311e-02
3.715611100196838379e-01
1.720183789730072021e-01
7.950293272733688354e-02
1.880749166011810303e-01
2.459187805652618408e-01
8.398916572332382202e-02
4.106658995151519775e-01
1.681648045778274536e-01
2.172027528285980225e-01
1.116763576865196228e-01
3.092568516731262207e-01
1.090593487024307251e-01
9.632124006748199463e-02
2.582180798053741455e-01
2.221241742372512817e-01
1.610454916954040527e-01
2.108344882726669312e-01
1.365849971771240234e-01
3.277174234390258789e-01
9.831756353378295898e-02
1.737237572669982910e-01
1.866588145494461060e-01
2.285769879817962646e-01
2.277367115020751953e-01
1.374555975198745728e-01
1.901038438081741333e-01
1.320188641548156738e-01
1.835631281137466431e-01
2.349330186843872070e-01
2.591693103313446045e-01
1.928879320621490479e-01
1.107818409800529480e-01
2.010677754878997803e-01
1.103081256151199341e-01
6.685256361961364746e-01
2.135671079158782959e-01
1.140767633914947510e-01
2.077831625938415527e-01
2.803399860858917236e-01
4.312507808208465576e-01
2.180276513099670410e-01
2.245886921882629395e-01
1.523196399211883545e-01
9.221795201301574707e-02
1.828122138977050781e-01
1.291741877794265747e-01
2.214851081371307373e-01
2.759676277637481689e-01
9.364704042673110962e-02
1.636731028556823730e-01
9.658170491456985474e-02
1.162411049008369446e-01
1.001375764608383179e-01
1.844798922538757324e-01
6.227977871894836426e-01
1.099918335676193237e-01
1.883499920368194580e-01
8.472779393196105957e-02
2.693484127521514893e-01
1.623518466949462891e-01
3.186075091361999512e-01
6.359052658081054688e-02
8.734379708766937256e-02
1.951004564762115479e-01
3.452082276344299316e-01
2.259635031223297119e-01
3.730804324150085449e-01
2.121935933828353882e-01
2.112276554107666016e-01
1.056488007307052612e-01
1.192071810364723206e-01
3.861263692378997803e-01
8.950977027416229248e-02
3.989770710468292236e-01
3.820946514606475830e-01
1.677070111036300659e-01
1.101694479584693909e-01
1.244094073772430420e-01
2.748444676399230957e-01
1.556134819984436035e-01
9.623685479164123535e-02
1.742620021104812622e-01
1.190190762281417847e-01
6.515954434871673584e-02
1.837255507707595825e-01
1.766440570354461670e-01
4.548160135746002197e-01
8.931137621402740479e-02
8.831933140754699707e-02
2.096093297004699707e-01
1.947176009416580200e-01
1.989788115024566650e-01
3.859485387802124023e-01
1.041358485817909241e-01
1.999447196722030640e-01
1.120920330286026001e-01
9.021386504173278809e-02
9.908180683851242065e-02
9.923783689737319946e-02
1.647574305534362793e-01
4.927773773670196533e-01
2.037702202796936035e-01
2.292961478233337402e-01
1.049339473247528076e-01
2.635359764099121094e-01
1.076138764619827271e-01
1.094988808035850525e-01
1.026121824979782104e-01
1.551320552825927734e-01
3.590688705444335938e-01
1.027582883834838867e-01
1.316887438297271729e-01
1.168696731328964233e-01
2.243942171335220337e-01
2.469245493412017822e-01
2.192561924457550049e-01
1.830574423074722290e-01
7.251435518264770508e-02
1.388328671455383301e-01
3.247170448303222656e-01
8.435128629207611084e-02
2.296657115221023560e-01
2.365213334560394287e-01
1.035569682717323303e-01
4.246152639389038086e-01
1.935453265905380249e-01
1.172917485237121582e-01
2.529737055301666260e-01
1.246454715728759766e-01
1.727251112461090088e-01
1.362185776233673096e-01
1.355480253696441650e-01
3.037613630294799805e-01
1.863296478986740112e-01
9.083283692598342896e-02
1.023688018321990967e-01
2.336003184318542480e-01
1.549699306488037109e-01
2.802048921585083008e-01
2.246470600366592407e-01
6.495458632707595825e-02
1.122206747531890869e-01
1.747994124889373779e-01
3.014492392539978027e-01
2.175106406211853027e-01
2.379018366336822510e-01
5.225585699081420898e-01
1.597536504268646240e-01
1.077834516763687134e-01
7.457046955823898315e-02
2.160800397396087646e-01
1.989639103412628174e-01
1.680433601140975952e-01
1.559546738862991333e-01
9.207234531641006470e-02
1.862449049949645996e-01
2.870746850967407227e-01
1.685930639505386353e-01
2.485171556472778320e-01
2.003154158592224121e-01
1.924705207347869873e-01
2.291148900985717773e-01
1.166936382651329041e-01
1.040625423192977905e-01
2.199773490428924561e-01
1.969197988510131836e-01
2.994058132171630859e-01
2.826766073703765869e-01
9.906587004661560059e-02
1.059262007474899292e-01
1.858836412429809570e-01
5.103022456169128418e-01
1.591887027025222778e-01
1.717988252639770508e-01
2.327326834201812744e-01
1.159975603222846985e-01
7.298802584409713745e-02
8.820103108882904053e-02
8.436861634254455566e-02
8.767232298851013184e-02
2.503030598163604736e-01
1.893518418073654175e-01
8.685378730297088623e-02
1.911837011575698853e-01
2.578145265579223633e-01
1.005518883466720581e-01
2.943717241287231445e-01
8.210213482379913330e-02
8.317168056964874268e-02
1.091631650924682617e-01
2.375701069831848145e-01
1.505884528160095215e-01
9.377233684062957764e-02
1.009176298975944519e-01
2.706929445266723633e-01
8.253341913223266602e-02
1.265047341585159302e-01
2.333676517009735107e-01
2.350401133298873901e-01
1.913934499025344849e-01
2.178055495023727417e-01
1.742053031921386719e-01
1.181802302598953247e-01
1.889321804046630859e-01
8.465659618377685547e-02
2.235180735588073730e-01
1.083632931113243103e-01
1.968788504600524902e-01
4.027953147888183594e-01
1.064447611570358276e-01
1.773151010274887085e-01
1.812723875045776367e-01
3.058936595916748047e-01
1.086040437221527100e-01
4.077848792076110840e-01
9.242762625217437744e-02
1.798955351114273071e-01
1.344699263572692871e-01
1.672063767910003662e-01
1.660268604755401611e-01
1.514611244201660156e-01
8.264425396919250488e-02
1.106678098440170288e-01
8.700609207153320312e-02
1.897679567337036133e-01
4.887793064117431641e-01
1.371443569660186768e-01
2.031222879886627197e-01
7.112093269824981689e-02
1.950577199459075928e-01
1.487711966037750244e-01
2.339567840099334717e-01
1.740281730890274048e-01
7.325959950685501099e-02
1.590106189250946045e-01
2.151177376508712769e-01
1.139175444841384888e-01
2.260279655456542969e-01
2.030719220638275146e-01
1.146325618028640747e-01
2.160837948322296143e-01
2.819543778896331787e-01
1.532056182622909546e-01
9.436050057411193848e-02
2.401908636093139648e-01
2.411187440156936646e-01
1.773704737424850464e-01
1.430456191301345825e-01
2.653935253620147705e-01
8.802958577871322632e-02
1.026471331715583801e-01
2.225427329540252686e-01
2.154351174831390381e-01
1.297072470188140869e-01
1.289076209068298340e-01
1.153887733817100525e-01
2.454930692911148071e-01
1.810315549373626709e-01
1.636348664760589600e-01
1.231589019298553467e-01
2.041239142417907715e-01
2.409029752016067505e-01
8.283169567584991455e-02
1.678323149681091309e-01
1.290836036205291748e-01
9.178485721349716187e-02
1.474824845790863037e-01
1.173398047685623169e-01
2.079562246799468994e-01
1.012180671095848083e-01
1.475765556097030640e-01
1.288915872573852539e-01
1.196765452623367310e-01
9.170660376548767090e-02
4.423375129699707031e-01
1.134223341941833496e-01
8.676005154848098755e-02
3.419904112815856934e-01
1.215169429779052734e-01
2.005770802497863770e-01
1.567130684852600098e-01
2.484651654958724976e-01
3.117544054985046387e-01
4.697584807872772217e-01
2.764595448970794678e-01
1.298482865095138550e-01
3.423384428024291992e-01
1.650558710098266602e-01
7.734279334545135498e-02
1.841727197170257568e-01
2.104933559894561768e-01
1.946886777877807617e-01
1.703478246927261353e-01
1.341469287872314453e-01
1.886707842350006104e-01
1.790774315595626831e-01
2.427866607904434204e-01
1.039053946733474731e-01
1.886046826839447021e-01
1.994975358247756958e-01
4.560571908950805664e-01
1.263047009706497192e-01
1.343754380941390991e-01
3.376511931419372559e-01
1.783359050750732422e-01
2.535440325736999512e-01
1.840467751026153564e-01
1.108231097459793091e-01
2.492902874946594238e-01
1.854935735464096069e-01
1.513513028621673584e-01
1.765588223934173584e-01
1.428892612457275391e-01
4.955541491508483887e-01
1.908876895904541016e-01
1.742522120475769043e-01
1.837412416934967041e-01
1.757798343896865845e-01
8.504816889762878418e-02
1.187070459127426147e-01
1.004991307854652405e-01
1.030268073081970215e-01
2.565678060054779053e-01
5.136595964431762695e-01
3.525617122650146484e-01
1.586180925369262695e-01
1.919975876808166504e-01
3.142391741275787354e-01
1.955179274082183838e-01
1.032786741852760315e-01
2.166124731302261353e-01
2.073832452297210693e-01
2.816686034202575684e-01
2.393049299716949463e-01
1.401880681514739990e-01
4.117878079414367676e-01
2.469229400157928467e-01
4.666200280189514160e-01
2.113118767738342285e-01
1.574919819831848145e-01
1.382192373275756836e-01
1.503070741891860962e-01
1.061754226684570312e-01
2.490791678428649902e-01
1.075863465666770935e-01
1.227385848760604858e-01
3.091370761394500732e-01
9.257790446281433105e-02
4.607551693916320801e-01
2.333794534206390381e-01
2.316846102476119995e-01
1.010633558034896851e-01
1.472416669130325317e-01
2.817101180553436279e-01
4.002685248851776123e-01
1.176209896802902222e-01
9.170810133218765259e-02
1.758762449026107788e-01
1.938888430595397949e-01
2.155925482511520386e-01
2.889461219310760498e-01
3.307725787162780762e-01
2.011428177356719971e-01
9.762508422136306763e-02
1.874984502792358398e-01
2.177770137786865234e-01
2.268554270267486572e-01
1.781407594680786133e-01
1.623470932245254517e-01
9.598860144615173340e-02
3.919234871864318848e-01
4.048883020877838135e-01
2.514492273330688477e-01
3.083177506923675537e-01
1.182893812656402588e-01
1.925909966230392456e-01
9.285163134336471558e-02
2.260168790817260742e-01
1.490733325481414795e-01
1.713353097438812256e-01
3.122107982635498047e-01
7.695993781089782715e-02
1.905096471309661865e-01
9.689136594533920288e-02
1.060311645269393921e-01
3.086047470569610596e-01
1.095482036471366882e-01
2.298530638217926025e-01
3.104701936244964600e-01
2.693912386894226074e-01
2.134737074375152588e-01
1.883348673582077026e-01
8.970129489898681641e-02
9.037764370441436768e-02
6.869689226150512695e-01
1.732925325632095337e-01
1.240011379122734070e-01
2.106433212757110596e-01
1.166529208421707153e-01
9.757174551486968994e-02
1.042996570467948914e-01
8.122669160366058350e-02
1.717807948589324951e-01
2.016586214303970337e-01
2.105029076337814331e-01
2.453350424766540527e-01
1.025536358356475830e-01
7.464642822742462158e-02
1.971430629491806030e-01
1.871997117996215820e-01
7.564728707075119019e-02
9.585103392601013184e-02
3.448353409767150879e-01
1.419210433959960938e-01
1.049547344446182251e-01
9.521726518869400024e-02
9.162011742591857910e-02
2.021611630916595459e-01
2.030925154685974121e-01
1.014408990740776062e-01
5.094156861305236816e-01
7.559892535209655762e-02
4.195782840251922607e-01
1.166170313954353333e-01
1.205075532197952271e-01
1.074003502726554871e-01
2.143651843070983887e-01
3.081244528293609619e-01
1.024415940046310425e-01
1.280446350574493408e-01
2.959659695625305176e-01
2.334437072277069092e-01
1.976530849933624268e-01
3.407939970493316650e-01
2.522003054618835449e-01
2.416594028472900391e-01
2.125964462757110596e-01
6.835192441940307617e-02
2.178058326244354248e-01
1.455775797367095947e-01
8.332185447216033936e-02
2.029194533824920654e-01
8.997546881437301636e-02
1.726016998291015625e-01
2.163307368755340576e-01
3.233535885810852051e-01
2.862738072872161865e-01
2.129513472318649292e-01
1.531803607940673828e-01
2.470140755176544189e-01
1.688380837440490723e-01
2.350818663835525513e-01
6.653402745723724365e-02
2.236171960830688477e-01
4.769253730773925781e-01
9.492340683937072754e-02
1.034014821052551270e-01
1.099962443113327026e-01
2.855679690837860107e-01
1.169224828481674194e-01
1.848702430725097656e-01
1.901315599679946899e-01
1.864336729049682617e-01
4.208295643329620361e-01
1.673075705766677856e-01
1.804449409246444702e-01
1.901885867118835449e-01
4.229459762573242188e-01
9.644126892089843750e-02
1.827275753021240234e-01
2.043703198432922363e-01
1.959076970815658569e-01
1.142574623227119446e-01
9.104833006858825684e-02
2.031520307064056396e-01
1.613958328962326050e-01
1.082151830196380615e-01
1.803323030471801758e-01
1.210953146219253540e-01
1.705883741378784180e-01
4.020465910434722900e-01
2.791091799736022949e-01
7.227127254009246826e-02
1.723170578479766846e-01
1.568667292594909668e-01
2.152998149394989014e-01
1.503024995326995850e-01
6.975984573364257812e-02
1.035256460309028625e-01
1.291539072990417480e-01
1.002581417560577393e-01
2.201833575963973999e-01
2.463836669921875000e-01
1.095252633094787598e-01
1.140931174159049988e-01
6.771846115589141846e-02
1.709370017051696777e-01
1.069057434797286987e-01
1.552469432353973389e-01
1.564704179763793945e-01
2.394523471593856812e-01
3.315535187721252441e-01
2.686925232410430908e-01
2.324320375919342041e-01
1.909861713647842407e-01
9.880951046943664551e-02
3.307143449783325195e-01
2.199626863002777100e-01
1.539179682731628418e-01
1.094166561961174011e-01
3.943099081516265869e-01
2.160656005144119263e-01
1.078055128455162048e-01
2.875830531120300293e-01
1.110992878675460815e-01
2.355060875415802002e-01
1.880127191543579102e-01
1.718689203262329102e-01
2.199313640594482422e-01
1.327095627784729004e-01
1.191837489604949951e-01
8.891138434410095215e-02
1.127894222736358643e-01
7.497799396514892578e-02
8.845245093107223511e-02
1.448266208171844482e-01
2.210230231285095215e-01
1.617989838123321533e-01
7.033428549766540527e-02
4.109584689140319824e-01
1.024986654520034790e-01
1.270693093538284302e-01
1.422113031148910522e-01
2.205617129802703857e-01
1.715821027755737305e-01
2.177314162254333496e-01
1.248081997036933899e-01
2.168182730674743652e-01
1.379147320985794067e-01
1.805390417575836182e-01
2.491576671600341797e-01
1.001652479171752930e-01
9.675867110490798950e-02
6.849507987499237061e-02
1.357238292694091797e-01
1.974173784255981445e-01
2.035904973745346069e-01
1.474483907222747803e-01
9.227214753627777100e-02
4.813795685768127441e-01
2.404951155185699463e-01
3.072623014450073242e-01
1.054600179195404053e-01
1.027418226003646851e-01
2.403462827205657959e-01
9.588810801506042480e-02
2.297244668006896973e-01
1.915680468082427979e-01
2.664863467216491699e-01
2.207498997449874878e-01
1.756780743598937988e-01
3.285482525825500488e-01
1.129489392042160034e-01
9.140535444021224976e-02
7.682651281356811523e-02
8.807658404111862183e-02
2.173554897308349609e-01
3.265187144279479980e-01
3.635873794555664062e-01
2.084091603755950928e-01
2.021188139915466309e-01
1.061175316572189331e-01
9.197628498077392578e-02
2.421079277992248535e-01
1.643193215131759644e-01
1.395393460988998413e-01
1.469070315361022949e-01
1.579152047634124756e-01
1.471930444240570068e-01
2.059172987937927246e-01
2.224844843149185181e-01
1.022021770477294922e-01
1.010937094688415527e-01
2.177484035491943359e-01
1.930391192436218262e-01
5.993382930755615234e-01
1.051020249724388123e-01
2.250642180442810059e-01
1.876743733882904053e-01
1.096522510051727295e-01
1.233318671584129333e-01
1.528279781341552734e-01
2.041597664356231689e-01
1.593449562788009644e-01
1.003258004784584045e-01
1.493821293115615845e-01
1.850222647190093994e-01
2.469379603862762451e-01
3.160955011844635010e-01
1.899717748165130615e-01
1.229205653071403503e-01
1.023065745830535889e-01
2.045510560274124146e-01
1.961840689182281494e-01
3.554308116436004639e-01
3.471884429454803467e-01
2.547120749950408936e-01
1.878470480442047119e-01
1.391644477844238281e-01
3.622930049896240234e-01
2.107646167278289795e-01
1.984907984733581543e-01
1.064098328351974487e-01
8.942379802465438843e-02
1.102724075317382812e-01
2.978841960430145264e-01
2.072899490594863892e-01
1.581934094429016113e-01
8.945471048355102539e-02
8.980508893728256226e-02
1.480143964290618896e-01
1.524254083633422852e-01
3.019550740718841553e-01
2.715956568717956543e-01
2.352431416511535645e-01
3.935354948043823242e-01
1.030865907669067383e-01
2.340149283409118652e-01
2.220781594514846802e-01
1.552637815475463867e-01
1.851151287555694580e-01
2.216950356960296631e-01
2.061733156442642212e-01
1.661235094070434570e-01
2.514344155788421631e-01
2.053994983434677124e-01
2.582677602767944336e-01
1.130432561039924622e-01
9.155674278736114502e-02
1.745299994945526123e-01
6.930756568908691406e-02
1.978898942470550537e-01
1.005612015724182129e-01
9.245008230209350586e-02
9.982915222644805908e-02
1.056292876601219177e-01
1.675019264221191406e-01
2.179220169782638550e-01
3.724203109741210938e-01
1.870437860488891602e-01
1.430197358131408691e-01
1.992197036743164062e-01
2.247766256332397461e-01
1.004480049014091492e-01
1.011277586221694946e-01
3.806849718093872070e-01
4.743386507034301758e-01
1.969072520732879639e-01
1.016710847616195679e-01
1.359442770481109619e-01
2.192808538675308228e-01
1.650062501430511475e-01
2.221587598323822021e-01
1.867651790380477905e-01
1.932177394628524780e-01
1.033381819725036621e-01
2.460374683141708374e-01
7.727690786123275757e-02
9.501361846923828125e-02
8.242672681808471680e-02
1.883271783590316772e-01
1.035708636045455933e-01
1.711830198764801025e-01
1.607366502285003662e-01
2.284031957387924194e-01
2.308202385902404785e-01
1.312009990215301514e-01
1.620743721723556519e-01
1.169556453824043274e-01
9.550958126783370972e-02
9.437694400548934937e-02
2.612285017967224121e-01
2.208134531974792480e-01
1.423877477645874023e-01
1.925028711557388306e-01
9.414236992597579956e-02
1.348137408494949341e-01
8.789332211017608643e-02
1.656753569841384888e-01
1.083424687385559082e-01
1.946036517620086670e-01
5.152503252029418945e-01
2.930099368095397949e-01
2.307349145412445068e-01
2.336001843214035034e-01
1.206192523241043091e-01
1.892003417015075684e-01
1.597909927368164062e-01
2.490628659725189209e-01
1.093553900718688965e-01
1.109885871410369873e-01
9.711379557847976685e-02
9.032939374446868896e-02
1.956094801425933838e-01
1.055606305599212646e-01
9.078183770179748535e-02
2.874182760715484619e-01
2.340643107891082764e-01
9.740267693996429443e-02
1.603302806615829468e-01
1.080845817923545837e-01
1.200407072901725769e-01
1.713279485702514648e-01
3.059670925140380859e-01
1.691274344921112061e-01
1.140237823128700256e-01
8.483989536762237549e-02
2.093015015125274658e-01
1.260598897933959961e-01
1.111855059862136841e-01
2.693922519683837891e-01
1.300495862960815430e-01
4.096452593803405762e-01
5.667429566383361816e-01
1.708503067493438721e-01
7.137875258922576904e-02
2.057642191648483276e-01
1.085730791091918945e-01
1.012264937162399292e-01
8.809173107147216797e-02
9.912243485450744629e-02
1.469656229019165039e-01
2.620700597763061523e-01
6.401903182268142700e-02
2.350977808237075806e-01
2.494984865188598633e-01
1.066724509000778198e-01
1.377521455287933350e-01
3.338484168052673340e-01
1.109953373670578003e-01
9.436786174774169922e-02
1.028003990650177002e-01
8.690772205591201782e-02
8.017789572477340698e-02
1.066006273031234741e-01
2.700957059860229492e-01
2.239413261413574219e-01
2.126253843307495117e-01
1.438667923212051392e-01
2.838781774044036865e-01
2.256398350000381470e-01
1.256613433361053467e-01
1.942917257547378540e-01
3.193049728870391846e-01
1.780063509941101074e-01
6.651309877634048462e-02
1.853476315736770630e-01
1.911708563566207886e-01
8.863358199596405029e-02
5.274229645729064941e-01
2.219268828630447388e-01
7.749061286449432373e-02
2.833532094955444336e-01
1.920432448387145996e-01
2.531421482563018799e-01
9.234501421451568604e-02
1.011939048767089844e-01
1.110872775316238403e-01
2.131154537200927734e-01
1.265484392642974854e-01
1.096041426062583923e-01
1.546129733324050903e-01
1.928683221340179443e-01
1.251486539840698242e-01
8.700182288885116577e-02
2.355774641036987305e-01
1.826819181442260742e-01
1.167047843337059021e-01
1.825420856475830078e-01
8.980353176593780518e-02
2.112675607204437256e-01
8.595550805330276489e-02
8.326276391744613647e-02
1.327314525842666626e-01
1.254292130470275879e-01
1.910451948642730713e-01
1.098428368568420410e-01
2.620674669742584229e-01
2.108840942382812500e-01
1.110103130340576172e-01
1.437149792909622192e-01
9.636887907981872559e-02
4.059671163558959961e-01
9.571108222007751465e-02
2.339706122875213623e-01
1.736822426319122314e-01
5.117961764335632324e-01
1.151128858327865601e-01
5.244520902633666992e-01
1.091149598360061646e-01
1.752426922321319580e-01
2.418346107006072998e-01
2.611920833587646484e-01
7.116588205099105835e-02
9.171529114246368408e-02
8.309631049633026123e-02
2.069974690675735474e-01
3.367425799369812012e-01
2.451059967279434204e-01
1.177994608879089355e-01
2.943437695503234863e-01
1.147322058677673340e-01
8.602735400199890137e-02
1.658065021038055420e-01
2.208331823348999023e-01
1.743697822093963623e-01
1.997355222702026367e-01
1.984587013721466064e-01
9.854371845722198486e-02
1.672193408012390137e-01
8.764536678791046143e-02
1.211551576852798462e-01
1.630401313304901123e-01
1.691358089447021484e-01
2.492098212242126465e-01
1.960681229829788208e-01
9.227064251899719238e-02
8.265054225921630859e-02
1.123566478490829468e-01
1.425794959068298340e-01
1.978759765625000000e-01
3.001251220703125000e-01
4.547395706176757812e-01
2.828932404518127441e-01
1.409184634685516357e-01
1.477309316396713257e-01
9.476841986179351807e-02
