1.703537702560424805e-01
2.594696879386901855e-01
3.525884151458740234e-01
1.029942035675048828e-01
1.408608257770538330e-01
2.398023605346679688e-01
3.023301362991333008e-01
1.699464619159698486e-01
1.300678253173828125e-01
3.606670498847961426e-01
1.450101137161254883e-01
1.140358373522758484e-01
7.288474589586257935e-02
2.142193019390106201e-01
1.284556388854980469e-01
4.314655065536499023e-01
1.006507948040962219e-01
8.736605197191238403e-02
3.348841071128845215e-01
1.103012710809707642e-01
2.716868221759796143e-01
4.142397940158843994e-01
1.910840719938278198e-01
1.409585177898406982e-01
2.952578961849212646e-01
2.504955530166625977e-01
2.101573646068572998e-01
1.128492280840873718e-01
1.668634414672851562e-01
1.212526485323905945e-01
2.191903740167617798e-01
9.334556758403778076e-02
2.070327252149581909e-01
1.243611276149749756e-01
2.298804819583892822e-01
1.294298022985458374e-01
1.632225066423416138e-01
2.962987124919891357e-01
1.995952725410461426e-01
2.827898859977722168e-01
1.697491705417633057e-01
7.978571951389312744e-02
2.904630899429321289e-01
1.720482259988784790e-01
1.487626433372497559e-01
2.660455107688903809e-01
3.599096536636352539e-01
1.052834019064903259e-01
1.926000267267227173e-01
2.194556742906570435e-01
1.063427478075027466e-01
1.067146956920623779e-01
2.050771713256835938e-01
1.821485459804534912e-01
3.227110505104064941e-01
1.082039922475814819e-01
1.175179407000541687e-01
2.004890292882919312e-01
2.696659862995147705e-01
3.311766684055328369e-01
8.601561933755874634e-02
3.581697344779968262e-01
1.088613718748092651e-01
9.282847493886947632e-02
1.048132553696632385e-01
1.037804633378982544e-01
1.180245429277420044e-01
2.328076064586639404e-01
1.024338454008102417e-01
2.573731243610382080e-01
2.045516073703765869e-01
1.888725459575653076e-01
9.672418236732482910e-02
1.358111500740051270e-01
1.088162809610366821e-01
1.204410344362258911e-01
2.297891378402709961e-01
1.980800628662109375e-01
1.636710166931152344e-01
4.590326845645904541e-01
3.195233941078186035e-01
4.171206951141357422e-01
8.615164458751678467e-02
2.980938851833343506e-01
1.455214768648147583e-01
1.805513948202133179e-01
1.176908463239669800e-01
1.252912431955337524e-01
2.254311889410018921e-01
7.767564058303833008e-02
1.544412970542907715e-01
9.836621582508087158e-02
3.365872204303741455e-01
1.589210331439971924e-01
8.813956379890441895e-02
1.682004928588867188e-01
1.450123190879821777e-01
2.004392594099044800e-01
3.022700846195220947e-01
4.216392934322357178e-01
1.568262279033660889e-01
1.162407696247100830e-01
1.675929427146911621e-01
3.831291794776916504e-01
8.298913240432739258e-01
2.227275520563125610e-01
2.133141905069351196e-01
9.656368196010589600e-02
3.166114687919616699e-01
1.802457869052886963e-01
1.351913958787918091e-01
2.461419701576232910e-01
1.674102097749710083e-01
2.024257779121398926e-01
1.576249152421951294e-01
9.650686383247375488e-02
1.480431109666824341e-01
1.146029606461524963e-01
1.782875061035156250e-01
1.811793595552444458e-01
2.170746922492980957e-01
9.992879629135131836e-02
1.064669787883758545e-01
3.967591822147369385e-01
1.388023793697357178e-01
1.029877811670303345e-01
1.113044470548629761e-01
1.150390356779098511e-01
1.296485364437103271e-01
2.050630003213882446e-01
1.214579269289970398e-01
9.803511202335357666e-02
1.708492487668991089e-01
2.087444812059402466e-01
2.864379882812500000e-01
1.757222712039947510e-01
1.557317823171615601e-01
1.650068461894989014e-01
1.303431689739227295e-01
9.787251055240631104e-02
2.669742107391357422e-01
8.809800446033477783e-02
3.273428678512573242e-01
1.391382515430450439e-01
1.981449127197265625e-01
2.908298373222351074e-01
1.830002069473266602e-01
1.358487904071807861e-01
1.166558340191841125e-01
1.416426748037338257e-01
9.050215780735015869e-02
3.947795033454895020e-01
2.008029222488403320e-01
2.049033045768737793e-01
1.832917034626007080e-01
1.965256780385971069e-01
1.122769266366958618e-01
8.780431002378463745e-02
3.873906135559082031e-01
1.266164332628250122e-01
1.673085689544677734e-01
1.589864194393157959e-01
1.764161288738250732e-01
1.347404420375823975e-01
9.736888110637664795e-02
3.916131258010864258e-01
2.305001616477966309e-01
1.103175580501556396e-01
1.122266650199890137e-01
2.087522149085998535e-01
1.149070411920547485e-01
2.839773893356323242e-01
1.750838756561279297e-01
4.016151130199432373e-01
1.345627009868621826e-01
8.106964081525802612e-02
2.155979126691818237e-01
3.012681603431701660e-01
3.832994699478149414e-01
9.830380231142044067e-02
1.566280424594879150e-01
1.723968833684921265e-01
1.437178701162338257e-01
1.050291433930397034e-01
1.473421156406402588e-01
7.537074089050292969e-01
1.473888009786605835e-01
1.764645576477050781e-01
1.390194594860076904e-01
1.625967323780059814e-01
2.383942008018493652e-01
2.749050855636596680e-01
1.234137713909149170e-01
1.419924795627593994e-01
9.812749922275543213e-02
1.876984387636184692e-01
1.296302974224090576e-01
1.730929762125015259e-01
1.948301643133163452e-01
9.426297247409820557e-02
8.503289520740509033e-02
1.559305340051651001e-01
9.901163727045059204e-02
1.244684085249900818e-01
2.339399755001068115e-01
1.239291876554489136e-01
1.676534712314605713e-01
1.465201079845428467e-01
2.302430272102355957e-01
9.128248691558837891e-02
1.747352629899978638e-01
1.420693993568420410e-01
1.009403467178344727e-01
4.980312585830688477e-01
2.035962045192718506e-01
1.124993860721588135e-01
1.026711314916610718e-01
1.307011842727661133e-01
2.562237977981567383e-01
1.334986388683319092e-01
1.798337101936340332e-01
8.829643577337265015e-02
1.399340331554412842e-01
3.162567913532257080e-01
1.204907894134521484e-01
7.730318605899810791e-02
1.263293623924255371e-01
1.855920702219009399e-01
1.965761184692382812e-01
7.083215713500976562e-01
2.414809167385101318e-01
1.506759226322174072e-01
1.723661571741104126e-01
1.514125466346740723e-01
9.943424165248870850e-02
1.849788427352905273e-01
2.371371388435363770e-01
2.370028495788574219e-01
2.833297848701477051e-01
1.503758579492568970e-01
2.050408422946929932e-01
1.041495278477668762e-01
3.110068142414093018e-01
2.188527137041091919e-01
1.520220339298248291e-01
9.653212130069732666e-02
3.420719802379608154e-01
2.510190010070800781e-01
2.257838398218154907e-01
1.691084504127502441e-01
9.929804503917694092e-02
1.324487626552581787e-01
1.002339571714401245e-01
2.931658625602722168e-01
1.024868041276931763e-01
1.516808271408081055e-01
2.031342685222625732e-01
2.157559692859649658e-01
3.300193846225738525e-01
9.181628376245498657e-02
1.157203316688537598e-01
1.053083613514900208e-01
1.519580185413360596e-01
7.185515761375427246e-02
1.682877391576766968e-01
1.402142643928527832e-01
3.462571501731872559e-01
2.365215867757797241e-01
1.879822909832000732e-01
1.851319372653961182e-01
1.523906588554382324e-01
1.738137453794479370e-01
2.220113724470138550e-01
2.838770151138305664e-01
1.306013017892837524e-01
1.786869764328002930e-01
2.045636773109436035e-01
1.518441289663314819e-01
4.877253472805023193e-01
2.498068809509277344e-01
1.928204596042633057e-01
1.040264591574668884e-01
2.607364058494567871e-01
1.516788303852081299e-01
1.497631967067718506e-01
2.214348763227462769e-01
9.316381812095642090e-02
2.484200149774551392e-01
2.030079364776611328e-01
1.027465760707855225e-01
1.438385397195816040e-01
2.080514729022979736e-01
2.110899686813354492e-01
1.063599884510040283e-01
1.738961040973663330e-01
1.482027769088745117e-01
3.347695767879486084e-01
1.932243853807449341e-01
3.272835910320281982e-01
1.934962868690490723e-01
2.338884621858596802e-01
1.227605640888214111e-01
1.684696227312088013e-01
3.961803913116455078e-01
1.343822926282882690e-01
8.642224222421646118e-02
1.856071352958679199e-01
3.671059310436248779e-01
2.208918333053588867e-01
1.332856714725494385e-01
1.048598289489746094e-01
1.284157931804656982e-01
1.985636651515960693e-01
1.722734570503234863e-01
1.556842625141143799e-01
2.950553596019744873e-01
1.935314536094665527e-01
9.650713950395584106e-02
2.527512907981872559e-01
1.672008931636810303e-01
1.310503333806991577e-01
9.583465754985809326e-02
4.247939586639404297e-01
5.284727215766906738e-01
1.823429465293884277e-01
2.821965813636779785e-01
2.122558653354644775e-01
1.861072480678558350e-01
1.336460709571838379e-01
1.439919024705886841e-01
2.634808719158172607e-01
2.882966399192810059e-01
3.384997248649597168e-01
1.852228939533233643e-01
1.379064470529556274e-01
1.406345069408416748e-01
1.043010801076889038e-01
1.532142609357833862e-01
1.609965711832046509e-01
1.195020675659179688e-01
1.968493163585662842e-01
2.433351725339889526e-01
1.286378502845764160e-01
8.598823845386505127e-02
1.376773118972778320e-01
1.492612659931182861e-01
1.659450381994247437e-01
8.264178782701492310e-02
1.386322677135467529e-01
2.336484789848327637e-01
1.135996952652931213e-01
8.739004284143447876e-02
2.029464393854141235e-01
1.404152512550354004e-01
1.106348931789398193e-01
1.037093549966812134e-01
9.685324877500534058e-02
2.002559602260589600e-01
3.485893905162811279e-01
1.035192757844924927e-01
3.034511506557464600e-01
2.339226752519607544e-01
1.909725368022918701e-01
3.912937641143798828e-01
1.985873430967330933e-01
1.963252574205398560e-01
1.316353380680084229e-01
1.379785388708114624e-01
1.288034617900848389e-01
2.555657327175140381e-01
2.106416672468185425e-01
1.083289980888366699e-01
1.692112237215042114e-01
2.321081757545471191e-01
1.291404813528060913e-01
1.764686703681945801e-01
9.414075314998626709e-02
1.381179392337799072e-01
1.657637953758239746e-01
9.601800143718719482e-02
1.552534997463226318e-01
1.737194061279296875e-01
7.298365831375122070e-01
1.385126858949661255e-01
2.041931301355361938e-01
2.054468989372253418e-01
2.405225187540054321e-01
1.378766596317291260e-01
1.810702383518218994e-01
1.254851520061492920e-01
9.195878356695175171e-02
9.001447260379791260e-02
1.403070241212844849e-01
1.766123473644256592e-01
1.472542583942413330e-01
9.431968629360198975e-02
2.471167147159576416e-01
6.088387966156005859e-01
1.415718197822570801e-01
1.186419203877449036e-01
1.037736088037490845e-01
1.021906733512878418e-01
9.379491209983825684e-02
1.224777102470397949e-01
1.641583442687988281e-01
8.394500613212585449e-02
1.939873993396759033e-01
1.778302937746047974e-01
7.475011050701141357e-02
9.760020673274993896e-02
8.862985670566558838e-02
1.465920805931091309e-01
2.290702462196350098e-01
8.556828647851943970e-02
1.649434417486190796e-01
2.641469836235046387e-01
1.624694466590881348e-01
1.374874562025070190e-01
2.006565928459167480e-01
1.965768486261367798e-01
1.104014962911605835e-01
2.518510520458221436e-01
7.873687148094177246e-02
1.095890104770660400e-01
9.132072329521179199e-02
1.747405976057052612e-01
8.931432664394378662e-02
2.341804355382919312e-01
1.832327246665954590e-01
1.055454909801483154e-01
8.341093361377716064e-02
2.162311822175979614e-01
1.829181760549545288e-01
2.755020260810852051e-01
2.417801320552825928e-01
1.811323910951614380e-01
2.135339975357055664e-01
1.735506653785705566e-01
1.519300937652587891e-01
2.193204462528228760e-01
1.378236114978790283e-01
7.419659197330474854e-02
6.873743236064910889e-02
2.933529019355773926e-01
1.421152651309967041e-01
1.867332607507705688e-01
1.510264426469802856e-01
2.817324697971343994e-01
4.870129227638244629e-01
4.063487052917480469e-01
2.976955771446228027e-01
1.581823527812957764e-01
8.749023824930191040e-02
1.776141822338104248e-01
8.812256157398223877e-02
1.969887018203735352e-01
1.101682633161544800e-01
1.655269563198089600e-01
1.607191562652587891e-01
1.616283059120178223e-01
2.497776895761489868e-01
1.009214073419570923e-01
1.199423745274543762e-01
8.113409578800201416e-02
1.589808762073516846e-01
9.828608483076095581e-02
1.017854064702987671e-01
2.492555975914001465e-01
1.521997153759002686e-01
1.487735509872436523e-01
1.752359122037887573e-01
1.955608427524566650e-01
1.089958623051643372e-01
9.400977194309234619e-02
2.887061834335327148e-01
1.887334734201431274e-01
1.305845230817794800e-01
1.607967317104339600e-01
9.507568180561065674e-02
3.730293214321136475e-01
2.983134984970092773e-01
1.067819446325302124e-01
7.880807667970657349e-02
1.154837086796760559e-01
1.541949063539505005e-01
1.560544371604919434e-01
1.712419986724853516e-01
1.918701827526092529e-01
1.455728113651275635e-01
1.644313782453536987e-01
2.062455713748931885e-01
1.266017109155654907e-01
9.864015877246856689e-02
1.175368428230285645e-01
2.970911264419555664e-01
2.292496860027313232e-01
1.622173190116882324e-01
3.777615725994110107e-01
1.657327860593795776e-01
3.682583272457122803e-01
1.618227958679199219e-01
2.254153788089752197e-01
1.277786791324615479e-01
2.172385752201080322e-01
1.796820461750030518e-01
4.188944995403289795e-01
9.553392976522445679e-02
1.524088680744171143e-01
4.206559956073760986e-01
1.671249270439147949e-01
2.921430468559265137e-01
1.509868502616882324e-01
9.345906227827072144e-02
1.423907727003097534e-01
9.304539114236831665e-02
2.264172732830047607e-01
1.112118214368820190e-01
1.703307330608367920e-01
8.974950015544891357e-02
9.263099730014801025e-02
9.265370666980743408e-02
2.456693649291992188e-01
9.032014012336730957e-02
1.620835959911346436e-01
1.558654159307479858e-01
1.049197465181350708e-01
1.950381994247436523e-01
1.147501990199089050e-01
1.869241446256637573e-01
7.577786594629287720e-02
9.589472413063049316e-02
9.786212444305419922e-02
1.213765442371368408e-01
8.761176466941833496e-02
7.806682586669921875e-02
2.299678772687911987e-01
1.675594896078109741e-01
6.935802102088928223e-01
9.619788825511932373e-02
2.628043591976165771e-01
2.149596959352493286e-01
2.615485787391662598e-01
3.340858221054077148e-01
1.967449188232421875e-01
2.417496889829635620e-01
2.296284437179565430e-01
7.576552033424377441e-02
1.576808542013168335e-01
1.108146235346794128e-01
1.518326103687286377e-01
1.765718013048171997e-01
3.887935280799865723e-01
1.177484393119812012e-01
1.637479513883590698e-01
1.457026153802871704e-01
1.421942412853240967e-01
1.454364061355590820e-01
1.007163822650909424e-01
7.742151618003845215e-02
8.770139515399932861e-02
1.853468269109725952e-01
1.472171992063522339e-01
7.389268279075622559e-02
1.651990115642547607e-01
1.152630448341369629e-01
1.423649787902832031e-01
9.827706217765808105e-02
1.004604548215866089e-01
2.009687423706054688e-01
9.313517063856124878e-02
1.620587110519409180e-01
4.127428233623504639e-01
1.941829025745391846e-01
2.101783752441406250e-01
2.708874344825744629e-01
8.044841885566711426e-02
9.956619143486022949e-02
2.040116637945175171e-01
1.060694158077239990e-01
4.234768152236938477e-01
1.208204701542854309e-01
1.345348954200744629e-01
1.388169229030609131e-01
9.600528329610824585e-02
9.754673391580581665e-02
6.263481378555297852e-01
2.296580374240875244e-01
2.975989580154418945e-01
1.279570460319519043e-01
1.433062255382537842e-01
1.385620534420013428e-01
1.027031838893890381e-01
1.496251374483108521e-01
2.111313045024871826e-01
3.206017613410949707e-01
1.432752460241317749e-01
2.975484728813171387e-01
1.610756516456604004e-01
3.227515220642089844e-01
3.951664566993713379e-01
5.817933082580566406e-01
4.472371339797973633e-01
2.020745873451232910e-01
3.939702510833740234e-01
1.504983305931091309e-01
1.607660502195358276e-01
9.941510856151580811e-02
1.190545111894607544e-01
2.381646484136581421e-01
1.785437762737274170e-01
1.629789173603057861e-01
1.559033691883087158e-01
8.186846226453781128e-02
1.586620658636093140e-01
1.180650740861892700e-01
1.714867055416107178e-01
1.176094487309455872e-01
1.907222568988800049e-01
1.985807418823242188e-01
9.869810342788696289e-01
1.515811681747436523e-01
1.639162898063659668e-01
1.807076036930084229e-01
9.088626503944396973e-02
2.851728796958923340e-01
1.712609082460403442e-01
6.784127652645111084e-02
1.660739183425903320e-01
8.038098365068435669e-02
1.669243276119232178e-01
8.471821248531341553e-02
9.372206032276153564e-02
1.813926100730895996e-01
1.848707795143127441e-01
1.003044843673706055e-01
1.394689530134201050e-01
2.779862582683563232e-01
8.625277131795883179e-02
1.674649566411972046e-01
3.739425837993621826e-01
9.331561625003814697e-02
2.629654705524444580e-01
2.071698307991027832e-01
3.227030336856842041e-01
1.927161812782287598e-01
8.793129026889801025e-02
1.617845892906188965e-01
1.424963772296905518e-01
1.127852648496627808e-01
1.659335941076278687e-01
1.544898450374603271e-01
1.665160059928894043e-01
2.031201869249343872e-01
2.165541946887969971e-01
1.293789893388748169e-01
1.647221148014068604e-01
3.405914008617401123e-01
3.437802493572235107e-01
9.453365206718444824e-02
2.834362387657165527e-01
1.706437468528747559e-01
2.730953693389892578e-01
1.436036825180053711e-01
2.474986165761947632e-01
2.633869647979736328e-01
1.645662784576416016e-01
9.385599941015243530e-02
3.348622620105743408e-01
8.171494305133819580e-02
1.521103829145431519e-01
8.457723259925842285e-02
1.533351540565490723e-01
1.724941730499267578e-01
7.089598178863525391e-01
1.794083714485168457e-01
1.994948983192443848e-01
1.892292350530624390e-01
7.140620052814483643e-02
3.858757317066192627e-01
1.883273422718048096e-01
1.573207676410675049e-01
2.862433493137359619e-01
1.586157977581024170e-01
1.096023246645927429e-01
1.028626561164855957e-01
1.512554883956909180e-01
1.959471702575683594e-01
3.632444739341735840e-01
2.045037746429443359e-01
1.005268245935440063e-01
1.625042408704757690e-01
1.625574380159378052e-01
1.889956891536712646e-01
1.376585513353347778e-01
2.039317935705184937e-01
1.741905808448791504e-01
8.082988858222961426e-02
1.730854809284210205e-01
9.327572584152221680e-02
1.485492587089538574e-01
2.552772462368011475e-01
1.568568050861358643e-01
6.841503083705902100e-02
9.236063063144683838e-02
2.711167335510253906e-01
7.660966366529464722e-02
1.730111241340637207e-01
1.839534789323806763e-01
1.512581110000610352e-01
1.709756106138229370e-01
1.339611411094665527e-01
2.124977707862854004e-01
3.433439731597900391e-01
1.513109207153320312e-01
1.591503024101257324e-01
8.422468602657318115e-02
1.383493244647979736e-01
1.568046510219573975e-01
7.909505069255828857e-02
2.386827021837234497e-01
2.541047334671020508e-01
1.835422664880752563e-01
9.123738110065460205e-02
2.022674828767776489e-01
1.693110764026641846e-01
1.949179321527481079e-01
8.260756731033325195e-02
1.878510266542434692e-01
1.959233433008193970e-01
9.968284517526626587e-02
1.098052710294723511e-01
1.573732793331146240e-01
2.372096329927444458e-01
3.497295975685119629e-01
1.828318089246749878e-01
1.745003759860992432e-01
1.094742566347122192e-01
2.051092088222503662e-01
1.199981868267059326e-01
1.757060289382934570e-01
1.197838112711906433e-01
9.994181990623474121e-02
1.840608716011047363e-01
1.099651306867599487e-01
1.400851607322692871e-01
1.962167173624038696e-01
7.666300237178802490e-02
9.541264176368713379e-02
1.045419871807098389e-01
1.404814124107360840e-01
9.863866865634918213e-02
1.437004506587982178e-01
1.679473668336868286e-01
8.735030144453048706e-02
7.921087741851806641e-02
4.635748267173767090e-01
8.287303149700164795e-02
8.815035969018936157e-02
1.391854882240295410e-01
1.103071421384811401e-01
2.412119805812835693e-01
3.935709595680236816e-01
1.289857327938079834e-01
1.737541407346725464e-01
9.487390518188476562e-02
6.967302411794662476e-02
1.862681806087493896e-01
1.666418015956878662e-01
1.300643831491470337e-01
2.365489453077316284e-01
1.928356140851974487e-01
2.193495333194732666e-01
9.505538642406463623e-02
9.201821684837341309e-02
1.201266571879386902e-01
1.195322573184967041e-01
2.660279870033264160e-01
9.630343317985534668e-02
1.771307587623596191e-01
1.723122000694274902e-01
1.239245533943176270e-01
2.002946734428405762e-01
7.393684983253479004e-02
9.992365539073944092e-02
9.401828795671463013e-02
1.842925995588302612e-01
1.870571672916412354e-01
9.676748514175415039e-02
1.752671599388122559e-01
3.322404921054840088e-01
3.666283488273620605e-01
1.577261835336685181e-01
1.919147968292236328e-01
2.850052118301391602e-01
1.954598724842071533e-01
1.903259754180908203e-01
1.051715910434722900e-01
1.455961465835571289e-01
1.501989811658859253e-01
1.580100357532501221e-01
1.742306351661682129e-01
1.119585186243057251e-01
2.023289352655410767e-01
9.687690436840057373e-02
3.349209427833557129e-01
1.166568398475646973e-01
4.063747227191925049e-01
1.341025978326797485e-01
1.336350589990615845e-01
2.153113782405853271e-01
3.535215556621551514e-01
8.160945028066635132e-02
1.175029948353767395e-01
1.647205650806427002e-01
1.544626355171203613e-01
1.510272771120071411e-01
1.526396870613098145e-01
4.453434348106384277e-01
2.448257058858871460e-01
9.694077074527740479e-02
9.291989356279373169e-02
3.456151485443115234e-01
9.452807158231735229e-02
1.575214266777038574e-01
1.335822343826293945e-01
2.374487370252609253e-01
1.748696565628051758e-01
7.638218998908996582e-02
1.772765517234802246e-01
8.498171716928482056e-02
1.683316826820373535e-01
2.067955136299133301e-01
1.460774540901184082e-01
2.051076889038085938e-01
1.591983735561370850e-01
1.226422637701034546e-01
2.042721360921859741e-01
1.603474020957946777e-01
2.176749706268310547e-01
1.784389019012451172e-01
2.057333588600158691e-01
1.495301723480224609e-01
1.005212143063545227e-01
1.548391878604888916e-01
2.343374043703079224e-01
7.624012231826782227e-02
2.731994688510894775e-01
9.518961608409881592e-02
1.427999138832092285e-01
9.304550290107727051e-02
2.532167434692382812e-01
4.845668971538543701e-01
1.732093989849090576e-01
2.320513427257537842e-01
8.577522635459899902e-02
1.064226999878883362e-01
2.255715429782867432e-01
1.574287712574005127e-01
1.249140426516532898e-01
1.846065521240234375e-01
2.361004054546356201e-01
5.114883780479431152e-01
1.887677013874053955e-01
1.141221523284912109e-01
2.018153220415115356e-01
1.092627570033073425e-01
8.941473066806793213e-02
1.474032998085021973e-01
9.562509506940841675e-02
8.899015188217163086e-02
1.201212406158447266e-01
1.041186153888702393e-01
1.691074669361114502e-01
1.049317494034767151e-01
3.622555434703826904e-01
1.463578045368194580e-01
3.571245670318603516e-01
1.706982254981994629e-01
1.614892482757568359e-01
9.345035254955291748e-02
1.669527292251586914e-01
2.097009569406509399e-01
1.244273111224174500e-01
1.501518636941909790e-01
1.645604670047760010e-01
1.033445596694946289e-01
8.048887550830841064e-02
1.167212575674057007e-01
1.790463328361511230e-01
1.171950697898864746e-01
1.906198412179946899e-01
1.096091642975807190e-01
1.895819455385208130e-01
9.458358585834503174e-02
7.940243184566497803e-02
7.720404863357543945e-02
9.932601451873779297e-02
2.081537246704101562e-01
1.217274218797683716e-01
3.105749189853668213e-01
1.846912503242492676e-01
1.238519549369812012e-01
1.874670684337615967e-01
1.059569418430328369e-01
7.407622933387756348e-01
1.584069728851318359e-01
2.998164892196655273e-01
2.343295514583587646e-01
7.695395499467849731e-02
2.005852460861206055e-01
1.031845882534980774e-01
1.088636964559555054e-01
4.850437045097351074e-01
1.175957024097442627e-01
1.097011268138885498e-01
1.356366872787475586e-01
1.056944355368614197e-01
1.620106101036071777e-01
3.714810013771057129e-01
2.022291123867034912e-01
1.057887822389602661e-01
1.025121882557868958e-01
1.636326611042022705e-01
2.633479833602905273e-01
1.706655174493789673e-01
1.611250936985015869e-01
1.438709646463394165e-01
3.036112189292907715e-01
1.602511703968048096e-01
1.324283331632614136e-01
1.831963658332824707e-01
1.616007089614868164e-01
1.543047726154327393e-01
2.157332897186279297e-01
1.519564241170883179e-01
1.737616062164306641e-01
1.868984103202819824e-01
1.144768074154853821e-01
8.287091553211212158e-02
1.793613433837890625e-01
1.536200046539306641e-01
1.084106713533401489e-01
1.429981291294097900e-01
9.346567094326019287e-02
2.708221971988677979e-01
1.353325247764587402e-01
9.787772595882415771e-02
2.369951009750366211e-01
1.941687613725662231e-01
2.010664939880371094e-01
9.931368380784988403e-02
1.731713712215423584e-01
9.338854253292083740e-02
1.571562439203262329e-01
1.754001080989837646e-01
1.454306393861770630e-01
2.221070975065231323e-01
8.293415606021881104e-02
1.536287069320678711e-01
4.796450436115264893e-01
2.587773799896240234e-01
9.299492835998535156e-02
1.646940410137176514e-01
1.643813103437423706e-01
2.696330547332763672e-01
9.115030616521835327e-02
2.533794343471527100e-01
2.722243070602416992e-01
3.591366410255432129e-01
2.367868125438690186e-01
1.071256101131439209e-01
2.206832915544509888e-01
2.059045135974884033e-01
1.462701261043548584e-01
1.777073889970779419e-01
8.220831304788589478e-02
1.788089573383331299e-01
4.129319489002227783e-01
1.012071967124938965e-01
1.673346161842346191e-01
1.587163954973220825e-01
1.673919856548309326e-01
8.954414725303649902e-02
9.771487116813659668e-02
1.454884707927703857e-01
1.752891242504119873e-01
1.957249790430068970e-01
2.989646792411804199e-01
1.073025315999984741e-01
1.614031791687011719e-01
2.629351019859313965e-01
2.062963992357254028e-01
1.176408976316452026e-01
1.361542940139770508e-01
1.458485722541809082e-01
1.055599451065063477e-01
1.991680562496185303e-01
1.031816005706787109e-01
1.906061768531799316e-01
1.925273090600967407e-01
1.810135692358016968e-01
1.796567440032958984e-01
1.019296497106552124e-01
1.707396805286407471e-01
1.915545463562011719e-01
1.645250022411346436e-01
2.376994192600250244e-01
2.851646840572357178e-01
1.605807691812515259e-01
1.731500327587127686e-01
2.041694670915603638e-01
1.006084606051445007e-01
1.518099159002304077e-01
1.666651666164398193e-01
1.031447350978851318e-01
7.927755266427993774e-02
2.288814187049865723e-01
3.139672279357910156e-01
1.728425920009613037e-01
8.932460844516754150e-02
1.436290442943572998e-01
1.272421628236770630e-01
1.826556622982025146e-01
1.686263084411621094e-01
2.364521920680999756e-01
1.902030557394027710e-01
1.381465643644332886e-01
5.677571296691894531e-01
1.979960501194000244e-01
8.184444159269332886e-02
7.616521418094635010e-02
1.533201634883880615e-01
1.679155528545379639e-01
2.022168487310409546e-01
1.549042016267776489e-01
1.099307462573051453e-01
1.243120133876800537e-01
1.228658184409141541e-01
1.541071981191635132e-01
1.284858435392379761e-01
1.053057312965393066e-01
1.893225163221359253e-01
1.183331161737442017e-01
1.958800554275512695e-01
2.546395659446716309e-01
1.089937537908554077e-01
3.090967833995819092e-01
1.490293741226196289e-01
1.538237631320953369e-01
4.095961451530456543e-01
1.862425506114959717e-01
9.175608307123184204e-02
1.515851169824600220e-01
3.337961137294769287e-01
1.937270909547805786e-01
7.938651740550994873e-02
3.417917490005493164e-01
1.669134944677352905e-01
7.625932246446609497e-02
1.660539656877517700e-01
1.684964001178741455e-01
9.859425574541091919e-02
8.886682242155075073e-02
1.856083571910858154e-01
1.675397157669067383e-01
1.544705033302307129e-01
2.031721770763397217e-01
8.768574893474578857e-02
9.122079610824584961e-02
9.933833032846450806e-02
1.504218280315399170e-01
1.332706212997436523e-01
2.021782994270324707e-01
1.158396303653717041e-01
1.473765820264816284e-01
6.792046129703521729e-02
8.773840963840484619e-02
1.688101291656494141e-01
3.423298597335815430e-01
1.197882443666458130e-01
3.323472142219543457e-01
1.316370069980621338e-01
1.550346016883850098e-01
1.106502860784530640e-01
1.989728063344955444e-01
2.010381370782852173e-01
2.091808319091796875e-01
1.860325634479522705e-01
2.971149086952209473e-01
1.525367796421051025e-01
1.071496605873107910e-01
2.027354240417480469e-01
2.976707518100738525e-01
2.144029289484024048e-01
1.048555672168731689e-01
9.943413734436035156e-02
2.309481501579284668e-01
1.376555263996124268e-01
1.010003536939620972e-01
1.662740558385848999e-01
1.437072157859802246e-01
2.401030957698822021e-01
1.240092143416404724e-01
1.359822303056716919e-01
2.570653557777404785e-01
1.157678365707397461e-01
1.561690270900726318e-01
1.073221415281295776e-01
1.723616570234298706e-01
1.004983931779861450e-01
1.891531944274902344e-01
1.209024488925933838e-01
1.235152706503868103e-01
2.425770461559295654e-01
1.311348974704742432e-01
1.095131114125251770e-01
2.604188323020935059e-01
9.218263626098632812e-02
3.250993192195892334e-01
3.677359223365783691e-01
1.166095435619354248e-01
1.118673309683799744e-01
1.794235706329345703e-01
3.141637146472930908e-01
4.059847593307495117e-01
3.381456136703491211e-01
1.742333769798278809e-01
2.116274833679199219e-01
7.154575735330581665e-02
9.678797423839569092e-02
2.088360786437988281e-01
1.786645352840423584e-01
1.602112650871276855e-01
1.293137371540069580e-01
8.709882199764251709e-02
9.954650700092315674e-02
1.523164510726928711e-01
1.492351442575454712e-01
9.253312647342681885e-02
7.429423928260803223e-02
2.774621248245239258e-01
1.300944387912750244e-01
1.089176237583160400e-01
2.689512670040130615e-01
2.312880903482437134e-01
1.856114268302917480e-01
2.290086150169372559e-01
2.295980751514434814e-01
3.569050133228302002e-01
1.448236107826232910e-01
2.465139180421829224e-01
4.252856075763702393e-01
1.825023293495178223e-01
1.890944838523864746e-01
1.953739374876022339e-01
1.886314153671264648e-01
1.234782040119171143e-01
9.167583286762237549e-02
8.472384512424468994e-02
9.958757460117340088e-02
2.250197380781173706e-01
1.471247673034667969e-01
1.439707130193710327e-01
8.244375884532928467e-02
2.853641211986541748e-01
1.235819533467292786e-01
1.019474938511848450e-01
8.399152755737304688e-02
1.063026934862136841e-01
9.622327983379364014e-02
2.014004588127136230e-01
2.261899709701538086e-01
1.617161631584167480e-01
9.130818396806716919e-02
1.221043020486831665e-01
3.162491917610168457e-01
1.705259978771209717e-01
1.413505226373672485e-01
2.053950577974319458e-01
9.061774611473083496e-02
3.263214230537414551e-01
1.454405784606933594e-01
1.740874350070953369e-01
1.457721590995788574e-01
1.619069278240203857e-01
6.145926713943481445e-01
1.790960729122161865e-01
1.142171025276184082e-01
1.754312217235565186e-01
7.489548623561859131e-02
8.985219895839691162e-02
2.161383479833602905e-01
2.522709965705871582e-01
1.042136996984481812e-01
1.715288460254669189e-01
1.199953779578208923e-01
9.710575640201568604e-02
9.527510404586791992e-02
4.020870923995971680e-01
2.104204595088958740e-01
8.103846013545989990e-02
1.015367135405540466e-01
1.038956195116043091e-01
2.393346577882766724e-01
1.051271408796310425e-01
1.569776535034179688e-01
3.836450576782226562e-01
1.026558056473731995e-01
2.801474332809448242e-01
4.155355393886566162e-01
1.877521276473999023e-01
1.578820049762725830e-01
2.189843207597732544e-01
5.314046740531921387e-01
1.285599470138549805e-01
1.508604437112808228e-01
1.394254565238952637e-01
9.256413578987121582e-02
8.277860283851623535e-02
2.790796160697937012e-01
7.310120761394500732e-02
1.406985819339752197e-01
1.724364906549453735e-01
9.744241833686828613e-02
4.579398334026336670e-01
1.445392817258834839e-01
9.929548203945159912e-02
7.695901393890380859e-02
2.536065578460693359e-01
2.264007031917572021e-01
1.270192563533782959e-01
2.415535449981689453e-01
7.251572608947753906e-02
1.085381507873535156e-01
1.981315016746520996e-01
8.596771210432052612e-02
1.738864928483963013e-01
8.287504315376281738e-02
6.364974379539489746e-02
1.533357799053192139e-01
1.111569553613662720e-01
1.754573285579681396e-01
1.068679690361022949e-01
4.091489911079406738e-01
1.985487043857574463e-01
9.910035133361816406e-02
1.108542531728744507e-01
2.571040391921997070e-01
1.775304973125457764e-01
2.727057039737701416e-01
2.635841369628906250e-01
3.160303235054016113e-01
4.316236376762390137e-01
2.404536306858062744e-01
4.173512756824493408e-01
2.773678004741668701e-01
1.029576212167739868e-01
1.711887717247009277e-01
1.381579637527465820e-01
1.065937131643295288e-01
1.338137984275817871e-01
1.630459427833557129e-01
1.816410273313522339e-01
1.064572930335998535e-01
1.510308086872100830e-01
1.989564299583435059e-01
8.699008822441101074e-02
9.773179888725280762e-02
2.024643719196319580e-01
1.000527739524841309e-01
2.014882862567901611e-01
9.509874880313873291e-02
8.648682385683059692e-02
8.470946550369262695e-02
2.246568650007247925e-01
2.778980731964111328e-01
1.321762502193450928e-01
9.676574170589447021e-02
1.535530686378479004e-01
1.557654440402984619e-01
2.296026647090911865e-01
1.173542141914367676e-01
9.651146829128265381e-02
1.476982682943344116e-01
1.729211807250976562e-01
1.643575429916381836e-01
1.656111180782318115e-01
1.206949204206466675e-01
4.807544946670532227e-01
3.731154501438140869e-01
2.486904263496398926e-01
1.436415314674377441e-01
1.655079424381256104e-01
1.253051161766052246e-01
5.812927484512329102e-01
2.530888915061950684e-01
1.384188383817672729e-01
9.360900521278381348e-02
1.021965146064758301e-01
1.124944984912872314e-01
2.019126415252685547e-01
3.778772950172424316e-01
2.089213430881500244e-01
