3.133623003959655762e-01
6.120482683181762695e-01
2.157886028289794922e-01
5.485308170318603516e-01
2.503005266189575195e-01
5.290808677673339844e-01
3.815494179725646973e-01
5.244753360748291016e-01
7.059977650642395020e-01
3.260191082954406738e-01
6.945961713790893555e-01
2.667199075222015381e-01
3.256761431694030762e-01
5.670800209045410156e-01
6.217600107192993164e-01
4.895616769790649414e-01
8.156529664993286133e-01
3.424566090106964111e-01
4.500532746315002441e-01
5.111100077629089355e-01
5.081275701522827148e-01
2.661553323268890381e-01
4.949499964714050293e-01
4.455170631408691406e-01
4.661704301834106445e-01
4.282331466674804688e-01
3.658238947391510010e-01
5.168144702911376953e-01
5.260359644889831543e-01
7.673999071121215820e-01
5.421737432479858398e-01
6.168804168701171875e-01
3.641435503959655762e-01
4.223428368568420410e-01
5.497798323631286621e-01
5.427172183990478516e-01
2.968879044055938721e-01
9.185403585433959961e-01
4.951401352882385254e-01
4.021860063076019287e-01
4.314841628074645996e-01
4.158750772476196289e-01
4.464244842529296875e-01
2.560106515884399414e-01
6.018400192260742188e-01
4.636483490467071533e-01
4.307466745376586914e-01
3.721758127212524414e-01
5.305058360099792480e-01
6.006785631179809570e-01
9.340430498123168945e-01
4.719733893871307373e-01
7.102628946304321289e-01
5.530102849006652832e-01
6.378072500228881836e-01
2.565582990646362305e-01
2.902656495571136475e-01
2.708830535411834717e-01
7.558925151824951172e-01
2.836159169673919678e-01
3.954775929450988770e-01
5.480103492736816406e-01
2.916256189346313477e-01
3.773241043090820312e-01
2.402085810899734497e-01
4.524653851985931396e-01
3.927416801452636719e-01
3.409023880958557129e-01
2.497479170560836792e-01
3.196118474006652832e-01
3.564262986183166504e-01
7.136206626892089844e-01
3.786204457283020020e-01
4.038821160793304443e-01
6.681230068206787109e-01
2.498213797807693481e-01
4.476944804191589355e-01
3.438461124897003174e-01
2.493414878845214844e-01
5.308952331542968750e-01
4.725142717361450195e-01
7.881437540054321289e-01
4.946695566177368164e-01
3.522055149078369141e-01
4.858534336090087891e-01
4.411697983741760254e-01
2.662564218044281006e-01
4.620393514633178711e-01
4.090773463249206543e-01
3.485679626464843750e-01
2.428404241800308228e-01
5.780104994773864746e-01
9.151847362518310547e-01
1.997649073600769043e-01
3.114082813262939453e-01
4.790342152118682861e-01
2.778782844543457031e-01
3.218339681625366211e-01
4.340124130249023438e-01
3.967071473598480225e-01
3.151603341102600098e-01
3.741005659103393555e-01
7.218456268310546875e-01
8.956913948059082031e-01
2.324407994747161865e-01
5.225830078125000000e-01
3.424423038959503174e-01
1.902966499328613281e-01
3.177040815353393555e-01
2.487692832946777344e-01
2.577121853828430176e-01
4.371929168701171875e-01
2.573466300964355469e-01
4.230596423149108887e-01
4.627617597579956055e-01
4.987793862819671631e-01
2.295695245265960693e-01
3.940726816654205322e-01
2.062766551971435547e-01
2.127746343612670898e-01
6.637170314788818359e-01
2.463608384132385254e-01
4.361509084701538086e-01
3.243721127510070801e-01
1.926084309816360474e-01
1.474877297878265381e-01
3.792382478713989258e-01
6.013132929801940918e-01
1.896360218524932861e-01
2.451092898845672607e-01
2.045348733663558960e-01
3.797374367713928223e-01
5.987209677696228027e-01
4.249051809310913086e-01
4.296717047691345215e-01
4.145271480083465576e-01
2.975425124168395996e-01
4.149509668350219727e-01
2.577085196971893311e-01
2.543231844902038574e-01
2.014150172472000122e-01
3.139154911041259766e-01
6.117235422134399414e-01
8.949724435806274414e-01
5.005537271499633789e-01
3.729315102100372314e-01
4.168589711189270020e-01
3.469218015670776367e-01
2.791468799114227295e-01
3.565843701362609863e-01
4.482787251472473145e-01
4.778234362602233887e-01
3.751915097236633301e-01
3.229858875274658203e-01
3.879919052124023438e-01
2.448529899120330811e-01
3.426331877708435059e-01
5.461703538894653320e-01
3.153750300407409668e-01
2.457135319709777832e-01
2.537029385566711426e-01
4.233685433864593506e-01
3.864424228668212891e-01
3.658151924610137939e-01
2.734351754188537598e-01
3.322204947471618652e-01
5.465457439422607422e-01
4.961092472076416016e-01
9.633847475051879883e-01
7.371605873107910156e+00
2.219665646553039551e-01
2.277582585811614990e-01
7.821203470230102539e-01
5.282246470451354980e-01
6.137124300003051758e-01
5.066714286804199219e-01
5.793460607528686523e-01
1.457932233810424805e+00
6.734043359756469727e-01
2.437635660171508789e-01
5.884712934494018555e-01
3.483325839042663574e-01
6.121125221252441406e-01
8.351663947105407715e-01
7.013233304023742676e-01
3.809641599655151367e-01
3.263691663742065430e-01
2.611159682273864746e-01
2.347057461738586426e-01
4.072058796882629395e-01
2.085852324962615967e-01
4.284005463123321533e-01
4.690742194652557373e-01
1.063112378120422363e+00
4.687620699405670166e-01
2.811535596847534180e-01
2.753894031047821045e-01
3.440600037574768066e-01
4.189757108688354492e-01
5.319138765335083008e-01
4.578856229782104492e-01
2.528151571750640869e-01
3.849228620529174805e-01
4.957117438316345215e-01
2.436046004295349121e-01
5.625482797622680664e-01
1.371718287467956543e+00
2.116863280534744263e-01
3.892833590507507324e-01
3.385626673698425293e-01
6.086425781250000000e-01
2.218974083662033081e-01
2.264281511306762695e-01
3.054792881011962891e-01
2.396563291549682617e-01
2.262472957372665405e-01
1.022256374359130859e+00
6.865476369857788086e-01
4.040836691856384277e-01
3.433611989021301270e-01
2.277883589267730713e-01
2.163604497909545898e-01
2.295917272567749023e-01
2.329883575439453125e-01
2.564774751663208008e-01
2.272956073284149170e-01
4.427269101142883301e-01
5.556284189224243164e-01
2.906492054462432861e-01
2.149043381214141846e-01
3.072916865348815918e-01
4.211503863334655762e-01
4.996640980243682861e-01
3.463044762611389160e-01
2.058901190757751465e-01
3.779593110084533691e-01
7.098620533943176270e-01
4.355561435222625732e-01
3.110136389732360840e-01
4.100434780120849609e-01
4.460356831550598145e-01
5.514739751815795898e-01
3.327829837799072266e-01
6.826279163360595703e-01
3.190729916095733643e-01
5.064517259597778320e-01
2.860623300075531006e-01
1.490332484245300293e-01
4.457306861877441406e-01
2.300619184970855713e-01
4.646844863891601562e-01
4.336107671260833740e-01
3.742956817150115967e-01
1.833635270595550537e-01
3.534477353096008301e-01
3.719230890274047852e-01
5.758421421051025391e-01
2.529778480529785156e-01
8.579804897308349609e-01
5.835359096527099609e-01
1.867742538452148438e-01
3.422305285930633545e-01
1.530962139368057251e-01
6.097593903541564941e-01
2.444569021463394165e-01
2.985109686851501465e-01
2.467905580997467041e-01
5.338285565376281738e-01
1.016246438026428223e+00
1.530662477016448975e-01
2.007211744785308838e-01
2.662434577941894531e-01
2.952988147735595703e-01
4.578486979007720947e-01
6.048881411552429199e-01
3.066455125808715820e-01
3.152679502964019775e-01
7.443114519119262695e-01
2.256322652101516724e-01
4.387795627117156982e-01
1.800919026136398315e-01
3.387869000434875488e-01
4.767311215400695801e-01
8.364200592041015625e-01
2.163085043430328369e-01
5.551038384437561035e-01
5.818247795104980469e-01
4.057106673717498779e-01
6.641355752944946289e-01
2.287100851535797119e-01
3.024522066116333008e-01
2.011999934911727905e-01
2.132547795772552490e-01
3.596733808517456055e-01
3.444530367851257324e-01
4.513766765594482422e-01
4.545207619667053223e-01
1.926176100969314575e-01
2.864662408828735352e-01
4.891198277473449707e-01
3.155150413513183594e-01
2.301996499300003052e-01
6.948263645172119141e-01
4.525753259658813477e-01
2.259868383407592773e-01
3.938076794147491455e-01
8.304749727249145508e-01
2.042221277952194214e-01
2.022076547145843506e-01
5.158885121345520020e-01
2.903245091438293457e-01
2.520018219947814941e-01
3.582797348499298096e-01
3.896166682243347168e-01
2.046953290700912476e-01
2.741021513938903809e-01
3.585067391395568848e-01
3.669540882110595703e-01
3.754011690616607666e-01
2.476575225591659546e-01
5.343240499496459961e-01
7.836140394210815430e-01
2.202083766460418701e-01
4.538168907165527344e-01
3.873100876808166504e-01
2.423579245805740356e-01
2.409167289733886719e-01
4.378559291362762451e-01
1.903750598430633545e-01
3.657842874526977539e-01
5.134826898574829102e-01
2.617517709732055664e-01
2.902785241603851318e-01
5.377768278121948242e-01
2.984289526939392090e-01
4.215596318244934082e-01
2.885260581970214844e-01
6.547373533248901367e-01
6.611117124557495117e-01
2.125249952077865601e-01
6.855975985527038574e-01
2.193553149700164795e-01
4.982679486274719238e-01
3.976765275001525879e-01
2.012678682804107666e-01
4.111142158508300781e-01
2.525870203971862793e-01
5.398054122924804688e-01
1.892683804035186768e-01
2.766736745834350586e-01
3.668970167636871338e-01
2.855504155158996582e-01
2.269334793090820312e-01
6.467034816741943359e-01
4.104043245315551758e-01
2.812026739120483398e-01
3.943928182125091553e-01
3.081136941909790039e-01
2.852037847042083740e-01
5.120089054107666016e-01
4.770787060260772705e-01
4.217272996902465820e-01
1.744128465652465820e-01
2.868351638317108154e-01
4.191507697105407715e-01
3.860535323619842529e-01
3.981502056121826172e-01
5.181567668914794922e-01
3.623096942901611328e-01
2.649070322513580322e-01
2.346954196691513062e-01
1.859491616487503052e-01
2.742966115474700928e-01
3.463640809059143066e-01
6.173320412635803223e-01
2.378388345241546631e-01
6.859290599822998047e-01
6.970278620719909668e-01
4.309265613555908203e-01
2.433144748210906982e-01
2.478050291538238525e-01
1.961596906185150146e-01
2.630929350852966309e-01
2.899947762489318848e-01
3.166378140449523926e-01
1.690547466278076172e-01
2.602255940437316895e-01
4.138606190681457520e-01
3.253549933433532715e-01
2.452714443206787109e-01
4.515280723571777344e-01
4.015214443206787109e-01
5.642004013061523438e-01
2.274083346128463745e-01
2.721865773200988770e-01
2.978141307830810547e-01
7.627561092376708984e-01
6.427285671234130859e-01
3.015911281108856201e-01
4.071960151195526123e-01
2.006927132606506348e-01
2.605010271072387695e-01
3.287551701068878174e-01
4.289684295654296875e-01
1.822354793548583984e-01
4.102801680564880371e-01
5.642797350883483887e-01
5.419188737869262695e-01
5.094434022903442383e-01
2.970101237297058105e-01
5.098677277565002441e-01
2.096466273069381714e-01
4.563453793525695801e-01
4.893797338008880615e-01
3.363156318664550781e-01
3.092249631881713867e-01
2.393746674060821533e-01
3.954861164093017578e-01
6.143007278442382812e-01
2.343649864196777344e-01
2.248272597789764404e-01
1.431165933609008789e-01
4.005891978740692139e-01
2.455525547266006470e-01
4.159636795520782471e-01
4.451144933700561523e-01
4.043776988983154297e-01
1.557068377733230591e-01
3.691554069519042969e-01
3.930990993976593018e-01
4.757447838783264160e-01
2.383020520210266113e-01
4.951999187469482422e-01
1.187052488327026367e+00
3.624249398708343506e-01
1.787293255329132080e-01
6.560354232788085938e-01
3.677266836166381836e-01
5.240116715431213379e-01
4.027633070945739746e-01
2.291999161243438721e-01
3.285684287548065186e-01
1.738713681697845459e-01
2.973868250846862793e-01
3.537333011627197266e-01
7.703233957290649414e-01
4.681691229343414307e-01
3.425909280776977539e-01
4.986009895801544189e-01
3.290572762489318848e-01
2.017182409763336182e-01
4.822185039520263672e-01
3.442623019218444824e-01
3.032423555850982666e-01
6.390400528907775879e-01
2.925949096679687500e-01
4.441231489181518555e-01
2.067536115646362305e-01
2.064875662326812744e-01
4.149784147739410400e-01
2.219232618808746338e-01
4.038715362548828125e-01
2.742152512073516846e-01
7.184768319129943848e-01
4.303581416606903076e-01
4.641970098018646240e-01
2.125826776027679443e-01
3.828102648258209229e-01
3.673773407936096191e-01
3.883457183837890625e-01
3.359027206897735596e-01
3.283711671829223633e-01
5.630867481231689453e-01
4.035452604293823242e-01
2.056291997432708740e-01
3.311223387718200684e-01
2.275673449039459229e-01
5.131673812866210938e-01
2.822583019733428955e-01
2.065233141183853149e-01
3.683708012104034424e-01
7.834770679473876953e-01
2.734187245368957520e-01
4.082888066768646240e-01
1.902835816144943237e-01
1.964667737483978271e-01
1.834795176982879639e-01
4.834756255149841309e-01
5.151214599609375000e-01
4.129901826381683350e-01
3.194849491119384766e-01
1.599752902984619141e-01
5.094379186630249023e-01
6.492307186126708984e-01
3.889846205711364746e-01
2.469671070575714111e-01
4.272053837776184082e-01
1.920334249734878540e-01
4.781480431556701660e-01
3.591450452804565430e-01
4.322882890701293945e-01
6.403787732124328613e-01
2.270762622356414795e-01
2.863142192363739014e-01
4.028048515319824219e-01
4.868576824665069580e-01
2.400003224611282349e-01
2.903091907501220703e-01
2.427518367767333984e-01
2.670430541038513184e-01
3.788918256759643555e-01
3.236172795295715332e-01
5.191653966903686523e-01
3.010410666465759277e-01
2.162890285253524780e-01
3.289426565170288086e-01
3.559814989566802979e-01
3.074415326118469238e-01
2.945072650909423828e-01
5.569494962692260742e-01
2.277002334594726562e-01
3.137626945972442627e-01
3.841736018657684326e-01
3.483328223228454590e-01
2.062195390462875366e-01
4.381659626960754395e-01
3.642556667327880859e-01
2.795731723308563232e-01
1.706926822662353516e-01
3.579256236553192139e-01
4.659538269042968750e-01
2.548594474792480469e-01
3.985590934753417969e-01
3.118729591369628906e-01
3.799358606338500977e-01
3.003667593002319336e-01
1.815901696681976318e-01
2.088094651699066162e-01
3.874065279960632324e-01
2.015767991542816162e-01
4.033936858177185059e-01
2.583625912666320801e-01
3.402039110660552979e-01
3.093962669372558594e-01
2.169422507286071777e-01
3.125858008861541748e-01
4.990715384483337402e-01
2.004986107349395752e-01
5.183605551719665527e-01
3.622850775718688965e-01
3.954428136348724365e-01
4.126327633857727051e-01
1.892964243888854980e-01
2.429784983396530151e-01
3.908497691154479980e-01
4.474772214889526367e-01
6.670395135879516602e-01
8.043544292449951172e-01
6.437717676162719727e-01
4.413008689880371094e-01
4.117497801780700684e-01
3.971384763717651367e-01
3.546811640262603760e-01
3.228997588157653809e-01
3.887076079845428467e-01
2.001802921295166016e-01
6.569571495056152344e-01
3.614598512649536133e-01
2.371507585048675537e-01
4.364114999771118164e-01
3.517063856124877930e-01
3.927063047885894775e-01
9.793034791946411133e-01
2.632502913475036621e-01
3.787335157394409180e-01
3.616088628768920898e-01
1.825227290391921997e-01
4.915813803672790527e-01
2.324372828006744385e-01
2.031457722187042236e-01
4.060664176940917969e-01
2.160936743021011353e-01
2.584237158298492432e-01
1.893108785152435303e-01
3.617420792579650879e-01
7.049133777618408203e-01
2.607025802135467529e-01
4.089993834495544434e-01
1.608075201511383057e-01
3.492463827133178711e-01
1.856148391962051392e-01
3.932861089706420898e-01
6.881560087203979492e-01
4.313426315784454346e-01
3.039873540401458740e-01
4.783117771148681641e-01
2.365156561136245728e-01
2.945679426193237305e-01
4.070047736167907715e-01
1.783431619405746460e-01
6.095328927040100098e-01
2.740958929061889648e-01
3.234670162200927734e-01
1.838177144527435303e-01
7.203875780105590820e-01
3.736305236816406250e-01
1.717468053102493286e-01
3.901892304420471191e-01
1.770269572734832764e-01
7.251231074333190918e-01
3.930172920227050781e-01
1.707897186279296875e-01
2.871123552322387695e-01
2.778326869010925293e-01
6.546644568443298340e-01
4.101771712303161621e-01
4.420542120933532715e-01
8.717249631881713867e-01
7.909483313560485840e-01
3.244518935680389404e-01
3.867049813270568848e-01
2.025599777698516846e-01
2.664924263954162598e-01
2.925495505332946777e-01
7.821843624114990234e-01
2.196488976478576660e-01
3.844733238220214844e-01
4.506271481513977051e-01
2.921245992183685303e-01
2.476967722177505493e-01
2.411372363567352295e-01
2.177017778158187866e-01
3.748017549514770508e-01
3.858096003532409668e-01
2.134484201669692993e-01
3.591170012950897217e-01
4.982747435569763184e-01
3.329538404941558838e-01
2.513850927352905273e-01
7.994037270545959473e-01
2.290825843811035156e-01
2.227858453989028931e-01
2.363653779029846191e-01
7.535855770111083984e-01
5.517271757125854492e-01
2.088220119476318359e-01
4.192272424697875977e-01
3.731614053249359131e-01
6.008267998695373535e-01
2.630276083946228027e-01
4.499967098236083984e-01
2.897043228149414062e-01
3.166995048522949219e-01
7.793049812316894531e-01
3.912454545497894287e-01
8.091197609901428223e-01
1.890358179807662964e-01
1.499423384666442871e-01
3.815460205078125000e-01
3.688295185565948486e-01
4.264252781867980957e-01
2.180103957653045654e-01
2.838340401649475098e-01
2.407026588916778564e-01
2.398816347122192383e-01
2.109799683094024658e-01
4.326718449592590332e-01
5.389716625213623047e-01
5.766960382461547852e-01
2.125141024589538574e-01
7.552298307418823242e-01
1.537783890962600708e-01
2.286480367183685303e-01
4.364660382270812988e-01
2.149091064929962158e-01
3.263883888721466064e-01
2.047081589698791504e-01
2.560413479804992676e-01
5.084896087646484375e-01
1.929276585578918457e-01
2.892298996448516846e-01
3.285353183746337891e-01
3.553984761238098145e-01
2.325288057327270508e-01
1.818899214267730713e-01
2.958455979824066162e-01
4.278607964515686035e-01
1.275661587715148926e+00
4.051809012889862061e-01
4.340651035308837891e-01
2.240595966577529907e-01
4.709075093269348145e-01
2.703349292278289795e-01
3.712592720985412598e-01
3.246313929557800293e-01
4.399805963039398193e-01
2.008510679006576538e-01
3.741423189640045166e-01
3.020599186420440674e-01
2.328153401613235474e-01
5.617220997810363770e-01
2.601073682308197021e-01
3.695002794265747070e-01
3.908472061157226562e-01
2.443459331989288330e-01
2.860737442970275879e-01
6.702659130096435547e-01
4.804409742355346680e-01
2.137480229139328003e-01
1.749652624130249023e-01
3.086860179901123047e-01
2.059220671653747559e-01
2.430237680673599243e-01
4.058634042739868164e-01
3.647296428680419922e-01
2.402493059635162354e-01
3.103778958320617676e-01
2.973972558975219727e-01
3.491161763668060303e-01
1.985075175762176514e-01
2.618652582168579102e-01
3.227539062500000000e-01
5.299680233001708984e-01
3.054136931896209717e-01
2.958658635616302490e-01
1.890056133270263672e-01
3.503729104995727539e-01
3.532572984695434570e-01
4.003221690654754639e-01
4.032542109489440918e-01
1.736455857753753662e-01
3.674465715885162354e-01
4.149263501167297363e-01
1.487134099006652832e-01
1.878051459789276123e-01
4.023979306221008301e-01
2.558302283287048340e-01
3.204788863658905029e-01
6.502358913421630859e-01
5.855618119239807129e-01
2.482748180627822876e-01
7.334014177322387695e-01
3.414075970649719238e-01
2.212906181812286377e-01
1.621619462966918945e-01
2.351572364568710327e-01
3.196775317192077637e-01
4.307216107845306396e-01
3.660866618156433105e-01
4.231447577476501465e-01
3.736839592456817627e-01
4.016646444797515869e-01
6.986026167869567871e-01
7.861272096633911133e-01
5.092900991439819336e-01
2.134615778923034668e-01
3.060641884803771973e-01
3.561310470104217529e-01
3.785231411457061768e-01
2.121023535728454590e-01
1.711350977420806885e-01
4.494839608669281006e-01
4.061579704284667969e-01
3.714039027690887451e-01
3.015249669551849365e-01
3.208629190921783447e-01
3.325754404067993164e-01
5.259116888046264648e-01
1.792028546333312988e-01
3.457412123680114746e-01
4.166418313980102539e-01
1.945272982120513916e-01
2.331731319427490234e-01
4.346539080142974854e-01
4.439631402492523193e-01
2.383158951997756958e-01
4.321357011795043945e-01
3.122405111789703369e-01
3.379039764404296875e-01
4.986164271831512451e-01
3.633096218109130859e-01
1.422165781259536743e-01
5.085954666137695312e-01
2.849451005458831787e-01
9.572486877441406250e-01
3.766608238220214844e-01
4.073032140731811523e-01
6.490590572357177734e-01
3.408339619636535645e-01
2.060492783784866333e-01
2.014065086841583252e-01
6.262381076812744141e-01
6.946841478347778320e-01
4.914562106132507324e-01
1.483949720859527588e-01
3.907057642936706543e-01
3.376766443252563477e-01
6.060404777526855469e-01
1.695849746465682983e-01
2.318939864635467529e-01
1.807844340801239014e-01
4.300094544887542725e-01
4.278140068054199219e-01
2.987591028213500977e-01
3.648290634155273438e-01
3.654130995273590088e-01
2.802520692348480225e-01
7.879955172538757324e-01
1.793662756681442261e-01
2.005393505096435547e-01
2.859456539154052734e-01
3.187006711959838867e-01
3.811945319175720215e-01
4.086646437644958496e-01
2.802767753601074219e-01
2.749732434749603271e-01
3.207424283027648926e-01
2.087822556495666504e-01
2.306666076183319092e-01
2.378851473331451416e-01
4.591240286827087402e-01
6.062684059143066406e-01
3.591869473457336426e-01
1.984940022230148315e-01
2.880467176437377930e-01
4.358804821968078613e-01
3.985571861267089844e-01
9.264006614685058594e-01
2.177737504243850708e-01
7.033913135528564453e-01
2.773500382900238037e-01
4.886871576309204102e-01
3.175671696662902832e-01
2.524866759777069092e-01
4.234034717082977295e-01
3.452858328819274902e-01
4.076100289821624756e-01
3.239641487598419189e-01
4.927453398704528809e-01
3.575286269187927246e-01
1.537650376558303833e-01
3.684023618698120117e-01
1.680874228477478027e-01
1.956027597188949585e-01
2.211323827505111694e-01
5.497159957885742188e-01
4.672381281852722168e-01
3.568102717399597168e-01
1.723863482475280762e-01
2.129206657409667969e-01
2.230144441127777100e-01
2.672223746776580811e-01
2.568950355052947998e-01
1.684636920690536499e-01
1.873183995485305786e-01
3.208186030387878418e-01
1.922536045312881470e-01
4.087872505187988281e-01
1.596707850694656372e-01
3.778178989887237549e-01
5.813125371932983398e-01
3.364368379116058350e-01
6.751607656478881836e-01
3.326727151870727539e-01
2.428464740514755249e-01
3.149179816246032715e-01
3.372834920883178711e-01
4.500435292720794678e-01
4.047842025756835938e-01
2.280313074588775635e-01
3.213340640068054199e-01
3.349071145057678223e-01
5.160645246505737305e-01
7.168745994567871094e-01
3.737460970878601074e-01
2.518358230590820312e-01
2.251883149147033691e-01
6.058602333068847656e-01
3.085594773292541504e-01
2.005288004875183105e-01
3.212525248527526855e-01
4.314499199390411377e-01
4.140662252902984619e-01
5.245198607444763184e-01
1.633168160915374756e-01
2.444222569465637207e-01
2.470728456974029541e-01
3.418641090393066406e-01
3.997133374214172363e-01
4.102044403553009033e-01
7.704240083694458008e-01
4.256170094013214111e-01
3.494528830051422119e-01
2.844814956188201904e-01
6.073253154754638672e-01
1.843439936637878418e-01
2.639403939247131348e-01
2.601495981216430664e-01
6.395289897918701172e-01
4.975781142711639404e-01
2.743880152702331543e-01
4.624114930629730225e-01
2.827788591384887695e-01
3.057448863983154297e-01
5.014321804046630859e-01
1.920235753059387207e-01
2.168680876493453979e-01
2.228187918663024902e-01
7.854850292205810547e-01
3.118748366832733154e-01
4.008969664573669434e-01
2.754344940185546875e-01
2.108073532581329346e-01
6.551735997200012207e-01
4.810263812541961670e-01
4.814259409904479980e-01
8.130524754524230957e-01
2.814434170722961426e-01
3.890791237354278564e-01
3.630897402763366699e-01
4.582871794700622559e-01
3.499591946601867676e-01
3.141134381294250488e-01
4.121521711349487305e-01
3.613435924053192139e-01
1.726063042879104614e-01
2.989108860492706299e-01
6.103114485740661621e-01
4.022783339023590088e-01
1.930201947689056396e-01
3.421376347541809082e-01
3.643309175968170166e-01
4.015682041645050049e-01
3.862943053245544434e-01
8.095216751098632812e-01
1.806060075759887695e-01
4.098020493984222412e-01
3.325210511684417725e-01
2.298129051923751831e-01
1.872779279947280884e-01
3.081905543804168701e-01
2.485175728797912598e-01
2.149006426334381104e-01
3.092566132545471191e-01
2.084640860557556152e-01
4.290309846401214600e-01
2.957789599895477295e-01
2.290831059217453003e-01
4.171892404556274414e-01
3.428008854389190674e-01
3.725396394729614258e-01
2.216224223375320435e-01
1.898886263370513916e-01
2.999682426452636719e-01
2.115010023117065430e-01
2.127113640308380127e-01
2.151895761489868164e-01
2.820236980915069580e-01
3.312813937664031982e-01
5.628922581672668457e-01
3.666240870952606201e-01
3.604784011840820312e-01
1.885541379451751709e-01
1.878451108932495117e-01
2.279298007488250732e-01
2.435306012630462646e-01
2.101589888334274292e-01
2.378210425376892090e-01
3.315547108650207520e-01
6.087139248847961426e-01
2.628204226493835449e-01
3.651126623153686523e-01
2.797079384326934814e-01
3.190909922122955322e-01
2.197645902633666992e-01
3.346509337425231934e-01
4.058696925640106201e-01
3.274978101253509521e-01
4.505595564842224121e-01
2.531289756298065186e-01
2.366252094507217407e-01
2.645545005798339844e-01
3.559368550777435303e-01
2.296193838119506836e-01
2.197009921073913574e-01
2.562208175659179688e-01
4.034508168697357178e-01
2.774778604507446289e-01
2.316359728574752808e-01
7.001686096191406250e-01
2.371002137660980225e-01
8.454815149307250977e-01
2.335305064916610718e-01
3.023334145545959473e-01
1.986568570137023926e-01
1.654805243015289307e-01
3.106636404991149902e-01
2.550593018531799316e-01
2.265243679285049438e-01
1.989476531744003296e-01
2.164046466350555420e-01
2.035045176744461060e-01
1.347484290599822998e-01
2.315385192632675171e-01
2.940745353698730469e-01
3.300384283065795898e-01
1.923381835222244263e-01
1.825765073299407959e-01
2.529463469982147217e-01
6.669162511825561523e-01
5.385203361511230469e-01
1.842243522405624390e-01
2.329721152782440186e-01
3.187406957149505615e-01
4.450931251049041748e-01
1.995424330234527588e-01
2.924158871173858643e-01
2.244411259889602661e-01
4.073545932769775391e-01
3.747441470623016357e-01
1.862999200820922852e-01
3.037824034690856934e-01
2.497869133949279785e-01
3.187958598136901855e-01
2.845686972141265869e-01
4.691967368125915527e-01
1.807791143655776978e-01
3.330828547477722168e-01
2.082938402891159058e-01
9.853029847145080566e-01
3.646336793899536133e-01
2.986921072006225586e-01
6.841782927513122559e-01
2.862653732299804688e-01
4.547545909881591797e-01
1.963329613208770752e-01
4.740399718284606934e-01
2.761864066123962402e-01
3.842213749885559082e-01
5.668196678161621094e-01
2.067647874355316162e-01
1.677861511707305908e-01
3.394418358802795410e-01
2.920852005481719971e-01
8.405517339706420898e-01
2.853898406028747559e-01
2.888540327548980713e-01
3.298946619033813477e-01
4.729256629943847656e-01
3.923745453357696533e-01
3.212854266166687012e-01
3.998772799968719482e-01
6.460326910018920898e-01
3.556610941886901855e-01
3.538937568664550781e-01
2.428908050060272217e-01
2.407636642456054688e-01
3.871565461158752441e-01
2.465826570987701416e-01
3.341184854507446289e-01
1.617932319641113281e-01
3.580614924430847168e-01
5.120347142219543457e-01
3.376584053039550781e-01
5.997030138969421387e-01
4.100243151187896729e-01
8.469892144203186035e-01
7.174049615859985352e-01
2.343613803386688232e-01
6.223270893096923828e-01
4.022222757339477539e-01
5.434321165084838867e-01
5.819309949874877930e-01
3.097593784332275391e-01
7.054701447486877441e-01
3.112244606018066406e-01
7.655766606330871582e-01
1.919371932744979858e-01
2.073768973350524902e-01
7.963013648986816406e-01
2.518534362316131592e-01
4.697617292404174805e-01
2.736353278160095215e-01
3.935206532478332520e-01
1.964361667633056641e-01
3.151112198829650879e-01
3.865280151367187500e-01
8.051841259002685547e-01
6.263778209686279297e-01
3.416842818260192871e-01
1.990418583154678345e-01
2.644204795360565186e-01
3.080874681472778320e-01
1.869984865188598633e-01
3.546788692474365234e-01
2.601430416107177734e-01
3.492798805236816406e-01
2.293207496404647827e-01
1.916075646877288818e-01
3.956660330295562744e-01
3.290129303932189941e-01
1.966436058282852173e-01
2.761311531066894531e-01
3.119100928306579590e-01
3.457831740379333496e-01
4.169016778469085693e-01
3.986868858337402344e-01
6.151843070983886719e-01
3.071357607841491699e-01
4.424470365047454834e-01
2.068063616752624512e-01
1.978989988565444946e-01
1.914202570915222168e-01
5.147719383239746094e-01
2.081935405731201172e-01
2.810539603233337402e-01
2.370311021804809570e-01
2.566108405590057373e-01
2.580607533454895020e-01
2.884210944175720215e-01
4.586597681045532227e-01
2.087144553661346436e-01
1.910583525896072388e-01
2.264417260885238647e-01
3.441151380538940430e-01
2.365323305130004883e-01
2.378723323345184326e-01
4.108595252037048340e-01
4.283610880374908447e-01
2.610547542572021484e-01
2.724523544311523438e-01
2.613233327865600586e-01
1.896947473287582397e-01
2.938829064369201660e-01
2.414903640747070312e-01
2.359988391399383545e-01
2.211648225784301758e-01
3.389881551265716553e-01
3.062034249305725098e-01
3.709066212177276611e-01
2.100893855094909668e-01
2.045502960681915283e-01
3.772492408752441406e-01
1.841552257537841797e-01
2.011088877916336060e-01
3.959491550922393799e-01
2.118501663208007812e-01
2.748911380767822266e-01
1.698432415723800659e-01
3.271621763706207275e-01
3.029653131961822510e-01
2.464604973793029785e-01
2.628215849399566650e-01
3.806679844856262207e-01
2.080700695514678955e-01
3.006204366683959961e-01
1.688619703054428101e-01
2.082715183496475220e-01
3.502810895442962646e-01
3.491701483726501465e-01
2.368283122777938843e-01
4.255909621715545654e-01
2.302974015474319458e-01
3.887639343738555908e-01
2.481830269098281860e-01
3.332637846469879150e-01
2.019820809364318848e-01
2.357373535633087158e-01
3.378011584281921387e-01
3.003549277782440186e-01
3.654648661613464355e-01
2.269740998744964600e-01
6.059163808822631836e-01
3.843738734722137451e-01
2.077632099390029907e-01
3.864010870456695557e-01
1.921494603157043457e-01
2.239804565906524658e-01
4.161950945854187012e-01
1.944104433059692383e-01
4.034048318862915039e-01
4.169423282146453857e-01
3.742529153823852539e-01
2.540545463562011719e-01
3.204263150691986084e-01
5.482016205787658691e-01
1.774505227804183960e-01
4.361405670642852783e-01
9.537744522094726562e-01
4.470276236534118652e-01
4.602445363998413086e-01
3.937313258647918701e-01
3.203457593917846680e-01
3.386571407318115234e-01
3.812832534313201904e-01
2.080584764480590820e-01
2.481212913990020752e-01
7.811928987503051758e-01
1.748746335506439209e-01
4.251333773136138916e-01
2.277457416057586670e-01
2.384919673204421997e-01
1.092705965042114258e+00
1.776928454637527466e-01
2.550430297851562500e-01
8.408290743827819824e-01
2.691905796527862549e-01
7.324476242065429688e-01
3.790282309055328369e-01
5.209574103355407715e-01
3.390583693981170654e-01
2.249922901391983032e-01
5.796867609024047852e-01
9.876758456230163574e-01
2.758795022964477539e-01
1.813343614339828491e-01
3.955779075622558594e-01
8.575237393379211426e-01
3.966702818870544434e-01
1.848402470350265503e-01
1.993458122014999390e-01
1.823605895042419434e-01
6.834309101104736328e-01
2.336342036724090576e-01
1.378090083599090576e-01
2.668602466583251953e-01
4.550287723541259766e-01
1.413348019123077393e-01
3.730466365814208984e-01
6.861066818237304688e-01
2.748152017593383789e-01
3.676376342773437500e-01
4.567998647689819336e-01
3.966678082942962646e-01
3.763248622417449951e-01
2.369545996189117432e-01
6.589049100875854492e-01
4.688948988914489746e-01
2.368037998676300049e-01
1.743416190147399902e-01
2.226024568080902100e-01
5.138245820999145508e-01
3.129490613937377930e-01
3.642681241035461426e-01
4.879477024078369141e-01
3.386397659778594971e-01
3.557326197624206543e-01
2.152082026004791260e-01
1.762462407350540161e-01
3.141474425792694092e-01
2.024813592433929443e-01
2.265193909406661987e-01
2.637169659137725830e-01
1.451421380043029785e-01
4.563457667827606201e-01
5.594215989112854004e-01
5.542150735855102539e-01
3.111836612224578857e-01
2.811174988746643066e-01
3.500797748565673828e-01
4.496951997280120850e-01
7.958205938339233398e-01
7.689114212989807129e-01
2.697370052337646484e-01
2.181867063045501709e-01
4.105067551136016846e-01
3.711625337600708008e-01
5.990590453147888184e-01
3.440606892108917236e-01
1.815579235553741455e-01
3.278716504573822021e-01
1.492032110691070557e-01
2.910124063491821289e-01
3.092382848262786865e-01
1.735719442367553711e-01
2.821508049964904785e-01
2.639278173446655273e-01
3.751898407936096191e-01
3.756712675094604492e-01
1.553729176521301270e-01
3.700292110443115234e-01
3.496328592300415039e-01
2.280330657958984375e-01
4.543336629867553711e-01
3.085293769836425781e-01
1.743800342082977295e-01
3.773149847984313965e-01
3.803919255733489990e-01
3.209508061408996582e-01
3.192833662033081055e-01
3.761330544948577881e-01
2.043997347354888916e-01
2.219023108482360840e-01
7.720614671707153320e-01
2.376805841922760010e-01
4.112621545791625977e-01
2.158862352371215820e-01
3.612239062786102295e-01
5.528621673583984375e-01
2.275545597076416016e-01
1.885482668876647949e-01
5.622452497482299805e-01
4.280202388763427734e-01
