2.977528981864452362e-02
5.980886891484260559e-02
2.525728940963745117e-02
1.105231419205665588e-01
4.689428210258483887e-02
4.561845585703849792e-02
1.222363114356994629e-01
7.733991742134094238e-02
6.648077815771102905e-02
7.157402485609054565e-02
7.068974524736404419e-02
5.845178291201591492e-02
3.390972688794136047e-02
3.971512243151664734e-02
4.664180800318717957e-02
8.363911509513854980e-02
3.627665340900421143e-02
8.322992920875549316e-02
7.672193646430969238e-02
8.112622052431106567e-02
3.583591058850288391e-02
5.595859512686729431e-02
4.666715487837791443e-02
9.520089626312255859e-02
6.749996542930603027e-02
4.190470650792121887e-02
4.680667817592620850e-02
5.806577205657958984e-02
6.114100292325019836e-02
6.790222972631454468e-02
8.693208545446395874e-02
5.919865146279335022e-02
9.956500679254531860e-02
4.584866762161254883e-02
5.601957067847251892e-02
8.376047015190124512e-02
3.084210455417633057e-01
7.566621899604797363e-02
3.062567710876464844e-01
6.970840692520141602e-02
6.966766715049743652e-02
5.675843358039855957e-02
7.304430007934570312e-02
5.102118849754333496e-02
7.540319114923477173e-02
6.644576042890548706e-02
4.767447710037231445e-02
6.541079282760620117e-02
5.818765237927436829e-02
7.150407135486602783e-02
6.431601196527481079e-02
4.121191799640655518e-02
7.050764560699462891e-02
6.096174940466880798e-02
5.001914128661155701e-02
3.434987366199493408e-02
5.151861906051635742e-02
9.181366115808486938e-02
7.012074440717697144e-02
8.065909892320632935e-02
2.744192443788051605e-02
6.099374219775199890e-02
8.524617552757263184e-02
4.941946268081665039e-02
2.268980145454406738e-01
9.599635004997253418e-02
5.733999982476234436e-02
6.046282872557640076e-02
2.181117534637451172e-01
5.252173170447349548e-02
7.568856328725814819e-02
7.054775953292846680e-02
5.656453967094421387e-02
6.226277723908424377e-02
6.654741615056991577e-02
6.981258839368820190e-02
1.178335845470428467e-01
9.789585322141647339e-02
8.416670560836791992e-02
6.795331090688705444e-02
5.584121868014335632e-02
5.341609194874763489e-02
9.349004179239273071e-02
6.222149729728698730e-02
6.482742726802825928e-02
1.108019575476646423e-01
4.187351465225219727e-02
6.257250905036926270e-02
3.790616244077682495e-02
9.308483451604843140e-02
4.960839822888374329e-02
3.962047770619392395e-02
3.397737070918083191e-02
4.109413176774978638e-02
9.211242944002151489e-02
4.278348758816719055e-02
5.140073969960212708e-02
1.267779171466827393e-01
6.773167103528976440e-02
2.901661582291126251e-02
7.843896746635437012e-02
2.426412701606750488e-02
5.945460870862007141e-02
3.496465459465980530e-02
5.354687944054603577e-02
6.101244688034057617e-02
4.253580793738365173e-02
4.362608864903450012e-02
4.300303757190704346e-02
1.563333868980407715e-01
4.535959288477897644e-02
7.129464298486709595e-02
6.568360328674316406e-02
5.321838334202766418e-02
1.054899096488952637e-01
4.259371384978294373e-02
5.187644064426422119e-02
7.519907504320144653e-02
6.537395715713500977e-02
4.985429719090461731e-02
5.379767343401908875e-02
8.480731397867202759e-02
3.702808544039726257e-02
5.191677808761596680e-02
6.728148460388183594e-02
1.483466923236846924e-01
6.697341799736022949e-02
2.571873366832733154e-02
1.183317676186561584e-01
5.865116044878959656e-02
2.945932187139987946e-02
5.911963060498237610e-02
2.834689617156982422e-02
5.214791372418403625e-02
7.187720388174057007e-02
8.904697746038436890e-02
6.510154157876968384e-02
8.543032407760620117e-02
7.306658476591110229e-02
6.428167968988418579e-02
4.814457893371582031e-02
3.386915847659111023e-02
3.441953659057617188e-02
3.928612917661666870e-02
3.866805136203765869e-02
3.171109780669212341e-02
6.598138064146041870e-02
8.982584625482559204e-02
5.581146106123924255e-02
8.406531810760498047e-02
6.518232077360153198e-02
8.468808978796005249e-02
5.970145761966705322e-02
5.458175763487815857e-02
6.781113147735595703e-02
5.191762372851371765e-02
5.872310325503349304e-02
9.337872266769409180e-02
4.185262694954872131e-02
4.923120141029357910e-02
2.632066048681735992e-02
4.833593964576721191e-02
9.051183611154556274e-02
7.078232616186141968e-02
7.429075986146926880e-02
3.776359930634498596e-02
5.168889090418815613e-02
8.813688158988952637e-02
5.695055052638053894e-02
2.624061144888401031e-02
4.261434078216552734e-02
9.226936101913452148e-02
3.385076299309730530e-02
5.157221481204032898e-02
5.644858479499816895e-01
6.231888011097908020e-02
7.084569334983825684e-02
7.748239487409591675e-02
4.720464348793029785e-02
9.145276993513107300e-02
8.338872343301773071e-02
7.394632697105407715e-02
6.728237867355346680e-02
7.148385792970657349e-02
6.436695903539657593e-02
7.067421078681945801e-02
5.071698501706123352e-02
5.285258963704109192e-02
5.013073980808258057e-02
3.994727879762649536e-02
1.085399389266967773e-01
6.599995493888854980e-02
3.013166785240173340e-02
4.692357406020164490e-02
6.512018293142318726e-02
5.179380998015403748e-02
3.293818980455398560e-02
6.229848787188529968e-02
4.058256745338439941e-02
3.400654718279838562e-02
6.574210524559020996e-02
3.234006091952323914e-02
4.866582155227661133e-02
8.463424444198608398e-02
4.730144143104553223e-02
6.600160151720046997e-02
3.850853815674781799e-02
6.698193401098251343e-02
4.640046134591102600e-02
9.403709322214126587e-02
4.238314554095268250e-02
5.098806694149971008e-02
9.559068083763122559e-02
5.518684908747673035e-02
6.536029279232025146e-02
7.485909014940261841e-02
6.245923414826393127e-02
5.617401003837585449e-02
4.053360223770141602e-02
4.005386680364608765e-02
4.744418337941169739e-02
5.620431900024414062e-02
3.335455432534217834e-02
2.481050230562686920e-02
5.787758529186248779e-02
6.225480511784553528e-02
5.480666458606719971e-02
8.471485227346420288e-02
7.753131538629531860e-02
4.912767186760902405e-02
4.451721906661987305e-02
8.460646122694015503e-02
2.982252836227416992e-02
1.089486554265022278e-01
8.283201605081558228e-02
5.573415383696556091e-02
3.814762085676193237e-02
6.377651542425155640e-02
4.918099567294120789e-02
5.260036885738372803e-02
5.851567164063453674e-02
3.524251654744148254e-02
8.020240813493728638e-02
6.761134415864944458e-02
4.416384175419807434e-02
6.369243562221527100e-02
5.575859174132347107e-02
7.748804986476898193e-02
2.586320042610168457e-02
5.391393229365348816e-02
3.062562085688114166e-02
7.556807249784469604e-02
2.835097163915634155e-02
8.133975416421890259e-02
5.076869949698448181e-02
6.149832531809806824e-02
6.168952956795692444e-02
7.389893382787704468e-02
5.607655271887779236e-02
5.154027417302131653e-02
5.114356055855751038e-02
6.713327020406723022e-02
5.644885078072547913e-02
8.614585548639297485e-02
4.143277928233146667e-02
8.398949354887008667e-02
4.496657475829124451e-02
5.691418051719665527e-02
6.296574324369430542e-02
3.491675481200218201e-02
6.473779678344726562e-02
4.763810709118843079e-02
4.979019984602928162e-02
6.322930008172988892e-02
5.942592024803161621e-02
6.584397703409194946e-02
3.580448403954505920e-02
8.094253391027450562e-02
7.528955489397048950e-02
1.583326011896133423e-01
7.549768686294555664e-02
5.590686574578285217e-02
5.530996993184089661e-02
6.903993338346481323e-02
4.203394427895545959e-02
4.787213727831840515e-02
4.677878692746162415e-02
6.729155033826828003e-02
2.831406891345977783e-02
5.198442935943603516e-02
3.784242644906044006e-02
8.831536769866943359e-02
5.398770794272422791e-02
5.137754604220390320e-02
5.381507799029350281e-02
4.449449852108955383e-02
5.723459646105766296e-02
6.580501049757003784e-02
5.610483884811401367e-02
5.527899786829948425e-02
4.567756876349449158e-02
3.856002166867256165e-02
5.045485496520996094e-02
4.902116581797599792e-02
5.758083984255790710e-02
4.434422776103019714e-02
5.450294539332389832e-02
4.861589893698692322e-02
5.035786330699920654e-02
5.912508442997932434e-02
4.168793559074401855e-02
7.029032707214355469e-02
5.881429091095924377e-02
6.500372290611267090e-02
3.076612390577793121e-02
3.438056632876396179e-02
7.423623651266098022e-02
3.322401270270347595e-02
4.353986307978630066e-02
6.012685596942901611e-02
1.010165512561798096e-01
4.799076914787292480e-02
3.968093916773796082e-02
5.440911278128623962e-02
4.280732944607734680e-02
6.209059432148933411e-02
3.874829411506652832e-02
5.614616349339485168e-02
6.744065135717391968e-02
7.143505662679672241e-02
5.626455321907997131e-02
6.582180410623550415e-02
1.022091135382652283e-01
7.533878087997436523e-02
2.510572969913482666e-02
3.400891721248626709e-01
1.325738281011581421e-01
4.739138484001159668e-02
3.818663582205772400e-02
7.707031816244125366e-02
6.134612485766410828e-02
4.411741718649864197e-02
4.217604175209999084e-02
5.685229226946830750e-02
4.678113386034965515e-02
4.455026984214782715e-02
9.521457552909851074e-02
5.849191546440124512e-02
6.478925794363021851e-02
4.258796200156211853e-02
5.450371280312538147e-02
6.050445511937141418e-02
4.976357519626617432e-02
4.243557527661323547e-02
4.296125099062919617e-02
3.357287496328353882e-02
4.005891457200050354e-02
5.273815616965293884e-02
6.751117110252380371e-02
4.092326760292053223e-02
4.852743446826934814e-02
8.541729301214218140e-02
3.679707273840904236e-02
7.649745792150497437e-02
6.706636399030685425e-02
7.237162441015243530e-02
3.838742896914482117e-02
3.460612520575523376e-02
8.897870779037475586e-02
5.942032858729362488e-02
5.792456865310668945e-02
3.237619996070861816e-02
8.986984938383102417e-02
6.304550170898437500e-02
1.432860940694808960e-01
3.766722232103347778e-02
7.734977453947067261e-02
4.251632094383239746e-02
3.270701691508293152e-02
5.577546358108520508e-02
7.661461830139160156e-02
7.872968167066574097e-02
3.353771194815635681e-02
1.844524741172790527e-01
6.872888654470443726e-02
5.921017006039619446e-02
5.660652741789817810e-02
6.394070386886596680e-02
5.926403030753135681e-02
3.544459119439125061e-02
5.863575264811515808e-02
5.377952754497528076e-02
5.542657151818275452e-02
7.805360108613967896e-02
3.828985244035720825e-02
7.035101950168609619e-02
4.839250445365905762e-02
6.617296487092971802e-02
6.714510172605514526e-02
4.982223734259605408e-02
8.008184283971786499e-02
6.928328424692153931e-02
5.019285902380943298e-02
3.211644664406776428e-02
1.332414746284484863e-01
3.497925028204917908e-02
5.772723630070686340e-02
4.876787588000297546e-02
3.766588866710662842e-02
5.797822773456573486e-02
5.197742953896522522e-02
4.319899156689643860e-02
5.177265405654907227e-02
6.025543808937072754e-02
5.277128145098686218e-02
4.418468475341796875e-02
3.327310457825660706e-02
4.913443326950073242e-02
4.068629071116447449e-02
5.677266046404838562e-02
4.267078265547752380e-02
5.732274055480957031e-02
3.948061168193817139e-02
4.200135543942451477e-02
3.233377635478973389e-02
3.743080794811248779e-02
8.212797343730926514e-02
1.755482703447341919e-01
5.289435759186744690e-02
8.719792217016220093e-02
4.739109799265861511e-02
4.980796203017234802e-02
6.271979212760925293e-02
4.845900461077690125e-02
5.786858871579170227e-02
4.454844072461128235e-02
3.456389904022216797e-02
7.340930402278900146e-02
2.849250733852386475e-01
3.827427700161933899e-02
7.680686563253402710e-02
5.241584777832031250e-02
6.689982861280441284e-02
4.609240218997001648e-02
5.813074111938476562e-02
8.355500549077987671e-02
3.319247439503669739e-02
3.640494123101234436e-02
5.733975768089294434e-02
7.844793051481246948e-02
7.489120960235595703e-02
3.339178115129470825e-02
8.430295437574386597e-02
7.171759754419326782e-02
3.204162418842315674e-02
6.796558201313018799e-02
6.545101851224899292e-02
8.002263307571411133e-02
4.491762816905975342e-02
4.796065762639045715e-02
8.508037775754928589e-02
5.538679286837577820e-02
3.994222357869148254e-02
7.281452417373657227e-02
2.104688994586467743e-02
5.275569483637809753e-02
7.319235056638717651e-02
4.202618077397346497e-02
4.536950960755348206e-02
8.339515328407287598e-02
3.573224321007728577e-02
5.736120417714118958e-02
6.725307554006576538e-02
7.108105719089508057e-02
5.177372694015502930e-02
4.966061934828758240e-02
5.630939826369285583e-02
7.014763355255126953e-02
4.574337601661682129e-02
4.896179959177970886e-02
6.164645031094551086e-02
7.961617410182952881e-02
8.139958977699279785e-02
2.972115017473697662e-02
4.460597038269042969e-02
3.727768734097480774e-02
5.625760927796363831e-02
9.277451038360595703e-02
3.142915293574333191e-02
4.318493604660034180e-02
6.368104368448257446e-02
5.031279101967811584e-02
6.294725090265274048e-02
5.774950608611106873e-02
5.982596054673194885e-02
3.454900905489921570e-02
5.315810069441795349e-02
6.610091030597686768e-02
8.640352636575698853e-02
6.115495041012763977e-02
4.786609485745429993e-02
6.831163913011550903e-02
3.016990236937999725e-02
4.488484933972358704e-02
3.546976298093795776e-02
3.705010190606117249e-02
4.158090427517890930e-02
6.680067628622055054e-02
5.460970103740692139e-02
1.004323065280914307e-01
6.367031484842300415e-02
8.062101900577545166e-02
7.653638720512390137e-02
5.280485376715660095e-02
5.891316011548042297e-02
7.688840478658676147e-02
6.116794422268867493e-02
3.054654039442539215e-02
5.060125514864921570e-02
4.472657665610313416e-02
6.809548288583755493e-02
6.449655443429946899e-02
3.997873514890670776e-02
9.488544613122940063e-02
5.544798448681831360e-02
7.956474274396896362e-02
4.316705092787742615e-02
7.182624191045761108e-02
8.221021294593811035e-02
4.568503424525260925e-02
1.117040738463401794e-01
7.816246151924133301e-02
4.127522185444831848e-02
4.454085230827331543e-02
7.367225736379623413e-02
9.790872782468795776e-02
9.627392888069152832e-02
5.903098359704017639e-02
6.633286178112030029e-02
5.896071717143058777e-02
3.440072014927864075e-02
6.293974071741104126e-02
1.144397780299186707e-01
9.439115971326828003e-02
3.422292694449424744e-02
5.024378001689910889e-02
7.114070653915405273e-02
1.480614095926284790e-01
9.479012340307235718e-02
5.180076882243156433e-02
5.221355333924293518e-02
5.588003993034362793e-02
3.811265528202056885e-02
5.089116096496582031e-02
5.502510070800781250e-02
4.008883610367774963e-02
5.796460434794425964e-02
4.014537110924720764e-02
7.014287263154983521e-02
1.141978725790977478e-01
4.271643236279487610e-02
2.567390538752079010e-02
4.658429324626922607e-02
9.636706113815307617e-02
5.615225434303283691e-02
7.831050455570220947e-02
6.284218281507492065e-02
9.428588300943374634e-02
4.439993575215339661e-02
4.026743397116661072e-02
7.043681293725967407e-02
6.968977302312850952e-02
6.124348565936088562e-02
8.392215520143508911e-02
5.829027295112609863e-02
6.723742932081222534e-02
5.371083319187164307e-02
9.570762515068054199e-02
5.071011185646057129e-02
9.513071924448013306e-02
6.429622322320938110e-02
1.069008782505989075e-01
6.304041296243667603e-02
3.952479362487792969e-02
4.328184202313423157e-02
8.378113061189651489e-02
7.695283740758895874e-02
3.628631308674812317e-02
5.227798223495483398e-02
6.426520645618438721e-02
1.154429093003273010e-01
4.101303964853286743e-02
9.181806445121765137e-02
5.426519736647605896e-02
3.570584580302238464e-02
5.407574400305747986e-02
5.762954428791999817e-02
4.613736271858215332e-02
6.636159867048263550e-02
7.093801349401473999e-02
2.863655984401702881e-02
6.797945499420166016e-02
3.788182139396667480e-02
4.950775206089019775e-02
8.648578077554702759e-02
8.200528472661972046e-02
5.140889808535575867e-02
8.229616284370422363e-02
6.416800618171691895e-02
4.380893334746360779e-02
5.585899949073791504e-02
5.231703817844390869e-02
1.039889976382255554e-01
3.150979802012443542e-02
3.604900836944580078e-02
7.737782597541809082e-02
5.869980528950691223e-02
5.239873751997947693e-02
7.883083075284957886e-02
5.527806282043457031e-02
5.622759088873863220e-02
5.331425741314888000e-02
4.561595246195793152e-02
1.066291332244873047e-01
6.891170889139175415e-02
7.202353328466415405e-02
5.629995837807655334e-02
5.057101324200630188e-02
4.359196498990058899e-02
4.502046108245849609e-02
8.345172554254531860e-02
2.892249263823032379e-02
1.334455460309982300e-01
3.902587294578552246e-02
7.568050175905227661e-02
5.632553622126579285e-02
4.667569324374198914e-02
6.466152518987655640e-02
5.366334691643714905e-02
4.716162011027336121e-02
3.225934505462646484e-02
5.696554109454154968e-02
3.232482448220252991e-02
6.957814842462539673e-02
3.911617770791053772e-02
5.858380720019340515e-02
5.946041271090507507e-02
7.469324767589569092e-02
5.248964950442314148e-02
8.135866373777389526e-02
3.234525024890899658e-02
7.286183536052703857e-02
8.933306485414505005e-02
5.149513483047485352e-02
5.482770875096321106e-02
3.939166292548179626e-02
3.837574645876884460e-02
7.633022218942642212e-02
3.756028786301612854e-02
5.273767188191413879e-02
2.930933982133865356e-02
2.138169668614864349e-02
2.995092608034610748e-02
6.573009490966796875e-02
6.286150217056274414e-02
3.632711991667747498e-02
3.243661671876907349e-02
4.127873107790946960e-02
8.113628625869750977e-02
3.328180685639381409e-02
3.597197309136390686e-02
4.717848822474479675e-02
1.108276322484016418e-01
3.955975174903869629e-02
5.872215330600738525e-02
6.698931008577346802e-02
7.009740173816680908e-02
6.712388992309570312e-02
1.300910562276840210e-01
5.542238056659698486e-02
5.408098921179771423e-02
5.932088568806648254e-02
7.417369633913040161e-02
2.593786083161830902e-02
6.713119894266128540e-02
5.136055126786231995e-02
5.051375553011894226e-02
8.583664149045944214e-02
5.519689992070198059e-02
6.779380887746810913e-02
4.416258260607719421e-02
5.551491305232048035e-02
5.929379537701606750e-02
6.312679499387741089e-02
4.048207774758338928e-02
8.040598779916763306e-02
4.662579298019409180e-02
8.411681652069091797e-02
7.436809688806533813e-02
9.513798356056213379e-02
4.304035380482673645e-02
3.821739181876182556e-02
5.746044591069221497e-02
8.803313970565795898e-02
5.853088572621345520e-02
5.157400667667388916e-02
7.402808964252471924e-02
4.288466274738311768e-02
5.263046547770500183e-02
4.922945797443389893e-02
4.427552223205566406e-02
2.598699741065502167e-02
4.834946617484092712e-02
8.480814844369888306e-02
4.441620782017707825e-02
4.899849370121955872e-02
6.107193231582641602e-02
4.196259379386901855e-02
4.679117724299430847e-02
5.614469572901725769e-02
6.275714933872222900e-02
3.935272619128227234e-02
4.468132555484771729e-02
4.865662381052970886e-02
7.137890160083770752e-02
9.091380983591079712e-02
8.078968524932861328e-02
6.278564780950546265e-02
2.533808164298534393e-02
4.905396699905395508e-02
5.100351199507713318e-02
1.678109355270862579e-02
5.083003640174865723e-02
4.681256785988807678e-02
7.700372487306594849e-02
6.569292396306991577e-02
9.002440422773361206e-02
6.558425724506378174e-02
5.934237316250801086e-02
4.912567511200904846e-02
3.579894080758094788e-02
6.001752614974975586e-02
7.293839007616043091e-02
3.757008537650108337e-02
8.667734265327453613e-02
4.623512551188468933e-02
7.389739155769348145e-02
2.742373384535312653e-02
7.101807743310928345e-02
3.622766956686973572e-02
2.615515887737274170e-02
6.730341166257858276e-02
4.926654323935508728e-02
7.369186729192733765e-02
7.671754807233810425e-02
4.602721333503723145e-02
6.435403972864151001e-02
5.092679336667060852e-02
7.845725119113922119e-02
5.593525245785713196e-02
7.971616834402084351e-02
3.966524451971054077e-02
8.508655428886413574e-02
5.984082818031311035e-02
9.360887855291366577e-02
5.031654238700866699e-02
7.178475707769393921e-02
5.144341289997100830e-02
8.807133883237838745e-02
4.913955554366111755e-02
3.405614569783210754e-02
5.190603807568550110e-02
5.520644783973693848e-02
5.036724731326103210e-02
6.762760132551193237e-02
3.716269135475158691e-02
7.103062421083450317e-02
6.392974406480789185e-02
4.968958720564842224e-02
1.293456107378005981e-01
4.560473188757896423e-02
2.722250670194625854e-02
6.085121631622314453e-02
6.455550342798233032e-02
7.287654280662536621e-02
5.271561071276664734e-02
6.392899155616760254e-02
6.895320862531661987e-02
4.031470790505409241e-02
4.482291638851165771e-02
8.786005526781082153e-02
3.651393577456474304e-02
6.502729654312133789e-02
3.479313477873802185e-02
1.774055808782577515e-01
7.478156685829162598e-02
4.173946008086204529e-02
4.851766303181648254e-02
1.075420454144477844e-01
4.859244450926780701e-02
5.577215924859046936e-02
7.113745063543319702e-02
5.632406473159790039e-02
2.157087177038192749e-01
5.245129391551017761e-02
3.865577280521392822e-02
7.463054358959197998e-02
4.081715270876884460e-02
6.274101138114929199e-02
4.263402149081230164e-02
3.472261503338813782e-02
4.867280647158622742e-02
3.903530538082122803e-02
6.021403893828392029e-02
4.923939704895019531e-02
9.417729824781417847e-02
5.686031654477119446e-02
3.287805989384651184e-02
4.730269312858581543e-02
4.386162757873535156e-02
6.979843229055404663e-02
6.009964272379875183e-02
3.184578195214271545e-02
4.682121798396110535e-02
4.517874121665954590e-02
6.516205519437789917e-02
8.840606361627578735e-02
7.003480195999145508e-02
8.082094043493270874e-02
5.728488788008689880e-02
4.917165264487266541e-02
8.202666789293289185e-02
4.266972467303276062e-02
4.571083188056945801e-02
8.270433545112609863e-02
7.592438161373138428e-02
8.379924297332763672e-02
4.175535961985588074e-02
4.373752698302268982e-02
5.092847347259521484e-02
6.251434236764907837e-02
3.586864843964576721e-02
6.558421999216079712e-02
4.370037838816642761e-02
6.923301517963409424e-02
5.635715648531913757e-02
4.627128317952156067e-02
9.662687033414840698e-02
1.785350292921066284e-01
5.986898764967918396e-02
6.653053313493728638e-02
6.904909759759902954e-02
4.856078326702117920e-02
6.427217274904251099e-02
2.668983936309814453e-01
5.409578979015350342e-02
4.856309667229652405e-02
8.395931869745254517e-02
1.092606857419013977e-01
6.259782612323760986e-02
3.780027851462364197e-02
2.259644865989685059e-01
2.277159877121448517e-02
6.586968153715133667e-02
4.105030000209808350e-02
5.919961631298065186e-02
6.386382877826690674e-02
1.399279236793518066e-01
6.898745149374008179e-02
4.634755477309226990e-02
6.726274639368057251e-02
4.539682343602180481e-02
5.677047744393348694e-02
4.171286895871162415e-02
3.701362013816833496e-02
4.703364148736000061e-02
7.774790376424789429e-02
1.805092953145503998e-02
5.296102538704872131e-02
5.164907872676849365e-02
4.648990556597709656e-02
7.011593133211135864e-02
6.760726124048233032e-02
1.173923313617706299e-01
4.191238805651664734e-02
5.063308402895927429e-02
3.747967630624771118e-02
1.900328397750854492e-01
3.345938399434089661e-02
5.458042025566101074e-02
5.342616513371467590e-02
4.291747137904167175e-02
5.852913483977317810e-02
5.966585874557495117e-02
3.848587349057197571e-02
4.403838515281677246e-02
4.016583040356636047e-02
5.908857658505439758e-02
5.940699949860572815e-02
9.377789497375488281e-02
4.487470909953117371e-02
6.168687343597412109e-02
4.913422465324401855e-02
4.892826080322265625e-02
3.340275958180427551e-02
7.563302665948867798e-02
4.597577825188636780e-02
8.245068043470382690e-02
5.334295704960823059e-02
1.080874726176261902e-01
7.237493246793746948e-02
9.946435689926147461e-02
1.116592511534690857e-01
5.453804135322570801e-02
4.910956695675849915e-02
3.954943642020225525e-02
6.007665395736694336e-02
5.835453793406486511e-02
5.441221967339515686e-02
5.398280546069145203e-02
8.143848180770874023e-02
4.431683942675590515e-02
6.282234191894531250e-02
7.543018460273742676e-02
4.811055585741996765e-02
4.257510229945182800e-02
3.231271207332611084e-01
4.631317779421806335e-02
3.248820826411247253e-02
7.803664356470108032e-02
6.053892150521278381e-02
3.087309747934341431e-02
6.375290453433990479e-02
5.432292819023132324e-02
5.756665393710136414e-02
2.859374880790710449e-02
5.998586118221282959e-02
4.950152710080146790e-02
6.480851024389266968e-02
5.435357987880706787e-02
6.669744849205017090e-02
6.505373120307922363e-02
4.242051765322685242e-02
4.583152011036872864e-02
8.432301133871078491e-02
2.661246061325073242e-02
4.892890527844429016e-02
4.255856573581695557e-02
4.751061275601387024e-02
5.130189657211303711e-02
4.569450020790100098e-02
6.363277882337570190e-02
4.202355071902275085e-02
3.755128085613250732e-01
4.339628294110298157e-02
8.698316663503646851e-02
5.106753110885620117e-02
6.087093427777290344e-02
8.237664401531219482e-02
5.215230584144592285e-02
5.859373137354850769e-02
5.406453832983970642e-02
4.764639958739280701e-02
4.880695417523384094e-02
7.519203424453735352e-02
4.189157113432884216e-02
4.086085781455039978e-02
6.700428575277328491e-02
5.422956869006156921e-02
3.100956790149211884e-02
6.833335012197494507e-02
6.432483345270156860e-02
1.140194535255432129e-01
5.157724395394325256e-02
4.649084806442260742e-02
3.187279403209686279e-02
5.745477974414825439e-02
7.533684372901916504e-02
4.224328696727752686e-02
4.720583185553550720e-02
4.131089523434638977e-02
2.761594392359256744e-02
2.903276681900024414e-02
6.332239508628845215e-02
3.561249375343322754e-02
5.938853695988655090e-02
5.395256355404853821e-02
4.076915234327316284e-02
1.797685176134109497e-01
9.237462282180786133e-02
5.992760881781578064e-02
7.222038507461547852e-02
4.757247492671012878e-02
4.192580655217170715e-02
5.737017467617988586e-02
4.359287023544311523e-02
6.028734147548675537e-02
5.814993381500244141e-02
6.388922780752182007e-02
9.705760329961776733e-02
5.793701484799385071e-02
7.378859072923660278e-02
5.350828170776367188e-02
1.976655125617980957e-01
2.947092056274414062e-02
4.099427163600921631e-02
5.882711708545684814e-02
6.651651114225387573e-02
4.585875570774078369e-02
5.089681223034858704e-02
5.368660762906074524e-02
4.261916875839233398e-02
5.673921108245849609e-02
3.739725425839424133e-02
6.767638772726058960e-02
8.367010951042175293e-02
5.795912072062492371e-02
4.913482069969177246e-02
4.424342513084411621e-02
6.810984760522842407e-02
3.510983288288116455e-02
3.094378858804702759e-02
6.795006245374679565e-02
4.497620463371276855e-02
5.572006106376647949e-02
4.597565531730651855e-02
8.378884941339492798e-02
1.997156254947185516e-02
5.229283496737480164e-02
9.558149427175521851e-02
5.563324689865112305e-02
5.070345103740692139e-02
3.476072847843170166e-02
6.488002836704254150e-02
4.830652102828025818e-02
3.847555071115493774e-02
8.057562261819839478e-02
8.970821648836135864e-02
4.407142475247383118e-02
4.834487661719322205e-02
7.005065679550170898e-02
5.017763003706932068e-02
2.913253009319305420e-02
5.988921597599983215e-02
2.625375054776668549e-02
4.137299954891204834e-02
3.867024555802345276e-02
5.738072097301483154e-02
5.311486124992370605e-02
5.611931160092353821e-02
7.557082176208496094e-02
5.029562488198280334e-02
4.966892302036285400e-02
6.187766417860984802e-02
5.041828751564025879e-02
3.169545158743858337e-02
6.032893434166908264e-02
3.904652595520019531e-02
5.678649619221687317e-02
5.751010403037071228e-02
6.360817700624465942e-02
4.252092167735099792e-02
4.989643767476081848e-02
5.888116359710693359e-02
5.005029961466789246e-02
5.166094377636909485e-02
6.256944686174392700e-02
4.905742034316062927e-02
6.950039416551589966e-02
4.379267618060112000e-02
5.840789154171943665e-02
8.388525992631912231e-02
3.325055912137031555e-02
3.654798492789268494e-02
6.999981403350830078e-02
4.925870895385742188e-02
3.861087933182716370e-02
6.459822505712509155e-02
5.810728296637535095e-02
8.516379445791244507e-02
3.278217092156410217e-02
3.648504242300987244e-02
6.360299140214920044e-02
5.090054497122764587e-02
5.090659856796264648e-02
6.813164800405502319e-02
5.558617040514945984e-02
3.610670566558837891e-02
5.976263806223869324e-02
4.738737642765045166e-02
5.426232889294624329e-02
8.236699551343917847e-02
4.950657859444618225e-02
8.248838782310485840e-02
8.150026947259902954e-02
2.941059507429599762e-02
4.548303782939910889e-02
2.746738195419311523e-01
8.411291986703872681e-02
3.871310129761695862e-02
4.355795681476593018e-02
3.528082743287086487e-02
7.924546301364898682e-02
5.084076523780822754e-02
8.002188801765441895e-02
5.183947458863258362e-02
4.583522677421569824e-02
2.985757030546665192e-02
3.782277181744575500e-02
2.389062792062759399e-01
6.456723064184188843e-02
5.965932086110115051e-02
5.727700516581535339e-02
4.798727110028266907e-02
7.852078229188919067e-02
7.988923043012619019e-02
3.750994428992271423e-02
6.342241168022155762e-02
5.861422792077064514e-02
4.160561040043830872e-02
3.685780242085456848e-02
3.660047054290771484e-02
3.734010085463523865e-02
5.797921493649482727e-02
3.418084606528282166e-02
8.273332566022872925e-02
1.207439005374908447e-01
3.402413800358772278e-02
7.626875489950180054e-02
7.356327772140502930e-02
1.078260317444801331e-01
5.604287609457969666e-02
5.630566179752349854e-02
6.288976967334747314e-02
5.054293200373649597e-02
6.572388857603073120e-02
4.686679318547248840e-02
6.383874267339706421e-02
5.706253275275230408e-02
3.280257806181907654e-02
3.683359920978546143e-02
8.013092726469039917e-02
5.866535380482673645e-02
3.732817247509956360e-02
4.408984258770942688e-02
4.479651525616645813e-02
1.703917533159255981e-01
1.101927235722541809e-01
5.233535170555114746e-02
4.697717353701591492e-02
3.618701547384262085e-02
5.459374561905860901e-02
6.253948062658309937e-02
6.096866354346275330e-02
4.977488517761230469e-02
5.332436040043830872e-02
3.960055485367774963e-02
3.137132897973060608e-02
9.739051014184951782e-02
5.371088907122612000e-02
1.324633359909057617e-01
5.238167569041252136e-02
4.538114368915557861e-02
6.702408194541931152e-02
2.233826927840709686e-02
6.128519773483276367e-02
5.642927065491676331e-02
8.313374966382980347e-02
5.096047744154930115e-02
5.633202195167541504e-02
5.637385323643684387e-02
1.101674735546112061e-01
7.287149131298065186e-02
5.013431236147880554e-02
4.149078205227851868e-02
3.293214365839958191e-02
4.791793227195739746e-02
4.197674989700317383e-02
4.673482477664947510e-02
4.367935284972190857e-02
9.729395061731338501e-02
5.794944241642951965e-02
5.054420232772827148e-02
5.541122332215309143e-02
3.754319623112678528e-02
6.611482053995132446e-02
2.959373891353607178e-01
7.036454230546951294e-02
7.466488331556320190e-02
5.011910200119018555e-02
7.262343168258666992e-02
4.165535792708396912e-02
4.124358668923377991e-02
6.449545919895172119e-02
7.316416501998901367e-02
3.735646605491638184e-02
2.960398234426975250e-02
7.446510344743728638e-02
4.103922471404075623e-02
7.311904430389404297e-02
1.293876022100448608e-01
6.891376525163650513e-02
6.267427653074264526e-02
3.899509087204933167e-02
5.540435388684272766e-02
4.287481307983398438e-02
3.372064605355262756e-02
8.654346317052841187e-02
5.491329357028007507e-02
6.423328816890716553e-02
2.210209332406520844e-02
5.763313174247741699e-02
6.073356792330741882e-02
5.460773780941963196e-02
6.909316778182983398e-02
5.166025832295417786e-02
7.627695053815841675e-02
4.548365995287895203e-02
5.332683399319648743e-02
6.802171468734741211e-02
5.249054357409477234e-02
4.399843886494636536e-02
3.262470662593841553e-02
3.701088204979896545e-02
5.157681927084922791e-02
6.421449035406112671e-02
4.084484651684761047e-02
8.563941717147827148e-02
4.755805060267448425e-02
5.975719168782234192e-02
6.845314800739288330e-02
4.662277176976203918e-02
6.189640238881111145e-02
7.471292465925216675e-02
5.395449697971343994e-02
4.602716490626335144e-02
2.666766010224819183e-02
7.028577476739883423e-02
4.377929493784904480e-02
4.683940112590789795e-02
5.477437376976013184e-02
1.089470461010932922e-01
6.418754905462265015e-02
6.681037694215774536e-02
1.856341212987899780e-01
1.788707226514816284e-01
7.871668785810470581e-02
7.900119572877883911e-02
4.741376638412475586e-02
6.265218555927276611e-02
6.926656514406204224e-02
5.825966969132423401e-02
3.461128100752830505e-02
7.147830724716186523e-02
5.259663239121437073e-02
4.481049254536628723e-02
5.259694531559944153e-02
5.039716884493827820e-02
4.967881739139556885e-02
6.075188890099525452e-02
7.971955835819244385e-02
7.431576400995254517e-02
6.338379532098770142e-02
4.050833359360694885e-02
3.662449494004249573e-02
3.978273645043373108e-02
3.343391045928001404e-02
1.426951140165328979e-01
4.881681874394416809e-02
7.906427234411239624e-02
9.275030344724655151e-02
6.098348274827003479e-02
6.362403184175491333e-02
5.284757912158966064e-02
6.983115524053573608e-02
4.770991578698158264e-02
3.381213545799255371e-02
8.510103076696395874e-02
2.705679088830947876e-02
5.483603104948997498e-02
6.814235448837280273e-02
6.950498372316360474e-02
6.697127968072891235e-02
7.207316905260086060e-02
6.181031838059425354e-02
6.929481774568557739e-02
4.349412396550178528e-02
5.030657723546028137e-02
5.409598350524902344e-02
3.972903266549110413e-02
4.667613282799720764e-02
5.714045092463493347e-02
2.211504727602005005e-01
4.877622053027153015e-02
3.619839996099472046e-02
4.556643590331077576e-02
6.782980263233184814e-02
6.233966723084449768e-02
3.082969971001148224e-02
2.836386114358901978e-02
1.273618191480636597e-01
2.875492908060550690e-02
1.235048845410346985e-01
1.437684893608093262e-01
5.548650398850440979e-02
6.117346882820129395e-02
6.607625633478164673e-02
5.739149451255798340e-02
6.900275498628616333e-02
5.356083810329437256e-02
7.014123350381851196e-02
4.974383488297462463e-02
2.531245052814483643e-01
3.872000798583030701e-02
5.852569267153739929e-02
7.461883872747421265e-02
8.141901344060897827e-02
2.229603677988052368e-01
6.648530811071395874e-02
5.414921045303344727e-02
6.740849465131759644e-02
8.091444522142410278e-02
3.543945029377937317e-02
8.318909257650375366e-02
6.521760672330856323e-02
3.828391432762145996e-02
6.107677891850471497e-02
6.701248139142990112e-02
5.350552871823310852e-02
5.683459714055061340e-02
8.287855237722396851e-02
5.972403287887573242e-02
6.369617581367492676e-01
5.976187810301780701e-02
7.052940875291824341e-02
6.321671605110168457e-02
8.834043890237808228e-02
5.035191774368286133e-02
8.747714012861251831e-02
5.221658572554588318e-02
6.180702522397041321e-02
6.995043158531188965e-02
5.697065591812133789e-02
9.230547398328781128e-02
4.748405143618583679e-02
6.967153400182723999e-02
4.802982136607170105e-02
7.367781549692153931e-02
4.324927926063537598e-02
4.215742647647857666e-02
5.782122537493705750e-02
4.011644050478935242e-02
4.080969095230102539e-02
6.800051778554916382e-02
5.553166195750236511e-02
4.799667000770568848e-02
9.299778193235397339e-02
1.095423102378845215e-01
8.337658643722534180e-02
3.286299109458923340e-02
6.001576408743858337e-02
5.584589764475822449e-02
6.158524751663208008e-02
4.590557888150215149e-02
9.004428237676620483e-02
6.131427362561225891e-02
4.771934077143669128e-02
1.216605678200721741e-01
8.982560783624649048e-02
4.309364780783653259e-02
8.679640293121337891e-02
5.246877670288085938e-02
4.527472332119941711e-02
4.583701863884925842e-02
7.268385589122772217e-02
5.421635508537292480e-02
4.315441846847534180e-02
4.985521361231803894e-02
4.951700195670127869e-02
6.867655366659164429e-02
6.341158598661422729e-02
5.498074367642402649e-02
6.525763869285583496e-02
5.829967185854911804e-02
1.153578758239746094e-01
6.261340528726577759e-02
7.138876616954803467e-02
6.512637436389923096e-02
7.319956272840499878e-02
4.446137323975563049e-02
5.681277438998222351e-02
5.364314839243888855e-02
4.543778672814369202e-02
1.257689148187637329e-01
5.453244969248771667e-02
5.829587206244468689e-02
7.613292336463928223e-02
5.116014555096626282e-02
5.331704393029212952e-02
5.280725285410881042e-02
6.201667711138725281e-02
6.975901871919631958e-02
9.442097693681716919e-02
1.192385926842689514e-01
6.286850571632385254e-02
9.781838208436965942e-02
5.096442997455596924e-02
7.284290343523025513e-02
4.803212359547615051e-02
5.970014631748199463e-02
6.336166709661483765e-02
5.447681620717048645e-02
7.220921665430068970e-02
3.899270296096801758e-02
3.770700097084045410e-02
4.492334648966789246e-02
3.713632747530937195e-02
6.773778796195983887e-02
7.578602433204650879e-02
3.186322376132011414e-02
4.041906446218490601e-02
5.081993341445922852e-02
4.855721071362495422e-02
6.001405417919158936e-02
4.492036625742912292e-02
4.764902591705322266e-02
2.717457711696624756e-02
4.593107104301452637e-02
3.411502018570899963e-02
1.874597668647766113e-01
1.262044161558151245e-01
7.904312759637832642e-02
5.055686831474304199e-02
6.064693257212638855e-02
9.459779411554336548e-02
5.827989056706428528e-02
4.458421841263771057e-02
4.596932604908943176e-02
6.769537180662155151e-02
6.650771945714950562e-02
6.219987943768501282e-02
3.220362216234207153e-02
5.305870249867439270e-02
6.715936958789825439e-02
5.058459565043449402e-02
3.968772292137145996e-02
6.724030524492263794e-02
6.905488669872283936e-02
4.561849310994148254e-02
2.771914936602115631e-02
5.257605388760566711e-02
5.054774880409240723e-02
1.045030131936073303e-01
3.085534833371639252e-02
5.143958330154418945e-02
6.252063810825347900e-02
5.042342469096183777e-02
5.612010881304740906e-02
5.967548862099647522e-02
6.999293714761734009e-02
3.970833122730255127e-02
4.643676802515983582e-02
4.959176480770111084e-02
4.489489272236824036e-02
1.067253574728965759e-01
3.660039231181144714e-02
1.095708608627319336e-01
8.091864734888076782e-02
6.501795351505279541e-02
5.848124995827674866e-02
5.139591917395591736e-02
6.599646806716918945e-02
1.930963434278964996e-02
2.983554266393184662e-02
7.868072390556335449e-02
3.808766975998878479e-02
1.333962529897689819e-01
6.475403159856796265e-02
5.483807250857353210e-02
6.750047206878662109e-02
5.938494578003883362e-02
2.875206433236598969e-02
1.929076910018920898e-01
5.629804357886314392e-02
6.421180069446563721e-02
4.598748683929443359e-02
6.943010538816452026e-02
6.357485055923461914e-02
5.256654322147369385e-02
4.262958467006683350e-02
3.029338829219341278e-02
3.890889510512351990e-02
6.468246132135391235e-02
5.028029158711433411e-02
5.356298387050628662e-02
4.932178929448127747e-02
9.279928356409072876e-02
4.674571752548217773e-02
6.475841253995895386e-02
1.087981089949607849e-01
9.489199519157409668e-02
5.491427704691886902e-02
6.384810060262680054e-02
8.516135066747665405e-02
4.852120578289031982e-02
4.696136713027954102e-02
3.750597238540649414e-01
8.737552165985107422e-02
3.969827666878700256e-02
1.887712925672531128e-01
8.976624161005020142e-02
4.402941092848777771e-02
7.375096529722213745e-02
8.406379073858261108e-02
9.656285494565963745e-02
8.546856045722961426e-02
7.067064195871353149e-02
4.625315591692924500e-02
4.108085855841636658e-02
4.902248084545135498e-02
6.935609132051467896e-02
6.179368123412132263e-02
4.169781878590583801e-02
9.258808940649032593e-02
4.386799037456512451e-02
6.051399186253547668e-02
8.697585016489028931e-02
5.932881310582160950e-02
8.072533458471298218e-02
5.843595042824745178e-02
5.927843227982521057e-02
7.042767852544784546e-02
3.077997826039791107e-02
5.828277766704559326e-02
7.219570875167846680e-02
7.164482027292251587e-02
2.514885962009429932e-01
5.020569637417793274e-02
5.517992377281188965e-02
5.037417635321617126e-02
5.646194890141487122e-02
6.211449578404426575e-02
8.500298112630844116e-02
4.680663347244262695e-02
6.460615247488021851e-02
1.881015859544277191e-02
1.073370948433876038e-01
4.549212381243705750e-02
5.402648448944091797e-02
5.939535796642303467e-02
8.258594572544097900e-02
8.187457174062728882e-02
3.890538215637207031e-02
3.788921236991882324e-02
6.340500712394714355e-02
1.002620086073875427e-01
3.861312568187713623e-02
6.685101240873336792e-02
6.101165339350700378e-02
3.855033218860626221e-02
2.512047998607158661e-02
6.624998897314071655e-02
4.414616525173187256e-02
7.001733779907226562e-02
6.179105117917060852e-02
1.019572615623474121e-01
4.871897771954536438e-02
3.060222603380680084e-02
5.670731142163276672e-02
5.059546232223510742e-02
1.365569680929183960e-01
6.377563625574111938e-02
2.588945329189300537e-01
3.902416676282882690e-02
6.472525745630264282e-02
3.482663631439208984e-02
3.584666550159454346e-02
5.733745172619819641e-02
2.996337972581386566e-02
5.380989983677864075e-02
2.996704541146755219e-02
3.458198532462120056e-02
7.714279741048812866e-02
5.932492390275001526e-02
3.998179361224174500e-02
3.495743870735168457e-02
1.087613329291343689e-01
4.229892417788505554e-02
7.424537092447280884e-02
6.962750107049942017e-02
6.457174569368362427e-02
1.938438229262828827e-02
7.898087054491043091e-02
3.874745219945907593e-02
6.476344913244247437e-02
6.943171471357345581e-02
4.282109811902046204e-02
6.030131503939628601e-02
4.934495687484741211e-02
2.960286103188991547e-02
6.863898783922195435e-02
1.151130199432373047e-01
8.056244999170303345e-02
6.377997249364852905e-02
6.746903806924819946e-02
6.709894537925720215e-02
8.415360003709793091e-02
4.246039316058158875e-02
3.563302382826805115e-02
5.374301970005035400e-02
7.277791947126388550e-02
4.491044208407402039e-02
3.444777056574821472e-02
6.058629229664802551e-02
6.807780265808105469e-02
3.405859321355819702e-02
6.960215419530868530e-02
4.364500567317008972e-02
6.161681935191154480e-02
5.248653888702392578e-02
5.957853794097900391e-02
3.343935683369636536e-02
9.604799002408981323e-02
5.122491717338562012e-02
6.271968036890029907e-02
5.021717026829719543e-02
4.540396854281425476e-02
2.578443102538585663e-02
3.816547244787216187e-02
4.347129166126251221e-02
5.957732722163200378e-02
1.642660945653915405e-01
1.866460293531417847e-01
6.413561850786209106e-02
2.906912565231323242e-02
6.022239848971366882e-02
8.819377422332763672e-02
6.454459577798843384e-02
7.267538458108901978e-02
6.016160547733306885e-02
7.576114684343338013e-02
7.406518608331680298e-02
5.373865365982055664e-02
6.722215563058853149e-02
7.684627920389175415e-02
6.390060484409332275e-02
5.753330513834953308e-02
3.704439848661422729e-02
3.951218351721763611e-02
6.635306030511856079e-02
7.291419059038162231e-02
3.707187250256538391e-02
6.656139343976974487e-02
6.161801517009735107e-02
7.910418510437011719e-02
4.299675300717353821e-02
8.803764730691909790e-02
4.962141439318656921e-02
3.231913149356842041e-01
3.514705970883369446e-02
3.250026702880859375e-02
3.172735497355461121e-02
1.967763900756835938e-01
3.971566632390022278e-02
2.148036956787109375e-01
3.842920064926147461e-02
9.085267037153244019e-02
4.573875293135643005e-02
3.700372204184532166e-02
6.294472515583038330e-02
7.204829901456832886e-02
5.457295849919319153e-02
5.083802342414855957e-02
6.189927458763122559e-02
6.136564537882804871e-02
3.633770346641540527e-02
8.121398836374282837e-02
4.536791145801544189e-02
7.919910550117492676e-02
5.756165087223052979e-02
5.756477639079093933e-02
3.860199451446533203e-02
6.067609414458274841e-02
5.307300388813018799e-02
3.680726513266563416e-02
2.107987739145755768e-02
3.506222739815711975e-02
3.961500152945518494e-02
7.163207978010177612e-02
4.608117640018463135e-01
3.916670009493827820e-02
5.541007593274116516e-02
3.570354357361793518e-02
6.470871716737747192e-02
5.930942296981811523e-02
8.873913437128067017e-02
5.143690109252929688e-02
6.486032158136367798e-02
4.881156980991363525e-02
4.406781494617462158e-02
2.585282921791076660e-02
3.829953446984291077e-02
4.147185385227203369e-02
9.732115268707275391e-02
5.507455393671989441e-02
4.723205044865608215e-02
9.494686126708984375e-02
5.195552483201026917e-02
6.405771523714065552e-02
5.606038868427276611e-02
8.260111510753631592e-02
6.148866936564445496e-02
6.190494075417518616e-02
4.881636798381805420e-02
9.578817337751388550e-02
4.786548018455505371e-02
4.090078547596931458e-02
4.481325671076774597e-02
4.570479318499565125e-02
6.753110140562057495e-02
5.454956367611885071e-02
6.796134263277053833e-02
4.885998740792274475e-02
2.862063981592655182e-02
7.765984535217285156e-02
5.681775882840156555e-02
6.136324629187583923e-02
3.859716281294822693e-02
1.155370473861694336e-01
5.016219243407249451e-02
5.131663754582405090e-02
5.434544757008552551e-02
5.325757339596748352e-02
4.422557353973388672e-02
5.912187695503234863e-02
1.041373237967491150e-01
2.834246866405010223e-02
6.247030571103096008e-02
6.714623421430587769e-02
5.301186069846153259e-02
6.983875483274459839e-02
6.602988392114639282e-02
5.191089212894439697e-02
4.999247193336486816e-02
7.343392819166183472e-02
7.082269340753555298e-02
3.701907396316528320e-02
5.211059376597404480e-02
8.176570385694503784e-02
6.899470835924148560e-02
8.719078451395034790e-02
6.309110671281814575e-02
9.460756927728652954e-02
3.352972865104675293e-02
4.757283255457878113e-02
7.855950295925140381e-02
1.189269125461578369e-01
2.524896524846553802e-02
6.527138501405715942e-02
4.811677336692810059e-02
7.837187498807907104e-02
3.954003751277923584e-02
7.598455250263214111e-02
5.279581248760223389e-02
5.954383686184883118e-02
5.865424498915672302e-02
5.797151848673820496e-02
5.247882381081581116e-02
4.352802410721778870e-02
2.670145966112613678e-02
5.168658122420310974e-02
5.994676426053047180e-02
4.274845123291015625e-02
5.136908218264579773e-02
5.976982787251472473e-02
8.383538573980331421e-02
7.764136046171188354e-02
4.064098373055458069e-02
8.222468942403793335e-02
4.057252779603004456e-02
5.778968706727027893e-02
4.739030078053474426e-02
3.600895032286643982e-02
9.254797548055648804e-02
5.658883973956108093e-02
4.658493772149085999e-02
6.982771307229995728e-02
5.108546093106269836e-02
6.890540570020675659e-02
4.596647992730140686e-02
5.701161921024322510e-02
5.255176499485969543e-02
5.747707560658454895e-02
5.103744566440582275e-02
7.939020544290542603e-02
4.325468465685844421e-02
3.470269218087196350e-02
4.625025764107704163e-02
9.468567371368408203e-02
8.474706858396530151e-02
3.464017808437347412e-02
9.962948411703109741e-02
7.604964822530746460e-02
4.124565795063972473e-02
1.087741255760192871e-01
5.291813239455223083e-02
4.027407988905906677e-02
5.307538434863090515e-02
6.585604697465896606e-02
9.044554829597473145e-02
4.300490021705627441e-02
5.108821392059326172e-02
4.907761514186859131e-02
5.165534093976020813e-02
5.718930438160896301e-02
2.745626308023929596e-02
5.101650953292846680e-02
4.773709177970886230e-02
4.468259215354919434e-02
7.541931420564651489e-02
5.568750202655792236e-02
5.260417237877845764e-02
5.102324858307838440e-02
3.842786327004432678e-02
4.115468263626098633e-02
6.480919569730758667e-02
4.458546638488769531e-02
6.048607453703880310e-02
3.743652254343032837e-02
8.823528140783309937e-02
6.729975342750549316e-02
9.680071473121643066e-02
3.488896414637565613e-02
6.892849504947662354e-02
2.773355506360530853e-02
1.138896346092224121e-01
6.492362171411514282e-02
4.586868360638618469e-02
2.743918634951114655e-02
7.602619379758834839e-02
4.316846653819084167e-02
3.564358875155448914e-02
4.307569935917854309e-02
4.964086413383483887e-02
6.536298245191574097e-02
8.772204071283340454e-02
3.858826681971549988e-02
6.973660737276077271e-02
8.191003650426864624e-02
6.210179254412651062e-02
7.481921464204788208e-02
7.396694272756576538e-02
5.338172987103462219e-02
8.713195472955703735e-02
7.721199840307235718e-02
5.104728043079376221e-02
6.261955946683883667e-02
4.818713292479515076e-02
6.277713179588317871e-02
8.155747503042221069e-02
7.184825092554092407e-02
6.424484401941299438e-02
1.386723220348358154e-01
4.164955392479896545e-02
8.474584668874740601e-02
4.713162779808044434e-02
6.778486818075180054e-02
7.960319519042968750e-02
7.868897169828414917e-02
4.218420758843421936e-02
7.930164784193038940e-02
3.243242502212524414e-01
5.832054093480110168e-02
9.813427180051803589e-02
5.779537558555603027e-02
2.586087025701999664e-02
4.151410609483718872e-02
4.005152359604835510e-02
5.166921392083168030e-02
5.903173610568046570e-02
1.361204534769058228e-01
3.144307807087898254e-02
4.600468650460243225e-02
2.039158493280410767e-01
6.309799849987030029e-02
3.456892445683479309e-02
6.579890102148056030e-02
8.983210474252700806e-02
4.465183615684509277e-02
5.555051565170288086e-02
4.018466174602508545e-02
4.188163951039314270e-02
6.965398043394088745e-02
7.781609892845153809e-02
6.013190373778343201e-02
4.049840942025184631e-02
3.571051359176635742e-02
5.410243943333625793e-02
4.595975205302238464e-02
6.459107249975204468e-02
4.762641713023185730e-02
6.442061066627502441e-02
8.516181260347366333e-02
7.238878309726715088e-02
6.036791205406188965e-02
1.328417062759399414e-01
4.966102913022041321e-02
5.694418027997016907e-02
6.360649317502975464e-02
6.198516115546226501e-02
6.500015407800674438e-02
7.629961520433425903e-02
2.048121243715286255e-01
5.866305902600288391e-02
4.315117374062538147e-02
6.285571306943893433e-02
4.528499767184257507e-02
6.205585971474647522e-02
6.141073629260063171e-02
8.523181825876235962e-02
4.207946360111236572e-02
3.518659248948097229e-02
4.012787342071533203e-02
1.019741296768188477e-01
3.248816356062889099e-02
3.950408473610877991e-02
3.338718786835670471e-02
5.554993823170661926e-02
6.349960714578628540e-02
4.155834391713142395e-02
3.361780941486358643e-02
3.272190690040588379e-02
4.593719169497489929e-02
4.814785718917846680e-02
7.488273829221725464e-02
3.106206096708774567e-02
8.167091757059097290e-02
6.781297177076339722e-02
4.813927412033081055e-02
7.160293310880661011e-02
8.092433214187622070e-02
7.774790376424789429e-02
9.007378667593002319e-02
5.679563805460929871e-02
7.111763954162597656e-02
3.715861216187477112e-02
5.113513767719268799e-02
3.891838341951370239e-02
3.656934574246406555e-02
3.559521585702896118e-02
1.211802959442138672e-01
5.132507160305976868e-02
6.101917102932929993e-02
5.692671611905097961e-02
3.199204802513122559e-02
4.325971007347106934e-02
5.787131190299987793e-02
8.780143409967422485e-02
6.989830732345581055e-02
1.253174394369125366e-01
7.137892395257949829e-02
2.634502016007900238e-02
6.151630356907844543e-02
4.826685786247253418e-02
5.966075137257575989e-02
5.716641619801521301e-02
7.333511114120483398e-02
5.082036927342414856e-02
5.902101472020149231e-02
4.311387240886688232e-02
1.012684702873229980e-01
5.415248498320579529e-02
5.918296799063682556e-02
5.470134690403938293e-02
5.532731488347053528e-02
5.050012841820716858e-02
5.629567429423332214e-02
6.265275180339813232e-02
2.906495146453380585e-02
6.078262254595756531e-02
7.258246093988418579e-02
5.069998279213905334e-02
1.291685700416564941e-01
4.751197993755340576e-02
7.194165140390396118e-02
1.273849606513977051e-01
1.002336814999580383e-01
5.546033382415771484e-02
4.034010320901870728e-02
4.832664504647254944e-02
1.973295658826828003e-01
6.943892687559127808e-02
6.442605704069137573e-02
5.195651575922966003e-02
3.852698579430580139e-02
6.569886207580566406e-02
8.625918626785278320e-02
5.016092583537101746e-02
7.174924761056900024e-02
6.815353035926818848e-02
6.449530273675918579e-02
1.034240499138832092e-01
4.646451398730278015e-02
7.114741206169128418e-02
5.996521189808845520e-02
6.179143115878105164e-02
2.018793821334838867e-01
8.533242344856262207e-02
8.938721567392349243e-02
3.874655440449714661e-02
8.995317667722702026e-02
4.603308811783790588e-02
6.359175592660903931e-02
9.791389852762222290e-02
5.018202587962150574e-02
4.965690895915031433e-02
7.501778751611709595e-02
5.192385986447334290e-02
5.051501467823982239e-02
5.963544175028800964e-02
8.619729429483413696e-02
6.127198413014411926e-02
3.164367377758026123e-01
5.107940360903739929e-02
3.254280984401702881e-02
1.039966121315956116e-01
2.347467839717864990e-02
5.991138145327568054e-02
6.166684627532958984e-02
7.076613605022430420e-02
2.329874783754348755e-02
7.923194020986557007e-02
3.311897814273834229e-02
5.608583614230155945e-02
3.258784487843513489e-02
6.094166636466979980e-02
5.647461488842964172e-02
4.710200428962707520e-02
3.523774072527885437e-02
4.624715074896812439e-02
5.715933069586753845e-02
4.845888912677764893e-02
5.353580787777900696e-02
3.338976576924324036e-02
6.200123950839042664e-02
6.857965141534805298e-02
8.870325237512588501e-02
4.653650149703025818e-02
4.997662082314491272e-02
6.936943531036376953e-02
4.374593496322631836e-02
7.729340344667434692e-02
6.900718063116073608e-02
5.630295351147651672e-02
4.210381209850311279e-02
5.411979556083679199e-02
5.536972358822822571e-02
3.462416306138038635e-02
3.251849487423896790e-02
6.874210387468338013e-02
3.297627717256546021e-02
3.865887224674224854e-02
5.030908063054084778e-02
4.568158462643623352e-02
2.677207253873348236e-02
5.690439417958259583e-02
6.807837635278701782e-02
8.134912699460983276e-02
5.348350480198860168e-02
5.156623199582099915e-02
7.405219227075576782e-02
4.001345857977867126e-02
8.320149034261703491e-02
4.955119267106056213e-02
7.754509896039962769e-02
2.577095665037631989e-02
4.875373840332031250e-02
4.377292096614837646e-02
6.096285209059715271e-02
3.865033760666847229e-02
7.760398834943771362e-02
2.843634225428104401e-02
2.912853658199310303e-02
3.427751734852790833e-02
3.069356828927993774e-02
4.310791566967964172e-02
6.780949980020523071e-02
5.666865780949592590e-02
5.372825637459754944e-02
5.212977901101112366e-02
5.915273725986480713e-02
6.113750860095024109e-02
4.565140232443809509e-02
1.183812245726585388e-01
4.131458327174186707e-02
1.053771004080772400e-01
2.394439838826656342e-02
5.168882012367248535e-02
5.651154741644859314e-02
8.539348840713500977e-02
5.982885882258415222e-02
4.586562141776084900e-02
2.758247964084148407e-02
4.964181408286094666e-02
4.178817942738533020e-02
6.409665942192077637e-02
7.978776097297668457e-02
7.825594395399093628e-02
6.318057328462600708e-02
6.332696229219436646e-02
1.091362237930297852e-01
6.058493256568908691e-02
4.199306294322013855e-02
7.088768482208251953e-02
3.801338002085685730e-02
3.722779825329780579e-02
5.998569726943969727e-02
3.255144059658050537e-01
3.814460337162017822e-02
3.128856718540191650e-01
6.015251204371452332e-02
4.965831339359283447e-02
4.869467020034790039e-02
4.520596563816070557e-02
5.922110751271247864e-02
5.804291367530822754e-02
9.152027219533920288e-02
4.464183375239372253e-02
5.892136693000793457e-02
5.175031721591949463e-02
4.842822626233100891e-02
8.489777892827987671e-02
4.950785636901855469e-02
6.520751863718032837e-02
6.337373703718185425e-02
5.128900334239006042e-02
5.349097773432731628e-02
5.235004052519798279e-02
7.227096706628799438e-02
1.029210686683654785e-01
6.338936090469360352e-02
7.481727749109268188e-02
8.591165393590927124e-02
4.022128507494926453e-02
7.546357810497283936e-02
5.598576739430427551e-02
8.877608180046081543e-02
1.206196174025535583e-01
8.486778289079666138e-02
3.732206672430038452e-02
5.234952270984649658e-02
8.510114997625350952e-02
6.132142618298530579e-02
5.967829748988151550e-02
6.678298115730285645e-02
7.275060564279556274e-02
5.824041739106178284e-02
4.236963391304016113e-02
9.008929133415222168e-02
3.500659391283988953e-02
6.389082223176956177e-02
6.376200169324874878e-02
5.388168618083000183e-02
4.049914330244064331e-02
5.746974423527717590e-02
6.073821708559989929e-02
7.451059669256210327e-02
3.938881307840347290e-02
4.296530410647392273e-02
1.059714630246162415e-01
6.071449443697929382e-02
5.044171214103698730e-02
8.911899477243423462e-02
4.866304993629455566e-02
1.118032112717628479e-01
7.092233747243881226e-02
9.652608633041381836e-02
4.664503037929534912e-02
6.356053799390792847e-02
3.584478795528411865e-02
3.798121586441993713e-02
4.802862927317619324e-02
4.050708934664726257e-02
3.531807288527488708e-02
4.239320382475852966e-02
5.309335514903068542e-02
2.826459147036075592e-02
6.651759892702102661e-02
2.948579192161560059e-02
4.159163311123847961e-02
3.619664162397384644e-02
5.284063518047332764e-02
7.590427994728088379e-02
2.612282894551753998e-02
4.724826291203498840e-02
6.059865280985832214e-02
3.918905183672904968e-02
6.032193824648857117e-02
7.444502413272857666e-02
5.614160001277923584e-02
5.220967531204223633e-02
5.756257101893424988e-02
4.877682402729988098e-02
5.748623982071876526e-02
8.007820695638656616e-02
7.959481328725814819e-02
7.381347566843032837e-02
4.464511200785636902e-02
5.685808882117271423e-02
3.597091510891914368e-02
7.984358817338943481e-02
9.002438932657241821e-02
5.626525357365608215e-02
4.639477655291557312e-02
5.800655484199523926e-02
7.103503495454788208e-02
8.181412518024444580e-02
6.970439106225967407e-02
3.650597855448722839e-02
3.612523525953292847e-02
6.956022977828979492e-02
1.544972807168960571e-01
3.996345773339271545e-02
6.013070419430732727e-02
5.649914965033531189e-02
4.084352031350135803e-02
3.952302411198616028e-02
4.606844857335090637e-02
5.406935140490531921e-02
1.933993250131607056e-01
4.229220375418663025e-02
6.028912588953971863e-02
3.197124004364013672e-01
4.333790764212608337e-02
4.541999474167823792e-02
3.237802386283874512e-01
7.893856614828109741e-02
2.238368429243564606e-02
4.685902222990989685e-02
6.595706939697265625e-02
4.048021137714385986e-02
4.097239673137664795e-02
4.421413317322731018e-02
5.441280081868171692e-02
7.284738123416900635e-02
4.798898100852966309e-02
4.961157217621803284e-02
4.342170432209968567e-02
7.717611640691757202e-02
8.508340269327163696e-02
6.964495033025741577e-02
5.500989034771919250e-02
6.227827444672584534e-02
2.210904508829116821e-01
4.127469658851623535e-02
3.840975090861320496e-02
5.575282871723175049e-02
5.851584672927856445e-02
2.541206218302249908e-02
1.034977808594703674e-01
6.888530403375625610e-02
4.380459710955619812e-02
4.586723819375038147e-02
3.528616204857826233e-02
5.111968144774436951e-02
6.363184005022048950e-02
1.857207268476486206e-01
4.735642299056053162e-02
2.873712219297885895e-02
3.487652912735939026e-02
7.495983690023422241e-02
4.363184049725532532e-02
5.989424511790275574e-02
5.810405686497688293e-02
4.622297361493110657e-02
8.038520067930221558e-02
3.804260194301605225e-01
4.717285558581352234e-02
5.486087128520011902e-02
6.462132930755615234e-02
7.231302559375762939e-02
6.975757330656051636e-02
4.846370592713356018e-02
5.348761752247810364e-02
3.407991230487823486e-01
4.800932481884956360e-02
5.425598844885826111e-02
2.893528342247009277e-02
6.043665483593940735e-02
4.677215218544006348e-02
4.679984971880912781e-02
4.557466134428977966e-02
1.385249048471450806e-01
5.517887696623802185e-02
9.448865801095962524e-02
3.093321621417999268e-02
6.107868626713752747e-02
6.333310157060623169e-02
4.756224527955055237e-02
3.272219002246856689e-02
4.671694710850715637e-02
6.494346261024475098e-02
7.706861943006515503e-02
3.271354734897613525e-02
5.056715011596679688e-02
4.872405156493186951e-02
5.071198567748069763e-02
1.409151107072830200e-01
6.222146376967430115e-02
3.782216832041740417e-02
4.061516746878623962e-02
5.345785245299339294e-02
4.836719855666160583e-02
6.880757212638854980e-02
1.061936691403388977e-01
5.153881385922431946e-02
5.464010313153266907e-02
3.304455801844596863e-02
7.397282868623733521e-02
6.300192326307296753e-02
7.021871209144592285e-02
4.672135785222053528e-02
1.064967587590217590e-01
8.982584625482559204e-02
7.647131383419036865e-02
1.150114610791206360e-01
7.302876561880111694e-02
1.483026295900344849e-01
4.219936206936836243e-02
4.650504514575004578e-02
6.232538819313049316e-02
3.777275606989860535e-02
4.955101385712623596e-02
5.939756333827972412e-02
1.802295446395874023e-01
3.884461894631385803e-02
4.355753958225250244e-02
4.271447658538818359e-02
3.416895121335983276e-02
7.737731933593750000e-02
6.376261264085769653e-02
5.888115987181663513e-02
4.869852587580680847e-02
6.605973094701766968e-02
6.420431286096572876e-02
5.755702033638954163e-02
3.945292532444000244e-02
9.250563383102416992e-02
1.281221508979797363e-01
6.032002344727516174e-02
3.294457867741584778e-02
6.998882442712783813e-02
5.713700130581855774e-02
1.049163118004798889e-01
8.355048298835754395e-02
5.981937050819396973e-02
3.378785401582717896e-02
4.540709778666496277e-02
9.532392024993896484e-02
5.472359061241149902e-02
5.121297761797904968e-02
5.588356778025627136e-02
6.572446972131729126e-02
7.534324377775192261e-02
4.103275388479232788e-02
6.506291776895523071e-02
7.458785176277160645e-02
5.198983475565910339e-02
8.568168431520462036e-02
2.188699506223201752e-02
3.939192369580268860e-02
6.598090380430221558e-02
6.262426078319549561e-02
7.002902776002883911e-02
3.167421370744705200e-02
6.917694956064224243e-02
7.203760743141174316e-02
2.767086960375308990e-02
8.502649515867233276e-02
7.321546226739883423e-02
9.623032808303833008e-02
9.654451161623001099e-02
3.878968581557273865e-02
9.178928285837173462e-02
5.800313130021095276e-02
5.157455429434776306e-02
7.855040580034255981e-02
4.930150508880615234e-02
6.268882006406784058e-02
3.684331104159355164e-02
3.730020299553871155e-02
3.720898553729057312e-02
2.309824340045452118e-02
7.769359648227691650e-02
3.084372542798519135e-02
6.796232610940933228e-02
7.261320948600769043e-02
5.216170474886894226e-02
2.636904455721378326e-02
4.772917553782463074e-02
7.612424343824386597e-02
9.389116615056991577e-02
5.451381206512451172e-02
6.148641929030418396e-02
8.607551455497741699e-02
6.694015860557556152e-02
5.686078593134880066e-02
6.787261366844177246e-02
5.247071012854576111e-02
5.688705667853355408e-02
3.800584003329277039e-02
5.829510092735290527e-02
3.626161813735961914e-02
8.067245036363601685e-02
5.865864828228950500e-02
1.227506622672080994e-01
1.013222411274909973e-01
4.977514967322349548e-02
9.027113765478134155e-02
4.408268257975578308e-02
5.368177965283393860e-02
6.277364492416381836e-02
4.026679694652557373e-02
4.716488718986511230e-02
3.861417993903160095e-02
8.329492807388305664e-02
6.268858164548873901e-02
4.239792004227638245e-02
5.264191702008247375e-02
4.483175277709960938e-02
6.510732322931289673e-02
7.579941302537918091e-02
5.876363441348075867e-02
4.603041335940361023e-02
3.429805859923362732e-02
3.243897855281829834e-02
5.152146145701408386e-02
3.724137321114540100e-02
3.423142805695533752e-02
9.217158704996109009e-02
5.071214959025382996e-02
6.740542501211166382e-02
5.628786981105804443e-02
9.366834908723831177e-02
7.508181780576705933e-02
8.376631140708923340e-02
4.062450304627418518e-02
3.751802444458007812e-02
4.764418303966522217e-02
7.404635101556777954e-02
3.917179629206657410e-02
4.931362345814704895e-02
5.560430511832237244e-02
5.278511717915534973e-02
6.405664235353469849e-02
9.354753047227859497e-02
6.732072681188583374e-02
8.884019404649734497e-02
3.476062044501304626e-02
3.957008197903633118e-02
6.817974895238876343e-02
4.997211322188377380e-02
2.261748760938644409e-01
7.157855480909347534e-02
5.613681674003601074e-02
3.609723970293998718e-02
3.775328770279884338e-02
5.806408450007438660e-02
3.300711512565612793e-02
7.163783907890319824e-02
4.045821353793144226e-02
4.784183204174041748e-02
5.235816165804862976e-02
5.979572236537933350e-02
4.620819911360740662e-02
6.569933891296386719e-02
9.152396768331527710e-02
6.723935157060623169e-02
4.535898938775062561e-02
4.703912138938903809e-02
4.822101071476936340e-02
9.847131371498107910e-02
4.389929771423339844e-02
4.714921489357948303e-02
6.455520540475845337e-02
5.860653892159461975e-02
8.295776695013046265e-02
4.798577353358268738e-02
6.960478425025939941e-02
6.127065047621726990e-02
5.126178264617919922e-02
5.431092903017997742e-02
3.760009258985519409e-02
9.586617350578308105e-02
4.839472845196723938e-02
5.640466883778572083e-02
5.961878970265388489e-02
5.849179998040199280e-02
7.868716120719909668e-02
8.465453237295150757e-02
7.661160826683044434e-02
6.383219361305236816e-02
1.410835385322570801e-01
4.306916519999504089e-02
1.354945451021194458e-01
5.703630670905113220e-02
3.678361698985099792e-02
5.017242953181266785e-02
7.508889585733413696e-02
6.547493487596511841e-02
4.283362254500389099e-02
2.820701338350772858e-02
7.234349846839904785e-02
4.659092053771018982e-02
3.721426725387573242e-01
7.935970276594161987e-02
5.634809657931327820e-02
6.718838959932327271e-02
4.070107266306877136e-02
6.398733705282211304e-02
6.428936868906021118e-02
4.374470189213752747e-02
5.446754768490791321e-02
4.381272196769714355e-02
7.311200350522994995e-02
6.530619412660598755e-02
4.441259428858757019e-02
4.249773919582366943e-02
1.014849767088890076e-01
4.555755481123924255e-02
4.689760133624076843e-02
4.946103692054748535e-02
5.068212375044822693e-02
3.714394569396972656e-02
9.470798820257186890e-02
4.179387167096138000e-02
5.812069773674011230e-02
5.723958089947700500e-02
5.049880966544151306e-02
7.159920781850814819e-02
5.502976104617118835e-02
7.736992835998535156e-02
4.455699399113655090e-02
4.063107073307037354e-02
7.927632331848144531e-02
4.112006723880767822e-02
4.677952453494071960e-02
7.808580994606018066e-02
3.703002259135246277e-02
8.828832954168319702e-02
2.956656552851200104e-02
3.591962531208992004e-02
4.607690498232841492e-02
7.066661864519119263e-02
7.373806089162826538e-02
6.232249364256858826e-02
5.610853806138038635e-02
9.575922042131423950e-02
6.442939490079879761e-02
6.672728061676025391e-02
4.321371018886566162e-02
4.634900391101837158e-02
6.239302828907966614e-02
4.897661507129669189e-02
6.808395683765411377e-02
6.404062360525131226e-02
5.735792592167854309e-02
3.756834194064140320e-02
7.323843240737915039e-02
8.098423480987548828e-02
4.249143600463867188e-02
8.760950714349746704e-02
4.368160292506217957e-02
6.454020738601684570e-02
7.904762774705886841e-02
5.430924892425537109e-02
8.967557549476623535e-02
3.985304012894630432e-02
6.849837303161621094e-02
6.748565286397933960e-02
4.860135540366172791e-02
5.044339969754219055e-02
7.159897685050964355e-02
3.119916282594203949e-02
8.510526269674301147e-02
4.649715498089790344e-02
8.143342286348342896e-02
9.741693735122680664e-02
5.521791055798530579e-02
5.186485871672630310e-02
3.873092681169509888e-02
5.454719066619873047e-02
5.116601660847663879e-02
4.177552461624145508e-02
9.725645184516906738e-02
8.216997236013412476e-02
6.069566681981086731e-02
5.498954653739929199e-02
6.936150044202804565e-02
4.144138470292091370e-02
7.299235463142395020e-02
4.622084274888038635e-02
7.054596394300460815e-02
4.763166233897209167e-02
5.902342870831489563e-02
1.188773363828659058e-01
