4.400223195552825928e-01
2.794363498687744141e-01
4.247689247131347656e-01
7.889854907989501953e-01
3.618247509002685547e-01
3.949810564517974854e-01
3.390161991119384766e-01
2.879860699176788330e-01
3.437745869159698486e-01
4.381998479366302490e-01
5.724925398826599121e-01
2.604174315929412842e-01
3.764252364635467529e-01
2.858195602893829346e-01
3.624620735645294189e-01
3.344436883926391602e-01
3.521955907344818115e-01
3.313902914524078369e-01
3.142767846584320068e-01
2.968768179416656494e-01
2.862234115600585938e-01
4.342838227748870850e-01
3.236474096775054932e-01
4.223879873752593994e-01
2.585143744945526123e-01
6.943816542625427246e-01
3.306423723697662354e-01
3.199077844619750977e-01
3.287960588932037354e-01
3.867175579071044922e-01
3.714210689067840576e-01
2.673135101795196533e-01
2.969396114349365234e-01
2.659168541431427002e-01
2.809638977050781250e-01
4.305661618709564209e-01
3.084237277507781982e-01
3.372875154018402100e-01
3.548595905303955078e-01
3.430958092212677002e-01
3.233412802219390869e-01
4.183815419673919678e-01
3.138640820980072021e-01
3.240348100662231445e-01
3.031652271747589111e-01
2.728234231472015381e-01
3.738964796066284180e-01
2.791805267333984375e-01
3.426167666912078857e-01
3.133760988712310791e-01
3.420230150222778320e-01
1.591145873069763184e+00
2.580597698688507080e-01
3.843302726745605469e-01
3.238337039947509766e-01
3.598195016384124756e-01
3.849367797374725342e-01
2.473957687616348267e-01
4.172277748584747314e-01
3.274187147617340088e-01
4.326965808868408203e-01
3.712953627109527588e-01
3.114633858203887939e-01
4.702249467372894287e-01
3.517291247844696045e-01
3.348414599895477295e-01
3.116927444934844971e-01
2.863513529300689697e-01
3.435544073581695557e-01
2.656927406787872314e-01
3.077965676784515381e-01
2.696339190006256104e-01
3.925658464431762695e-01
3.335181176662445068e-01
3.616757392883300781e-01
3.131853640079498291e-01
3.313958048820495605e-01
3.007910549640655518e-01
2.978701889514923096e-01
3.363238275051116943e-01
3.001442849636077881e-01
2.885983884334564209e-01
3.670803010463714600e-01
2.903059124946594238e-01
3.742583096027374268e-01
3.411009609699249268e-01
3.651442527770996094e-01
4.385231435298919678e-01
2.600095570087432861e-01
3.520789146423339844e-01
2.350460886955261230e-01
2.754007577896118164e-01
3.844709396362304688e-01
2.670271098613739014e-01
2.934462130069732666e-01
3.599035739898681641e-01
7.634873390197753906e-01
3.526120185852050781e-01
3.477766811847686768e-01
4.652822911739349365e-01
3.426595628261566162e-01
3.114061653614044189e-01
3.847523033618927002e-01
2.877055108547210693e-01
4.970130920410156250e-01
4.130543470382690430e-01
3.674624264240264893e-01
2.464497834444046021e-01
2.914911210536956787e-01
3.573638498783111572e-01
2.901629805564880371e-01
2.671685516834259033e-01
2.994025051593780518e-01
4.196067154407501221e-01
2.753494083881378174e-01
3.229773938655853271e-01
2.710472047328948975e-01
3.447072505950927734e-01
4.175024926662445068e-01
3.592518866062164307e-01
3.106281459331512451e-01
3.534494340419769287e-01
3.153637349605560303e-01
2.610068619251251221e-01
2.704756557941436768e-01
3.230832815170288086e-01
1.028485178947448730e+00
4.241394698619842529e-01
4.302492439746856689e-01
3.191880285739898682e-01
4.424879550933837891e-01
3.289884924888610840e-01
3.567490577697753906e-01
2.789508402347564697e-01
3.531465232372283936e-01
2.968186438083648682e-01
4.212093055248260498e-01
2.799098789691925049e-01
3.702119290828704834e-01
2.486654520034790039e-01
2.559333741664886475e-01
1.986929774284362793e-01
4.071755111217498779e-01
2.816964387893676758e-01
2.353342771530151367e-01
4.317317306995391846e-01
3.044441640377044678e-01
3.976328372955322266e-01
2.676853835582733154e-01
3.255306482315063477e-01
3.354661464691162109e-01
2.580682039260864258e-01
3.136498928070068359e-01
2.332114428281784058e-01
3.944292366504669189e-01
3.531299531459808350e-01
3.476169407367706299e-01
3.330843448638916016e-01
2.593652307987213135e-01
2.651849687099456787e-01
3.268886506557464600e-01
4.053220748901367188e-01
3.178648054599761963e-01
2.403296232223510742e-01
2.012457400560379028e-01
2.555195093154907227e-01
2.939148843288421631e-01
3.388080298900604248e-01
3.028098642826080322e-01
8.990409374237060547e-01
4.267941415309906006e-01
4.092605412006378174e-01
3.453769683837890625e-01
5.730120539665222168e-01
3.221557140350341797e-01
3.020020723342895508e-01
2.936704456806182861e-01
3.160394430160522461e-01
3.794304132461547852e-01
3.638382852077484131e-01
2.999725043773651123e-01
4.475085735321044922e-01
2.038893699645996094e-01
4.466235637664794922e-01
2.883365452289581299e-01
4.197582304477691650e-01
2.905697524547576904e-01
4.287882149219512939e-01
4.616712629795074463e-01
2.893934249877929688e-01
2.145176380872726440e-01
4.121753871440887451e-01
4.341590106487274170e-01
3.099958002567291260e-01
2.392792552709579468e-01
3.039416372776031494e-01
3.440857231616973877e-01
5.367450118064880371e-01
3.224980831146240234e-01
3.502556383609771729e-01
3.427911102771759033e-01
3.576788604259490967e-01
2.222716212272644043e-01
3.215961456298828125e-01
2.321386337280273438e-01
3.738745450973510742e-01
4.052344262599945068e-01
4.120894968509674072e-01
2.908972501754760742e-01
3.469657897949218750e-01
2.631436288356781006e-01
3.528115451335906982e-01
3.151347339153289795e-01
2.883660793304443359e-01
2.669435441493988037e-01
3.478845357894897461e-01
3.087159395217895508e-01
3.177196085453033447e-01
2.794622480869293213e-01
3.270258903503417969e-01
2.688879668712615967e-01
4.938245713710784912e-01
3.221100270748138428e-01
3.537580072879791260e-01
3.372745215892791748e-01
3.238071799278259277e-01
3.020817339420318604e-01
4.325356185436248779e-01
2.936220765113830566e-01
2.779470682144165039e-01
3.435432612895965576e-01
2.450741529464721680e-01
3.115801513195037842e-01
3.612282574176788330e-01
3.496814668178558350e-01
3.039402663707733154e-01
3.403651416301727295e-01
3.807993233203887939e-01
3.497630655765533447e-01
2.546972930431365967e-01
3.009850382804870605e-01
3.461041152477264404e-01
2.376192659139633179e-01
3.740309476852416992e-01
2.291386574506759644e-01
3.970440328121185303e-01
3.093115687370300293e-01
2.159974575042724609e-01
3.513566255569458008e-01
2.542746067047119141e-01
3.329485356807708740e-01
2.763764262199401855e-01
4.546983540058135986e-01
3.210045993328094482e-01
2.742875516414642334e-01
2.762120664119720459e-01
2.967111170291900635e-01
2.869696319103240967e-01
4.593166112899780273e-01
2.927450239658355713e-01
3.121227920055389404e-01
5.164619684219360352e-01
3.024164736270904541e-01
3.471662998199462891e-01
3.002027571201324463e-01
3.105506002902984619e-01
3.236138522624969482e-01
2.871923148632049561e-01
3.328066766262054443e-01
3.248508274555206299e-01
2.514552175998687744e-01
3.275357782840728760e-01
2.740637958049774170e-01
3.735778629779815674e-01
4.014667570590972900e-01
2.687308192253112793e-01
5.414862036705017090e-01
2.469104975461959839e-01
3.999977111816406250e-01
4.257284700870513916e-01
2.554071247577667236e-01
3.289801180362701416e-01
2.831650674343109131e-01
3.232645094394683838e-01
3.484409153461456299e-01
4.224604368209838867e-01
4.941093623638153076e-01
3.272136747837066650e-01
4.105147421360015869e-01
2.523695230484008789e-01
3.248553276062011719e-01
3.529010713100433350e-01
2.493638247251510620e-01
4.096825420856475830e-01
3.708106279373168945e-01
3.483240604400634766e-01
3.596054613590240479e-01
3.839107453823089600e-01
4.185825884342193604e-01
3.343298435211181641e-01
3.629885911941528320e-01
4.413338005542755127e-01
3.327516317367553711e-01
6.371650099754333496e-01
3.862765133380889893e-01
2.703556418418884277e-01
3.054023087024688721e-01
3.360602855682373047e-01
2.801293432712554932e-01
2.253918200731277466e-01
2.405524998903274536e-01
2.597554028034210205e-01
2.805560529232025146e-01
3.848087787628173828e-01
3.797632455825805664e-01
2.632772028446197510e-01
3.743140399456024170e-01
3.465653657913208008e-01
6.174735426902770996e-01
3.377364873886108398e-01
2.634790241718292236e-01
3.225317299365997314e-01
3.197064995765686035e-01
3.177908957004547119e-01
3.110362589359283447e-01
4.069489538669586182e-01
3.666497766971588135e-01
4.328559935092926025e-01
3.831731379032135010e-01
3.162108957767486572e-01
3.434878289699554443e-01
2.814358770847320557e-01
3.133759498596191406e-01
3.094111382961273193e-01
9.307810664176940918e-01
4.029383361339569092e-01
3.212576806545257568e-01
3.719497919082641602e-01
3.000735342502593994e-01
4.087959527969360352e-01
3.434367477893829346e-01
2.887097597122192383e-01
2.784249186515808105e-01
3.147165477275848389e-01
3.423021137714385986e-01
2.730979621410369873e-01
2.979489862918853760e-01
2.662870585918426514e-01
2.203629016876220703e-01
3.096255362033843994e-01
3.300742805004119873e-01
3.086098134517669678e-01
5.264466404914855957e-01
3.502751588821411133e-01
3.376792669296264648e-01
3.315732777118682861e-01
3.291279077529907227e-01
2.887504100799560547e-01
3.539845943450927734e-01
3.419644832611083984e-01
2.747426629066467285e-01
3.888051807880401611e-01
3.524893820285797119e-01
3.077686727046966553e-01
3.476358950138092041e-01
3.244685232639312744e-01
2.722689807415008545e-01
4.337226450443267822e-01
3.507549762725830078e-01
2.636449038982391357e-01
3.105348050594329834e-01
3.604017198085784912e-01
4.732317030429840088e-01
4.405272901058197021e-01
2.324916869401931763e-01
3.510839939117431641e-01
3.154106438159942627e-01
3.257661163806915283e-01
3.552483618259429932e-01
2.524993121623992920e-01
2.931607365608215332e-01
3.911924660205841064e-01
3.289695978164672852e-01
2.910868525505065918e-01
2.957271039485931396e-01
3.436799943447113037e-01
4.108117818832397461e-01
3.373566567897796631e-01
2.776318788528442383e-01
3.077585697174072266e-01
2.888681590557098389e-01
2.939220666885375977e-01
3.320436775684356689e-01
3.427424430847167969e-01
2.995986044406890869e-01
3.528853654861450195e-01
4.122583866119384766e-01
2.866106331348419189e-01
3.512071371078491211e-01
3.677586317062377930e-01
2.224256247282028198e-01
2.711377143859863281e-01
3.318791091442108154e-01
3.367393016815185547e-01
4.079389572143554688e-01
2.689932286739349365e-01
3.209435641765594482e-01
3.660603463649749756e-01
3.386335372924804688e-01
4.468012750148773193e-01
2.855359613895416260e-01
2.925059497356414795e-01
2.877301275730133057e-01
9.218122363090515137e-01
3.576678931713104248e-01
1.031013369560241699e+00
3.589988946914672852e-01
3.791820108890533447e-01
3.285865783691406250e-01
3.721387684345245361e-01
2.840205132961273193e-01
2.243614196777343750e-01
4.072186052799224854e-01
2.637475728988647461e-01
3.950260579586029053e-01
3.853641450405120850e-01
3.632323741912841797e-01
2.690967619419097900e-01
3.487066924571990967e-01
2.844853699207305908e-01
3.745045661926269531e-01
2.935880720615386963e-01
3.189099133014678955e-01
3.661650419235229492e-01
3.346240818500518799e-01
2.981779575347900391e-01
5.314620137214660645e-01
3.524209260940551758e-01
3.338378965854644775e-01
3.656921386718750000e-01
3.715066909790039062e-01
2.852949500083923340e-01
2.407515645027160645e-01
2.949286401271820068e-01
3.288774788379669189e-01
3.612675666809082031e-01
3.656128942966461182e-01
3.610430657863616943e-01
2.591326236724853516e-01
4.155486524105072021e-01
3.087284564971923828e-01
4.806897342205047607e-01
3.968359231948852539e-01
3.882787525653839111e-01
2.025731205940246582e-01
2.344618886709213257e-01
2.855434119701385498e-01
4.561814963817596436e-01
2.085056304931640625e-01
3.761664330959320068e-01
4.472115933895111084e-01
4.649780690670013428e-01
4.089305102825164795e-01
3.358075320720672607e-01
4.089620113372802734e-01
3.605823814868927002e-01
2.717233002185821533e-01
2.879298925399780273e-01
3.921784162521362305e-01
3.639676272869110107e-01
2.582860291004180908e-01
3.173649311065673828e-01
3.459276258945465088e-01
2.996719479560852051e-01
3.144347369670867920e-01
2.106741219758987427e-01
3.106460273265838623e-01
2.687873244285583496e-01
7.272916436195373535e-01
4.035519659519195557e-01
3.154269158840179443e-01
3.639353215694427490e-01
3.491428196430206299e-01
5.119569301605224609e-01
2.747539579868316650e-01
2.768916189670562744e-01
2.796755433082580566e-01
3.642539978027343750e-01
3.433338105678558350e-01
2.987520694732666016e-01
2.986875772476196289e-01
2.472181767225265503e-01
2.769713401794433594e-01
4.069087207317352295e-01
3.266302347183227539e-01
3.048044741153717041e-01
3.825444281101226807e-01
3.002059757709503174e-01
2.560977041721343994e-01
3.666419684886932373e-01
2.683609724044799805e-01
3.282444775104522705e-01
3.432381153106689453e-01
3.229185044765472412e-01
2.911304533481597900e-01
3.864622414112091064e-01
3.820381164550781250e-01
2.265210747718811035e-01
2.774436771869659424e-01
2.958725392818450928e-01
3.654080927371978760e-01
3.074219524860382080e-01
3.599809110164642334e-01
4.831866025924682617e-01
2.519303560256958008e-01
2.637275159358978271e-01
3.607165813446044922e-01
2.711808085441589355e-01
3.314087390899658203e-01
2.797184288501739502e-01
3.505310714244842529e-01
3.869157135486602783e-01
3.035365641117095947e-01
3.333079516887664795e-01
3.582696020603179932e-01
2.544225156307220459e-01
3.988043963909149170e-01
4.044764935970306396e-01
2.504496276378631592e-01
3.154058754444122314e-01
3.632438480854034424e-01
3.051771819591522217e-01
3.829623460769653320e-01
3.387404680252075195e-01
2.843642532825469971e-01
3.840629756450653076e-01
2.802780866622924805e-01
3.053083121776580811e-01
3.003650009632110596e-01
3.627909421920776367e-01
3.891985714435577393e-01
3.425455093383789062e-01
3.755584061145782471e-01
3.395732343196868896e-01
4.136746227741241455e-01
4.013397693634033203e-01
2.628381550312042236e-01
2.641379833221435547e-01
3.654481470584869385e-01
4.120827615261077881e-01
4.331786930561065674e-01
4.100503921508789062e-01
3.493710756301879883e-01
4.749670028686523438e-01
2.837681174278259277e-01
3.747572600841522217e-01
3.871273696422576904e-01
2.989022731781005859e-01
2.955146133899688721e-01
3.065560460090637207e-01
3.486620485782623291e-01
3.274170458316802979e-01
2.779444158077239990e-01
2.713543772697448730e-01
3.125053644180297852e-01
7.928249239921569824e-01
4.344553947448730469e-01
2.383791208267211914e-01
3.056488037109375000e-01
4.386132955551147461e-01
3.337744176387786865e-01
3.141635358333587646e-01
4.149381220340728760e-01
2.454618066549301147e-01
3.299283087253570557e-01
3.090663254261016846e-01
2.902581095695495605e-01
3.587673604488372803e-01
3.299324810504913330e-01
3.201787471771240234e-01
6.482574939727783203e-01
3.112127780914306641e-01
2.643125653266906738e-01
3.012785017490386963e-01
3.839397430419921875e-01
3.587541878223419189e-01
3.388711512088775635e-01
5.305747389793395996e-01
3.110969960689544678e-01
3.534441888332366943e-01
3.954192101955413818e-01
3.294239640235900879e-01
3.479170799255371094e-01
2.301208376884460449e-01
3.804354667663574219e-01
3.723286390304565430e-01
3.603390157222747803e-01
2.267222851514816284e-01
2.623665928840637207e-01
4.114594161510467529e-01
3.033536970615386963e-01
2.796230316162109375e-01
3.770735263824462891e-01
3.157258331775665283e-01
2.992450892925262451e-01
3.679690361022949219e-01
4.581608772277832031e-01
3.805250823497772217e-01
3.252918422222137451e-01
3.624719083309173584e-01
3.222360610961914062e-01
3.045846521854400635e-01
3.440847396850585938e-01
3.176267445087432861e-01
3.284041583538055420e-01
3.416445255279541016e-01
3.389576971530914307e-01
3.176299631595611572e-01
3.418809175491333008e-01
2.871782481670379639e-01
3.184534311294555664e-01
5.024054050445556641e-01
2.934486567974090576e-01
3.913117647171020508e-01
2.469457983970642090e-01
3.317634761333465576e-01
2.415698021650314331e-01
4.853894710540771484e-01
2.719508707523345947e-01
2.655960619449615479e-01
2.724397480487823486e-01
2.866988480091094971e-01
3.837524354457855225e-01
3.009946644306182861e-01
2.927892506122589111e-01
2.671500146389007568e-01
3.009322285652160645e-01
3.495920598506927490e-01
3.153848350048065186e-01
2.960501611232757568e-01
2.951281964778900146e-01
2.346527427434921265e-01
2.932759225368499756e-01
2.716516852378845215e-01
2.580467462539672852e-01
2.905624806880950928e-01
2.677278816699981689e-01
4.684056043624877930e-01
3.206493854522705078e-01
3.120328485965728760e-01
3.463989794254302979e-01
7.178561687469482422e-01
3.274864256381988525e-01
3.527832329273223877e-01
2.446415871381759644e-01
4.972524344921112061e-01
3.228063583374023438e-01
5.077113509178161621e-01
2.818558812141418457e-01
4.520819187164306641e-01
3.120516240596771240e-01
2.564693689346313477e-01
3.108462393283843994e-01
2.965959012508392334e-01
2.901121377944946289e-01
4.018521010875701904e-01
4.173408746719360352e-01
3.166435658931732178e-01
2.597444951534271240e-01
2.618516385555267334e-01
3.275578916072845459e-01
5.429031848907470703e-01
4.731477200984954834e-01
2.869804203510284424e-01
2.947275638580322266e-01
2.713466882705688477e-01
2.671747505664825439e-01
4.010927379131317139e-01
3.082906901836395264e-01
3.283611238002777100e-01
3.707638084888458252e-01
3.256816864013671875e-01
3.991036415100097656e-01
2.760113775730133057e-01
3.548546731472015381e-01
3.254584670066833496e-01
4.433988034725189209e-01
2.727686166763305664e-01
2.961744964122772217e-01
3.008910715579986572e-01
3.460391759872436523e-01
2.907145023345947266e-01
3.251270949840545654e-01
3.008479773998260498e-01
2.760199606418609619e-01
3.800776898860931396e-01
2.953858673572540283e-01
3.037329316139221191e-01
3.754213154315948486e-01
3.600325584411621094e-01
2.176273614168167114e-01
2.972308695316314697e-01
2.632648944854736328e-01
4.332030713558197021e-01
3.561595976352691650e-01
3.350468873977661133e-01
4.135746657848358154e-01
3.622862398624420166e-01
3.709556758403778076e-01
3.276205360889434814e-01
2.593263089656829834e-01
3.531047999858856201e-01
2.605446279048919678e-01
2.696941196918487549e-01
2.915435433387756348e-01
3.212704062461853027e-01
3.825881183147430420e-01
3.901158869266510010e-01
3.628122806549072266e-01
4.329730272293090820e-01
3.165529072284698486e-01
4.261418282985687256e-01
3.684848248958587646e-01
2.555718123912811279e-01
5.435484051704406738e-01
3.797858655452728271e-01
2.860614955425262451e-01
2.943218052387237549e-01
3.399280011653900146e-01
3.390244543552398682e-01
2.880214750766754150e-01
2.845422327518463135e-01
3.642300069332122803e-01
4.756130278110504150e-01
3.321529328823089600e-01
2.862532436847686768e-01
4.333851635456085205e-01
4.157588481903076172e-01
3.831695020198822021e-01
4.158027470111846924e-01
3.045420646667480469e-01
2.448050379753112793e-01
2.797555625438690186e-01
3.042529821395874023e-01
2.878941595554351807e-01
2.749118208885192871e-01
3.512618839740753174e-01
2.372000962495803833e-01
8.177967667579650879e-01
3.386909961700439453e-01
6.602487564086914062e-01
2.980660200119018555e-01
3.262072801589965820e-01
3.960022032260894775e-01
3.026271760463714600e-01
2.671312987804412842e-01
3.108198940753936768e-01
2.993451952934265137e-01
3.558026552200317383e-01
3.528820276260375977e-01
3.231902122497558594e-01
3.716274499893188477e-01
3.242536783218383789e-01
3.223155438899993896e-01
3.592154681682586670e-01
2.644638717174530029e-01
3.342412710189819336e-01
2.438914030790328979e-01
1.092087507247924805e+00
2.641042172908782959e-01
3.018454015254974365e-01
3.402505815029144287e-01
2.891413271427154541e-01
2.556633651256561279e-01
2.991743981838226318e-01
3.909428417682647705e-01
4.077149629592895508e-01
4.041905105113983154e-01
2.323398143053054810e-01
3.709551393985748291e-01
3.146564066410064697e-01
3.373405039310455322e-01
2.997655570507049561e-01
4.082345962524414062e-01
2.319274693727493286e-01
3.735755383968353271e-01
5.170855522155761719e-01
3.526744842529296875e-01
3.407076597213745117e-01
3.069209158420562744e-01
3.562302887439727783e-01
3.321775496006011963e-01
4.407090246677398682e-01
3.272877633571624756e-01
3.606032431125640869e-01
3.146735727787017822e-01
3.191101849079132080e-01
2.800981402397155762e-01
3.192888200283050537e-01
3.363656699657440186e-01
3.011471927165985107e-01
2.573649585247039795e-01
2.936616837978363037e-01
2.774482965469360352e-01
2.777673900127410889e-01
3.493818044662475586e-01
3.027069270610809326e-01
3.211773633956909180e-01
2.858474552631378174e-01
3.350687921047210693e-01
2.969734966754913330e-01
4.825893640518188477e-01
5.223394036293029785e-01
2.630011737346649170e-01
2.911242842674255371e-01
2.849554717540740967e-01
2.431601285934448242e-01
3.148947656154632568e-01
2.952307164669036865e-01
2.774600982666015625e-01
3.853043317794799805e-01
3.957052528858184814e-01
3.836980164051055908e-01
3.949522674083709717e-01
3.424338996410369873e-01
2.782174050807952881e-01
3.648792207241058350e-01
3.819203078746795654e-01
3.782865703105926514e-01
3.280495405197143555e-01
3.772361576557159424e-01
3.438282907009124756e-01
2.480159997940063477e-01
3.100676536560058594e-01
2.712531387805938721e-01
3.872381448745727539e-01
3.743246495723724365e-01
3.706832826137542725e-01
2.770151197910308838e-01
4.393089711666107178e-01
3.025239706039428711e-01
3.280634582042694092e-01
4.268956184387207031e-01
4.802730977535247803e-01
3.516195714473724365e-01
3.569362163543701172e-01
3.351738154888153076e-01
3.614431917667388916e-01
2.879036366939544678e-01
2.501039206981658936e-01
3.687989413738250732e-01
2.425996065139770508e-01
3.479628264904022217e-01
3.623287379741668701e-01
2.654510438442230225e-01
3.283428251743316650e-01
3.259006440639495850e-01
3.488173484802246094e-01
2.286482453346252441e-01
2.932524979114532471e-01
6.363949775695800781e-01
3.214597105979919434e-01
3.946406841278076172e-01
3.934918344020843506e-01
2.194641828536987305e-01
4.371330440044403076e-01
2.704193294048309326e-01
2.837347090244293213e-01
3.205847740173339844e-01
3.639955520629882812e-01
3.812601268291473389e-01
3.590145111083984375e-01
2.968744933605194092e-01
3.657553195953369141e-01
2.461256235837936401e-01
5.456162095069885254e-01
3.293095231056213379e-01
2.942368090152740479e-01
2.965451180934906006e-01
3.342252075672149658e-01
4.322663247585296631e-01
2.634427845478057861e-01
3.133773505687713623e-01
2.543116509914398193e-01
3.257971704006195068e-01
4.150751531124114990e-01
2.939167320728302002e-01
3.341322839260101318e-01
4.004572927951812744e-01
2.800639271736145020e-01
2.559587061405181885e-01
4.590640068054199219e-01
4.050192832946777344e-01
4.081175327301025391e-01
6.796572804450988770e-01
2.998379170894622803e-01
2.531338036060333252e-01
3.805647194385528564e-01
4.181385934352874756e-01
4.053997099399566650e-01
3.336701095104217529e-01
2.851595878601074219e-01
3.797168731689453125e-01
3.250527083873748779e-01
3.826428949832916260e-01
2.188185453414916992e-01
2.787363231182098389e-01
4.516076147556304932e-01
2.940821051597595215e-01
3.374029397964477539e-01
2.549271583557128906e-01
2.951490879058837891e-01
4.007712304592132568e-01
3.846606016159057617e-01
3.126716911792755127e-01
2.363525629043579102e-01
3.633990287780761719e-01
3.068716824054718018e-01
3.627793788909912109e-01
2.117919921875000000e-01
3.011747300624847412e-01
3.097416758537292480e-01
3.401488363742828369e-01
3.108122348785400391e-01
3.211578130722045898e-01
4.330430328845977783e-01
2.434780001640319824e-01
6.677424907684326172e-01
2.230511158704757690e-01
3.497467041015625000e-01
3.437553644180297852e-01
3.051996827125549316e-01
3.507667481899261475e-01
2.456058114767074585e-01
3.382232189178466797e-01
4.137822687625885010e-01
2.369090318679809570e-01
4.013514518737792969e-01
3.936319351196289062e-01
3.615788519382476807e-01
5.050320029258728027e-01
2.901637256145477295e-01
3.367141783237457275e-01
2.806361615657806396e-01
2.484443038702011108e-01
3.584092557430267334e-01
3.428189456462860107e-01
6.910242438316345215e-01
2.773334980010986328e-01
2.851603925228118896e-01
3.683272302150726318e-01
2.817732095718383789e-01
3.289902210235595703e-01
4.735182821750640869e-01
4.580256044864654541e-01
4.138453304767608643e-01
3.085371255874633789e-01
2.715268433094024658e-01
2.741862833499908447e-01
2.932065427303314209e-01
4.817279279232025146e-01
2.637827098369598389e-01
2.753711938858032227e-01
3.130578994750976562e-01
3.457958400249481201e-01
3.042352795600891113e-01
4.218319356441497803e-01
3.408017456531524658e-01
2.767529785633087158e-01
2.537148296833038330e-01
3.449147045612335205e-01
9.448683857917785645e-01
2.584415078163146973e-01
3.350199759006500244e-01
2.232906222343444824e-01
2.714478075504302979e-01
2.554419040679931641e-01
3.027816712856292725e-01
3.997299671173095703e-01
4.226143658161163330e-01
3.710881769657135010e-01
2.218322306871414185e-01
3.050627410411834717e-01
4.671103656291961670e-01
4.737919569015502930e-01
3.130744695663452148e-01
3.607557713985443115e-01
4.148122072219848633e-01
3.195054233074188232e-01
4.007622301578521729e-01
2.949043214321136475e-01
2.598924636840820312e-01
3.387041091918945312e-01
2.542475759983062744e-01
2.642454206943511963e-01
3.484264910221099854e-01
3.732987344264984131e-01
2.935961782932281494e-01
4.093553721904754639e-01
4.051764309406280518e-01
4.288570880889892578e-01
2.764800786972045898e-01
2.170630097389221191e-01
2.644289433956146240e-01
4.018369615077972412e-01
2.473470568656921387e-01
3.021046221256256104e-01
8.989610671997070312e-01
3.116666078567504883e-01
3.065253794193267822e-01
3.627472221851348877e-01
4.583842456340789795e-01
3.503968715667724609e-01
3.164237737655639648e-01
3.189597129821777344e-01
3.464020192623138428e-01
3.291914165019989014e-01
2.802591025829315186e-01
2.623911499977111816e-01
2.821998894214630127e-01
3.286269009113311768e-01
2.621994912624359131e-01
3.124103844165802002e-01
4.189240038394927979e-01
2.676631212234497070e-01
5.591104030609130859e-01
4.208475649356842041e-01
3.611862957477569580e-01
3.323784768581390381e-01
2.506477534770965576e-01
3.342617750167846680e-01
4.109683930873870850e-01
2.568060755729675293e-01
3.075011074542999268e-01
3.223868906497955322e-01
3.478671014308929443e-01
2.912740111351013184e-01
3.876117467880249023e-01
3.083644211292266846e-01
4.647068977355957031e-01
2.141766101121902466e-01
4.115710556507110596e-01
3.495426476001739502e-01
2.940913736820220947e-01
3.543547391891479492e-01
2.733234763145446777e-01
2.803896367549896240e-01
3.127827942371368408e-01
2.564565837383270264e-01
4.188538491725921631e-01
2.432029098272323608e-01
2.307461351156234741e-01
4.323049485683441162e-01
4.654766023159027100e-01
4.553158283233642578e-01
3.848471939563751221e-01
2.733972072601318359e-01
3.989145755767822266e-01
3.431148827075958252e-01
2.978377640247344971e-01
8.146179318428039551e-01
2.908077538013458252e-01
3.381415605545043945e-01
4.371136426925659180e-01
3.036452829837799072e-01
3.061856031417846680e-01
3.046833276748657227e-01
4.057924449443817139e-01
3.690329492092132568e-01
3.608650267124176025e-01
2.771992087364196777e-01
3.134482800960540771e-01
3.164950311183929443e-01
3.230239450931549072e-01
2.856979668140411377e-01
3.114609718322753906e-01
8.832437396049499512e-01
3.791668117046356201e-01
2.780098319053649902e-01
2.520980536937713623e-01
2.889749705791473389e-01
3.758400976657867432e-01
3.705556392669677734e-01
3.385550677776336670e-01
3.160495460033416748e-01
2.839578688144683838e-01
2.628264129161834717e-01
2.891736328601837158e-01
2.712509930133819580e-01
3.630976676940917969e-01
6.800571084022521973e-01
3.998652696609497070e-01
4.640146493911743164e-01
3.549743890762329102e-01
3.588353395462036133e-01
3.462430238723754883e-01
2.942769527435302734e-01
3.082717955112457275e-01
2.765281498432159424e-01
4.585299193859100342e-01
4.266746044158935547e-01
4.293770790100097656e-01
3.085922300815582275e-01
2.906757295131683350e-01
3.254237473011016846e-01
3.328250944614410400e-01
1.945708543062210083e-01
2.549236118793487549e-01
3.202047944068908691e-01
2.348698973655700684e-01
2.647309005260467529e-01
2.776658236980438232e-01
3.012002408504486084e-01
4.044794142246246338e-01
2.964573800563812256e-01
5.074760317802429199e-01
4.307906925678253174e-01
4.004004001617431641e-01
3.658786118030548096e-01
4.058395326137542725e-01
2.485976815223693848e-01
3.806866705417633057e-01
2.837077081203460693e-01
7.120024561882019043e-01
3.204786777496337891e-01
2.332301288843154907e-01
3.431446254253387451e-01
3.108349442481994629e-01
3.549661934375762939e-01
3.083875775337219238e-01
3.102655112743377686e-01
2.969445586204528809e-01
3.372231721878051758e-01
3.300289213657379150e-01
3.272573053836822510e-01
2.343161851167678833e-01
5.268009305000305176e-01
4.463990926742553711e-01
2.502944767475128174e-01
3.331812918186187744e-01
3.083202540874481201e-01
3.074381053447723389e-01
3.778103888034820557e-01
3.410644233226776123e-01
3.652371168136596680e-01
4.116891920566558838e-01
3.769200742244720459e-01
2.545353472232818604e-01
2.719500660896301270e-01
2.675177752971649170e-01
3.464388847351074219e-01
2.582090198993682861e-01
3.646656572818756104e-01
3.150929212570190430e-01
3.133863508701324463e-01
4.065104424953460693e-01
2.856287956237792969e-01
3.462162315845489502e-01
2.277918457984924316e-01
3.848879039287567139e-01
2.772882878780364990e-01
3.555283546447753906e-01
3.109360039234161377e-01
3.297610580921173096e-01
2.630922496318817139e-01
3.478043973445892334e-01
4.999433457851409912e-01
3.556357324123382568e-01
3.543494641780853271e-01
2.628705501556396484e-01
3.226874172687530518e-01
2.945680916309356689e-01
3.050785958766937256e-01
3.571397066116333008e-01
2.895016372203826904e-01
2.556223571300506592e-01
5.324954390525817871e-01
2.923431396484375000e-01
3.882421553134918213e-01
2.688378393650054932e-01
5.136581063270568848e-01
5.208461284637451172e-01
3.387937247753143311e-01
4.661259353160858154e-01
3.313194811344146729e-01
3.841352760791778564e-01
3.064449429512023926e-01
3.445532619953155518e-01
4.035998284816741943e-01
3.428320884704589844e-01
3.542589247226715088e-01
2.952786087989807129e-01
2.222813218832015991e-01
4.132103621959686279e-01
3.050039708614349365e-01
4.192117452621459961e-01
3.041441738605499268e-01
3.906764090061187744e-01
2.586874663829803467e-01
2.584662437438964844e-01
4.094500839710235596e-01
5.740913748741149902e-01
2.959334552288055420e-01
3.291358053684234619e-01
3.803809881210327148e-01
3.502259254455566406e-01
3.092928528785705566e-01
2.779473364353179932e-01
3.054026663303375244e-01
3.877138793468475342e-01
3.866760730743408203e-01
5.699695944786071777e-01
2.846520245075225830e-01
3.444151580333709717e-01
5.690901279449462891e-01
3.507940769195556641e-01
2.222975641489028931e-01
4.542247056961059570e-01
3.275938928127288818e-01
3.442298471927642822e-01
3.154629468917846680e-01
4.593814313411712646e-01
2.433078289031982422e-01
3.640426099300384521e-01
3.148882687091827393e-01
3.605426549911499023e-01
3.697091341018676758e-01
2.647650539875030518e-01
3.700809478759765625e-01
2.505084276199340820e-01
5.808437466621398926e-01
2.794783413410186768e-01
2.476109862327575684e-01
4.226894676685333252e-01
3.612474501132965088e-01
2.906228601932525635e-01
3.314335346221923828e-01
2.957696616649627686e-01
3.964523375034332275e-01
2.768895626068115234e-01
3.367117345333099365e-01
4.853924214839935303e-01
3.219423890113830566e-01
3.150281906127929688e-01
4.807858467102050781e-01
2.975947260856628418e-01
3.862192332744598389e-01
3.928370773792266846e-01
3.623847067356109619e-01
3.140137493610382080e-01
2.992447018623352051e-01
3.025502264499664307e-01
2.867528200149536133e-01
2.580854892730712891e-01
2.963200509548187256e-01
4.018289148807525635e-01
2.883086502552032471e-01
5.990186929702758789e-01
4.209463894367218018e-01
4.570012986660003662e-01
2.204662412405014038e-01
3.612951338291168213e-01
2.996382415294647217e-01
3.845536708831787109e-01
3.578273057937622070e-01
3.213523924350738525e-01
2.742397487163543701e-01
3.212392628192901611e-01
3.815358877182006836e-01
4.144981801509857178e-01
4.319039583206176758e-01
3.076209127902984619e-01
3.411051928997039795e-01
2.711969614028930664e-01
3.898778855800628662e-01
2.751020491123199463e-01
4.853118956089019775e-01
7.151498794555664062e-01
3.910113871097564697e-01
3.071331083774566650e-01
2.125011086463928223e-01
4.486220777034759521e-01
2.894510328769683838e-01
3.264642953872680664e-01
3.501264154911041260e-01
4.454301893711090088e-01
3.061994910240173340e-01
2.724868059158325195e-01
4.983404874801635742e-01
3.435676097869873047e-01
2.750153541564941406e-01
2.732952833175659180e-01
3.024138212203979492e-01
3.023724853992462158e-01
3.410074710845947266e-01
5.758428573608398438e-01
3.843115866184234619e-01
3.318666219711303711e-01
3.146954774856567383e-01
3.918103873729705811e-01
2.804341316223144531e-01
3.189579844474792480e-01
3.715951442718505859e-01
3.846528828144073486e-01
3.257055282592773438e-01
3.737371265888214111e-01
8.363664746284484863e-01
3.225353062152862549e-01
2.856480181217193604e-01
3.271562755107879639e-01
2.960375249385833740e-01
2.566829323768615723e-01
3.826638758182525635e-01
3.316068053245544434e-01
3.819693624973297119e-01
3.183349668979644775e-01
3.100927770137786865e-01
3.656895458698272705e-01
3.227575719356536865e-01
3.508549630641937256e-01
3.229287862777709961e-01
2.867522835731506348e-01
2.439689785242080688e-01
2.962368428707122803e-01
2.879057824611663818e-01
2.374316602945327759e-01
2.422562986612319946e-01
3.168352842330932617e-01
3.526080548763275146e-01
3.672943413257598877e-01
2.825921177864074707e-01
3.745869398117065430e-01
3.247326016426086426e-01
3.417544364929199219e-01
7.857826352119445801e-01
2.393725365400314331e-01
3.730136156082153320e-01
4.279774129390716553e-01
3.060975968837738037e-01
3.025174736976623535e-01
2.356920689344406128e-01
3.508286178112030029e-01
3.447220027446746826e-01
2.742918133735656738e-01
2.546511590480804443e-01
3.049000501632690430e-01
3.173062205314636230e-01
4.633328020572662354e-01
2.967018783092498779e-01
3.515595495700836182e-01
3.194247186183929443e-01
3.503262698650360107e-01
4.458258152008056641e-01
2.727703750133514404e-01
3.149814009666442871e-01
6.749186515808105469e-01
3.608568012714385986e-01
4.031021296977996826e-01
3.387950360774993896e-01
2.752947211265563965e-01
1.811210662126541138e-01
3.381660878658294678e-01
2.488337755203247070e-01
3.260973989963531494e-01
2.559438049793243408e-01
4.217609465122222900e-01
2.503068447113037109e-01
3.322286605834960938e-01
3.042017519474029541e-01
3.572882115840911865e-01
2.836673557758331299e-01
3.399799168109893799e-01
2.631125748157501221e-01
3.308295309543609619e-01
3.490895032882690430e-01
2.967777252197265625e-01
2.524143159389495850e-01
3.496263027191162109e-01
3.560583293437957764e-01
4.619084894657135010e-01
3.264069557189941406e-01
3.516980111598968506e-01
3.184897899627685547e-01
3.671081066131591797e-01
2.874994575977325439e-01
2.984846234321594238e-01
4.602317810058593750e-01
2.811399698257446289e-01
4.024771153926849365e-01
5.936040282249450684e-01
3.401363790035247803e-01
2.789105176925659180e-01
4.914183914661407471e-01
3.008321225643157959e-01
2.182386666536331177e-01
2.863157093524932861e-01
6.444687247276306152e-01
3.539277613162994385e-01
3.673232495784759521e-01
3.143692910671234131e-01
2.763151228427886963e-01
4.611756801605224609e-01
2.419566661119461060e-01
2.439920455217361450e-01
2.702035605907440186e-01
2.264781445264816284e-01
3.240163028240203857e-01
2.538190782070159912e-01
3.020142018795013428e-01
3.296079933643341064e-01
3.121356368064880371e-01
3.640460073947906494e-01
3.259670138359069824e-01
3.762281835079193115e-01
2.329965978860855103e-01
3.297168910503387451e-01
3.170022666454315186e-01
3.305050134658813477e-01
3.828364312648773193e-01
4.337338507175445557e-01
2.850822508335113525e-01
2.587433159351348877e-01
2.285883575677871704e-01
4.219539165496826172e-01
2.921393811702728271e-01
3.689490258693695068e-01
3.697904348373413086e-01
3.325091898441314697e-01
2.909539043903350830e-01
3.067471086978912354e-01
9.532697796821594238e-01
3.145855963230133057e-01
3.803069293498992920e-01
3.192619681358337402e-01
3.015429079532623291e-01
3.260765969753265381e-01
3.521390259265899658e-01
3.159577846527099609e-01
3.843483924865722656e-01
2.922811508178710938e-01
2.681576609611511230e-01
3.667575120925903320e-01
3.063778579235076904e-01
3.008624315261840820e-01
2.989447414875030518e-01
4.256556034088134766e-01
2.645120322704315186e-01
4.924206733703613281e-01
3.084044158458709717e-01
3.054732978343963623e-01
2.725765407085418701e-01
3.055233657360076904e-01
3.807171285152435303e-01
4.380114376544952393e-01
5.733463168144226074e-01
4.374437332153320312e-01
2.545284330844879150e-01
4.308525025844573975e-01
3.467992246150970459e-01
3.773580491542816162e-01
4.322803318500518799e-01
3.348452150821685791e-01
3.000023663043975830e-01
4.179865419864654541e-01
3.593829870223999023e-01
3.303554356098175049e-01
3.425829410552978516e-01
3.979581296443939209e-01
3.727231025695800781e-01
3.134575188159942627e-01
3.654314577579498291e-01
3.157267272472381592e-01
3.581954240798950195e-01
2.818872332572937012e-01
5.621622204780578613e-01
3.678560256958007812e-01
3.402086198329925537e-01
3.097078502178192139e-01
4.099255502223968506e-01
3.839038312435150146e-01
2.905305922031402588e-01
2.853154540061950684e-01
2.814653813838958740e-01
3.329275548458099365e-01
3.026354610919952393e-01
3.279130756855010986e-01
3.456762135028839111e-01
2.834401428699493408e-01
3.402276933193206787e-01
2.666824460029602051e-01
3.037711679935455322e-01
2.326827645301818848e-01
4.636798202991485596e-01
3.315087854862213135e-01
3.410070836544036865e-01
4.455887377262115479e-01
3.498902022838592529e-01
3.182658851146697998e-01
3.066796362400054932e-01
3.473708927631378174e-01
3.108531534671783447e-01
4.007035195827484131e-01
3.008068501949310303e-01
4.199140369892120361e-01
3.245436251163482666e-01
3.139331042766571045e-01
3.189313411712646484e-01
3.063837587833404541e-01
3.337767124176025391e-01
2.928464412689208984e-01
2.540860772132873535e-01
3.863668143749237061e-01
2.992996871471405029e-01
3.607327938079833984e-01
5.260670185089111328e-01
2.610440552234649658e-01
3.146747052669525146e-01
3.893013000488281250e-01
2.940854132175445557e-01
3.555168211460113525e-01
2.858804166316986084e-01
3.786721229553222656e-01
3.713870346546173096e-01
4.999906718730926514e-01
2.888781428337097168e-01
3.608754873275756836e-01
7.133035063743591309e-01
2.817069292068481445e-01
4.662554562091827393e-01
3.527623414993286133e-01
3.538154065608978271e-01
3.453159034252166748e-01
2.832986414432525635e-01
3.485827744007110596e-01
3.191990554332733154e-01
2.511414289474487305e-01
2.958143055438995361e-01
2.938943803310394287e-01
4.738131761550903320e-01
3.016076982021331787e-01
3.687702119350433350e-01
3.660612106323242188e-01
3.185923397541046143e-01
3.393454551696777344e-01
2.669672667980194092e-01
2.932705879211425781e-01
2.184863537549972534e-01
3.911586701869964600e-01
3.227341175079345703e-01
4.006160795688629150e-01
3.550790250301361084e-01
3.427190482616424561e-01
2.966706752777099609e-01
3.539274036884307861e-01
4.043111801147460938e-01
2.551670372486114502e-01
2.410687357187271118e-01
3.115149438381195068e-01
4.977078437805175781e-01
3.629179894924163818e-01
3.173989951610565186e-01
3.358868658542633057e-01
4.265480041503906250e-01
2.714137136936187744e-01
3.449773788452148438e-01
2.727762162685394287e-01
2.980677187442779541e-01
3.078253269195556641e-01
2.662839889526367188e-01
3.309378325939178467e-01
2.916107177734375000e-01
3.294310569763183594e-01
3.598524630069732666e-01
9.631950855255126953e-01
3.099229633808135986e-01
3.139615058898925781e-01
3.255795538425445557e-01
2.854518592357635498e-01
2.566011548042297363e-01
6.536919474601745605e-01
3.113008439540863037e-01
4.288706779479980469e-01
3.179571926593780518e-01
3.233136236667633057e-01
3.048293292522430420e-01
5.088484883308410645e-01
4.244921207427978516e-01
4.514154195785522461e-01
2.396167516708374023e-01
3.141234815120697021e-01
2.819294035434722900e-01
2.903678417205810547e-01
3.248678743839263916e-01
2.949007451534271240e-01
3.871113359928131104e-01
3.747563660144805908e-01
3.022632598876953125e-01
3.712908327579498291e-01
3.909039497375488281e-01
2.883503139019012451e-01
3.176197111606597900e-01
3.359021246433258057e-01
2.577348053455352783e-01
3.514276444911956787e-01
3.571691513061523438e-01
3.143861591815948486e-01
3.933715820312500000e-01
3.724806010723114014e-01
2.351522445678710938e-01
2.292239665985107422e-01
2.880046367645263672e-01
3.089918494224548340e-01
2.943517863750457764e-01
3.376232683658599854e-01
2.555673420429229736e-01
2.928998172283172607e-01
3.733696937561035156e-01
3.601638972759246826e-01
2.507304847240447998e-01
3.078190088272094727e-01
3.278840482234954834e-01
2.849229276180267334e-01
3.049886524677276611e-01
3.408004343509674072e-01
4.979180395603179932e-01
3.812870085239410400e-01
3.228797912597656250e-01
3.393505811691284180e-01
3.115896880626678467e-01
2.680455148220062256e-01
2.829457223415374756e-01
3.784022629261016846e-01
2.843100130558013916e-01
3.730143606662750244e-01
3.192327320575714111e-01
3.845159113407135010e-01
3.617858886718750000e-01
2.124459892511367798e-01
2.967353761196136475e-01
3.274377882480621338e-01
2.152886837720870972e-01
2.982850670814514160e-01
2.850599884986877441e-01
2.652568817138671875e-01
3.071113526821136475e-01
5.495333671569824219e-01
2.774445712566375732e-01
2.790214717388153076e-01
2.948162853717803955e-01
3.994140625000000000e-01
3.221628069877624512e-01
4.782364666461944580e-01
2.618170082569122314e-01
3.856862485408782959e-01
2.858367860317230225e-01
3.113782107830047607e-01
3.421917855739593506e-01
3.207467198371887207e-01
2.879967987537384033e-01
2.447381019592285156e-01
3.578427731990814209e-01
3.740178346633911133e-01
2.676102817058563232e-01
3.455893695354461670e-01
3.108209073543548584e-01
2.349843829870223999e-01
2.831499874591827393e-01
2.775587141513824463e-01
2.290016561746597290e-01
3.835486471652984619e-01
3.234728276729583740e-01
2.570263445377349854e-01
2.837831676006317139e-01
3.610380589962005615e-01
3.514528572559356689e-01
3.657892644405364990e-01
4.019882678985595703e-01
2.773678004741668701e-01
2.511225640773773193e-01
3.251567184925079346e-01
2.547574937343597412e-01
2.867172658443450928e-01
3.773542940616607666e-01
2.706515789031982422e-01
5.231091380119323730e-01
4.300494194030761719e-01
3.640495240688323975e-01
3.114836215972900391e-01
2.653658688068389893e-01
3.464573621749877930e-01
3.216007053852081299e-01
3.091813325881958008e-01
3.722008168697357178e-01
2.774343788623809814e-01
3.202871382236480713e-01
3.331819474697113037e-01
4.326531589031219482e-01
3.720017969608306885e-01
3.085264265537261963e-01
3.378689587116241455e-01
2.826890051364898682e-01
3.147304952144622803e-01
2.960055768489837646e-01
2.600619494915008545e-01
5.158511996269226074e-01
3.726866245269775391e-01
7.071277499198913574e-01
3.433178365230560303e-01
2.264230102300643921e-01
3.821236193180084229e-01
4.990994036197662354e-01
3.159107863903045654e-01
3.463620245456695557e-01
3.596944510936737061e-01
2.629689276218414307e-01
3.524938523769378662e-01
2.516411244869232178e-01
4.353290498256683350e-01
3.342209756374359131e-01
2.663397490978240967e-01
3.044114410877227783e-01
2.840459048748016357e-01
3.105127513408660889e-01
2.861105501651763916e-01
3.155980408191680908e-01
2.522805035114288330e-01
2.978847324848175049e-01
4.206764698028564453e-01
4.131473302841186523e-01
3.921961486339569092e-01
3.948926031589508057e-01
2.507254183292388916e-01
2.784302234649658203e-01
3.162650465965270996e-01
3.758337795734405518e-01
5.155618786811828613e-01
3.003729283809661865e-01
3.372386693954467773e-01
3.274915516376495361e-01
2.731783092021942139e-01
3.274293541908264160e-01
3.661551475524902344e-01
3.645894825458526611e-01
3.419608771800994873e-01
3.135109245777130127e-01
3.725405037403106689e-01
3.282280564308166504e-01
2.510175108909606934e-01
4.490466117858886719e-01
2.493578642606735229e-01
2.727625072002410889e-01
3.297244906425476074e-01
2.249174118041992188e-01
2.821595370769500732e-01
3.704679310321807861e-01
3.835814893245697021e-01
2.972625792026519775e-01
3.569840490818023682e-01
2.528199553489685059e-01
3.680883944034576416e-01
3.784149885177612305e-01
3.078388869762420654e-01
2.786079645156860352e-01
2.628549933433532715e-01
3.297912776470184326e-01
3.372902870178222656e-01
2.521074116230010986e-01
3.242241442203521729e-01
3.212196528911590576e-01
3.794455528259277344e-01
3.538128435611724854e-01
2.869088649749755859e-01
3.450960218906402588e-01
3.706120252609252930e-01
2.589890062808990479e-01
3.724016249179840088e-01
3.460988700389862061e-01
3.087210059165954590e-01
2.337684184312820435e-01
4.415916204452514648e-01
4.042635858058929443e-01
4.573089182376861572e-01
3.327145278453826904e-01
3.355239331722259521e-01
3.071598708629608154e-01
4.573945999145507812e-01
3.873213231563568115e-01
7.862410545349121094e-01
3.757840394973754883e-01
3.843912780284881592e-01
4.546572268009185791e-01
3.385712206363677979e-01
3.384509980678558350e-01
3.931545317173004150e-01
3.212352097034454346e-01
2.529486417770385742e-01
3.177521526813507080e-01
2.633661031723022461e-01
3.550387620925903320e-01
3.600893020629882812e-01
3.490606546401977539e-01
3.238191008567810059e-01
3.182934522628784180e-01
2.684233784675598145e-01
2.544300258159637451e-01
3.777649402618408203e-01
3.504133522510528564e-01
4.337290227413177490e-01
3.359221518039703369e-01
3.176150023937225342e-01
3.523415625095367432e-01
2.254068404436111450e-01
3.367728292942047119e-01
2.832274734973907471e-01
3.875422179698944092e-01
5.795869231224060059e-01
4.421319067478179932e-01
3.534241616725921631e-01
3.772531449794769287e-01
5.028652548789978027e-01
2.580245435237884521e-01
3.883129358291625977e-01
3.773541152477264404e-01
2.945434749126434326e-01
4.438408911228179932e-01
3.740445077419281006e-01
3.659087717533111572e-01
2.765863835811614990e-01
3.388451039791107178e-01
3.679013252258300781e-01
2.826850414276123047e-01
3.049169480800628662e-01
2.667106091976165771e-01
3.573895394802093506e-01
2.360006421804428101e-01
3.184020519256591797e-01
3.280651867389678955e-01
6.611390709877014160e-01
3.466474115848541260e-01
4.670226573944091797e-01
4.749785959720611572e-01
2.717452943325042725e-01
3.041024506092071533e-01
2.816785871982574463e-01
2.232986837625503540e-01
3.851799070835113525e-01
3.861769139766693115e-01
2.951993644237518311e-01
2.695557475090026855e-01
2.954512238502502441e-01
4.864649474620819092e-01
3.708511590957641602e-01
3.909983634948730469e-01
2.647348344326019287e-01
2.563484609127044678e-01
2.997568547725677490e-01
4.089293479919433594e-01
3.040413558483123779e-01
3.486416637897491455e-01
3.569345474243164062e-01
4.618167877197265625e-01
2.919854819774627686e-01
4.424054920673370361e-01
5.147895216941833496e-01
4.025561511516571045e-01
2.673684656620025635e-01
2.744375765323638916e-01
3.724853992462158203e-01
2.639377415180206299e-01
3.997760713100433350e-01
3.688921034336090088e-01
3.372587859630584717e-01
3.214091360569000244e-01
2.938773334026336670e-01
3.607464730739593506e-01
2.704454362392425537e-01
3.056218326091766357e-01
3.520615398883819580e-01
3.033692240715026855e-01
2.561775445938110352e-01
3.225758373737335205e-01
3.889262974262237549e-01
2.672632336616516113e-01
2.101653069257736206e-01
3.048908710479736328e-01
2.649917900562286377e-01
2.606656551361083984e-01
3.514647483825683594e-01
2.475134730339050293e-01
3.211325407028198242e-01
2.543341517448425293e-01
2.469663172960281372e-01
2.961351871490478516e-01
2.621479928493499756e-01
3.420245945453643799e-01
3.007141351699829102e-01
3.566502034664154053e-01
3.037331104278564453e-01
3.338705301284790039e-01
3.259823322296142578e-01
3.005815744400024414e-01
2.986952364444732666e-01
2.600812017917633057e-01
2.070306092500686646e-01
3.479143083095550537e-01
2.408214807510375977e-01
2.937355935573577881e-01
3.775303661823272705e-01
4.170714318752288818e-01
3.182514309883117676e-01
2.885926961898803711e-01
2.572720944881439209e-01
3.721502721309661865e-01
3.594103753566741943e-01
2.943131625652313232e-01
3.157441020011901855e-01
2.969167232513427734e-01
3.721694648265838623e-01
3.298970460891723633e-01
3.559130728244781494e-01
2.896305620670318604e-01
3.839038312435150146e-01
3.222262859344482422e-01
4.538427889347076416e-01
8.181619644165039062e-01
2.660036981105804443e-01
3.255850076675415039e-01
2.813920080661773682e-01
2.744682133197784424e-01
2.666488885879516602e-01
2.969365417957305908e-01
2.699680626392364502e-01
2.823027372360229492e-01
4.319036900997161865e-01
2.624966502189636230e-01
2.958940565586090088e-01
2.565929293632507324e-01
3.386726677417755127e-01
3.839767277240753174e-01
3.713854253292083740e-01
2.640368640422821045e-01
4.179941713809967041e-01
4.140756130218505859e-01
4.092533290386199951e-01
2.463647574186325073e-01
4.045730829238891602e-01
4.339579641819000244e-01
3.451600074768066406e-01
3.929090499877929688e-01
2.925972640514373779e-01
3.401839435100555420e-01
2.423149347305297852e-01
2.560237348079681396e-01
2.518874406814575195e-01
2.334715723991394043e-01
3.450564444065093994e-01
2.240130752325057983e-01
3.727242946624755859e-01
3.860697746276855469e-01
3.322091400623321533e-01
3.214098215103149414e-01
9.981216788291931152e-01
3.820415437221527100e-01
2.720504105091094971e-01
3.654709160327911377e-01
9.780223965644836426e-01
4.075944721698760986e-01
4.461024999618530273e-01
2.798403799533843994e-01
4.674811363220214844e-01
3.184484541416168213e-01
4.433709681034088135e-01
2.497903704643249512e-01
2.793608307838439941e-01
3.372428119182586670e-01
3.139220178127288818e-01
4.299540519714355469e-01
3.360476493835449219e-01
2.781646549701690674e-01
2.129364013671875000e-01
2.433758527040481567e-01
3.183014690876007080e-01
3.556529283523559570e-01
2.560942471027374268e-01
3.275859057903289795e-01
3.685605525970458984e-01
3.096172213554382324e-01
3.117571473121643066e-01
4.233276844024658203e-01
3.073589503765106201e-01
5.467064380645751953e-01
2.880070507526397705e-01
2.927720844745635986e-01
2.720590531826019287e-01
2.648384571075439453e-01
2.915475964546203613e-01
3.562222421169281006e-01
3.309610188007354736e-01
2.269673496484756470e-01
3.011096417903900146e-01
3.525427281856536865e-01
3.988371789455413818e-01
3.042472898960113525e-01
2.859011590480804443e-01
1.391673684120178223e+00
4.091936647891998291e-01
3.841616213321685791e-01
3.312436938285827637e-01
3.407092988491058350e-01
2.695471048355102539e-01
3.457130193710327148e-01
4.211702048778533936e-01
3.069199621677398682e-01
2.981931567192077637e-01
2.747144401073455811e-01
4.138125181198120117e-01
2.975326776504516602e-01
4.085882902145385742e-01
2.524890005588531494e-01
2.762089669704437256e-01
3.229444921016693115e-01
6.396453380584716797e-01
3.846411705017089844e-01
2.769199311733245850e-01
2.599448263645172119e-01
3.198920488357543945e-01
3.228333294391632080e-01
3.934400379657745361e-01
3.004026114940643311e-01
3.627336919307708740e-01
4.123984873294830322e-01
3.358692228794097900e-01
3.331987559795379639e-01
2.826071083545684814e-01
3.100036084651947021e-01
3.243740499019622803e-01
3.060884475708007812e-01
4.705156385898590088e-01
3.577039539813995361e-01
1.823187917470932007e-01
4.807088673114776611e-01
2.093497961759567261e-01
3.041317760944366455e-01
2.157600373029708862e-01
3.671062886714935303e-01
2.484894245862960815e-01
3.098570704460144043e-01
4.007968902587890625e-01
2.999507188796997070e-01
3.171166181564331055e-01
2.659158408641815186e-01
3.475421667098999023e-01
3.869394063949584961e-01
3.117564916610717773e-01
4.410961568355560303e-01
2.739346623420715332e-01
5.491361618041992188e-01
3.559614121913909912e-01
2.904161214828491211e-01
2.728006541728973389e-01
2.786882817745208740e-01
3.162344396114349365e-01
2.927713096141815186e-01
3.130452632904052734e-01
4.087036550045013428e-01
4.308492243289947510e-01
3.719181716442108154e-01
2.502487003803253174e-01
4.137285649776458740e-01
3.478665351867675781e-01
4.009257853031158447e-01
3.404316008090972900e-01
3.061508238315582275e-01
3.067859709262847900e-01
4.478634297847747803e-01
3.157680332660675049e-01
3.269931972026824951e-01
2.421442717313766479e-01
3.844270706176757812e-01
3.763443231582641602e-01
3.189063966274261475e-01
2.893010079860687256e-01
3.079288303852081299e-01
3.561173379421234131e-01
3.465426862239837646e-01
3.536672890186309814e-01
3.778561353683471680e-01
2.595545351505279541e-01
5.019408464431762695e-01
2.393272072076797485e-01
4.156069457530975342e-01
2.828527987003326416e-01
3.494018614292144775e-01
3.204083144664764404e-01
2.851012945175170898e-01
4.089641869068145752e-01
3.766529262065887451e-01
3.373790085315704346e-01
4.608373641967773438e-01
2.725042104721069336e-01
2.854395806789398193e-01
2.795528173446655273e-01
2.913741171360015869e-01
3.104470372200012207e-01
3.198191225528717041e-01
3.456025421619415283e-01
3.150726854801177979e-01
3.418761491775512695e-01
2.779419422149658203e-01
2.636962234973907471e-01
5.087967514991760254e-01
2.309604287147521973e-01
2.918255329132080078e-01
4.920488297939300537e-01
5.048007369041442871e-01
3.735300004482269287e-01
2.486970275640487671e-01
3.292545974254608154e-01
4.965828359127044678e-01
3.130800724029541016e-01
2.870376408100128174e-01
3.093423545360565186e-01
2.364188581705093384e-01
2.708447873592376709e-01
2.883124947547912598e-01
3.795063495635986328e-01
3.306035101413726807e-01
3.145605921745300293e-01
3.089756071567535400e-01
3.137712478637695312e-01
2.960535287857055664e-01
2.105231136083602905e-01
3.016247451305389404e-01
3.848808705806732178e-01
3.340830802917480469e-01
3.900125920772552490e-01
3.299917280673980713e-01
4.759565889835357666e-01
4.065658152103424072e-01
3.495752811431884766e-01
3.476192951202392578e-01
3.988003730773925781e-01
4.068924486637115479e-01
3.249676525592803955e-01
3.142296373844146729e-01
2.963161170482635498e-01
2.064202576875686646e-01
4.105695188045501709e-01
2.523671388626098633e-01
3.944339454174041748e-01
4.232598245143890381e-01
3.806490004062652588e-01
2.959534823894500732e-01
3.511110246181488037e-01
3.280853033065795898e-01
3.370564877986907959e-01
3.243072330951690674e-01
3.199597597122192383e-01
1.980984956026077271e-01
2.660789787769317627e-01
3.969823122024536133e-01
2.610072791576385498e-01
2.864783704280853271e-01
9.421883225440979004e-01
3.300138413906097412e-01
3.333510160446166992e-01
2.612368166446685791e-01
5.741444230079650879e-01
2.665860652923583984e-01
3.999226987361907959e-01
2.640066444873809814e-01
3.577539920806884766e-01
3.140664696693420410e-01
3.111474812030792236e-01
2.856946587562561035e-01
3.851009309291839600e-01
3.160255253314971924e-01
2.950257360935211182e-01
3.495278358459472656e-01
3.052513301372528076e-01
3.598407804965972900e-01
3.307392299175262451e-01
2.545798718929290771e-01
3.360255062580108643e-01
3.460564911365509033e-01
4.660443961620330811e-01
3.306522965431213379e-01
3.002875149250030518e-01
2.486973851919174194e-01
2.525629401206970215e-01
3.096490502357482910e-01
4.214059412479400635e-01
2.664348185062408447e-01
3.052635192871093750e-01
3.465311229228973389e-01
3.014823496341705322e-01
3.196145296096801758e-01
3.346162736415863037e-01
2.410590052604675293e-01
2.862938642501831055e-01
3.248122930526733398e-01
3.885820209980010986e-01
2.807931602001190186e-01
2.749968767166137695e-01
3.781035840511322021e-01
3.201034367084503174e-01
2.381183952093124390e-01
4.567768275737762451e-01
2.879637777805328369e-01
2.703765332698822021e-01
3.100860416889190674e-01
3.513105809688568115e-01
3.454001247882843018e-01
2.623917162418365479e-01
2.749541699886322021e-01
3.073921501636505127e-01
4.895310401916503906e-01
3.662333786487579346e-01
3.616937100887298584e-01
3.140952587127685547e-01
2.661072909832000732e-01
2.646746933460235596e-01
2.675751745700836182e-01
2.137299180030822754e-01
4.334426820278167725e-01
2.786716818809509277e-01
3.185396492481231689e-01
3.813854157924652100e-01
3.078352212905883789e-01
3.525756299495697021e-01
3.376106023788452148e-01
2.578954994678497314e-01
3.138449490070343018e-01
2.550990581512451172e-01
3.613393306732177734e-01
3.172604143619537354e-01
3.242326080799102783e-01
3.162133097648620605e-01
3.309318721294403076e-01
3.224357664585113525e-01
3.422972857952117920e-01
3.363825976848602295e-01
2.616134881973266602e-01
2.454971224069595337e-01
2.762859761714935303e-01
3.112649023532867432e-01
3.267492055892944336e-01
3.733891546726226807e-01
2.891591191291809082e-01
3.263906836509704590e-01
2.677457630634307861e-01
3.874473571777343750e-01
2.523086369037628174e-01
3.651942014694213867e-01
3.226291835308074951e-01
4.721626937389373779e-01
3.381209373474121094e-01
3.668154180049896240e-01
2.881591022014617920e-01
3.377784192562103271e-01
4.093151986598968506e-01
3.150352537631988525e-01
3.384243249893188477e-01
4.138307869434356689e-01
3.329553902149200439e-01
3.331268131732940674e-01
2.689934968948364258e-01
2.835252583026885986e-01
3.695645332336425781e-01
3.566288053989410400e-01
3.184640705585479736e-01
4.371123015880584717e-01
2.637502849102020264e-01
3.546715676784515381e-01
3.062114715576171875e-01
3.727728426456451416e-01
3.816609382629394531e-01
3.407888710498809814e-01
3.893574476242065430e-01
4.389473199844360352e-01
3.223682343959808350e-01
4.342865049839019775e-01
5.649716854095458984e-01
2.576245963573455811e-01
3.206428885459899902e-01
4.470239579677581787e-01
2.293286770582199097e-01
2.938972711563110352e-01
2.574283480644226074e-01
3.664417266845703125e-01
3.815443515777587891e-01
3.706842660903930664e-01
3.053806722164154053e-01
3.322122693061828613e-01
2.517579793930053711e-01
2.977520227432250977e-01
3.512420356273651123e-01
4.380462467670440674e-01
2.265220731496810913e-01
4.392429888248443604e-01
3.371020257472991943e-01
6.041929125785827637e-01
2.979416549205780029e-01
3.947111070156097412e-01
3.681315183639526367e-01
2.967162132263183594e-01
3.427520990371704102e-01
3.864239752292633057e-01
3.114123642444610596e-01
5.943698883056640625e-01
5.112931132316589355e-01
4.269705116748809814e-01
3.222303390502929688e-01
3.206162452697753906e-01
4.138288199901580811e-01
4.241437613964080811e-01
3.365991115570068359e-01
2.719764411449432373e-01
2.781616747379302979e-01
3.881022632122039795e-01
4.455108642578125000e-01
1.034522056579589844e+00
2.624884545803070068e-01
3.963008224964141846e-01
2.717396616935729980e-01
3.330617845058441162e-01
3.722957372665405273e-01
2.859100997447967529e-01
3.919845521450042725e-01
2.157295942306518555e-01
4.031834602355957031e-01
2.651035487651824951e-01
3.534019291400909424e-01
2.381051331758499146e-01
3.592701852321624756e-01
3.605310618877410889e-01
3.165192306041717529e-01
3.398868739604949951e-01
3.848316669464111328e-01
2.991586029529571533e-01
3.918955028057098389e-01
3.652839660644531250e-01
3.574193418025970459e-01
3.556292951107025146e-01
4.413469731807708740e-01
3.450334072113037109e-01
3.258723914623260498e-01
2.707423269748687744e-01
3.578517436981201172e-01
2.993923127651214600e-01
2.357242107391357422e-01
2.011445909738540649e-01
3.216663002967834473e-01
3.279717862606048584e-01
3.760889768600463867e-01
3.814059495925903320e-01
4.852963685989379883e-01
3.643065989017486572e-01
2.038600593805313110e-01
2.233177423477172852e-01
2.594459652900695801e-01
3.215988576412200928e-01
9.816239476203918457e-01
4.223878085613250732e-01
3.046287000179290771e-01
3.333974778652191162e-01
3.783295452594757080e-01
3.083450794219970703e-01
3.588709533214569092e-01
3.105364143848419189e-01
4.480613470077514648e-01
3.348536789417266846e-01
3.146148025989532471e-01
3.437530696392059326e-01
3.223938047885894775e-01
4.913946688175201416e-01
3.013488948345184326e-01
2.936109006404876709e-01
4.448898136615753174e-01
2.181377559900283813e-01
3.264357149600982666e-01
4.180880784988403320e-01
3.221192359924316406e-01
3.946866989135742188e-01
1.743461042642593384e-01
3.361568450927734375e-01
3.247973620891571045e-01
2.812939882278442383e-01
3.545031845569610596e-01
3.504941165447235107e-01
3.613220751285552979e-01
2.348393350839614868e-01
3.453097641468048096e-01
3.597246706485748291e-01
3.206028342247009277e-01
5.289359688758850098e-01
3.721607625484466553e-01
2.326364964246749878e-01
3.622945249080657959e-01
2.903758585453033447e-01
2.197238355875015259e-01
3.727332651615142822e-01
2.519837319850921631e-01
2.566983997821807861e-01
2.643179893493652344e-01
3.730011880397796631e-01
3.242872655391693115e-01
3.163001239299774170e-01
3.219684660434722900e-01
3.120798170566558838e-01
3.755947649478912354e-01
3.299733400344848633e-01
3.412739932537078857e-01
3.975917398929595947e-01
4.350957870483398438e-01
3.278423249721527100e-01
3.886906206607818604e-01
3.780531585216522217e-01
2.866358160972595215e-01
3.404430449008941650e-01
3.962550461292266846e-01
2.859692275524139404e-01
4.557701051235198975e-01
3.737393617630004883e-01
2.161017060279846191e-01
3.649918138980865479e-01
3.744684457778930664e-01
3.806434869766235352e-01
2.882952392101287842e-01
2.552411258220672607e-01
3.597791492938995361e-01
2.646349370479583740e-01
4.685599803924560547e-01
3.652684688568115234e-01
3.007442057132720947e-01
3.118303120136260986e-01
3.321024477481842041e-01
5.039549469947814941e-01
3.750431239604949951e-01
3.061987161636352539e-01
2.607332468032836914e-01
6.258386969566345215e-01
2.996170520782470703e-01
9.318780303001403809e-01
2.475208640098571777e-01
2.409723997116088867e-01
3.294870555400848389e-01
3.169546723365783691e-01
6.141715645790100098e-01
5.257971882820129395e-01
5.029366612434387207e-01
3.379196822643280029e-01
4.060582220554351807e-01
3.443227112293243408e-01
3.364559113979339600e-01
3.787378370761871338e-01
2.314003705978393555e-01
2.882095575332641602e-01
6.202870011329650879e-01
3.351174592971801758e-01
2.742393314838409424e-01
2.670713663101196289e-01
3.509876728057861328e-01
7.367250919342041016e-01
4.203706085681915283e-01
3.017720580101013184e-01
2.923310697078704834e-01
2.904118597507476807e-01
2.807406783103942871e-01
2.708639800548553467e-01
4.034726619720458984e-01
3.016388118267059326e-01
2.829543650150299072e-01
2.922547459602355957e-01
2.946618199348449707e-01
4.081509113311767578e-01
3.447493612766265869e-01
4.159052371978759766e-01
3.438968956470489502e-01
3.383576571941375732e-01
4.177806377410888672e-01
3.308998048305511475e-01
2.274655848741531372e-01
3.303471505641937256e-01
4.201071262359619141e-01
4.082530438899993896e-01
3.613419532775878906e-01
4.825498759746551514e-01
2.603681981563568115e-01
3.136589825153350830e-01
1.956130266189575195e-01
4.764016866683959961e-01
3.038158118724822998e-01
3.341362476348876953e-01
2.897668182849884033e-01
2.282529920339584351e-01
5.344603657722473145e-01
3.347548544406890869e-01
2.755633592605590820e-01
3.833159506320953369e-01
3.523205816745758057e-01
2.447136491537094116e-01
3.335988819599151611e-01
2.588595449924468994e-01
2.874967753887176514e-01
5.073528289794921875e-01
3.869506418704986572e-01
3.112273216247558594e-01
2.703823745250701904e-01
2.297779172658920288e-01
2.725898325443267822e-01
4.246961772441864014e-01
3.454172909259796143e-01
3.310253918170928955e-01
3.239207565784454346e-01
4.030405580997467041e-01
3.002496063709259033e-01
2.570954859256744385e-01
3.255390524864196777e-01
3.861721754074096680e-01
2.853268384933471680e-01
3.302656710147857666e-01
3.649024963378906250e-01
3.467738926410675049e-01
2.552239000797271729e-01
3.785885274410247803e-01
3.208996057510375977e-01
2.607499063014984131e-01
3.086357414722442627e-01
3.077482283115386963e-01
2.968132793903350830e-01
3.154883384704589844e-01
3.229745626449584961e-01
3.471510410308837891e-01
3.092524707317352295e-01
3.660858869552612305e-01
3.275153636932373047e-01
3.474871814250946045e-01
2.929404377937316895e-01
4.457214176654815674e-01
3.888701200485229492e-01
3.142923414707183838e-01
2.697888314723968506e-01
2.718017697334289551e-01
3.257819414138793945e-01
3.436201810836791992e-01
3.023665845394134521e-01
2.060121297836303711e-01
2.948635816574096680e-01
2.785675823688507080e-01
3.521251678466796875e-01
2.672311663627624512e-01
6.480350494384765625e-01
4.707441329956054688e-01
2.675971090793609619e-01
2.718146741390228271e-01
4.312652647495269775e-01
4.852416515350341797e-01
3.072071373462677002e-01
3.597137629985809326e-01
4.084049761295318604e-01
2.886669933795928955e-01
4.198903143405914307e-01
2.737036645412445068e-01
4.754025936126708984e-01
3.128639161586761475e-01
4.315974712371826172e-01
2.527170479297637939e-01
2.948958277702331543e-01
3.397119939327239990e-01
6.729792952537536621e-01
3.063432872295379639e-01
2.918440699577331543e-01
3.167427480220794678e-01
2.759108543395996094e-01
2.845849692821502686e-01
2.748055756092071533e-01
3.286343812942504883e-01
3.450202643871307373e-01
3.889884650707244873e-01
2.911275327205657959e-01
4.515644609928131104e-01
4.172457456588745117e-01
2.436990290880203247e-01
3.800364434719085693e-01
3.622499406337738037e-01
3.791992366313934326e-01
3.918727338314056396e-01
3.064989149570465088e-01
3.197835981845855713e-01
3.043720722198486328e-01
3.860975205898284912e-01
3.061604201793670654e-01
2.799347937107086182e-01
3.233510553836822510e-01
2.725160121917724609e-01
2.848618924617767334e-01
3.081035614013671875e-01
3.576356470584869385e-01
2.974762618541717529e-01
3.306950628757476807e-01
3.459841310977935791e-01
8.996071815490722656e-01
3.547892570495605469e-01
3.660383522510528564e-01
3.564173579216003418e-01
