3.007193207740783691e-01
3.380809724330902100e-01
3.523190021514892578e-01
4.591142237186431885e-01
5.543158054351806641e-01
4.431597292423248291e-01
5.162065029144287109e-01
3.897881507873535156e-01
3.791210651397705078e-01
3.679827153682708740e-01
3.982392847537994385e-01
4.292499125003814697e-01
4.516290128231048584e-01
3.542286455631256104e-01
2.951021194458007812e-01
5.471873879432678223e-01
3.687617778778076172e-01
2.503878176212310791e-01
3.561627864837646484e-01
3.185679018497467041e-01
4.688935279846191406e-01
5.129491686820983887e-01
5.488963723182678223e-01
3.548590242862701416e-01
3.109826147556304932e-01
4.439190328121185303e-01
4.976567029953002930e-01
3.971100151538848877e-01
3.401875197887420654e-01
3.588640689849853516e-01
3.402190506458282471e-01
3.383740186691284180e-01
4.816075265407562256e-01
2.997586727142333984e-01
5.592811703681945801e-01
5.515725612640380859e-01
3.997324705123901367e-01
3.856563568115234375e-01
5.614710450172424316e-01
3.772239387035369873e-01
4.515039026737213135e-01
3.564293086528778076e-01
4.414230585098266602e-01
4.123932421207427979e-01
1.169948101043701172e+00
2.742155790328979492e-01
3.959119617938995361e-01
3.544321954250335693e-01
3.626771867275238037e-01
2.964716553688049316e-01
5.054975748062133789e-01
4.378763437271118164e-01
5.278236865997314453e-01
3.554517924785614014e-01
4.081963598728179932e-01
5.014653801918029785e-01
3.253507316112518311e-01
3.293939232826232910e-01
3.847248852252960205e-01
6.437110304832458496e-01
3.103331625461578369e-01
1.830235123634338379e+00
2.797964513301849365e-01
4.133221209049224854e-01
4.817736446857452393e-01
4.561314880847930908e-01
4.717467725276947021e-01
3.870262205600738525e-01
5.681855082511901855e-01
3.158656060695648193e-01
4.629696905612945557e-01
4.371158182621002197e-01
3.656588494777679443e-01
6.818224787712097168e-01
4.939868152141571045e-01
5.382974147796630859e-01
4.341852664947509766e-01
4.374277889728546143e-01
4.723547995090484619e-01
5.616703033447265625e-01
4.148236811161041260e-01
3.796581327915191650e-01
4.554994106292724609e-01
4.411940872669219971e-01
4.360513985157012939e-01
3.954278528690338135e-01
3.470735549926757812e-01
4.908291101455688477e-01
3.017808198928833008e-01
7.896175980567932129e-01
3.595812022686004639e-01
9.320023655891418457e-01
4.039998054504394531e-01
4.097047746181488037e-01
3.223257064819335938e-01
3.458186089992523193e-01
2.933612763881683350e-01
4.632076025009155273e-01
5.719864964485168457e-01
4.756747186183929443e-01
3.790724277496337891e-01
3.725745677947998047e-01
4.052474200725555420e-01
5.649031996726989746e-01
6.191103458404541016e-01
4.584162235260009766e-01
4.170992076396942139e-01
3.642759323120117188e-01
2.769376337528228760e-01
4.142267405986785889e-01
6.712761521339416504e-01
5.627694129943847656e-01
3.311187326908111572e-01
3.991411626338958740e-01
4.248233735561370850e-01
4.154214560985565186e-01
4.654569327831268311e-01
5.219146609306335449e-01
4.355237185955047607e-01
3.996817767620086670e-01
4.869136810302734375e-01
4.167186319828033447e-01
4.602525234222412109e-01
3.184924423694610596e-01
3.422709703445434570e-01
4.072033166885375977e-01
3.405314385890960693e-01
3.213636875152587891e-01
5.505492687225341797e-01
4.661812782287597656e-01
4.111736118793487549e-01
2.980403304100036621e-01
3.614830970764160156e-01
4.233619868755340576e-01
3.272102475166320801e-01
2.784419655799865723e-01
2.508682310581207275e-01
5.040223002433776855e-01
3.970529139041900635e-01
3.485559523105621338e-01
3.589247763156890869e-01
4.520151615142822266e-01
4.951687753200531006e-01
4.278161525726318359e-01
2.587368786334991455e-01
3.822189271450042725e-01
3.978492319583892822e-01
6.021246314048767090e-01
3.730808496475219727e-01
4.350923597812652588e-01
3.285511434078216553e-01
5.333594083786010742e-01
3.837682008743286133e-01
3.290169239044189453e-01
3.489217758178710938e-01
4.578052461147308350e-01
2.749160528182983398e-01
4.057008326053619385e-01
4.455249011516571045e-01
4.761649072170257568e-01
3.453501164913177490e-01
3.007771968841552734e-01
3.500617444515228271e-01
3.705892562866210938e-01
4.078799188137054443e-01
5.404613614082336426e-01
4.227762520313262939e-01
5.356445312500000000e-01
4.422553479671478271e-01
4.207064211368560791e-01
4.807085096836090088e-01
9.794672131538391113e-01
3.041936457157135010e-01
4.050990641117095947e-01
5.165197849273681641e-01
4.294738471508026123e-01
5.070496201515197754e-01
5.155842900276184082e-01
5.374694466590881348e-01
5.291179418563842773e-01
2.978796362876892090e-01
8.786978721618652344e-01
4.362172186374664307e-01
4.088073670864105225e-01
3.333839178085327148e-01
5.202124714851379395e-01
4.424768388271331787e-01
4.645470380783081055e-01
4.151881039142608643e-01
4.338586032390594482e-01
3.592499792575836182e-01
3.954826593399047852e-01
3.256252110004425049e-01
3.510790169239044189e-01
4.746004343032836914e-01
6.022627949714660645e-01
3.581763803958892822e-01
3.113999068737030029e-01
3.381415307521820068e-01
4.468305408954620361e-01
4.649147093296051025e-01
3.791037499904632568e-01
5.746737718582153320e-01
2.907866239547729492e-01
5.336282849311828613e-01
3.254788219928741455e-01
3.930794298648834229e-01
4.164137840270996094e-01
5.530831813812255859e-01
3.965581655502319336e-01
3.567744195461273193e-01
4.854507446289062500e-01
3.206618428230285645e-01
4.962774217128753662e-01
5.198706388473510742e-01
5.914883613586425781e-01
4.484780728816986084e-01
3.810387849807739258e-01
4.326938092708587646e-01
4.570451676845550537e-01
4.508426189422607422e-01
3.898340165615081787e-01
3.935560286045074463e-01
3.432774841785430908e-01
3.354401290416717529e-01
4.781887531280517578e-01
2.885425388813018799e-01
3.873101770877838135e-01
4.920700490474700928e-01
3.835372924804687500e-01
5.935614705085754395e-01
5.236900448799133301e-01
2.932408154010772705e-01
4.957132637500762939e-01
5.804896950721740723e-01
3.825660049915313721e-01
6.489925980567932129e-01
4.547181129455566406e-01
4.954853355884552002e-01
3.788800239562988281e-01
4.900934398174285889e-01
3.023149073123931885e-01
3.866318166255950928e-01
3.762791454792022705e-01
4.468199312686920166e-01
5.393061637878417969e-01
3.821612894535064697e-01
4.223003089427947998e-01
5.550176501274108887e-01
4.177148342132568359e-01
4.341661036014556885e-01
4.555238485336303711e-01
4.747786819934844971e-01
4.421495199203491211e-01
4.222847223281860352e-01
4.548686444759368896e-01
5.435084700584411621e-01
6.135930418968200684e-01
3.342984020709991455e-01
3.084782660007476807e-01
4.247767925262451172e-01
4.359329938888549805e-01
2.989974021911621094e-01
4.570851624011993408e-01
3.375433385372161865e-01
9.311975836753845215e-01
3.021572530269622803e-01
3.931053578853607178e-01
5.190978646278381348e-01
4.485454559326171875e-01
3.662475645542144775e-01
4.381754398345947266e-01
6.389541625976562500e-01
3.137262761592864990e-01
4.174586236476898193e-01
4.363157749176025391e-01
3.162686228752136230e-01
3.534850180149078369e-01
2.992746531963348389e-01
3.384095728397369385e-01
4.422543942928314209e-01
4.157472550868988037e-01
3.145880997180938721e-01
3.939784467220306396e-01
3.824566900730133057e-01
4.293624460697174072e-01
4.372995793819427490e-01
6.231256127357482910e-01
3.679888248443603516e-01
4.223832190036773682e-01
4.021861851215362549e-01
4.266280233860015869e-01
2.895271480083465576e-01
3.619816303253173828e-01
3.662643730640411377e-01
4.154410660266876221e-01
2.782254517078399658e-01
3.247994482517242432e-01
3.160382807254791260e-01
4.215675890445709229e-01
3.715064227581024170e-01
5.777043104171752930e-01
3.324779570102691650e-01
4.391668736934661865e-01
4.748499691486358643e-01
4.202937781810760498e-01
5.799823403358459473e-01
2.999936044216156006e-01
7.102281451225280762e-01
4.816717207431793213e-01
4.100792109966278076e-01
4.328385591506958008e-01
4.684197902679443359e-01
4.277772009372711182e-01
5.130509734153747559e-01
5.292849540710449219e-01
4.525350630283355713e-01
5.388584136962890625e-01
5.532133579254150391e-01
4.224595725536346436e-01
4.169020950794219971e-01
3.780477344989776611e-01
5.321521759033203125e-01
3.425625562667846680e-01
3.640502393245697021e-01
3.849802911281585693e-01
4.654639959335327148e-01
3.320380151271820068e-01
3.493362665176391602e-01
9.886601567268371582e-01
3.416986465454101562e-01
4.067893028259277344e-01
3.673717081546783447e-01
4.436037540435791016e-01
3.953369855880737305e-01
3.586828708648681641e-01
3.827964067459106445e-01
3.474321663379669189e-01
3.258390724658966064e-01
3.932758569717407227e-01
4.967393577098846436e-01
3.765949904918670654e-01
5.268912315368652344e-01
4.939495027065277100e-01
5.335223674774169922e-01
4.313327074050903320e-01
3.725555241107940674e-01
5.320116281509399414e-01
4.527107775211334229e-01
3.973195552825927734e-01
4.273803234100341797e-01
5.375092625617980957e-01
3.544294536113739014e-01
4.822294414043426514e-01
4.050938785076141357e-01
1.232921123504638672e+00
4.099933207035064697e-01
3.516024053096771240e-01
4.744671285152435303e-01
2.542122006416320801e-01
7.443876266479492188e-01
4.116956293582916260e-01
4.015291631221771240e-01
3.207661211490631104e-01
3.353608548641204834e-01
2.986919879913330078e-01
3.612849712371826172e-01
2.989853024482727051e-01
4.463683068752288818e-01
4.895924031734466553e-01
3.905128240585327148e-01
4.687829315662384033e-01
4.625067412853240967e-01
5.166317820549011230e-01
8.880490660667419434e-01
5.285174846649169922e-01
5.362704396247863770e-01
3.867373168468475342e-01
5.147578120231628418e-01
5.696165561676025391e-01
3.779273331165313721e-01
5.502834320068359375e-01
2.623604536056518555e-01
3.505892753601074219e-01
3.628981113433837891e-01
4.168522357940673828e-01
4.531446993350982666e-01
5.503777861595153809e-01
5.183607935905456543e-01
4.018032550811767578e-01
4.243265390396118164e-01
9.946689605712890625e-01
4.320648610591888428e-01
4.235311448574066162e-01
4.363864362239837646e-01
4.974796772003173828e-01
5.871903300285339355e-01
4.620447456836700439e-01
4.679721295833587646e-01
2.950544357299804688e-01
4.548528492450714111e-01
3.135806024074554443e-01
4.419972002506256104e-01
5.302998423576354980e-01
4.094730913639068604e-01
3.062110245227813721e-01
4.153870642185211182e-01
5.857363343238830566e-01
3.788007497787475586e-01
3.937257230281829834e-01
6.398751735687255859e-01
4.363695085048675537e-01
4.047299623489379883e-01
3.192323446273803711e-01
2.753633260726928711e-01
4.497610628604888916e-01
6.178473830223083496e-01
3.747360408306121826e-01
4.709697663784027100e-01
3.550219237804412842e-01
4.112874269485473633e-01
4.901317656040191650e-01
4.000285565853118896e-01
4.292898178100585938e-01
6.557945609092712402e-01
4.180622994899749756e-01
6.719434857368469238e-01
7.694862484931945801e-01
3.651273548603057861e-01
3.204985857009887695e-01
4.949185848236083984e-01
6.251580119132995605e-01
4.893237650394439697e-01
3.946259319782257080e-01
4.759754836559295654e-01
4.965553581714630127e-01
2.781092226505279541e-01
4.430438578128814697e-01
3.784362077713012695e-01
4.864884614944458008e-01
5.191333293914794922e-01
5.767048001289367676e-01
4.175976812839508057e-01
4.318637847900390625e-01
4.750494956970214844e-01
3.625138103961944580e-01
5.624036192893981934e-01
5.073738098144531250e-01
4.041512906551361084e-01
4.264607131481170654e-01
4.962505400180816650e-01
3.622073829174041748e-01
4.840026795864105225e-01
5.044318437576293945e-01
3.683678805828094482e-01
3.907103836536407471e-01
5.550410747528076172e-01
8.305410742759704590e-01
4.031054675579071045e-01
4.271856248378753662e-01
5.130825042724609375e-01
6.636489033699035645e-01
2.863051593303680420e-01
5.642289519309997559e-01
5.134676098823547363e-01
3.202389478683471680e-01
4.330395162105560303e-01
4.054387509822845459e-01
5.753134489059448242e-01
4.767859876155853271e-01
3.541654050350189209e-01
5.337277650833129883e-01
3.179841339588165283e-01
4.608759880065917969e-01
4.182524383068084717e-01
3.892704546451568604e-01
7.487025260925292969e-01
6.003243327140808105e-01
4.268880784511566162e-01
4.504023492336273193e-01
3.427872657775878906e-01
4.271318018436431885e-01
4.238662719726562500e-01
5.424054265022277832e-01
1.034305453300476074e+00
4.416309297084808350e-01
2.747550010681152344e-01
3.717353045940399170e-01
4.630283117294311523e-01
3.744658529758453369e-01
4.754656255245208740e-01
3.079692721366882324e-01
4.240413904190063477e-01
5.082426071166992188e-01
5.307661294937133789e-01
3.714869022369384766e-01
4.014500677585601807e-01
4.567813873291015625e-01
3.862508237361907959e-01
3.355086147785186768e-01
3.869497478008270264e-01
5.374156832695007324e-01
4.586852490901947021e-01
3.540419042110443115e-01
4.548525810241699219e-01
4.529306590557098389e-01
4.442279338836669922e-01
3.070100843906402588e-01
4.382100403308868408e-01
4.788237512111663818e-01
4.309857785701751709e-01
3.498986065387725830e-01
3.834493458271026611e-01
4.584748446941375732e-01
4.910987913608551025e-01
5.682490468025207520e-01
4.977333545684814453e-01
5.082541108131408691e-01
5.811747312545776367e-01
2.976223528385162354e-01
4.128155708312988281e-01
3.023060262203216553e-01
2.975997924804687500e-01
2.867616415023803711e-01
3.284504711627960205e-01
4.741144180297851562e-01
4.025133550167083740e-01
3.184589445590972900e-01
4.313678741455078125e-01
3.634070158004760742e-01
3.202852308750152588e-01
4.109655618667602539e-01
4.812164306640625000e-01
3.705926239490509033e-01
4.352200329303741455e-01
3.608276546001434326e-01
4.083626270294189453e-01
3.823923170566558838e-01
5.683070421218872070e-01
3.484948873519897461e-01
2.950589954853057861e-01
5.377047657966613770e-01
4.872094690799713135e-01
5.335558056831359863e-01
4.389608800411224365e-01
6.208736896514892578e-01
3.086057901382446289e-01
3.726282417774200439e-01
4.341668784618377686e-01
3.554377853870391846e-01
2.878580391407012939e-01
3.564516305923461914e-01
4.391790330410003662e-01
5.718250870704650879e-01
5.030875205993652344e-01
3.477651178836822510e-01
4.147372543811798096e-01
3.409135341644287109e-01
3.898476064205169678e-01
5.225034356117248535e-01
4.945961236953735352e-01
4.736267328262329102e-01
3.747328221797943115e-01
4.259754717350006104e-01
3.526163101196289062e-01
4.001995623111724854e-01
5.523275732994079590e-01
4.057684838771820068e-01
3.795755207538604736e-01
3.447796404361724854e-01
4.274078309535980225e-01
4.041186869144439697e-01
5.824356675148010254e-01
3.831416666507720947e-01
3.787344694137573242e-01
3.757709264755249023e-01
5.448577404022216797e-01
4.202631711959838867e-01
5.343859791755676270e-01
4.090013802051544189e-01
3.379194736480712891e-01
4.821449518203735352e-01
4.525617659091949463e-01
4.392534792423248291e-01
2.627657353878021240e-01
3.567752838134765625e-01
3.348697125911712646e-01
4.832254946231842041e-01
4.919853210449218750e-01
4.040509760379791260e-01
7.191547751426696777e-01
4.638510048389434814e-01
4.751632511615753174e-01
3.726207315921783447e-01
4.464342296123504639e-01
5.552572607994079590e-01
3.155903220176696777e-01
4.687711894512176514e-01
6.403859257698059082e-01
5.085022449493408203e-01
4.302351474761962891e-01
4.848317205905914307e-01
6.410324573516845703e-01
6.437656879425048828e-01
3.748501539230346680e-01
5.495288372039794922e-01
1.361930489540100098e+00
3.766118586063385010e-01
5.197727084159851074e-01
5.401474833488464355e-01
4.121761023998260498e-01
4.069646894931793213e-01
3.570594787597656250e-01
3.665288984775543213e-01
5.514187812805175781e-01
4.084914624691009521e-01
2.814517319202423096e-01
3.629604876041412354e-01
3.203230202198028564e-01
3.405510485172271729e-01
3.121262490749359131e-01
3.544545173645019531e-01
3.402484953403472900e-01
4.471030235290527344e-01
5.382430553436279297e-01
4.965390861034393311e-01
4.453919231891632080e-01
3.602105081081390381e-01
3.057053983211517334e-01
6.691067218780517578e-01
4.048441350460052490e-01
3.851663768291473389e-01
3.484543859958648682e-01
4.532620906829833984e-01
4.014820754528045654e-01
3.726985752582550049e-01
4.406357705593109131e-01
3.230952322483062744e-01
4.516858756542205811e-01
5.137599110603332520e-01
3.827791512012481689e-01
3.526051044464111328e-01
4.317742884159088135e-01
3.993490636348724365e-01
4.544910192489624023e-01
5.476366281509399414e-01
4.601258337497711182e-01
4.145796597003936768e-01
2.704007327556610107e-01
4.320923089981079102e-01
5.914948582649230957e-01
4.292301237583160400e-01
4.493498504161834717e-01
4.527966082096099854e-01
4.871061742305755615e-01
3.253978490829467773e-01
4.075510799884796143e-01
3.815461695194244385e-01
4.521709978580474854e-01
6.441986560821533203e-01
3.217925727367401123e-01
5.933340787887573242e-01
5.728957653045654297e-01
3.788153827190399170e-01
4.925658404827117920e-01
4.567540884017944336e-01
3.706172406673431396e-01
4.590223729610443115e-01
4.775833785533905029e-01
3.402056396007537842e-01
2.975173890590667725e-01
3.510746955871582031e-01
5.358798503875732422e-01
4.262952506542205811e-01
4.527710974216461182e-01
6.849859356880187988e-01
3.994361460208892822e-01
4.210447967052459717e-01
3.907671272754669189e-01
3.452573716640472412e-01
3.396709859371185303e-01
3.939799368381500244e-01
3.383572995662689209e-01
3.288276493549346924e-01
5.427412986755371094e-01
4.420877397060394287e-01
7.176954150199890137e-01
2.853718996047973633e-01
4.501225054264068604e-01
3.610910475254058838e-01
4.302691221237182617e-01
4.239510595798492432e-01
4.111511707305908203e-01
3.174653947353363037e-01
4.546851813793182373e-01
2.971460521221160889e-01
3.570095300674438477e-01
3.275466859340667725e-01
3.850639760494232178e-01
4.243245124816894531e-01
3.916997611522674561e-01
3.796481788158416748e-01
3.177615106105804443e-01
4.532445371150970459e-01
3.794527351856231689e-01
3.962789475917816162e-01
3.773471117019653320e-01
4.270745217800140381e-01
3.499809801578521729e-01
3.894311487674713135e-01
4.451765120029449463e-01
3.609330952167510986e-01
3.427620828151702881e-01
2.956825792789459229e-01
4.305037558078765869e-01
4.988520145416259766e-01
3.576397597789764404e-01
6.104643344879150391e-01
4.128698110580444336e-01
4.554538726806640625e-01
6.033645272254943848e-01
3.302417993545532227e-01
3.842740356922149658e-01
4.389271438121795654e-01
4.824140071868896484e-01
5.880522131919860840e-01
3.697943985462188721e-01
3.671564161777496338e-01
4.219758510589599609e-01
3.934492170810699463e-01
3.228341042995452881e-01
3.338273763656616211e-01
4.124745130538940430e-01
3.259330689907073975e-01
3.818879127502441406e-01
5.196782946586608887e-01
5.789814591407775879e-01
3.571219742298126221e-01
3.721137940883636475e-01
4.669277667999267578e-01
5.237964987754821777e-01
4.052947759628295898e-01
5.685599446296691895e-01
5.809016823768615723e-01
3.594568073749542236e-01
4.277163743972778320e-01
3.713910877704620361e-01
3.364580869674682617e-01
4.142286479473114014e-01
4.267443120479583740e-01
3.865503072738647461e-01
3.967204391956329346e-01
3.862696588039398193e-01
3.877080976963043213e-01
4.625941812992095947e-01
2.946216762065887451e-01
2.846417129039764404e-01
3.215945661067962646e-01
4.981170594692230225e-01
4.535534381866455078e-01
2.821818888187408447e-01
4.077121317386627197e-01
4.229205548763275146e-01
5.653002262115478516e-01
5.539009571075439453e-01
4.253799915313720703e-01
4.182420969009399414e-01
4.367415606975555420e-01
4.179987907409667969e-01
3.465245664119720459e-01
3.348284661769866943e-01
3.817732036113739014e-01
5.169187188148498535e-01
6.159681081771850586e-01
4.048486948013305664e-01
4.327614307403564453e-01
5.888866782188415527e-01
3.746852576732635498e-01
4.817101955413818359e-01
5.161448121070861816e-01
2.898162305355072021e-01
3.816161155700683594e-01
5.696018338203430176e-01
3.782745897769927979e-01
5.287543535232543945e-01
4.009339809417724609e-01
4.305140078067779541e-01
3.803838193416595459e-01
4.444213807582855225e-01
3.726586997509002686e-01
4.789196550846099854e-01
5.317205190658569336e-01
4.143333435058593750e-01
2.627641856670379639e-01
4.502831399440765381e-01
3.140469789505004883e-01
3.758905827999114990e-01
4.424597918987274170e-01
2.579500377178192139e-01
4.567404687404632568e-01
5.754170417785644531e-01
3.357306718826293945e-01
4.458754956722259521e-01
3.370425999164581299e-01
3.400062024593353271e-01
1.348863005638122559e+00
3.337056338787078857e-01
3.235836327075958252e-01
4.961186349391937256e-01
4.315258562564849854e-01
3.883389234542846680e-01
3.354248106479644775e-01
3.662278950214385986e-01
2.935645580291748047e-01
5.524529814720153809e-01
5.114832520484924316e-01
2.913714647293090820e-01
3.710974156856536865e-01
1.214057803153991699e+00
4.085720479488372803e-01
3.768835067749023438e-01
4.185991287231445312e-01
5.311341285705566406e-01
4.322102963924407959e-01
4.550800323486328125e-01
4.013828039169311523e-01
3.406955301761627197e-01
3.456077277660369873e-01
2.798839509487152100e-01
4.332418441772460938e-01
4.050777852535247803e-01
4.227418601512908936e-01
3.911676704883575439e-01
4.334133863449096680e-01
5.029857754707336426e-01
6.988489031791687012e-01
4.263842999935150146e-01
6.212166547775268555e-01
4.047260284423828125e-01
3.695081174373626709e-01
5.054396390914916992e-01
3.982620239257812500e-01
3.013772070407867432e-01
7.297411561012268066e-01
3.419545888900756836e-01
5.497202873229980469e-01
3.938380479812622070e-01
4.627480804920196533e-01
3.642702102661132812e-01
4.467432796955108643e-01
3.894276618957519531e-01
3.677078485488891602e-01
4.329854547977447510e-01
4.919649660587310791e-01
4.619034826755523682e-01
3.579206168651580811e-01
4.002614915370941162e-01
3.862397372722625732e-01
3.167506456375122070e-01
5.222979187965393066e-01
4.882821738719940186e-01
3.745554387569427490e-01
3.342230021953582764e-01
4.325160682201385498e-01
5.068484544754028320e-01
4.406182765960693359e-01
3.399442732334136963e-01
4.996508359909057617e-01
3.515898883342742920e-01
5.796912312507629395e-01
5.077318549156188965e-01
4.885834455490112305e-01
3.263762295246124268e-01
4.867914617061614990e-01
7.644345760345458984e-01
3.886334598064422607e-01
3.404373824596405029e-01
4.923230111598968506e-01
3.011159300804138184e-01
3.577838838100433350e-01
3.601206839084625244e-01
4.416060745716094971e-01
2.913843393325805664e-01
3.159748613834381104e-01
4.162320792675018311e-01
4.170643985271453857e-01
3.823137283325195312e-01
2.812134623527526855e-01
3.628187179565429688e-01
4.129863977432250977e-01
4.321745634078979492e-01
4.573965966701507568e-01
3.007579147815704346e-01
2.900537848472595215e-01
3.230763077735900879e-01
3.397108316421508789e-01
3.346295058727264404e-01
3.975296914577484131e-01
5.415854454040527344e-01
4.978276193141937256e-01
3.314698636531829834e-01
2.783796489238739014e-01
2.425182610750198364e-01
4.271175563335418701e-01
5.517891049385070801e-01
9.318783879280090332e-01
2.923176586627960205e-01
4.787926971912384033e-01
3.634803593158721924e-01
3.430494368076324463e-01
5.531312823295593262e-01
3.538253307342529297e-01
3.722556829452514648e-01
2.973941862583160400e-01
3.970625400543212891e-01
5.342491269111633301e-01
3.405531644821166992e-01
4.636214673519134521e-01
4.332933127880096436e-01
4.247223436832427979e-01
5.353084206581115723e-01
4.995946884155273438e-01
4.503674507141113281e-01
5.111948251724243164e-01
4.683835804462432861e-01
4.778988063335418701e-01
4.793367683887481689e-01
4.302200376987457275e-01
4.003160893917083740e-01
4.160632193088531494e-01
4.738901853561401367e-01
6.575930714607238770e-01
4.061851501464843750e-01
5.793665051460266113e-01
7.310833334922790527e-01
3.514601886272430420e-01
3.459548950195312500e-01
4.187792837619781494e-01
5.380194187164306641e-01
5.553058385848999023e-01
4.349613189697265625e-01
4.806343615055084229e-01
4.431415498256683350e-01
4.067659080028533936e-01
3.241876065731048584e-01
3.738140165805816650e-01
2.601756453514099121e-01
7.330827116966247559e-01
3.797587454319000244e-01
4.153265058994293213e-01
4.108722209930419922e-01
3.438260555267333984e-01
4.871030747890472412e-01
3.363188207149505615e-01
4.313056468963623047e-01
3.655125796794891357e-01
5.044515728950500488e-01
3.379512131214141846e-01
4.283744394779205322e-01
8.623218536376953125e-01
3.045551776885986328e-01
3.846904337406158447e-01
4.449929296970367432e-01
4.419070184230804443e-01
4.309400618076324463e-01
4.596680700778961182e-01
5.171462893486022949e-01
5.730360150337219238e-01
3.890930116176605225e-01
3.317289352416992188e-01
4.082282483577728271e-01
3.070493340492248535e-01
2.932463884353637695e-01
4.734767377376556396e-01
3.378736674785614014e-01
3.275272846221923828e-01
3.989512026309967041e-01
3.899968564510345459e-01
3.763601779937744141e-01
3.572419583797454834e-01
4.647665023803710938e-01
5.919883251190185547e-01
2.751803994178771973e-01
5.058500170707702637e-01
3.648427426815032959e-01
4.066027700901031494e-01
4.170904457569122314e-01
3.533778190612792969e-01
5.019639134407043457e-01
3.620173037052154541e-01
4.899809360504150391e-01
4.564863741397857666e-01
3.239283561706542969e-01
3.119107186794281006e-01
3.021242320537567139e-01
4.153641462326049805e-01
5.082047581672668457e-01
4.209353625774383545e-01
4.286543428897857666e-01
2.875878810882568359e-01
3.735697269439697266e-01
3.463942110538482666e-01
4.539649486541748047e-01
3.499025404453277588e-01
4.979649484157562256e-01
3.760720193386077881e-01
4.994288980960845947e-01
3.830359876155853271e-01
4.419016838073730469e-01
3.530288636684417725e-01
4.323497116565704346e-01
4.034849107265472412e-01
2.929657697677612305e-01
5.387203097343444824e-01
2.906514704227447510e-01
7.479791045188903809e-01
3.819062411785125732e-01
6.121785044670104980e-01
4.601885974407196045e-01
4.179135262966156006e-01
4.645183384418487549e-01
6.530756950378417969e-01
4.758827984333038330e-01
2.592340409755706787e-01
4.894691407680511475e-01
5.069040656089782715e-01
3.466500341892242432e-01
3.674058914184570312e-01
3.513701260089874268e-01
3.972840011119842529e-01
4.153416156768798828e-01
3.631184995174407959e-01
8.411815166473388672e-01
3.621814548969268799e-01
4.776360690593719482e-01
2.737219631671905518e-01
3.414205014705657959e-01
5.372236371040344238e-01
4.048502445220947266e-01
3.688414990901947021e-01
4.882482290267944336e-01
3.663359880447387695e-01
4.012397229671478271e-01
1.884200721979141235e-01
3.648603260517120361e-01
4.321993887424468994e-01
4.355638921260833740e-01
3.563655316829681396e-01
4.464027881622314453e-01
3.113224804401397705e-01
6.369686126708984375e-01
4.847120344638824463e-01
5.980440974235534668e-01
4.089523851871490479e-01
3.589778244495391846e-01
4.735718667507171631e-01
3.662438094615936279e-01
2.750823795795440674e-01
3.515433073043823242e-01
4.464021623134613037e-01
4.241249859333038330e-01
4.198064506053924561e-01
5.211414694786071777e-01
3.552816212177276611e-01
7.461948394775390625e-01
3.479795753955841064e-01
3.715644776821136475e-01
3.884185850620269775e-01
2.659749090671539307e-01
3.921693563461303711e-01
4.630974829196929932e-01
3.908581733703613281e-01
4.444228112697601318e-01
3.558516502380371094e-01
4.231868982315063477e-01
3.824973404407501221e-01
3.360795974731445312e-01
3.181711137294769287e-01
3.743589222431182861e-01
4.097907841205596924e-01
3.931979835033416748e-01
4.260506331920623779e-01
2.726711332798004150e-01
4.412658512592315674e-01
4.730899631977081299e-01
5.171396136283874512e-01
4.553328752517700195e-01
4.550621807575225830e-01
3.091997206211090088e-01
3.688534200191497803e-01
3.951599597930908203e-01
5.528946518898010254e-01
5.180110335350036621e-01
3.777123391628265381e-01
3.917934596538543701e-01
4.707886278629302979e-01
3.161104917526245117e-01
3.792335689067840576e-01
3.590972423553466797e-01
4.448832571506500244e-01
3.518496751785278320e-01
3.888859748840332031e-01
4.313097000122070312e-01
4.663010537624359131e-01
4.238277673721313477e-01
4.288978576660156250e-01
3.966712951660156250e-01
4.667590856552124023e-01
5.398060679435729980e-01
4.712741374969482422e-01
4.898770153522491455e-01
3.607673645019531250e-01
3.802431821823120117e-01
4.988588988780975342e-01
4.459382593631744385e-01
2.815641164779663086e-01
5.192355513572692871e-01
5.342906117439270020e-01
6.257734894752502441e-01
2.591126263141632080e-01
4.066953361034393311e-01
3.979508578777313232e-01
4.551056325435638428e-01
4.457735121250152588e-01
4.851997792720794678e-01
5.030727982521057129e-01
3.530021011829376221e-01
3.733095824718475342e-01
4.561213254928588867e-01
3.653769791126251221e-01
5.863806605339050293e-01
4.367957115173339844e-01
4.269262254238128662e-01
3.103853762149810791e-01
3.740639984607696533e-01
4.071899652481079102e-01
4.582092463970184326e-01
3.915067613124847412e-01
4.471104443073272705e-01
4.984584748744964600e-01
4.328665733337402344e-01
3.256064355373382568e-01
4.349580705165863037e-01
6.794090867042541504e-01
4.107290804386138916e-01
3.789200782775878906e-01
3.684727251529693604e-01
3.208958506584167480e-01
4.004401266574859619e-01
5.303754210472106934e-01
4.683679044246673584e-01
4.147473275661468506e-01
3.443615436553955078e-01
3.210214674472808838e-01
5.431029200553894043e-01
4.021846055984497070e-01
3.225295841693878174e-01
3.695194423198699951e-01
4.052613675594329834e-01
4.430243074893951416e-01
3.291495442390441895e-01
3.177215754985809326e-01
4.481407403945922852e-01
5.319179296493530273e-01
4.290967285633087158e-01
4.418469965457916260e-01
3.660472929477691650e-01
3.625412881374359131e-01
6.232628226280212402e-01
4.813643991947174072e-01
2.973076701164245605e-01
4.264881908893585205e-01
3.340458571910858154e-01
4.243181049823760986e-01
6.659532189369201660e-01
4.938019216060638428e-01
3.382177352905273438e-01
3.728827536106109619e-01
3.747479021549224854e-01
4.661533832550048828e-01
3.726114332675933838e-01
1.149538397789001465e+00
3.251138627529144287e-01
4.523831307888031006e-01
4.513870775699615479e-01
4.915128648281097412e-01
3.549282848834991455e-01
4.580983817577362061e-01
3.942874372005462646e-01
3.524997532367706299e-01
3.451978266239166260e-01
4.683017730712890625e-01
7.085477709770202637e-01
4.582098424434661865e-01
2.987793385982513428e-01
4.208216965198516846e-01
3.792289197444915771e-01
5.420966744422912598e-01
3.995099067687988281e-01
4.711457788944244385e-01
3.564593493938446045e-01
4.025882482528686523e-01
3.563990890979766846e-01
5.119142532348632812e-01
4.081978797912597656e-01
5.182668566703796387e-01
3.342397511005401611e-01
3.151883184909820557e-01
4.481033086776733398e-01
3.843301832675933838e-01
3.409742116928100586e-01
5.331615805625915527e-01
5.009956955909729004e-01
3.074675798416137695e-01
3.866631984710693359e-01
4.058863222599029541e-01
6.015665531158447266e-01
5.764967799186706543e-01
3.623479306697845459e-01
4.888448715209960938e-01
3.848142921924591064e-01
2.966566383838653564e-01
4.305525720119476318e-01
5.163244605064392090e-01
4.346784353256225586e-01
4.086740016937255859e-01
5.014056563377380371e-01
4.136059582233428955e-01
4.545192718505859375e-01
4.619916975498199463e-01
3.776196539402008057e-01
2.466481775045394897e-01
2.909232079982757568e-01
8.569113612174987793e-01
4.833620488643646240e-01
4.552635252475738525e-01
4.503979682922363281e-01
5.644307136535644531e-01
5.035294294357299805e-01
4.105900228023529053e-01
5.066618919372558594e-01
5.632407069206237793e-01
4.564671516418457031e-01
3.075969219207763672e-01
3.956545293331146240e-01
4.923987388610839844e-01
8.140944838523864746e-01
6.114153265953063965e-01
3.845765590667724609e-01
2.746068537235260010e-01
3.674856722354888916e-01
4.775287210941314697e-01
5.204861760139465332e-01
3.929744064807891846e-01
4.281377494335174561e-01
2.670176327228546143e-01
4.362936317920684814e-01
4.164055287837982178e-01
3.759996592998504639e-01
3.045949041843414307e-01
5.846113562583923340e-01
4.067224264144897461e-01
4.023278057575225830e-01
4.434153139591217041e-01
4.451208412647247314e-01
3.557149171829223633e-01
3.681304454803466797e-01
3.154349923133850098e-01
4.012665748596191406e-01
4.754544198513031006e-01
4.724378585815429688e-01
5.975195169448852539e-01
3.917695581912994385e-01
4.253551959991455078e-01
3.110328018665313721e-01
3.620460033416748047e-01
3.637215197086334229e-01
3.786728680133819580e-01
2.751198112964630127e-01
4.261552095413208008e-01
4.150394499301910400e-01
6.172340512275695801e-01
3.219527900218963623e-01
4.193237721920013428e-01
4.720253646373748779e-01
4.791355431079864502e-01
4.067745208740234375e-01
5.399725437164306641e-01
5.045979619026184082e-01
4.740642607212066650e-01
5.261824131011962891e-01
5.084518790245056152e-01
3.935855329036712646e-01
5.647547245025634766e-01
3.729804456233978271e-01
3.058969676494598389e-01
5.420192480087280273e-01
3.017311394214630127e-01
4.820159971714019775e-01
4.340796470642089844e-01
3.656817972660064697e-01
2.343364208936691284e-01
3.275095224380493164e-01
3.097368776798248291e-01
2.408475130796432495e-01
4.025908708572387695e-01
4.279233515262603760e-01
3.944243192672729492e-01
3.437923192977905273e-01
4.157898426055908203e-01
3.133728802204132080e-01
4.584486484527587891e-01
3.367030322551727295e-01
3.254891932010650635e-01
4.286099374294281006e-01
5.366116166114807129e-01
4.537422657012939453e-01
4.893305003643035889e-01
5.269671082496643066e-01
3.836273849010467529e-01
4.099542200565338135e-01
3.020918071269989014e-01
4.637477397918701172e-01
7.780202031135559082e-01
4.274860322475433350e-01
4.891715943813323975e-01
4.190016984939575195e-01
4.817911684513092041e-01
4.596223831176757812e-01
5.062196850776672363e-01
4.063328206539154053e-01
5.342376828193664551e-01
4.335435926914215088e-01
4.051698148250579834e-01
4.127188622951507568e-01
3.945237100124359131e-01
3.161518871784210205e-01
3.661403656005859375e-01
3.940824568271636963e-01
4.790566861629486084e-01
5.899161696434020996e-01
4.131954908370971680e-01
3.900022208690643311e-01
4.193515777587890625e-01
4.270078241825103760e-01
3.327108323574066162e-01
3.541844189167022705e-01
4.484520256519317627e-01
4.140862524509429932e-01
2.855816781520843506e-01
3.746729195117950439e-01
4.035965502262115479e-01
3.539303243160247803e-01
5.372956395149230957e-01
4.421944618225097656e-01
5.122311115264892578e-01
5.084767937660217285e-01
4.779287874698638916e-01
3.907422125339508057e-01
3.765580356121063232e-01
3.303722143173217773e-01
3.832709789276123047e-01
7.442913651466369629e-01
4.631849229335784912e-01
3.650481998920440674e-01
4.500416517257690430e-01
4.633915126323699951e-01
2.537961900234222412e-01
3.608981668949127197e-01
3.963352441787719727e-01
5.257086157798767090e-01
4.154966175556182861e-01
6.159558296203613281e-01
9.543266892433166504e-01
3.857926130294799805e-01
3.692385256290435791e-01
5.146273970603942871e-01
5.391258597373962402e-01
3.917534351348876953e-01
6.064276099205017090e-01
4.513744115829467773e-01
4.210023581981658936e-01
3.913877904415130615e-01
4.059131145477294922e-01
4.700829088687896729e-01
5.522480607032775879e-01
4.057879745960235596e-01
3.530085384845733643e-01
5.278455615043640137e-01
3.696601092815399170e-01
5.805401206016540527e-01
3.131544589996337891e-01
3.517024815082550049e-01
3.490383625030517578e-01
3.428606688976287842e-01
4.419611394405364990e-01
3.411003053188323975e-01
6.420364975929260254e-01
3.759550154209136963e-01
2.610363662242889404e-01
3.618184030055999756e-01
2.743839323520660400e-01
4.667175114154815674e-01
5.131646990776062012e-01
3.865162134170532227e-01
4.500051438808441162e-01
4.816709458827972412e-01
3.153232634067535400e-01
5.167910456657409668e-01
4.906872510910034180e-01
4.204819500446319580e-01
3.380147516727447510e-01
2.947824895381927490e-01
8.472499251365661621e-01
3.604308664798736572e-01
1.086920976638793945e+00
3.855616152286529541e-01
4.921236038208007812e-01
4.844308197498321533e-01
4.149432182312011719e-01
5.869302749633789062e-01
4.317235052585601807e-01
4.579559862613677979e-01
3.453788757324218750e-01
4.780028164386749268e-01
4.133247137069702148e-01
6.965073943138122559e-01
4.927084445953369141e-01
3.221341371536254883e-01
3.442530333995819092e-01
3.254865407943725586e-01
4.025863111019134521e-01
4.854018688201904297e-01
3.332395553588867188e-01
2.913446128368377686e-01
3.992553055286407471e-01
3.815090656280517578e-01
3.247114717960357666e-01
3.935329914093017578e-01
4.742859899997711182e-01
5.143581628799438477e-01
4.534862041473388672e-01
3.524352610111236572e-01
3.327757418155670166e-01
3.526762425899505615e-01
3.420178890228271484e-01
2.984451949596405029e-01
4.710599482059478760e-01
4.627224504947662354e-01
3.532433509826660156e-01
3.634912669658660889e-01
4.581571519374847412e-01
3.068246543407440186e-01
4.728330075740814209e-01
2.913516461849212646e-01
4.873913228511810303e-01
4.128782451152801514e-01
4.723033905029296875e-01
3.889491558074951172e-01
4.741127192974090576e-01
3.818489015102386475e-01
4.447251558303833008e-01
3.732458353042602539e-01
4.090996086597442627e-01
4.744551181793212891e-01
3.542360961437225342e-01
4.573830068111419678e-01
5.285008549690246582e-01
3.436701297760009766e-01
4.126147329807281494e-01
3.862518370151519775e-01
1.013095498085021973e+00
4.247244894504547119e-01
4.276846945285797119e-01
4.420607388019561768e-01
3.738121092319488525e-01
3.963600099086761475e-01
4.688698053359985352e-01
3.668308556079864502e-01
3.983077704906463623e-01
3.717866837978363037e-01
5.400976538658142090e-01
5.508850216865539551e-01
4.963542222976684570e-01
4.663605690002441406e-01
3.848495483398437500e-01
3.751833438873291016e-01
4.021839797496795654e-01
4.431203901767730713e-01
4.576724767684936523e-01
3.334783613681793213e-01
5.121671557426452637e-01
3.162054419517517090e-01
4.750417470932006836e-01
4.801137149333953857e-01
3.772773444652557373e-01
4.080847799777984619e-01
2.484052777290344238e-01
4.026947915554046631e-01
2.998470067977905273e-01
4.382434785366058350e-01
5.609722733497619629e-01
5.241699814796447754e-01
3.663453757762908936e-01
3.365115225315093994e-01
4.527235031127929688e-01
4.546772539615631104e-01
4.590428173542022705e-01
4.798491895198822021e-01
1.775589346885681152e+00
3.018749952316284180e-01
3.860854208469390869e-01
3.272261917591094971e-01
4.682929515838623047e-01
3.989754915237426758e-01
5.414391756057739258e-01
4.062439501285552979e-01
3.010908067226409912e-01
5.845345854759216309e-01
3.888626992702484131e-01
3.650856316089630127e-01
4.604845046997070312e-01
4.485449492931365967e-01
4.340870380401611328e-01
4.257647693157196045e-01
6.768696904182434082e-01
5.294177532196044922e-01
3.551884889602661133e-01
4.083875119686126709e-01
3.381352126598358154e-01
4.784694910049438477e-01
4.302047491073608398e-01
4.667602777481079102e-01
3.101936280727386475e-01
4.883378446102142334e-01
3.927204608917236328e-01
4.469114840030670166e-01
3.516044616699218750e-01
2.549897134304046631e-01
3.805169165134429932e-01
4.139199554920196533e-01
3.628679811954498291e-01
4.527182281017303467e-01
4.270294010639190674e-01
6.061915755271911621e-01
7.233374714851379395e-01
4.478751718997955322e-01
4.394716024398803711e-01
3.924393951892852783e-01
5.486255288124084473e-01
3.500171601772308350e-01
4.398152828216552734e-01
4.495214223861694336e-01
3.958278596401214600e-01
4.373505413532257080e-01
4.988041818141937256e-01
5.151470303535461426e-01
4.068229496479034424e-01
3.491016924381256104e-01
4.891881644725799561e-01
3.884151279926300049e-01
1.063204407691955566e+00
3.742600381374359131e-01
3.368287384510040283e-01
5.486354231834411621e-01
4.559643268585205078e-01
4.045304059982299805e-01
3.470635116100311279e-01
3.996342718601226807e-01
2.651814222335815430e-01
8.275887966156005859e-01
3.591069281101226807e-01
3.488024473190307617e-01
3.983215093612670898e-01
4.620958268642425537e-01
3.944348394870758057e-01
3.873648345470428467e-01
4.243486821651458740e-01
3.407915830612182617e-01
3.573077023029327393e-01
4.263996183872222900e-01
4.454044997692108154e-01
3.389061391353607178e-01
3.936355412006378174e-01
3.474957942962646484e-01
5.398378968238830566e-01
3.797973394393920898e-01
4.442510902881622314e-01
4.460152685642242432e-01
7.462974190711975098e-01
4.748396575450897217e-01
4.100941419601440430e-01
9.606036543846130371e-01
3.679960966110229492e-01
5.831041336059570312e-01
4.688582420349121094e-01
4.218829572200775146e-01
4.425316751003265381e-01
2.916124463081359863e-01
2.800545096397399902e-01
4.907953441143035889e-01
3.958456218242645264e-01
5.074208378791809082e-01
5.031176209449768066e-01
3.311104476451873779e-01
3.449702560901641846e-01
4.217221438884735107e-01
5.176798701286315918e-01
3.365844190120697021e-01
4.636302292346954346e-01
3.531766831874847412e-01
4.518546760082244873e-01
3.893722295761108398e-01
4.631431996822357178e-01
4.008077681064605713e-01
4.200722277164459229e-01
1.290657639503479004e+00
5.819096565246582031e-01
3.223169744014739990e-01
4.009513854980468750e-01
3.785289824008941650e-01
4.200515747070312500e-01
2.704351842403411865e-01
3.876692950725555420e-01
4.779762029647827148e-01
3.979247808456420898e-01
3.784308433532714844e-01
3.985843956470489502e-01
5.357110500335693359e-01
3.633829057216644287e-01
5.052278637886047363e-01
2.424245476722717285e-01
4.214153587818145752e-01
4.570049345493316650e-01
5.393466353416442871e-01
3.905806541442871094e-01
5.387142896652221680e-01
3.526582419872283936e-01
4.071080982685089111e-01
4.260233640670776367e-01
6.641253232955932617e-01
6.102442145347595215e-01
5.971081852912902832e-01
4.136653840541839600e-01
3.978592455387115479e-01
4.490708410739898682e-01
3.147705197334289551e-01
5.459165573120117188e-01
2.628069818019866943e-01
3.862210214138031006e-01
3.733765184879302979e-01
3.671618998050689697e-01
3.707574605941772461e-01
5.447670817375183105e-01
4.234249293804168701e-01
4.481380879878997803e-01
3.720652163028717041e-01
4.283183813095092773e-01
3.524645566940307617e-01
3.467544615268707275e-01
1.048122167587280273e+00
4.684722423553466797e-01
5.388799309730529785e-01
4.801773130893707275e-01
4.948246777057647705e-01
4.817885160446166992e-01
3.798277080059051514e-01
2.228538244962692261e-01
4.677670300006866455e-01
5.255727767944335938e-01
3.252706527709960938e-01
3.126025497913360596e-01
3.442243039608001709e-01
5.728039741516113281e-01
4.851963520050048828e-01
2.829144001007080078e-01
5.002931952476501465e-01
5.885226726531982422e-01
3.509578704833984375e-01
4.060270786285400391e-01
3.748111724853515625e-01
4.489858150482177734e-01
4.981232583522796631e-01
5.501384735107421875e-01
7.207166552543640137e-01
4.348696768283843994e-01
3.626203536987304688e-01
3.556381165981292725e-01
5.313263535499572754e-01
4.640314877033233643e-01
4.026501178741455078e-01
3.909270465373992920e-01
4.068910777568817139e-01
4.150808751583099365e-01
4.197242259979248047e-01
4.514743387699127197e-01
4.985620081424713135e-01
4.470508992671966553e-01
4.405614137649536133e-01
3.249284029006958008e-01
5.616735816001892090e-01
5.237932801246643066e-01
4.987505376338958740e-01
3.755336701869964600e-01
3.705562055110931396e-01
4.794995784759521484e-01
4.597313404083251953e-01
4.811441600322723389e-01
5.409511923789978027e-01
3.663484156131744385e-01
4.712301790714263916e-01
4.101516008377075195e-01
3.896043300628662109e-01
4.954319894313812256e-01
4.423933327198028564e-01
3.690687119960784912e-01
3.508917093276977539e-01
5.084907412528991699e-01
4.744085371494293213e-01
4.713959991931915283e-01
4.604141414165496826e-01
2.388178110122680664e-01
5.351364016532897949e-01
3.720687925815582275e-01
3.740873336791992188e-01
2.685022950172424316e-01
2.868942320346832275e-01
3.593024313449859619e-01
7.221164107322692871e-01
1.173725008964538574e+00
4.063314497470855713e-01
4.560880661010742188e-01
3.693075478076934814e-01
3.850438594818115234e-01
4.764956533908843994e-01
4.066353738307952881e-01
3.576919734477996826e-01
4.480082094669342041e-01
4.586643278598785400e-01
5.445594191551208496e-01
4.106282293796539307e-01
3.520578444004058838e-01
4.361143112182617188e-01
4.108600616455078125e-01
4.290408790111541748e-01
4.527889788150787354e-01
4.845376014709472656e-01
3.832211494445800781e-01
4.649555683135986328e-01
4.382513463497161865e-01
3.581133782863616943e-01
3.297832310199737549e-01
4.261404275894165039e-01
3.409349620342254639e-01
3.948316574096679688e-01
3.185754120349884033e-01
4.087552130222320557e-01
4.888018369674682617e-01
3.445815145969390869e-01
3.373223841190338135e-01
3.836471736431121826e-01
3.736790418624877930e-01
4.070740044116973877e-01
6.660518646240234375e-01
4.443726539611816406e-01
4.764063060283660889e-01
5.615151524543762207e-01
4.290756285190582275e-01
4.867962300777435303e-01
4.428721368312835693e-01
3.926055133342742920e-01
4.184152185916900635e-01
4.998286664485931396e-01
5.097298622131347656e-01
4.462578296661376953e-01
4.781056344509124756e-01
4.183515608310699463e-01
5.047600865364074707e-01
2.826391756534576416e-01
2.713441550731658936e-01
3.351361453533172607e-01
3.032589554786682129e-01
4.650652110576629639e-01
4.027804136276245117e-01
3.381031453609466553e-01
3.252831399440765381e-01
3.687163293361663818e-01
3.355145454406738281e-01
5.755705237388610840e-01
4.120346605777740479e-01
4.115768671035766602e-01
3.875060379505157471e-01
4.678893089294433594e-01
2.996536195278167725e-01
3.953074216842651367e-01
4.009249508380889893e-01
3.009516894817352295e-01
4.669491946697235107e-01
2.604077160358428955e-01
5.139793753623962402e-01
3.975616693496704102e-01
3.789742290973663330e-01
3.669644892215728760e-01
7.453009486198425293e-01
3.257129192352294922e-01
3.136454820632934570e-01
5.063772797584533691e-01
4.267535209655761719e-01
5.522934794425964355e-01
3.949822485446929932e-01
3.209445178508758545e-01
1.473643898963928223e+00
3.227667212486267090e-01
4.408995807170867920e-01
5.435253381729125977e-01
3.772425651550292969e-01
2.529102563858032227e-01
3.257076442241668701e-01
4.528253078460693359e-01
5.379150509834289551e-01
3.729471862316131592e-01
3.086724877357482910e-01
4.939117133617401123e-01
6.351017355918884277e-01
4.240608513355255127e-01
3.456510305404663086e-01
3.316619992256164551e-01
3.670291006565093994e-01
2.785948514938354492e-01
3.968158066272735596e-01
4.665360450744628906e-01
3.388954102993011475e-01
4.275430142879486084e-01
3.970705568790435791e-01
4.785076379776000977e-01
3.135288655757904053e-01
4.967742264270782471e-01
4.538442194461822510e-01
3.712622821331024170e-01
4.116842746734619141e-01
3.025886714458465576e-01
4.532772004604339600e-01
4.702700674533843994e-01
3.835645616054534912e-01
3.792212009429931641e-01
4.177934229373931885e-01
3.056599497795104980e-01
1.095557212829589844e+00
4.523928165435791016e-01
6.208276152610778809e-01
3.777222633361816406e-01
4.693222045898437500e-01
3.307000100612640381e-01
3.193858563899993896e-01
3.214146792888641357e-01
5.698123574256896973e-01
3.029071986675262451e-01
4.743019044399261475e-01
4.679776132106781006e-01
3.340430259704589844e-01
4.481172263622283936e-01
5.183456540107727051e-01
3.638763725757598877e-01
4.701580107212066650e-01
3.814975023269653320e-01
4.182446897029876709e-01
4.518630206584930420e-01
3.735618591308593750e-01
4.061511456966400146e-01
5.281477570533752441e-01
3.247349560260772705e-01
4.499529898166656494e-01
3.903001844882965088e-01
7.656264305114746094e-01
7.052320837974548340e-01
3.863457739353179932e-01
4.913949072360992432e-01
4.570856392383575439e-01
5.752478241920471191e-01
5.726797580718994141e-01
4.025426208972930908e-01
5.128542780876159668e-01
4.254604876041412354e-01
3.995305299758911133e-01
3.817441165447235107e-01
3.375280797481536865e-01
2.997270524501800537e-01
4.175208806991577148e-01
5.570456385612487793e-01
3.775734901428222656e-01
4.393732547760009766e-01
3.990425765514373779e-01
3.261220753192901611e-01
3.618822991847991943e-01
4.107187092304229736e-01
3.370943963527679443e-01
3.884025812149047852e-01
4.066304862499237061e-01
3.501543104648590088e-01
4.328683316707611084e-01
4.396690428256988525e-01
4.728097021579742432e-01
3.972378671169281006e-01
4.102106988430023193e-01
3.903736174106597900e-01
5.142979025840759277e-01
4.295322597026824951e-01
4.121361970901489258e-01
2.999108731746673584e-01
3.328775465488433838e-01
4.895163476467132568e-01
4.263025522232055664e-01
4.649876058101654053e-01
3.693069517612457275e-01
3.455418348312377930e-01
3.778140544891357422e-01
7.826851010322570801e-01
4.951623380184173584e-01
4.704754054546356201e-01
3.649321496486663818e-01
6.062099337577819824e-01
6.770669817924499512e-01
5.013023018836975098e-01
3.842730820178985596e-01
3.624207079410552979e-01
2.745456397533416748e-01
4.827572405338287354e-01
4.663878679275512695e-01
4.751816689968109131e-01
4.435094296932220459e-01
7.277367115020751953e-01
4.298823177814483643e-01
4.815640151500701904e-01
5.373744368553161621e-01
1.183931708335876465e+00
4.261175692081451416e-01
4.849837124347686768e-01
3.236960768699645996e-01
3.320525884628295898e-01
3.171042799949645996e-01
3.687621057033538818e-01
4.124375879764556885e-01
5.369472503662109375e-01
4.077833592891693115e-01
3.467906713485717773e-01
3.359819948673248291e-01
3.487993478775024414e-01
6.228986382484436035e-01
2.817169725894927979e-01
4.606835842132568359e-01
4.034368693828582764e-01
5.122731328010559082e-01
4.783423840999603271e-01
4.016573131084442139e-01
3.728319108486175537e-01
3.832772672176361084e-01
4.043239057064056396e-01
4.389168322086334229e-01
4.031496345996856689e-01
3.989075720310211182e-01
3.989843428134918213e-01
4.043358862400054932e-01
4.609875679016113281e-01
5.365694761276245117e-01
4.313342869281768799e-01
5.308979153633117676e-01
4.169537127017974854e-01
5.233495235443115234e-01
5.218685269355773926e-01
4.839468002319335938e-01
4.457778632640838623e-01
4.822142124176025391e-01
3.934216499328613281e-01
4.199441373348236084e-01
3.258262574672698975e-01
3.963982164859771729e-01
4.808212220668792725e-01
3.126344978809356689e-01
4.362315237522125244e-01
3.729203641414642334e-01
4.959963858127593994e-01
4.897436797618865967e-01
3.652101457118988037e-01
3.537057638168334961e-01
3.980681896209716797e-01
3.569792807102203369e-01
4.120279848575592041e-01
5.017551183700561523e-01
4.943163394927978516e-01
5.731787085533142090e-01
3.635645210742950439e-01
4.135527908802032471e-01
3.967913687229156494e-01
3.681312501430511475e-01
4.439166784286499023e-01
3.812312781810760498e-01
3.528238832950592041e-01
5.194413065910339355e-01
3.587062656879425049e-01
4.259550571441650391e-01
4.133048951625823975e-01
4.545768201351165771e-01
4.841174781322479248e-01
3.549081385135650635e-01
4.467631280422210693e-01
3.579854667186737061e-01
5.191264748573303223e-01
4.840172231197357178e-01
4.082649052143096924e-01
5.159857273101806641e-01
5.165728330612182617e-01
4.699978530406951904e-01
3.533867895603179932e-01
5.361600518226623535e-01
3.408467471599578857e-01
5.833964943885803223e-01
5.320221781730651855e-01
7.034704089164733887e-01
4.865264892578125000e-01
5.913184285163879395e-01
4.825504720211029053e-01
1.527699351310729980e+00
3.870052397251129150e-01
3.561800718307495117e-01
2.182508260011672974e-01
4.181424677371978760e-01
3.882788121700286865e-01
3.149986565113067627e-01
3.528794348239898682e-01
6.136783957481384277e-01
4.943944215774536133e-01
3.750106096267700195e-01
7.115247249603271484e-01
4.960376322269439697e-01
4.286856353282928467e-01
4.545220136642456055e-01
3.841179609298706055e-01
3.307285904884338379e-01
4.722686707973480225e-01
7.542263865470886230e-01
4.387010633945465088e-01
4.190400838851928711e-01
3.200746178627014160e-01
4.113008975982666016e-01
2.864502072334289551e-01
4.231219291687011719e-01
6.205001473426818848e-01
4.951628148555755615e-01
3.838981688022613525e-01
3.582631647586822510e-01
3.377965986728668213e-01
6.168223023414611816e-01
5.496109127998352051e-01
3.721154630184173584e-01
5.700685977935791016e-01
4.548273980617523193e-01
4.548216164112091064e-01
3.418559134006500244e-01
2.878058254718780518e-01
3.469754457473754883e-01
4.840322434902191162e-01
4.883166253566741943e-01
2.664827406406402588e-01
3.198279738426208496e-01
5.630038976669311523e-01
4.651077091693878174e-01
4.255954921245574951e-01
3.781917989253997803e-01
2.858462035655975342e-01
4.312428534030914307e-01
4.391727745532989502e-01
3.944358527660369873e-01
3.653604984283447266e-01
2.774835526943206787e-01
3.431677520275115967e-01
3.115720152854919434e-01
4.531376063823699951e-01
3.878972828388214111e-01
4.893408119678497314e-01
3.599325418472290039e-01
4.217129647731781006e-01
4.674322605133056641e-01
3.429563939571380615e-01
3.799301385879516602e-01
4.052337706089019775e-01
3.179841339588165283e-01
4.199641942977905273e-01
7.224561572074890137e-01
3.961488008499145508e-01
4.935492277145385742e-01
3.685560226440429688e-01
5.636181831359863281e-01
3.393172323703765869e-01
5.402454733848571777e-01
4.032376706600189209e-01
3.969287872314453125e-01
4.910482168197631836e-01
3.542666137218475342e-01
3.735356330871582031e-01
2.779180109500885010e-01
4.526288807392120361e-01
5.081830620765686035e-01
3.904032707214355469e-01
4.284682273864746094e-01
3.416863679885864258e-01
1.060552239418029785e+00
5.593929886817932129e-01
4.155538976192474365e-01
3.718145787715911865e-01
3.795445859432220459e-01
3.426942825317382812e-01
4.774982929229736328e-01
3.595876693725585938e-01
5.013781785964965820e-01
3.760992586612701416e-01
3.755146563053131104e-01
3.368463814258575439e-01
3.802322149276733398e-01
3.736906945705413818e-01
5.093346238136291504e-01
3.515235185623168945e-01
4.434014856815338135e-01
4.044185876846313477e-01
4.134006798267364502e-01
4.354017972946166992e-01
4.908361434936523438e-01
4.093660116195678711e-01
3.650785684585571289e-01
3.106177747249603271e-01
4.059020578861236572e-01
4.491256177425384521e-01
3.863333463668823242e-01
3.840147554874420166e-01
3.552880585193634033e-01
3.800646364688873291e-01
6.747716069221496582e-01
3.326001763343811035e-01
4.498426914215087891e-01
3.102289140224456787e-01
5.273339152336120605e-01
4.645422697067260742e-01
4.862805306911468506e-01
4.553324282169342041e-01
3.357745110988616943e-01
7.673935890197753906e-01
5.084775090217590332e-01
3.461695611476898193e-01
4.279412925243377686e-01
4.349614679813385010e-01
5.943554043769836426e-01
3.502595722675323486e-01
3.410757780075073242e-01
3.084231317043304443e-01
5.624846816062927246e-01
3.388687372207641602e-01
3.059417903423309326e-01
5.723382234573364258e-01
3.565520346164703369e-01
4.132485687732696533e-01
4.926788806915283203e-01
5.024750232696533203e-01
3.847421705722808838e-01
4.425986707210540771e-01
4.212972819805145264e-01
4.779753983020782471e-01
4.485428631305694580e-01
4.883393943309783936e-01
3.482013642787933350e-01
6.401304602622985840e-01
5.104545950889587402e-01
3.228089511394500732e-01
3.364162445068359375e-01
4.424894154071807861e-01
5.145440697669982910e-01
4.592718183994293213e-01
3.230892717838287354e-01
4.474674761295318604e-01
4.580439627170562744e-01
4.205511510372161865e-01
4.033140242099761963e-01
3.681363761425018311e-01
4.299399852752685547e-01
3.859286606311798096e-01
3.374678194522857666e-01
4.215039908885955811e-01
4.094723165035247803e-01
6.039692759513854980e-01
3.364575207233428955e-01
4.691096544265747070e-01
3.651281297206878662e-01
4.161195755004882812e-01
3.981799185276031494e-01
4.110464155673980713e-01
4.370593130588531494e-01
4.112292826175689697e-01
5.369628667831420898e-01
5.342469811439514160e-01
7.012016773223876953e-01
2.894616127014160156e-01
3.692311942577362061e-01
5.168783068656921387e-01
3.955824077129364014e-01
4.115055501461029053e-01
5.233978629112243652e-01
4.334060251712799072e-01
4.420131444931030273e-01
3.617467582225799561e-01
5.465263724327087402e-01
4.114405214786529541e-01
4.107101857662200928e-01
4.495256245136260986e-01
4.139056503772735596e-01
4.406613111495971680e-01
4.133648574352264404e-01
3.627842962741851807e-01
4.143474996089935303e-01
3.187686800956726074e-01
3.484390079975128174e-01
4.000760018825531006e-01
3.744533360004425049e-01
6.764035224914550781e-01
5.060703158378601074e-01
4.771942794322967529e-01
5.415885448455810547e-01
7.097639441490173340e-01
2.692849338054656982e-01
3.555417060852050781e-01
5.177779197692871094e-01
3.700745105743408203e-01
5.236299633979797363e-01
4.061607122421264648e-01
3.676613271236419678e-01
4.095118045806884766e-01
5.684568881988525391e-01
4.548078775405883789e-01
3.085410296916961670e-01
3.045164644718170166e-01
3.452968597412109375e-01
6.325462460517883301e-01
9.996789097785949707e-01
4.350615739822387695e-01
3.145089447498321533e-01
1.183529615402221680e+00
3.898733556270599365e-01
4.166210591793060303e-01
4.307877123355865479e-01
3.208871781826019287e-01
4.316601753234863281e-01
2.909385263919830322e-01
4.547613859176635742e-01
3.553111255168914795e-01
3.946248590946197510e-01
4.236749410629272461e-01
8.440203070640563965e-01
3.497037589550018311e-01
2.706646025180816650e-01
3.534043729305267334e-01
3.395351469516754150e-01
4.295084476470947266e-01
2.791542708873748779e-01
4.780755043029785156e-01
3.688733577728271484e-01
4.878658354282379150e-01
5.520517826080322266e-01
4.157050848007202148e-01
3.999108374118804932e-01
4.699159562587738037e-01
3.592858314514160156e-01
3.417010307312011719e-01
3.930590450763702393e-01
5.037892460823059082e-01
3.707692325115203857e-01
3.141063749790191650e-01
5.185491442680358887e-01
3.348008692264556885e-01
5.552379488945007324e-01
3.478738367557525635e-01
5.153510570526123047e-01
4.460262358188629150e-01
4.884746074676513672e-01
4.041919708251953125e-01
3.876564800739288330e-01
3.718647956848144531e-01
4.311394393444061279e-01
3.813234567642211914e-01
3.438268005847930908e-01
4.509825706481933594e-01
3.077268302440643311e-01
4.360543489456176758e-01
3.605357706546783447e-01
4.620954096317291260e-01
4.358539879322052002e-01
4.006972610950469971e-01
3.730404376983642578e-01
6.110306382179260254e-01
8.405358791351318359e-01
5.691042542457580566e-01
6.430779695510864258e-01
4.020255506038665771e-01
1.305098891258239746e+00
5.301856398582458496e-01
3.876587152481079102e-01
3.732510507106781006e-01
4.798430502414703369e-01
3.439404964447021484e-01
3.337252438068389893e-01
3.531941175460815430e-01
3.847854435443878174e-01
4.482836425304412842e-01
3.193548619747161865e-01
3.722881078720092773e-01
3.573301136493682861e-01
3.700410425662994385e-01
3.262081444263458252e-01
3.527894020080566406e-01
5.164989829063415527e-01
3.472843468189239502e-01
5.004528164863586426e-01
3.681383430957794189e-01
4.572838246822357178e-01
3.370152413845062256e-01
3.681231439113616943e-01
3.743835389614105225e-01
3.572117090225219727e-01
5.345399379730224609e-01
4.728343784809112549e-01
3.815343379974365234e-01
4.082335531711578369e-01
4.532761573791503906e-01
3.807794153690338135e-01
5.497061610221862793e-01
4.293141365051269531e-01
4.113115370273590088e-01
3.266594409942626953e-01
4.402996599674224854e-01
3.561471700668334961e-01
4.640699923038482666e-01
3.919696807861328125e-01
3.695160448551177979e-01
4.177941381931304932e-01
4.508880376815795898e-01
5.471927523612976074e-01
4.151938259601593018e-01
3.125045299530029297e-01
3.691332340240478516e-01
4.052663743495941162e-01
3.118371069431304932e-01
3.521736860275268555e-01
5.221835374832153320e-01
5.280454158782958984e-01
3.404917418956756592e-01
3.905113041400909424e-01
4.971573650836944580e-01
3.534724712371826172e-01
3.973270654678344727e-01
3.550736904144287109e-01
4.278825521469116211e-01
4.494713544845581055e-01
4.017584323883056641e-01
6.185991764068603516e-01
4.603938758373260498e-01
4.734579622745513916e-01
3.353210687637329102e-01
3.933213651180267334e-01
5.333395600318908691e-01
3.871876299381256104e-01
4.012096822261810303e-01
3.489136993885040283e-01
3.244235813617706299e-01
5.751373767852783203e-01
5.300024747848510742e-01
4.588563740253448486e-01
5.233092904090881348e-01
4.660123586654663086e-01
3.834252357482910156e-01
3.503768444061279297e-01
3.692949116230010986e-01
4.431774914264678955e-01
4.008515775203704834e-01
2.865668833255767822e-01
3.019533455371856689e-01
3.873089253902435303e-01
4.445739090442657471e-01
3.293835222721099854e-01
4.384944140911102295e-01
4.292192161083221436e-01
5.479900240898132324e-01
3.990422785282135010e-01
3.006734549999237061e-01
3.898750245571136475e-01
3.411082029342651367e-01
5.955788493156433105e-01
4.993330538272857666e-01
4.608549177646636963e-01
3.285409510135650635e-01
4.300080537796020508e-01
3.316161930561065674e-01
4.088431298732757568e-01
5.266674757003784180e-01
3.656343221664428711e-01
3.228045105934143066e-01
3.715328276157379150e-01
4.052288234233856201e-01
3.416642248630523682e-01
6.862919330596923828e-01
3.789374530315399170e-01
2.979705035686492920e-01
4.770365059375762939e-01
4.890643358230590820e-01
4.459697306156158447e-01
3.150128424167633057e-01
3.746255636215209961e-01
4.308420419692993164e-01
3.990970551967620850e-01
3.690784871578216553e-01
3.396497666835784912e-01
3.999464511871337891e-01
3.243693411350250244e-01
3.621386587619781494e-01
4.456185400485992432e-01
4.121654033660888672e-01
2.946383953094482422e-01
2.978688180446624756e-01
3.118624985218048096e-01
3.676578104496002197e-01
4.118094146251678467e-01
3.206753432750701904e-01
3.080376982688903809e-01
3.482438623905181885e-01
4.415417611598968506e-01
3.089192509651184082e-01
3.770513534545898438e-01
4.632789194583892822e-01
4.606794416904449463e-01
2.855980694293975830e-01
3.376145660877227783e-01
4.007638692855834961e-01
5.297223925590515137e-01
3.813696205615997314e-01
3.604162633419036865e-01
3.850568234920501709e-01
3.535479605197906494e-01
4.005569517612457275e-01
5.219334959983825684e-01
4.763584136962890625e-01
4.654619693756103516e-01
4.434072077274322510e-01
4.626087844371795654e-01
4.964589178562164307e-01
4.182353913784027100e-01
2.768192589282989502e-01
3.089567422866821289e-01
4.220931529998779297e-01
3.729021549224853516e-01
2.791000306606292725e-01
3.306440114974975586e-01
4.252602159976959229e-01
3.522342443466186523e-01
3.923280239105224609e-01
4.260356724262237549e-01
4.462561309337615967e-01
4.090095460414886475e-01
3.413509428501129150e-01
3.973784446716308594e-01
3.488862514495849609e-01
6.591641306877136230e-01
4.510267972946166992e-01
3.036153316497802734e-01
4.859460890293121338e-01
3.075638115406036377e-01
4.094402492046356201e-01
3.766144216060638428e-01
4.539499580860137939e-01
5.827746391296386719e-01
2.475166767835617065e-01
4.737499654293060303e-01
4.943016469478607178e-01
3.273264467716217041e-01
4.054690897464752197e-01
4.329317808151245117e-01
3.729336261749267578e-01
5.161835551261901855e-01
4.225155413150787354e-01
3.319379985332489014e-01
5.503010153770446777e-01
4.840410649776458740e-01
4.684711992740631104e-01
4.744770526885986328e-01
5.888384580612182617e-01
3.817655146121978760e-01
3.649068772792816162e-01
3.526666164398193359e-01
5.028771162033081055e-01
2.514339685440063477e-01
3.376579284667968750e-01
4.837562143802642822e-01
7.617346644401550293e-01
3.658077716827392578e-01
7.231610417366027832e-01
3.553697168827056885e-01
3.584976196289062500e-01
4.350384175777435303e-01
3.114308416843414307e-01
4.101032316684722900e-01
3.862279951572418213e-01
3.770637512207031250e-01
5.126543045043945312e-01
3.259750902652740479e-01
4.075287282466888428e-01
3.608317673206329346e-01
3.649629056453704834e-01
4.304467141628265381e-01
3.733506202697753906e-01
4.512289464473724365e-01
5.473739504814147949e-01
2.844191789627075195e-01
3.534033596515655518e-01
4.468617141246795654e-01
3.634680509567260742e-01
3.354154527187347412e-01
5.310100913047790527e-01
3.599063456058502197e-01
2.432358264923095703e-01
4.473318159580230713e-01
3.760713636875152588e-01
4.669921696186065674e-01
3.660707473754882812e-01
4.027634859085083008e-01
4.275335371494293213e-01
5.845378041267395020e-01
4.264412820339202881e-01
3.909174501895904541e-01
4.157223999500274658e-01
4.938044548034667969e-01
7.678391337394714355e-01
2.462896108627319336e-01
4.673714637756347656e-01
3.353472650051116943e-01
2.624580264091491699e-01
6.016947627067565918e-01
4.974146783351898193e-01
3.702332079410552979e-01
4.543251693248748779e-01
3.937945663928985596e-01
5.377446413040161133e-01
4.335705041885375977e-01
3.190018236637115479e-01
3.866460025310516357e-01
3.031654059886932373e-01
4.334256649017333984e-01
4.576395452022552490e-01
4.167948067188262939e-01
4.452002942562103271e-01
3.140099048614501953e-01
7.040035724639892578e-01
4.475089013576507568e-01
5.191432237625122070e-01
3.943587243556976318e-01
3.777297437191009521e-01
5.158954262733459473e-01
3.586017191410064697e-01
3.983670175075531006e-01
3.798910379409790039e-01
3.924838006496429443e-01
3.255212604999542236e-01
2.781452536582946777e-01
2.865692079067230225e-01
3.849748075008392334e-01
5.811722874641418457e-01
5.047424435615539551e-01
4.280374050140380859e-01
2.929350435733795166e-01
3.409349918365478516e-01
4.262834489345550537e-01
4.221467673778533936e-01
4.380476474761962891e-01
5.197520256042480469e-01
9.337708950042724609e-01
4.417825639247894287e-01
2.827019989490509033e-01
3.726115226745605469e-01
4.870208203792572021e-01
2.735078334808349609e-01
4.452000856399536133e-01
2.674606144428253174e-01
5.362578034400939941e-01
4.467622041702270508e-01
3.088423907756805420e-01
5.655875802040100098e-01
2.918030619621276855e-01
4.787219464778900146e-01
3.300491273403167725e-01
3.896123468875885010e-01
3.160797059535980225e-01
4.524880945682525635e-01
4.666460752487182617e-01
6.041679382324218750e-01
3.350369930267333984e-01
5.403602123260498047e-01
4.425229728221893311e-01
5.661079883575439453e-01
6.663281321525573730e-01
2.451790571212768555e-01
3.476552069187164307e-01
5.025821924209594727e-01
5.379839539527893066e-01
