3.840540945529937744e-01
2.788495123386383057e-01
2.985620796680450439e-01
5.317417979240417480e-01
3.538329303264617920e-01
3.126954436302185059e-01
2.963397204875946045e-01
3.233850002288818359e-01
3.162603676319122314e-01
2.802946865558624268e-01
5.167255997657775879e-01
3.899841606616973877e-01
3.844842910766601562e-01
2.497447729110717773e-01
3.041943311691284180e-01
3.058466911315917969e-01
2.949798405170440674e-01
2.230095118284225464e-01
2.293367832899093628e-01
2.720858752727508545e-01
3.620798885822296143e-01
3.428042829036712646e-01
3.187079131603240967e-01
4.072412550449371338e-01
3.040456771850585938e-01
2.322244644165039062e-01
3.466878831386566162e-01
4.248957335948944092e-01
3.549246788024902344e-01
3.184519708156585693e-01
4.041546285152435303e-01
3.925308287143707275e-01
3.312582969665527344e-01
2.451447695493698120e-01
2.963674068450927734e-01
2.601871788501739502e-01
3.483613431453704834e-01
2.958432734012603760e-01
3.215107619762420654e-01
8.172254562377929688e-01
2.733803093433380127e-01
3.630654811859130859e-01
2.681885361671447754e-01
2.145218849182128906e-01
3.124336302280426025e-01
2.819455862045288086e-01
3.998648226261138916e-01
2.837437391281127930e-01
3.574245870113372803e-01
3.287324011325836182e-01
2.677341103553771973e-01
4.832998216152191162e-01
3.521403372287750244e-01
3.480743467807769775e-01
2.998658716678619385e-01
2.898829281330108643e-01
3.759972155094146729e-01
3.112563788890838623e-01
2.777477800846099854e-01
4.044209420680999756e-01
2.917968928813934326e-01
3.138151168823242188e-01
3.228968083858489990e-01
3.398899734020233154e-01
6.730057597160339355e-01
3.179226815700531006e-01
3.111885488033294678e-01
2.619632482528686523e-01
3.584292829036712646e-01
4.336346387863159180e-01
6.643389463424682617e-01
2.384592145681381226e-01
4.460337162017822266e-01
8.891357779502868652e-01
3.695802986621856689e-01
3.033264875411987305e-01
3.146750032901763916e-01
2.327767014503479004e-01
3.834879696369171143e-01
3.479991853237152100e-01
2.177451848983764648e-01
6.126067638397216797e-01
3.056712746620178223e-01
2.685039043426513672e-01
3.993262052536010742e-01
2.639109790325164795e-01
2.970878183841705322e-01
2.753861248493194580e-01
2.818909585475921631e-01
3.061095774173736572e-01
4.065752029418945312e-01
2.842497527599334717e-01
2.679481506347656250e-01
3.843182325363159180e-01
3.367144763469696045e-01
2.723437249660491943e-01
3.365950882434844971e-01
2.717007696628570557e-01
3.739607036113739014e-01
2.699920535087585449e-01
2.778387367725372314e-01
2.804416418075561523e-01
3.462387323379516602e-01
2.416898608207702637e-01
4.835653305053710938e-01
2.773836851119995117e-01
2.802716791629791260e-01
2.491216659545898438e-01
2.459179013967514038e-01
3.211739361286163330e-01
3.368200361728668213e-01
2.194340676069259644e-01
3.122911155223846436e-01
3.603494167327880859e-01
4.160663783550262451e-01
4.538881778717041016e-01
2.669931948184967041e-01
2.847871184349060059e-01
3.907634913921356201e-01
2.847597599029541016e-01
2.238187342882156372e-01
4.341107904911041260e-01
4.230628907680511475e-01
4.370937049388885498e-01
2.588869333267211914e-01
3.718907535076141357e-01
3.319168388843536377e-01
2.704071700572967529e-01
3.886808156967163086e-01
4.317938387393951416e-01
3.404703140258789062e-01
1.072132229804992676e+00
2.987840771675109863e-01
3.443359434604644775e-01
3.596425950527191162e-01
3.518505096435546875e-01
3.678140938282012939e-01
3.843714892864227295e-01
3.199723958969116211e-01
2.833502292633056641e-01
2.465939074754714966e-01
3.112217485904693604e-01
4.573154449462890625e-01
2.999106943607330322e-01
3.602029085159301758e-01
3.972087800502777100e-01
3.006980717182159424e-01
3.372080624103546143e-01
4.318326413631439209e-01
2.716526687145233154e-01
3.348296582698822021e-01
3.350515365600585938e-01
2.678743600845336914e-01
2.394151538610458374e-01
2.729106545448303223e-01
3.040329217910766602e-01
2.074121981859207153e-01
4.190365374088287354e-01
3.155979812145233154e-01
3.607731759548187256e-01
3.413648307323455811e-01
2.757301628589630127e-01
2.694321274757385254e-01
2.633190155029296875e-01
2.439893037080764771e-01
3.097735643386840820e-01
3.681237697601318359e-01
2.739745676517486572e-01
3.279905021190643311e-01
4.120980203151702881e-01
3.083111941814422607e-01
3.889068365097045898e-01
3.037519454956054688e-01
7.934527397155761719e-01
2.865586280822753906e-01
2.789640128612518311e-01
3.754652440547943115e-01
3.106009066104888916e-01
2.990463674068450928e-01
3.890736401081085205e-01
3.447005450725555420e-01
3.698077201843261719e-01
3.704737126827239990e-01
4.124391078948974609e-01
4.230374395847320557e-01
3.431332111358642578e-01
3.696817159652709961e-01
2.458035200834274292e-01
3.620853126049041748e-01
2.307526618242263794e-01
3.128480017185211182e-01
2.924733757972717285e-01
2.984443306922912598e-01
2.851156294345855713e-01
3.339029252529144287e-01
2.833828628063201904e-01
4.001525640487670898e-01
3.969980180263519287e-01
3.998407125473022461e-01
2.962063252925872803e-01
2.906127572059631348e-01
2.731844484806060791e-01
3.866693079471588135e-01
2.073876857757568359e-01
2.628614902496337891e-01
3.306591510772705078e-01
2.417488545179367065e-01
6.993939280509948730e-01
3.718211948871612549e-01
2.818582653999328613e-01
3.781183958053588867e-01
3.067029416561126709e-01
2.594918012619018555e-01
4.505867958068847656e-01
2.660552859306335449e-01
3.939940035343170166e-01
3.721462190151214600e-01
3.517189025878906250e-01
2.997066974639892578e-01
2.709383070468902588e-01
3.703188896179199219e-01
5.315755009651184082e-01
2.531020641326904297e-01
2.632101476192474365e-01
8.056125640869140625e-01
3.350369632244110107e-01
2.841529250144958496e-01
2.607474029064178467e-01
7.275114059448242188e-01
3.058663904666900635e-01
3.710817992687225342e-01
2.872295379638671875e-01
3.140158653259277344e-01
3.673654496669769287e-01
6.483212709426879883e-01
3.698760569095611572e-01
2.897455990314483643e-01
3.092375099658966064e-01
2.861517965793609619e-01
3.928606510162353516e-01
3.225176632404327393e-01
3.681248426437377930e-01
4.148729741573333740e-01
3.975826501846313477e-01
3.360855281352996826e-01
4.599584043025970459e-01
3.493783473968505859e-01
2.886599302291870117e-01
3.292610645294189453e-01
2.699429988861083984e-01
3.215498626232147217e-01
2.920656204223632812e-01
3.018589019775390625e-01
2.602151930332183838e-01
3.261652886867523193e-01
3.824142515659332275e-01
3.563598692417144775e-01
3.485442698001861572e-01
3.831348419189453125e-01
2.900667488574981689e-01
3.485666811466217041e-01
3.472098410129547119e-01
4.147035181522369385e-01
2.595587074756622314e-01
3.554808199405670166e-01
2.432157546281814575e-01
3.340562283992767334e-01
3.695523738861083984e-01
3.553215265274047852e-01
2.889683842658996582e-01
2.956476509571075439e-01
5.724309086799621582e-01
4.082137346267700195e-01
4.064439237117767334e-01
3.726703226566314697e-01
2.109849005937576294e-01
2.901688516139984131e-01
2.755610644817352295e-01
2.791275680065155029e-01
3.122429549694061279e-01
3.064550161361694336e-01
3.383091986179351807e-01
3.250954151153564453e-01
3.442797362804412842e-01
3.569526672363281250e-01
3.117942810058593750e-01
3.454539477825164795e-01
3.591238558292388916e-01
2.501505017280578613e-01
3.022323548793792725e-01
3.447638452053070068e-01
2.545929551124572754e-01
2.470289021730422974e-01
2.459437847137451172e-01
2.709624469280242920e-01
2.804299890995025635e-01
3.230731189250946045e-01
3.412357270717620850e-01
4.452819526195526123e-01
3.170913457870483398e-01
3.475115001201629639e-01
2.794559299945831299e-01
4.092529118061065674e-01
3.243510425090789795e-01
4.119473993778228760e-01
4.376232922077178955e-01
2.925275862216949463e-01
2.479134798049926758e-01
4.151247739791870117e-01
2.548374831676483154e-01
3.618272244930267334e-01
2.857413589954376221e-01
3.510634899139404297e-01
4.445013105869293213e-01
4.097713232040405273e-01
3.339050710201263428e-01
2.754579484462738037e-01
3.653285205364227295e-01
3.744859993457794189e-01
2.531775534152984619e-01
2.924312055110931396e-01
2.926838397979736328e-01
3.308928310871124268e-01
3.124453127384185791e-01
2.954447865486145020e-01
2.596502602100372314e-01
3.321707844734191895e-01
5.785202383995056152e-01
3.896342813968658447e-01
3.054261207580566406e-01
3.283021152019500732e-01
2.412295341491699219e-01
2.871972024440765381e-01
4.064010679721832275e-01
3.079081475734710693e-01
2.749567329883575439e-01
3.305660486221313477e-01
4.037259817123413086e-01
2.818892598152160645e-01
2.616514861583709717e-01
3.737283945083618164e-01
3.986670076847076416e-01
3.321739137172698975e-01
3.460333347320556641e-01
3.047229051589965820e-01
3.596677780151367188e-01
3.307396173477172852e-01
4.159699380397796631e-01
3.084137141704559326e-01
3.654967546463012695e-01
3.602701425552368164e-01
3.084075450897216797e-01
3.142940104007720947e-01
2.846157252788543701e-01
4.313385784626007080e-01
2.830242812633514404e-01
3.301756680011749268e-01
3.454538881778717041e-01
4.254961907863616943e-01
4.110874235630035400e-01
2.496160417795181274e-01
4.026019871234893799e-01
3.800750076770782471e-01
3.889721333980560303e-01
3.542267084121704102e-01
3.769464492797851562e-01
3.270952403545379639e-01
3.125499784946441650e-01
2.744455039501190186e-01
3.072636723518371582e-01
2.830951213836669922e-01
2.945308387279510498e-01
3.821367919445037842e-01
3.095036447048187256e-01
4.027061164379119873e-01
3.309701979160308838e-01
3.279030621051788330e-01
2.617812454700469971e-01
4.803105294704437256e-01
3.133561909198760986e-01
3.708178102970123291e-01
2.274875640869140625e-01
4.011081457138061523e-01
3.825231492519378662e-01
2.477802485227584839e-01
4.182848036289215088e-01
4.308134317398071289e-01
3.016707003116607666e-01
2.671975791454315186e-01
4.187555015087127686e-01
4.325165748596191406e-01
1.893505603075027466e-01
2.718838155269622803e-01
2.946899831295013428e-01
3.200850784778594971e-01
2.517981231212615967e-01
4.652935266494750977e-01
4.805952608585357666e-01
2.527407705783843994e-01
2.497624307870864868e-01
3.631250560283660889e-01
3.028762638568878174e-01
4.838334321975708008e-01
2.954291403293609619e-01
2.870407402515411377e-01
3.048175871372222900e-01
4.310010671615600586e-01
3.677812516689300537e-01
3.292205333709716797e-01
3.449440896511077881e-01
3.527120053768157959e-01
2.984866797924041748e-01
3.042734861373901367e-01
3.646319210529327393e-01
2.974001467227935791e-01
3.547283709049224854e-01
2.550052702426910400e-01
3.428218066692352295e-01
2.519238889217376709e-01
1.491063475608825684e+00
3.036226928234100342e-01
3.185350000858306885e-01
2.946387827396392822e-01
3.242096006870269775e-01
3.089056909084320068e-01
3.651331961154937744e-01
3.291480541229248047e-01
3.717294037342071533e-01
3.065799474716186523e-01
3.530770242214202881e-01
2.915779650211334229e-01
3.229224383831024170e-01
3.558887243270874023e-01
2.390650957822799683e-01
3.467887341976165771e-01
3.427444696426391602e-01
2.621898353099822998e-01
2.202488631010055542e-01
2.678615748882293701e-01
3.410094678401947021e-01
2.682603895664215088e-01
3.132424652576446533e-01
3.532039821147918701e-01
4.131822884082794189e-01
3.941177427768707275e-01
3.301721811294555664e-01
2.657645046710968018e-01
4.403250217437744141e-01
2.519969046115875244e-01
3.493151962757110596e-01
2.536604702472686768e-01
2.857925593852996826e-01
2.705022990703582764e-01
3.835420608520507812e-01
2.382573336362838745e-01
3.143199980258941650e-01
3.454304039478302002e-01
3.550434112548828125e-01
2.762163579463958740e-01
3.293880522251129150e-01
3.245632052421569824e-01
2.569870650768280029e-01
2.112965732812881470e-01
3.061263263225555420e-01
3.487478792667388916e-01
3.150845766067504883e-01
2.478045225143432617e-01
3.759146034717559814e-01
2.894609868526458740e-01
4.006994962692260742e-01
3.135282099246978760e-01
4.533291161060333252e-01
3.329489529132843018e-01
2.606198489665985107e-01
2.885999977588653564e-01
3.513436615467071533e-01
3.570438921451568604e-01
2.740652263164520264e-01
2.503168582916259766e-01
3.232828080654144287e-01
3.932951688766479492e-01
2.553248405456542969e-01
2.818168997764587402e-01
2.996631562709808350e-01
3.245122432708740234e-01
3.865281045436859131e-01
3.113921880722045898e-01
3.690609931945800781e-01
3.211486041545867920e-01
2.256263941526412964e-01
3.659615218639373779e-01
2.915433049201965332e-01
3.493186533451080322e-01
2.538079917430877686e-01
2.597697675228118896e-01
3.137031495571136475e-01
7.068252563476562500e-01
3.017327785491943359e-01
3.349911868572235107e-01
2.472768574953079224e-01
3.157639205455780029e-01
3.150835335254669189e-01
2.915024459362030029e-01
4.543016850948333740e-01
3.460083007812500000e-01
3.348540365695953369e-01
3.216591477394104004e-01
3.713467121124267578e-01
2.966008782386779785e-01
2.857840359210968018e-01
3.286635875701904297e-01
2.796011269092559814e-01
3.736077249050140381e-01
3.892749547958374023e-01
4.215451776981353760e-01
3.450906574726104736e-01
3.572946786880493164e-01
3.301832675933837891e-01
3.815023899078369141e-01
3.238232433795928955e-01
3.754627704620361328e-01
2.947838008403778076e-01
3.131270110607147217e-01
2.848722636699676514e-01
2.998836636543273926e-01
3.107089996337890625e-01
2.685943245887756348e-01
8.979977965354919434e-01
3.489085435867309570e-01
2.961578369140625000e-01
3.238227963447570801e-01
4.016534388065338135e-01
4.383706152439117432e-01
3.331731855869293213e-01
3.468377590179443359e-01
3.021989166736602783e-01
2.756697237491607666e-01
3.530797064304351807e-01
3.941568434238433838e-01
2.459809035062789917e-01
4.621243476867675781e-01
2.800430059432983398e-01
4.194411039352416992e-01
2.579012215137481689e-01
3.137405812740325928e-01
2.579404413700103760e-01
5.340325832366943359e-01
3.867741823196411133e-01
9.176149964332580566e-01
3.706206381320953369e-01
2.958697974681854248e-01
2.277674674987792969e-01
7.025992274284362793e-01
3.159584701061248779e-01
2.739860713481903076e-01
2.753157913684844971e-01
4.531238079071044922e-01
5.424301624298095703e-01
2.225775718688964844e-01
2.831864058971405029e-01
3.409831523895263672e-01
3.062714338302612305e-01
3.127932846546173096e-01
3.853389918804168701e-01
3.134806156158447266e-01
2.147887498140335083e-01
2.779771983623504639e-01
3.496521413326263428e-01
4.008246362209320068e-01
3.498615324497222900e-01
2.638179361820220947e-01
4.165475070476531982e-01
3.337789773941040039e-01
3.387064933776855469e-01
2.751804888248443604e-01
3.912597596645355225e-01
3.368254005908966064e-01
3.918434381484985352e-01
3.305609822273254395e-01
3.321862518787384033e-01
2.784889340400695801e-01
2.930744886398315430e-01
2.958139479160308838e-01
3.612724840641021729e-01
3.483841121196746826e-01
2.422399371862411499e-01
2.796934545040130615e-01
2.877297699451446533e-01
2.882570028305053711e-01
3.136918544769287109e-01
4.547739923000335693e-01
3.220184743404388428e-01
4.791688919067382812e-01
3.638223409652709961e-01
3.734590709209442139e-01
3.062835037708282471e-01
3.940660059452056885e-01
2.494617700576782227e-01
3.649783134460449219e-01
4.051097929477691650e-01
3.440836966037750244e-01
2.879483401775360107e-01
2.934012115001678467e-01
3.586460649967193604e-01
3.090851902961730957e-01
2.621128261089324951e-01
3.733515441417694092e-01
3.257407844066619873e-01
2.333483844995498657e-01
3.461611568927764893e-01
3.690270483493804932e-01
3.186167776584625244e-01
2.878010571002960205e-01
3.942172229290008545e-01
3.300857245922088623e-01
2.330873012542724609e-01
2.626732587814331055e-01
4.051209390163421631e-01
3.156293630599975586e-01
3.899722993373870850e-01
3.060359656810760498e-01
2.228273749351501465e-01
2.648633420467376709e-01
3.161473572254180908e-01
3.505719602108001709e-01
2.939460277557373047e-01
3.927090466022491455e-01
3.550668954849243164e-01
3.757671415805816650e-01
2.847543656826019287e-01
1.898780912160873413e-01
3.235726058483123779e-01
2.622186541557312012e-01
3.208977282047271729e-01
4.952548742294311523e-01
3.234624564647674561e-01
6.601403355598449707e-01
3.248965144157409668e-01
2.781293392181396484e-01
3.194028735160827637e-01
2.870287597179412842e-01
2.720670998096466064e-01
2.865069806575775146e-01
2.802031040191650391e-01
2.794840335845947266e-01
3.351000249385833740e-01
4.889730215072631836e-01
2.733998000621795654e-01
3.731669187545776367e-01
3.051462173461914062e-01
3.201034069061279297e-01
2.818484306335449219e-01
3.002368509769439697e-01
2.880799770355224609e-01
2.920769155025482178e-01
4.500620365142822266e-01
4.238227307796478271e-01
3.849274218082427979e-01
2.737607061862945557e-01
5.132461190223693848e-01
2.631995081901550293e-01
4.521883726119995117e-01
3.301369249820709229e-01
2.868647277355194092e-01
2.730229794979095459e-01
3.515608310699462891e-01
3.609069883823394775e-01
4.266076087951660156e-01
2.763380408287048340e-01
3.138794600963592529e-01
3.861723840236663818e-01
2.843323647975921631e-01
4.194796085357666016e-01
3.801753222942352295e-01
3.629982471466064453e-01
2.601593434810638428e-01
2.658598124980926514e-01
2.895797491073608398e-01
2.928160429000854492e-01
2.684994041919708252e-01
3.183344304561614990e-01
3.215546607971191406e-01
2.632538974285125732e-01
3.684693872928619385e-01
3.589959144592285156e-01
2.941088676452636719e-01
3.321038484573364258e-01
4.719710350036621094e-01
3.629557192325592041e-01
4.464482963085174561e-01
3.160141110420227051e-01
3.625777065753936768e-01
3.276376426219940186e-01
1.019870281219482422e+00
3.403819799423217773e-01
3.461709320545196533e-01
3.156017363071441650e-01
2.553249299526214600e-01
3.246643841266632080e-01
2.750631570816040039e-01
4.175200760364532471e-01
2.110495567321777344e-01
2.449483722448348999e-01
2.772393226623535156e-01
3.098077774047851562e-01
3.384591341018676758e-01
2.833995223045349121e-01
3.071395456790924072e-01
2.857265472412109375e-01
3.251396417617797852e-01
3.772656023502349854e-01
2.864926755428314209e-01
4.266132414340972900e-01
3.714191913604736328e-01
3.452396094799041748e-01
2.675929367542266846e-01
3.990273773670196533e-01
3.305196464061737061e-01
4.952184259891510010e-01
2.796398401260375977e-01
2.972289323806762695e-01
2.605063319206237793e-01
2.965583503246307373e-01
2.403913289308547974e-01
3.540645539760589600e-01
3.723569810390472412e-01
2.943070232868194580e-01
4.282593727111816406e-01
2.923960089683532715e-01
3.266738355159759521e-01
3.020504415035247803e-01
2.352346330881118774e-01
2.787497937679290771e-01
3.472809493541717529e-01
2.555352151393890381e-01
2.823157012462615967e-01
3.838952779769897461e-01
3.381156921386718750e-01
4.822513163089752197e-01
3.690518140792846680e-01
3.441865444183349609e-01
3.908848762512207031e-01
2.649508714675903320e-01
2.905045151710510254e-01
3.968808650970458984e-01
8.083090186119079590e-01
3.591253757476806641e-01
3.676401674747467041e-01
2.573082745075225830e-01
3.098480999469757080e-01
2.922792732715606689e-01
4.008932113647460938e-01
3.363010883331298828e-01
3.356232941150665283e-01
2.896331846714019775e-01
3.288430273532867432e-01
2.744576036930084229e-01
3.012397587299346924e-01
2.691638767719268799e-01
4.091384112834930420e-01
2.997635900974273682e-01
3.849052488803863525e-01
2.940975427627563477e-01
2.532407641410827637e-01
3.959640562534332275e-01
5.187498927116394043e-01
2.750694453716278076e-01
3.765465915203094482e-01
3.255036771297454834e-01
3.961048424243927002e-01
2.454620450735092163e-01
3.430111110210418701e-01
2.718903422355651855e-01
4.690879285335540771e-01
3.935001790523529053e-01
3.190767765045166016e-01
3.050142228603363037e-01
2.733453810214996338e-01
3.426424264907836914e-01
3.374873399734497070e-01
3.882383108139038086e-01
2.791673243045806885e-01
2.878537476062774658e-01
2.657319903373718262e-01
2.848418056964874268e-01
3.097049891948699951e-01
2.324221730232238770e-01
3.642396926879882812e-01
2.988255620002746582e-01
3.690523207187652588e-01
2.779700458049774170e-01
2.397310584783554077e-01
3.628247678279876709e-01
3.425979912281036377e-01
2.916537225246429443e-01
3.064178526401519775e-01
4.290437698364257812e-01
2.823787033557891846e-01
3.109764158725738525e-01
3.214312493801116943e-01
3.364365994930267334e-01
3.420180976390838623e-01
4.275327920913696289e-01
2.438989877700805664e-01
2.131076604127883911e-01
2.582012116909027100e-01
3.340718746185302734e-01
3.449803590774536133e-01
3.504122197628021240e-01
3.014993965625762939e-01
3.371143043041229248e-01
3.348925411701202393e-01
3.043311238288879395e-01
3.585827648639678955e-01
2.560368776321411133e-01
2.842189669609069824e-01
2.928183674812316895e-01
3.088082075119018555e-01
4.380638897418975830e-01
3.265766203403472900e-01
3.948636054992675781e-01
3.422577679157257080e-01
3.464142978191375732e-01
2.906014621257781982e-01
4.015804827213287354e-01
2.811779379844665527e-01
2.865940034389495850e-01
2.854686081409454346e-01
2.589063942432403564e-01
3.047083914279937744e-01
3.440042734146118164e-01
2.983376085758209229e-01
3.183811008930206299e-01
2.511512339115142822e-01
3.500261008739471436e-01
3.244836032390594482e-01
3.234519362449645996e-01
2.946384549140930176e-01
2.977501451969146729e-01
2.488650083541870117e-01
4.020806550979614258e-01
3.171578645706176758e-01
2.287835925817489624e-01
3.599063456058502197e-01
3.413192927837371826e-01
3.690795004367828369e-01
2.053219527006149292e-01
2.734651267528533936e-01
3.481706678867340088e-01
3.043956160545349121e-01
2.793581187725067139e-01
2.725621759891510010e-01
2.608956098556518555e-01
3.506959378719329834e-01
2.411177307367324829e-01
3.145027458667755127e-01
3.011261522769927979e-01
3.165150284767150879e-01
2.375323027372360229e-01
4.836588203907012939e-01
5.477776527404785156e-01
3.306731283664703369e-01
2.476605027914047241e-01
2.136752605438232422e-01
3.254575431346893311e-01
2.177349925041198730e-01
3.200976550579071045e-01
3.433182239532470703e-01
3.188233077526092529e-01
3.162957727909088135e-01
3.241409957408905029e-01
4.256862103939056396e-01
2.441461533308029175e-01
3.157285153865814209e-01
3.915573358535766602e-01
8.440009951591491699e-01
2.862521708011627197e-01
2.881652414798736572e-01
2.746538221836090088e-01
3.010757863521575928e-01
3.240024149417877197e-01
2.678638100624084473e-01
2.510749101638793945e-01
8.507187366485595703e-01
2.714284956455230713e-01
3.512036502361297607e-01
2.263397723436355591e-01
2.647011578083038330e-01
4.294046461582183838e-01
3.757607936859130859e-01
3.527756631374359131e-01
3.550457954406738281e-01
3.462387621402740479e-01
2.741417586803436279e-01
4.168764650821685791e-01
4.675060212612152100e-01
2.883215546607971191e-01
3.494525253772735596e-01
2.462778687477111816e-01
3.736813366413116455e-01
2.995105683803558350e-01
4.643408954143524170e-01
4.141308367252349854e-01
3.371754586696624756e-01
2.722155451774597168e-01
2.610606253147125244e-01
4.129176139831542969e-01
4.368715584278106689e-01
3.312780559062957764e-01
3.476550579071044922e-01
2.654787898063659668e-01
3.437101542949676514e-01
2.901411950588226318e-01
2.575415670871734619e-01
2.925004661083221436e-01
3.105536401271820068e-01
3.145264685153961182e-01
2.572372257709503174e-01
2.976561486721038818e-01
3.116014301776885986e-01
3.143926858901977539e-01
3.154785931110382080e-01
2.974425256252288818e-01
3.243472874164581299e-01
3.203053176403045654e-01
3.891641795635223389e-01
3.242961168289184570e-01
3.332518339157104492e-01
4.081356823444366455e-01
3.431295454502105713e-01
3.045070767402648926e-01
3.546263277530670166e-01
2.774720191955566406e-01
3.449502885341644287e-01
3.075648248195648193e-01
4.156482219696044922e-01
2.972654700279235840e-01
4.123137891292572021e-01
2.564356029033660889e-01
3.264492452144622803e-01
3.542498648166656494e-01
2.651232779026031494e-01
2.788980901241302490e-01
3.447219431400299072e-01
2.259703874588012695e-01
3.155375719070434570e-01
2.637151777744293213e-01
6.093091368675231934e-01
2.889081835746765137e-01
3.970844447612762451e-01
3.228251934051513672e-01
2.646165788173675537e-01
2.813344895839691162e-01
2.758260071277618408e-01
4.136017560958862305e-01
2.674936056137084961e-01
3.593398630619049072e-01
2.284261733293533325e-01
3.284306228160858154e-01
3.553894460201263428e-01
3.102262020111083984e-01
2.762911319732666016e-01
2.697371542453765869e-01
2.958166301250457764e-01
4.257613122463226318e-01
3.423047959804534912e-01
2.676068246364593506e-01
3.340817987918853760e-01
7.978465557098388672e-01
2.932573854923248291e-01
5.785647034645080566e-01
5.000805258750915527e-01
3.089275956153869629e-01
2.776822447776794434e-01
4.592590332031250000e-01
2.765700817108154297e-01
3.745231628417968750e-01
2.928029596805572510e-01
2.777957916259765625e-01
2.788390815258026123e-01
2.547730803489685059e-01
2.494765520095825195e-01
2.815709412097930908e-01
2.796908915042877197e-01
3.388093411922454834e-01
2.866015732288360596e-01
3.473068177700042725e-01
2.943180501461029053e-01
3.179729878902435303e-01
3.876009881496429443e-01
3.787964582443237305e-01
3.452054560184478760e-01
4.151697158813476562e-01
3.580377399921417236e-01
3.311052620410919189e-01
3.812997341156005859e-01
3.641863763332366943e-01
4.234907329082489014e-01
3.334164321422576904e-01
2.557515799999237061e-01
2.389938384294509888e-01
4.037903547286987305e-01
3.521238267421722412e-01
3.199325501918792725e-01
2.937042117118835449e-01
2.833092808723449707e-01
3.476086854934692383e-01
3.207914531230926514e-01
3.118718266487121582e-01
3.437736034393310547e-01
3.497882187366485596e-01
4.046203196048736572e-01
3.037815988063812256e-01
3.584022223949432373e-01
3.262294828891754150e-01
2.378921508789062500e-01
5.641797780990600586e-01
3.137670457363128662e-01
4.096830785274505615e-01
2.999352216720581055e-01
2.471627146005630493e-01
3.623742163181304932e-01
3.112319707870483398e-01
3.321351110935211182e-01
2.827009856700897217e-01
3.704989254474639893e-01
3.877352476119995117e-01
3.090848624706268311e-01
3.513178825378417969e-01
2.718981802463531494e-01
3.053436279296875000e-01
3.834375143051147461e-01
3.498686552047729492e-01
3.176034390926361084e-01
2.408738881349563599e-01
2.498252838850021362e-01
3.130873739719390869e-01
2.412295490503311157e-01
3.148525059223175049e-01
2.316325455904006958e-01
3.873429000377655029e-01
2.868641316890716553e-01
4.140353202819824219e-01
3.160099387168884277e-01
3.379050791263580322e-01
3.021820485591888428e-01
2.512708008289337158e-01
2.803336679935455322e-01
3.253210484981536865e-01
2.637268304824829102e-01
2.744829952716827393e-01
3.093595206737518311e-01
2.959262728691101074e-01
3.446218669414520264e-01
3.797116577625274658e-01
3.159404098987579346e-01
2.801670134067535400e-01
3.527390062808990479e-01
4.005317986011505127e-01
4.148208200931549072e-01
3.201424777507781982e-01
2.439373880624771118e-01
3.589013814926147461e-01
4.342484176158905029e-01
3.063779473304748535e-01
2.774772047996520996e-01
2.709965407848358154e-01
2.275144904851913452e-01
2.673175036907196045e-01
4.151994884014129639e-01
2.725698649883270264e-01
5.395643711090087891e-01
3.520251214504241943e-01
4.248917102813720703e-01
3.835313320159912109e-01
2.604775726795196533e-01
3.010111749172210693e-01
2.279380112886428833e-01
2.942001819610595703e-01
2.086153030395507812e-01
2.582206428050994873e-01
2.280374318361282349e-01
3.290461003780364990e-01
3.819800615310668945e-01
2.955467104911804199e-01
2.467362731695175171e-01
2.980457544326782227e-01
3.906755745410919189e-01
4.605919420719146729e-01
1.823455840349197388e-01
3.444960415363311768e-01
2.697647809982299805e-01
3.516585826873779297e-01
2.829733788967132568e-01
3.623394072055816650e-01
2.516194880008697510e-01
3.059777319431304932e-01
3.548459112644195557e-01
2.995122671127319336e-01
3.812294304370880127e-01
3.076353669166564941e-01
2.940727174282073975e-01
6.406139731407165527e-01
4.270573556423187256e-01
3.104775846004486084e-01
3.227222859859466553e-01
2.885387837886810303e-01
2.272423654794692993e-01
3.148378729820251465e-01
4.437898099422454834e-01
3.860560357570648193e-01
2.245859950780868530e-01
2.747837007045745850e-01
3.300168812274932861e-01
4.879299402236938477e-01
4.615303575992584229e-01
4.277976453304290771e-01
3.216975033283233643e-01
3.572490215301513672e-01
2.729746997356414795e-01
3.587189614772796631e-01
2.787867486476898193e-01
3.438349068164825439e-01
3.901840150356292725e-01
3.364795744419097900e-01
2.917326986789703369e-01
3.200775682926177979e-01
4.798996448516845703e-01
3.284618556499481201e-01
2.740182578563690186e-01
2.689282596111297607e-01
4.299824237823486328e-01
2.802738845348358154e-01
2.822236120700836182e-01
2.884958088397979736e-01
2.846410572528839111e-01
3.988586962223052979e-01
2.228726148605346680e-01
2.894054353237152100e-01
3.122093379497528076e-01
2.845464348793029785e-01
3.176299035549163818e-01
2.582891881465911865e-01
2.531342506408691406e-01
2.930797040462493896e-01
3.225022554397583008e-01
3.845297396183013916e-01
2.986698448657989502e-01
3.503377735614776611e-01
2.494664192199707031e-01
4.022147655487060547e-01
3.283030986785888672e-01
2.349880188703536987e-01
2.440994828939437866e-01
3.372408449649810791e-01
3.210684955120086670e-01
3.095042407512664795e-01
4.015734195709228516e-01
2.815430462360382080e-01
3.269678652286529541e-01
2.629494369029998779e-01
3.179771602153778076e-01
3.663863241672515869e-01
2.631945312023162842e-01
3.745572865009307861e-01
3.075141012668609619e-01
3.155729770660400391e-01
3.150791525840759277e-01
3.660176694393157959e-01
3.587879240512847900e-01
4.902286231517791748e-01
3.714939653873443604e-01
4.659430980682373047e-01
3.517641127109527588e-01
3.492454290390014648e-01
3.229259550571441650e-01
3.066052496433258057e-01
3.364259302616119385e-01
3.395063579082489014e-01
3.265564143657684326e-01
3.200625181198120117e-01
2.810502648353576660e-01
3.906821906566619873e-01
2.663509547710418701e-01
3.306494057178497314e-01
3.617179095745086670e-01
2.178778797388076782e-01
2.815544307231903076e-01
3.544933795928955078e-01
4.415800571441650391e-01
3.250686824321746826e-01
3.950277566909790039e-01
2.236034125089645386e-01
4.357762336730957031e-01
3.604902029037475586e-01
3.077848851680755615e-01
2.360807508230209351e-01
2.932620346546173096e-01
3.497407138347625732e-01
3.885204792022705078e-01
9.020166397094726562e-01
2.621400356292724609e-01
2.954259216785430908e-01
4.918492734432220459e-01
3.272469043731689453e-01
2.175644040107727051e-01
3.379137516021728516e-01
3.726111650466918945e-01
3.315688073635101318e-01
2.518858015537261963e-01
5.056608319282531738e-01
1.995985060930252075e-01
3.934552967548370361e-01
2.262605577707290649e-01
2.773407995700836182e-01
4.119013845920562744e-01
3.157245218753814697e-01
3.803408145904541016e-01
2.911424636840820312e-01
3.040968477725982666e-01
2.543024718761444092e-01
2.702994346618652344e-01
4.036979675292968750e-01
2.721880972385406494e-01
2.966583669185638428e-01
3.154958188533782959e-01
3.895704448223114014e-01
5.107704401016235352e-01
2.766481339931488037e-01
2.541561126708984375e-01
2.456028014421463013e-01
3.113439679145812988e-01
8.499525189399719238e-01
3.117699325084686279e-01
2.966410517692565918e-01
3.346264660358428955e-01
2.906265556812286377e-01
3.035803139209747314e-01
3.147228658199310303e-01
4.401578903198242188e-01
3.406635522842407227e-01
3.717069327831268311e-01
1.865799427032470703e-01
4.524400234222412109e-01
3.173371851444244385e-01
3.688710629940032959e-01
3.752899467945098877e-01
3.839897215366363525e-01
4.539382457733154297e-01
3.140596449375152588e-01
2.933090031147003174e-01
3.303287923336029053e-01
3.166288137435913086e-01
4.017852842807769775e-01
2.976375222206115723e-01
2.141351252794265747e-01
2.906642258167266846e-01
3.350705802440643311e-01
3.059461414813995361e-01
2.691896855831146240e-01
6.964723467826843262e-01
3.216670155525207520e-01
3.393582403659820557e-01
2.787512838840484619e-01
2.769442796707153320e-01
3.345341980457305908e-01
3.307290971279144287e-01
3.387270271778106689e-01
2.503593862056732178e-01
8.197410106658935547e-01
3.032053411006927490e-01
1.973243802785873413e-01
2.666802704334259033e-01
3.363712131977081299e-01
3.287855088710784912e-01
3.174204826354980469e-01
2.288760393857955933e-01
2.729492485523223877e-01
6.688733100891113281e-01
2.893855869770050049e-01
3.735403120517730713e-01
2.916232943534851074e-01
2.467163354158401489e-01
3.157587945461273193e-01
3.119690716266632080e-01
4.450459480285644531e-01
3.478332459926605225e-01
2.784909307956695557e-01
2.754529416561126709e-01
2.643823921680450439e-01
2.836831510066986084e-01
3.096535801887512207e-01
3.887677490711212158e-01
3.866320848464965820e-01
3.051161170005798340e-01
2.588890492916107178e-01
3.094325661659240723e-01
3.361411094665527344e-01
3.402650058269500732e-01
2.712362706661224365e-01
2.987657487392425537e-01
2.531647384166717529e-01
3.819441497325897217e-01
3.207628428936004639e-01
4.038349092006683350e-01
3.644724786281585693e-01
3.981771469116210938e-01
3.661664426326751709e-01
2.891229987144470215e-01
3.193172216415405273e-01
4.016535580158233643e-01
2.506241500377655029e-01
2.514414191246032715e-01
1.928803175687789917e-01
3.392640352249145508e-01
2.429371327161788940e-01
2.575196325778961182e-01
2.859595417976379395e-01
4.010144174098968506e-01
2.945592105388641357e-01
2.590142488479614258e-01
3.872359097003936768e-01
2.855859994888305664e-01
2.908065617084503174e-01
2.282405942678451538e-01
3.548902273178100586e-01
2.965716421604156494e-01
2.466554194688796997e-01
3.459165990352630615e-01
3.430999517440795898e-01
2.912915050983428955e-01
4.736992418766021729e-01
3.102464973926544189e-01
3.106295466423034668e-01
2.851438820362091064e-01
4.419216811656951904e-01
3.810819387435913086e-01
3.681250512599945068e-01
3.765854537487030029e-01
4.504550695419311523e-01
3.207964003086090088e-01
2.871957719326019287e-01
3.025377988815307617e-01
2.944582402706146240e-01
2.988452017307281494e-01
2.345590144395828247e-01
6.861222386360168457e-01
2.842058837413787842e-01
3.133575022220611572e-01
3.123632073402404785e-01
2.047792077064514160e-01
2.448865622282028198e-01
2.430035322904586792e-01
2.749265134334564209e-01
4.327342808246612549e-01
2.898184657096862793e-01
2.989000678062438965e-01
3.959231376647949219e-01
4.114213287830352783e-01
2.965357005596160889e-01
3.118313252925872803e-01
4.210928976535797119e-01
3.084038794040679932e-01
2.574579417705535889e-01
3.825438320636749268e-01
3.324542939662933350e-01
3.000380098819732666e-01
2.730714678764343262e-01
2.783343493938446045e-01
3.096130192279815674e-01
3.231976032257080078e-01
3.031223118305206299e-01
2.879037559032440186e-01
3.019246459007263184e-01
3.426032066345214844e-01
2.706273198127746582e-01
2.643877863883972168e-01
2.986760437488555908e-01
3.116516768932342529e-01
3.065052926540374756e-01
3.316105306148529053e-01
3.652072846889495850e-01
3.145670592784881592e-01
2.918618619441986084e-01
2.682761251926422119e-01
3.443657457828521729e-01
2.826934158802032471e-01
2.821567952632904053e-01
3.300082683563232422e-01
9.338889718055725098e-01
3.286786377429962158e-01
2.961436808109283447e-01
3.123779594898223877e-01
3.571234941482543945e-01
3.564388453960418701e-01
2.900133132934570312e-01
2.962584495544433594e-01
2.654905617237091064e-01
1.929387599229812622e-01
3.202764093875885010e-01
3.060029447078704834e-01
4.362061917781829834e-01
2.805494368076324463e-01
2.851235866546630859e-01
3.681950569152832031e-01
2.991370856761932373e-01
2.747590839862823486e-01
4.161563813686370850e-01
4.110615253448486328e-01
3.005461394786834717e-01
3.395093381404876709e-01
2.889789342880249023e-01
3.098196387290954590e-01
3.062933981418609619e-01
3.165861964225769043e-01
3.930799663066864014e-01
2.688942253589630127e-01
2.689852714538574219e-01
3.283543884754180908e-01
2.647800147533416748e-01
3.585701882839202881e-01
3.141805529594421387e-01
2.568542659282684326e-01
3.818000853061676025e-01
3.666401803493499756e-01
3.385057747364044189e-01
2.913296818733215332e-01
2.681000530719757080e-01
2.303418517112731934e-01
3.079780638217926025e-01
3.419115245342254639e-01
2.039431184530258179e-01
3.765708506107330322e-01
2.940376400947570801e-01
3.504972457885742188e-01
2.974722683429718018e-01
2.988252341747283936e-01
3.150588572025299072e-01
2.971512675285339355e-01
5.294539332389831543e-01
3.648881614208221436e-01
2.962976098060607910e-01
3.879288136959075928e-01
3.376202881336212158e-01
3.055219650268554688e-01
2.558550238609313965e-01
2.739814817905426025e-01
3.405223786830902100e-01
3.040182292461395264e-01
3.993024826049804688e-01
1.987958401441574097e-01
3.676333129405975342e-01
2.727719843387603760e-01
3.298240005970001221e-01
2.443278282880783081e-01
2.479948252439498901e-01
3.827253878116607666e-01
2.873407304286956787e-01
3.084825575351715088e-01
2.682710886001586914e-01
3.581068515777587891e-01
3.079676628112792969e-01
2.751355469226837158e-01
3.536485135555267334e-01
5.832336544990539551e-01
5.325239300727844238e-01
2.744872868061065674e-01
4.245507717132568359e-01
3.815357685089111328e-01
3.317425251007080078e-01
8.143628239631652832e-01
3.121200203895568848e-01
2.992398738861083984e-01
2.842907011508941650e-01
3.588744103908538818e-01
3.163177669048309326e-01
2.514433562755584717e-01
3.068107366561889648e-01
3.071100711822509766e-01
3.689756095409393311e-01
2.860184013843536377e-01
2.511348426342010498e-01
7.067180275917053223e-01
2.594359815120697021e-01
3.572922945022583008e-01
3.072606027126312256e-01
4.020540714263916016e-01
3.124192655086517334e-01
3.275708854198455811e-01
4.083714485168457031e-01
2.952142655849456787e-01
2.822195291519165039e-01
3.544555902481079102e-01
3.072690367698669434e-01
4.253017604351043701e-01
5.378599166870117188e-01
2.539036870002746582e-01
2.707047760486602783e-01
4.352917671203613281e-01
3.345382511615753174e-01
3.666095733642578125e-01
3.557492494583129883e-01
2.577849924564361572e-01
3.544131219387054443e-01
3.887393772602081299e-01
2.729895114898681641e-01
3.529309332370758057e-01
3.534153699874877930e-01
3.428388535976409912e-01
4.628387391567230225e-01
3.070555329322814941e-01
4.636616706848144531e-01
2.793152928352355957e-01
3.340054452419281006e-01
4.563671350479125977e-01
6.834883689880371094e-01
2.555157244205474854e-01
3.853608071804046631e-01
2.921912968158721924e-01
2.940438389778137207e-01
3.776456117630004883e-01
2.652652263641357422e-01
2.993494272232055664e-01
3.799058496952056885e-01
2.714296877384185791e-01
3.171575963497161865e-01
2.821736037731170654e-01
2.750172913074493408e-01
3.229351043701171875e-01
3.362894058227539062e-01
3.074528276920318604e-01
2.350994497537612915e-01
3.568472862243652344e-01
2.798750102519989014e-01
3.193018734455108643e-01
3.247518241405487061e-01
3.584478795528411865e-01
3.688015043735504150e-01
3.297288715839385986e-01
1.777408123016357422e-01
3.060886859893798828e-01
3.289321959018707275e-01
2.278338074684143066e-01
2.609557807445526123e-01
3.987490236759185791e-01
4.192313849925994873e-01
3.781403303146362305e-01
4.183929860591888428e-01
3.045387566089630127e-01
3.249523937702178955e-01
4.206193387508392334e-01
2.629620134830474854e-01
3.139748871326446533e-01
4.548961222171783447e-01
3.173176944255828857e-01
3.422525823116302490e-01
4.233649969100952148e-01
3.829717934131622314e-01
2.229747027158737183e-01
2.633980214595794678e-01
2.435108423233032227e-01
3.557268679141998291e-01
2.417641431093215942e-01
3.601908385753631592e-01
3.197832405567169189e-01
3.407524824142456055e-01
5.065791010856628418e-01
3.986961841583251953e-01
2.834255099296569824e-01
2.910641729831695557e-01
3.075446784496307373e-01
6.717792153358459473e-01
3.617336750030517578e-01
3.140485584735870361e-01
2.804331481456756592e-01
2.413373738527297974e-01
2.407299280166625977e-01
3.815054893493652344e-01
3.144604563713073730e-01
2.725259959697723389e-01
2.621625065803527832e-01
2.618682086467742920e-01
3.063011169433593750e-01
3.348177969455718994e-01
3.787963390350341797e-01
2.898752689361572266e-01
3.620774447917938232e-01
2.762667834758758545e-01
3.084276914596557617e-01
3.084657490253448486e-01
3.134579658508300781e-01
3.573201894760131836e-01
3.811158239841461182e-01
2.822267115116119385e-01
3.190340101718902588e-01
2.699230611324310303e-01
8.408274650573730469e-01
3.520512878894805908e-01
2.856596410274505615e-01
4.718194901943206787e-01
2.941142618656158447e-01
3.189530074596405029e-01
3.818601667881011963e-01
3.730836212635040283e-01
4.390605390071868896e-01
2.055896520614624023e-01
4.524682760238647461e-01
2.524181604385375977e-01
3.218915760517120361e-01
2.423134595155715942e-01
3.862062394618988037e-01
4.835704565048217773e-01
2.281750440597534180e-01
2.671662867069244385e-01
2.872723639011383057e-01
4.869574308395385742e-01
4.497664868831634521e-01
3.177255690097808838e-01
4.894413948059082031e-01
2.476553916931152344e-01
2.888277471065521240e-01
3.351770937442779541e-01
3.103222846984863281e-01
3.053129017353057861e-01
3.470627963542938232e-01
3.492412865161895752e-01
2.802638709545135498e-01
3.698127567768096924e-01
3.194811642169952393e-01
2.336992472410202026e-01
3.718863427639007568e-01
4.090591967105865479e-01
5.057635307312011719e-01
3.770177662372589111e-01
3.222181797027587891e-01
2.698388099670410156e-01
3.540998399257659912e-01
1.924254745244979858e-01
2.984152138233184814e-01
3.108094036579132080e-01
3.298546969890594482e-01
3.966886103153228760e-01
2.282750010490417480e-01
3.744302690029144287e-01
3.561029732227325439e-01
2.769354879856109619e-01
3.875309228897094727e-01
2.573547363281250000e-01
4.625262320041656494e-01
2.348987609148025513e-01
2.993558645248413086e-01
2.254635542631149292e-01
2.385103255510330200e-01
3.086681962013244629e-01
4.078897237777709961e-01
3.135665357112884521e-01
4.176501929759979248e-01
2.535472214221954346e-01
3.025187551975250244e-01
3.187223374843597412e-01
2.858929932117462158e-01
4.783268868923187256e-01
3.330073952674865723e-01
2.076606303453445435e-01
3.229527175426483154e-01
2.707129120826721191e-01
3.267135918140411377e-01
2.851811647415161133e-01
3.194290995597839355e-01
4.351918995380401611e-01
3.957690000534057617e-01
3.184716105461120605e-01
8.147636055946350098e-01
2.804619073867797852e-01
3.774025738239288330e-01
2.653922140598297119e-01
3.145856857299804688e-01
3.251335918903350830e-01
2.918905019760131836e-01
3.429505825042724609e-01
3.992105424404144287e-01
3.644757270812988281e-01
3.711718022823333740e-01
2.589231431484222412e-01
3.560717999935150146e-01
3.252318799495697021e-01
3.574601411819458008e-01
2.976672649383544922e-01
3.669725358486175537e-01
3.104902207851409912e-01
3.758824765682220459e-01
3.113587498664855957e-01
3.377465009689331055e-01
2.339972406625747681e-01
4.484126865863800049e-01
3.180470466613769531e-01
2.526595592498779297e-01
3.225810825824737549e-01
3.381536900997161865e-01
4.223117828369140625e-01
3.379843533039093018e-01
4.094624519348144531e-01
3.693224489688873291e-01
3.193936347961425781e-01
2.529429197311401367e-01
3.129502832889556885e-01
4.158678054809570312e-01
2.840227484703063965e-01
2.218575924634933472e-01
2.641454339027404785e-01
3.937036991119384766e-01
3.112771809101104736e-01
3.453618288040161133e-01
3.920622766017913818e-01
3.964691460132598877e-01
3.429716527462005615e-01
2.134677916765213013e-01
2.978484928607940674e-01
3.225908279418945312e-01
3.248488008975982666e-01
3.815090358257293701e-01
2.572409808635711670e-01
3.447579145431518555e-01
3.492189943790435791e-01
2.761124670505523682e-01
3.728630542755126953e-01
2.023033052682876587e-01
3.558035790920257568e-01
3.311449289321899414e-01
4.768822491168975830e-01
2.728959023952484131e-01
2.963544428348541260e-01
2.795136272907257080e-01
2.840325534343719482e-01
2.647259235382080078e-01
2.404432296752929688e-01
2.682744264602661133e-01
5.291132926940917969e-01
2.874645888805389404e-01
2.653887569904327393e-01
4.214907884597778320e-01
2.602355182170867920e-01
3.028906881809234619e-01
4.110643863677978516e-01
3.476278483867645264e-01
3.548812568187713623e-01
2.701222598552703857e-01
3.679653406143188477e-01
5.880801081657409668e-01
3.568971455097198486e-01
4.352229535579681396e-01
4.226107597351074219e-01
2.619729042053222656e-01
3.624732792377471924e-01
2.997397482395172119e-01
2.413626313209533691e-01
4.784406125545501709e-01
4.251951873302459717e-01
2.941198050975799561e-01
3.913904130458831787e-01
3.157147169113159180e-01
3.830691874027252197e-01
3.536038100719451904e-01
3.677248954772949219e-01
2.511211633682250977e-01
3.514808714389801025e-01
2.696939706802368164e-01
3.786391019821166992e-01
3.584254682064056396e-01
3.043052256107330322e-01
3.622650206089019775e-01
3.314430713653564453e-01
3.581894636154174805e-01
2.990746200084686279e-01
2.212311774492263794e-01
3.070534765720367432e-01
3.537828922271728516e-01
2.667494118213653564e-01
3.045531213283538818e-01
6.063251495361328125e-01
2.465722560882568359e-01
3.517823219299316406e-01
3.081620633602142334e-01
3.299836516380310059e-01
3.958976268768310547e-01
3.226472139358520508e-01
3.279786407947540283e-01
4.907258450984954834e-01
3.706184625625610352e-01
3.089858889579772949e-01
5.320081710815429688e-01
2.762444615364074707e-01
3.927515447139739990e-01
2.397008687257766724e-01
2.748853266239166260e-01
2.825454175472259521e-01
4.696384966373443604e-01
2.814683616161346436e-01
3.214172422885894775e-01
3.815447390079498291e-01
3.549714982509613037e-01
3.788071870803833008e-01
3.098185956478118896e-01
8.343539237976074219e-01
3.554047346115112305e-01
2.978738546371459961e-01
3.283683657646179199e-01
6.466337442398071289e-01
4.868679940700531006e-01
5.891720652580261230e-01
3.284354507923126221e-01
3.901067078113555908e-01
2.849836349487304688e-01
3.266589641571044922e-01
3.623349666595458984e-01
3.129441440105438232e-01
2.602901160717010498e-01
2.532908022403717041e-01
2.915836870670318604e-01
3.130500018596649170e-01
3.579199016094207764e-01
3.988411724567413330e-01
3.007082045078277588e-01
2.304664403200149536e-01
2.682210803031921387e-01
2.790734767913818359e-01
3.473860025405883789e-01
2.427957057952880859e-01
3.703018724918365479e-01
7.574810981750488281e-01
3.597307503223419189e-01
2.768285572528839111e-01
2.518571913242340088e-01
2.898705303668975830e-01
3.802674710750579834e-01
4.167793095111846924e-01
4.804759919643402100e-01
2.601987421512603760e-01
3.200019598007202148e-01
3.440426886081695557e-01
2.711300551891326904e-01
3.448123931884765625e-01
2.451343089342117310e-01
3.459336459636688232e-01
3.178621828556060791e-01
3.641784191131591797e-01
3.415285646915435791e-01
3.145948946475982666e-01
3.118914663791656494e-01
3.449033796787261963e-01
3.620429039001464844e-01
3.064776659011840820e-01
3.046585321426391602e-01
2.953517138957977295e-01
2.271188944578170776e-01
2.770760357379913330e-01
3.617402613162994385e-01
2.555907666683197021e-01
3.783155679702758789e-01
2.396747916936874390e-01
3.020321726799011230e-01
4.306982457637786865e-01
4.372194707393646240e-01
2.922502756118774414e-01
3.768631517887115479e-01
3.575809895992279053e-01
2.675867378711700439e-01
3.054875433444976807e-01
3.914207220077514648e-01
2.737475931644439697e-01
3.103595077991485596e-01
2.474846988916397095e-01
3.644953966140747070e-01
3.341018259525299072e-01
2.695584297180175781e-01
3.331147730350494385e-01
5.465417504310607910e-01
3.887674808502197266e-01
3.488274812698364258e-01
3.712107241153717041e-01
3.643642663955688477e-01
3.800757229328155518e-01
2.692960798740386963e-01
3.853610455989837646e-01
2.886792719364166260e-01
2.591851949691772461e-01
2.241146713495254517e-01
3.159079551696777344e-01
3.752429485321044922e-01
3.055524230003356934e-01
4.329385757446289062e-01
3.100322782993316650e-01
2.790164649486541748e-01
2.671188414096832275e-01
4.248474538326263428e-01
2.968837916851043701e-01
3.043998777866363525e-01
2.895877361297607422e-01
4.011533558368682861e-01
2.334249615669250488e-01
2.909666299819946289e-01
3.958487212657928467e-01
3.029283583164215088e-01
2.766619026660919189e-01
2.695535123348236084e-01
3.099490106105804443e-01
2.174405008554458618e-01
3.863552510738372803e-01
3.471418917179107666e-01
3.486284315586090088e-01
3.828848302364349365e-01
3.015685975551605225e-01
3.166402876377105713e-01
3.267486095428466797e-01
3.461647033691406250e-01
2.726688683032989502e-01
4.444420337677001953e-01
2.623941004276275635e-01
3.825643956661224365e-01
3.906683623790740967e-01
3.111880719661712646e-01
2.979058623313903809e-01
3.349427878856658936e-01
3.026787340641021729e-01
2.876917123794555664e-01
4.829646646976470947e-01
3.036654591560363770e-01
3.443076610565185547e-01
3.207457363605499268e-01
3.250757157802581787e-01
2.772106528282165527e-01
2.877178192138671875e-01
3.014422357082366943e-01
3.564971387386322021e-01
3.927815854549407959e-01
3.378632962703704834e-01
2.457468062639236450e-01
2.767384052276611328e-01
2.751602530479431152e-01
2.915890216827392578e-01
3.384031355381011963e-01
3.218283057212829590e-01
5.144114494323730469e-01
3.930873870849609375e-01
3.245612382888793945e-01
3.922299444675445557e-01
3.317657411098480225e-01
3.185887634754180908e-01
2.814422845840454102e-01
4.261614978313446045e-01
3.011381626129150391e-01
2.903174459934234619e-01
2.564678490161895752e-01
3.620280325412750244e-01
3.612705171108245850e-01
3.659315109252929688e-01
4.217121601104736328e-01
2.528773248195648193e-01
3.997912704944610596e-01
4.611152708530426025e-01
2.743845880031585693e-01
2.505562007427215576e-01
3.233130872249603271e-01
2.845335900783538818e-01
3.223074972629547119e-01
3.603805601596832275e-01
2.868557870388031006e-01
3.974526822566986084e-01
2.866763770580291748e-01
3.579878807067871094e-01
3.281987011432647705e-01
2.926768064498901367e-01
3.803779184818267822e-01
3.823674917221069336e-01
4.471062123775482178e-01
6.092975139617919922e-01
3.173966407775878906e-01
2.730913460254669189e-01
3.131644427776336670e-01
1.384482502937316895e+00
3.326458632946014404e-01
4.120957851409912109e-01
4.345149099826812744e-01
3.527170121669769287e-01
3.591415882110595703e-01
3.515891134738922119e-01
4.211067259311676025e-01
5.885893702507019043e-01
3.385238647460937500e-01
3.137183487415313721e-01
2.439146041870117188e-01
2.556658685207366943e-01
3.316033780574798584e-01
3.457604348659515381e-01
2.985309958457946777e-01
2.809550464153289795e-01
2.651906311511993408e-01
5.143538713455200195e-01
2.015605717897415161e-01
2.903274297714233398e-01
2.602468132972717285e-01
2.984157502651214600e-01
3.844871222972869873e-01
7.885792255401611328e-01
2.935164570808410645e-01
3.755946457386016846e-01
3.462830483913421631e-01
2.688954174518585205e-01
3.143201768398284912e-01
3.665515184402465820e-01
3.460445702075958252e-01
3.740987777709960938e-01
4.039049148559570312e-01
3.206316232681274414e-01
3.559261560440063477e-01
3.338584899902343750e-01
3.175311386585235596e-01
3.261422216892242432e-01
2.931696474552154541e-01
3.072454929351806641e-01
2.715653181076049805e-01
3.509944975376129150e-01
3.963794708251953125e-01
5.435538887977600098e-01
3.789771497249603271e-01
3.633030354976654053e-01
4.580695331096649170e-01
2.938364446163177490e-01
3.114397823810577393e-01
2.759074270725250244e-01
3.404810130596160889e-01
3.670058548450469971e-01
2.340009212493896484e-01
2.935084998607635498e-01
3.374157249927520752e-01
2.401406168937683105e-01
4.438863992691040039e-01
2.285274267196655273e-01
8.183374404907226562e-01
4.585154950618743896e-01
2.490715533494949341e-01
4.635084867477416992e-01
3.095671832561492920e-01
2.403649836778640747e-01
4.263733327388763428e-01
2.716430127620697021e-01
6.813063621520996094e-01
3.359120190143585205e-01
3.115040659904479980e-01
3.505810201168060303e-01
2.209319919347763062e-01
2.528930902481079102e-01
2.233868837356567383e-01
3.171688020229339600e-01
2.728465497493743896e-01
3.153663277626037598e-01
3.256600201129913330e-01
2.528121173381805420e-01
3.055977523326873779e-01
2.532110512256622314e-01
2.240370959043502808e-01
5.462309122085571289e-01
3.775657415390014648e-01
2.829152345657348633e-01
3.216572105884552002e-01
2.791467607021331787e-01
3.939191997051239014e-01
2.886736690998077393e-01
4.038815796375274658e-01
2.234349399805068970e-01
2.955691516399383545e-01
2.324461936950683594e-01
3.678421676158905029e-01
2.134777754545211792e-01
3.195103406906127930e-01
3.061811625957489014e-01
3.484240472316741943e-01
2.874877750873565674e-01
3.627816736698150635e-01
4.217617511749267578e-01
2.914646267890930176e-01
3.741137981414794922e-01
4.871313869953155518e-01
3.671659529209136963e-01
3.960689604282379150e-01
2.859528362751007080e-01
2.627864778041839600e-01
2.732259035110473633e-01
3.016055822372436523e-01
5.433440804481506348e-01
4.110918343067169189e-01
3.851368129253387451e-01
2.441699504852294922e-01
3.890706300735473633e-01
1.046464920043945312e+00
3.528032004833221436e-01
3.220964968204498291e-01
4.438695907592773438e-01
3.083542287349700928e-01
3.466630876064300537e-01
2.926757037639617920e-01
5.829026699066162109e-01
3.098780810832977295e-01
2.985737323760986328e-01
2.499814778566360474e-01
2.400459498167037964e-01
2.787308394908905029e-01
3.507618606090545654e-01
3.101945519447326660e-01
3.430929481983184814e-01
2.724511921405792236e-01
2.590666115283966064e-01
2.126326560974121094e-01
4.024702310562133789e-01
2.658134698867797852e-01
2.074509710073471069e-01
3.615306317806243896e-01
3.979479372501373291e-01
3.137937784194946289e-01
3.988558351993560791e-01
2.571654021739959717e-01
4.087060987949371338e-01
2.692501842975616455e-01
3.570522367954254150e-01
2.929445505142211914e-01
2.341767549514770508e-01
3.478201925754547119e-01
3.013742864131927490e-01
2.403086423873901367e-01
2.919749319553375244e-01
3.739864826202392578e-01
3.166084587574005127e-01
4.353208541870117188e-01
3.397550284862518311e-01
3.035294711589813232e-01
2.331758588552474976e-01
2.490608692169189453e-01
2.791995108127593994e-01
2.278902977705001831e-01
2.859470844268798828e-01
3.563266694545745850e-01
2.162485867738723755e-01
2.820645272731781006e-01
3.867155611515045166e-01
3.377543389797210693e-01
2.936317026615142822e-01
2.923816144466400146e-01
4.265427589416503906e-01
3.343617618083953857e-01
3.324543833732604980e-01
6.556707024574279785e-01
3.931924104690551758e-01
2.561928629875183105e-01
3.761268854141235352e-01
3.104052543640136719e-01
2.194507867097854614e-01
3.426116406917572021e-01
4.707055389881134033e-01
3.234606087207794189e-01
2.060466259717941284e-01
2.128941267728805542e-01
5.850110054016113281e-01
5.506365299224853516e-01
2.761880755424499512e-01
2.334596663713455200e-01
3.070436716079711914e-01
3.353268206119537354e-01
2.959950268268585205e-01
3.640148639678955078e-01
4.006967842578887939e-01
2.855952084064483643e-01
3.776407539844512939e-01
4.635479450225830078e-01
3.563407361507415771e-01
3.253680765628814697e-01
3.283241987228393555e-01
3.823845386505126953e-01
3.393031358718872070e-01
4.476033747196197510e-01
2.763048708438873291e-01
3.224084079265594482e-01
3.618147075176239014e-01
3.177730739116668701e-01
4.201766550540924072e-01
2.092275172472000122e-01
3.606509864330291748e-01
2.280863374471664429e-01
3.325433433055877686e-01
5.829867124557495117e-01
4.504353106021881104e-01
3.239356279373168945e-01
3.530243635177612305e-01
3.011213243007659912e-01
3.472134172916412354e-01
3.855323493480682373e-01
3.092256784439086914e-01
2.117345184087753296e-01
3.018141388893127441e-01
2.909545004367828369e-01
3.080106079578399658e-01
2.823091447353363037e-01
2.672598659992218018e-01
4.308014810085296631e-01
2.370010018348693848e-01
3.469888865947723389e-01
4.883774816989898682e-01
4.029075801372528076e-01
2.778547406196594238e-01
2.995957434177398682e-01
3.397648632526397705e-01
3.349816799163818359e-01
4.900209903717041016e-01
2.666184604167938232e-01
4.034381806850433350e-01
2.468520849943161011e-01
6.429499983787536621e-01
1.981414109468460083e-01
2.419401556253433228e-01
4.691220819950103760e-01
2.699579298496246338e-01
3.525635302066802979e-01
3.498208522796630859e-01
3.472265303134918213e-01
2.770903110504150391e-01
3.319178521633148193e-01
3.529680073261260986e-01
4.143224060535430908e-01
3.058144748210906982e-01
2.679271697998046875e-01
4.361796081066131592e-01
3.904834091663360596e-01
4.105249643325805664e-01
3.746239244937896729e-01
3.208312094211578369e-01
2.707113623619079590e-01
3.333694934844970703e-01
2.751221954822540283e-01
2.344575673341751099e-01
3.864898383617401123e-01
3.230902850627899170e-01
3.252141475677490234e-01
4.166450798511505127e-01
2.641560733318328857e-01
4.223883152008056641e-01
3.120507001876831055e-01
3.304135799407958984e-01
3.003615438938140869e-01
2.547617852687835693e-01
3.585529029369354248e-01
4.691039025783538818e-01
3.112068176269531250e-01
2.903305590152740479e-01
2.976678907871246338e-01
2.227593660354614258e-01
3.796942234039306641e-01
4.373525679111480713e-01
3.186180889606475830e-01
2.684930562973022461e-01
4.889993965625762939e-01
2.709348797798156738e-01
3.357201814651489258e-01
4.297669827938079834e-01
3.807480037212371826e-01
3.275967836380004883e-01
3.555002212524414062e-01
3.304006755352020264e-01
3.845930993556976318e-01
2.534806132316589355e-01
4.410449564456939697e-01
2.335535883903503418e-01
3.033793866634368896e-01
2.321893125772476196e-01
4.121911525726318359e-01
2.406142503023147583e-01
2.938478291034698486e-01
3.247648179531097412e-01
3.934681117534637451e-01
3.663325309753417969e-01
3.198941051959991455e-01
2.860836088657379150e-01
3.632461726665496826e-01
2.966001033782958984e-01
2.873107492923736572e-01
3.073987662792205811e-01
3.750067949295043945e-01
3.646039962768554688e-01
4.103358685970306396e-01
3.060055971145629883e-01
2.216434478759765625e-01
4.179024696350097656e-01
2.503947019577026367e-01
3.368592560291290283e-01
3.110084831714630127e-01
2.884450852870941162e-01
3.426977694034576416e-01
3.361156880855560303e-01
2.824282944202423096e-01
4.517161846160888672e-01
2.717390656471252441e-01
3.329142630100250244e-01
3.267333805561065674e-01
3.784737586975097656e-01
2.726971209049224854e-01
4.159851074218750000e-01
3.207942843437194824e-01
2.813933789730072021e-01
3.817982971668243408e-01
3.315856754779815674e-01
2.375368624925613403e-01
3.067403733730316162e-01
4.474151134490966797e-01
2.254192084074020386e-01
3.346048295497894287e-01
3.310554623603820801e-01
3.897983729839324951e-01
2.176194638013839722e-01
3.719234466552734375e-01
2.758332788944244385e-01
3.981492221355438232e-01
2.335374951362609863e-01
2.636562883853912354e-01
3.580324649810791016e-01
3.534727394580841064e-01
2.612827122211456299e-01
2.752101123332977295e-01
3.751287460327148438e-01
2.672284543514251709e-01
3.630492687225341797e-01
3.626804053783416748e-01
4.128898680210113525e-01
2.476429194211959839e-01
3.453857600688934326e-01
3.321030735969543457e-01
3.912980258464813232e-01
2.869491875171661377e-01
3.439976274967193604e-01
3.917843401432037354e-01
3.451760113239288330e-01
3.098847270011901855e-01
3.143096268177032471e-01
4.522987604141235352e-01
3.950351178646087646e-01
3.120034039020538330e-01
3.567099869251251221e-01
2.774010002613067627e-01
2.867661118507385254e-01
2.581934332847595215e-01
2.446036338806152344e-01
4.507592022418975830e-01
2.463237792253494263e-01
2.860520184040069580e-01
2.901241183280944824e-01
2.951902151107788086e-01
4.699858427047729492e-01
4.487413465976715088e-01
3.516815006732940674e-01
2.748747169971466064e-01
3.132438063621520996e-01
3.650524616241455078e-01
3.840466439723968506e-01
3.785921335220336914e-01
2.816085815429687500e-01
3.195203840732574463e-01
3.368261754512786865e-01
2.967388927936553955e-01
3.024609982967376709e-01
2.387623786926269531e-01
3.395626246929168701e-01
2.344829589128494263e-01
2.531889975070953369e-01
3.065239787101745605e-01
2.306656241416931152e-01
4.349555075168609619e-01
2.604821026325225830e-01
3.874549865722656250e-01
3.244857490062713623e-01
3.207593858242034912e-01
3.888444006443023682e-01
2.138836532831192017e-01
5.032233595848083496e-01
2.563192546367645264e-01
3.628280162811279297e-01
3.390006124973297119e-01
3.474421799182891846e-01
2.421312481164932251e-01
3.300412595272064209e-01
2.949019372463226318e-01
3.535689115524291992e-01
3.396432101726531982e-01
3.367774784564971924e-01
3.457766473293304443e-01
2.602770328521728516e-01
3.808316886425018311e-01
2.420241087675094604e-01
3.902393579483032227e-01
5.589241385459899902e-01
2.888170778751373291e-01
3.384833335876464844e-01
4.067741930484771729e-01
3.559049367904663086e-01
3.046107292175292969e-01
2.902953624725341797e-01
2.411106228828430176e-01
3.489470481872558594e-01
6.811051368713378906e-01
2.912123501300811768e-01
3.024588823318481445e-01
3.053949773311614990e-01
2.431175261735916138e-01
2.819253802299499512e-01
3.621724545955657959e-01
3.282925188541412354e-01
2.734716832637786865e-01
3.210848867893218994e-01
2.884956896305084229e-01
3.944725990295410156e-01
3.683893680572509766e-01
9.633338451385498047e-01
2.465072274208068848e-01
2.972600460052490234e-01
3.809383213520050049e-01
3.570927083492279053e-01
3.288977742195129395e-01
2.952135801315307617e-01
3.722269237041473389e-01
2.341716289520263672e-01
3.226253688335418701e-01
2.748686075210571289e-01
4.688642323017120361e-01
3.725014626979827881e-01
2.464975863695144653e-01
3.622991740703582764e-01
2.940033376216888428e-01
3.648869991302490234e-01
2.562086582183837891e-01
2.622759938240051270e-01
3.203965425491333008e-01
3.338449299335479736e-01
3.635255098342895508e-01
7.686128616333007812e-01
3.310801386833190918e-01
3.635663092136383057e-01
5.075705647468566895e-01
2.989675104618072510e-01
3.163097798824310303e-01
1.997883766889572144e-01
2.384887486696243286e-01
3.390988111495971680e-01
2.749571502208709717e-01
1.982130259275436401e-01
3.388955593109130859e-01
1.889834254980087280e-01
2.672610878944396973e-01
2.435297966003417969e-01
2.759958207607269287e-01
3.185566961765289307e-01
2.878497540950775146e-01
3.534940481185913086e-01
3.050339221954345703e-01
3.066620230674743652e-01
3.296307027339935303e-01
5.565922856330871582e-01
3.395793437957763672e-01
3.397490680217742920e-01
3.401977121829986572e-01
2.732964456081390381e-01
3.798153102397918701e-01
3.212223351001739502e-01
3.186355829238891602e-01
2.207487970590591431e-01
2.513119876384735107e-01
2.619313597679138184e-01
3.849955797195434570e-01
4.071131646633148193e-01
2.227767705917358398e-01
3.310010433197021484e-01
2.993405759334564209e-01
4.634321928024291992e-01
3.665747940540313721e-01
3.408109843730926514e-01
2.774187028408050537e-01
3.127598464488983154e-01
2.993887662887573242e-01
3.847514390945434570e-01
3.389568626880645752e-01
3.814917504787445068e-01
3.201787173748016357e-01
2.927725613117218018e-01
2.889195084571838379e-01
4.345110654830932617e-01
3.228695094585418701e-01
2.944501936435699463e-01
5.000270009040832520e-01
2.677092850208282471e-01
3.127677738666534424e-01
3.583877086639404297e-01
2.597932517528533936e-01
2.548356354236602783e-01
2.728989124298095703e-01
3.579870462417602539e-01
3.753901422023773193e-01
4.690493047237396240e-01
4.841429889202117920e-01
2.764336764812469482e-01
3.630748987197875977e-01
2.051440477371215820e-01
3.502954244613647461e-01
4.225983321666717529e-01
2.318925112485885620e-01
3.474099636077880859e-01
3.043922483921051025e-01
2.648752033710479736e-01
3.644236028194427490e-01
2.726091742515563965e-01
4.993952214717864990e-01
3.965649604797363281e-01
3.299279808998107910e-01
2.977928519248962402e-01
2.529735863208770752e-01
2.908752560615539551e-01
2.417753934860229492e-01
2.543230354785919189e-01
3.400603830814361572e-01
2.441702336072921753e-01
3.366690576076507568e-01
3.542805612087249756e-01
2.530771493911743164e-01
3.605665266513824463e-01
3.080292642116546631e-01
2.803259193897247314e-01
2.844014167785644531e-01
3.268280923366546631e-01
3.125684559345245361e-01
2.894225418567657471e-01
2.626696228981018066e-01
4.148979187011718750e-01
3.600830137729644775e-01
3.493293225765228271e-01
3.074679672718048096e-01
2.548011839389801025e-01
2.973967194557189941e-01
2.651354372501373291e-01
2.154677510261535645e-01
3.294717073440551758e-01
2.802021801471710205e-01
2.693018615245819092e-01
3.547719419002532959e-01
3.898014128208160400e-01
2.501674592494964600e-01
3.727169334888458252e-01
2.742591202259063721e-01
2.732835114002227783e-01
2.270369529724121094e-01
3.382490873336791992e-01
4.391335248947143555e-01
3.541803359985351562e-01
2.613235712051391602e-01
2.988982498645782471e-01
3.644891977310180664e-01
2.938614487648010254e-01
2.456753402948379517e-01
4.046504795551300049e-01
3.937807977199554443e-01
3.602755963802337646e-01
3.626748025417327881e-01
3.490924835205078125e-01
3.320728242397308350e-01
2.659488916397094727e-01
3.952140808105468750e-01
3.753606975078582764e-01
3.787094652652740479e-01
4.027585685253143311e-01
2.798041999340057373e-01
7.579953670501708984e-01
3.366062641143798828e-01
5.769832730293273926e-01
3.405270278453826904e-01
3.898775577545166016e-01
3.314341306686401367e-01
3.683612644672393799e-01
2.732088267803192139e-01
2.951362431049346924e-01
3.236218690872192383e-01
3.320266902446746826e-01
3.974709510803222656e-01
3.719065189361572266e-01
3.351542949676513672e-01
3.139607608318328857e-01
8.190770745277404785e-01
4.343269765377044678e-01
3.061043918132781982e-01
2.615732848644256592e-01
3.871916234493255615e-01
3.704098165035247803e-01
3.525499403476715088e-01
3.225797116756439209e-01
5.244029760360717773e-01
3.654147684574127197e-01
3.302606642246246338e-01
4.987765848636627197e-01
2.813295423984527588e-01
4.548245370388031006e-01
3.989860713481903076e-01
3.027051687240600586e-01
3.963223397731781006e-01
4.592408537864685059e-01
