3.022185862064361572e-01
3.206395804882049561e-01
3.591405451297760010e-01
3.338682353496551514e-01
4.686302840709686279e-01
4.523601531982421875e-01
3.749375641345977783e-01
3.785765469074249268e-01
3.579600751399993896e-01
3.427694737911224365e-01
4.362188875675201416e-01
2.856779694557189941e-01
3.241828978061676025e-01
2.657295167446136475e-01
3.085373938083648682e-01
3.585040867328643799e-01
3.539765775203704834e-01
4.902299940586090088e-01
4.166945219039916992e-01
3.688723146915435791e-01
2.469139099121093750e-01
2.464442700147628784e-01
3.497419059276580811e-01
3.550963401794433594e-01
3.068381249904632568e-01
2.943063676357269287e-01
8.988988995552062988e-01
3.300382196903228760e-01
3.968282043933868408e-01
3.469574153423309326e-01
3.509363234043121338e-01
4.793699085712432861e-01
3.108487725257873535e-01
3.694895505905151367e-01
3.687713146209716797e-01
3.445928096771240234e-01
3.089158535003662109e-01
3.269643485546112061e-01
2.478061914443969727e-01
3.179030120372772217e-01
3.518678247928619385e-01
3.968985378742218018e-01
3.614759147167205811e-01
4.045668542385101318e-01
2.450126409530639648e-01
3.006311655044555664e-01
3.943291902542114258e-01
3.751316964626312256e-01
3.750112354755401611e-01
4.430256783962249756e-01
3.562994301319122314e-01
2.624896764755249023e-01
5.229964256286621094e-01
2.279974967241287231e-01
4.583545923233032227e-01
3.092538714408874512e-01
3.481206893920898438e-01
4.249136149883270264e-01
3.124808371067047119e-01
3.772002458572387695e-01
3.573222458362579346e-01
3.478313684463500977e-01
2.952307760715484619e-01
3.444086015224456787e-01
3.951036930084228516e-01
3.602178096771240234e-01
2.713610827922821045e-01
2.643008530139923096e-01
3.071840703487396240e-01
3.501589298248291016e-01
2.965778410434722900e-01
3.323590159416198730e-01
4.470820128917694092e-01
4.068459570407867432e-01
4.245656728744506836e-01
2.900592386722564697e-01
3.745305240154266357e-01
4.041069746017456055e-01
3.912323713302612305e-01
2.975850403308868408e-01
4.655332863330841064e-01
2.219595164060592651e-01
2.656748592853546143e-01
4.798537790775299072e-01
2.459222078323364258e-01
3.803896903991699219e-01
2.880230844020843506e-01
3.700777292251586914e-01
2.899367511272430420e-01
7.261719703674316406e-01
2.636983096599578857e-01
3.789689838886260986e-01
1.565415024757385254e+00
3.998982608318328857e-01
2.562238574028015137e-01
4.848922789096832275e-01
3.100471198558807373e-01
3.528797328472137451e-01
2.836335003376007080e-01
4.558414220809936523e-01
3.748749196529388428e-01
2.884609997272491455e-01
3.699050843715667725e-01
3.885869979858398438e-01
3.544584810733795166e-01
3.478946685791015625e-01
3.813138008117675781e-01
4.149435758590698242e-01
3.838445842266082764e-01
4.246752262115478516e-01
3.410626649856567383e-01
3.546754121780395508e-01
3.717754781246185303e-01
3.453046381473541260e-01
3.939135074615478516e-01
3.387874662876129150e-01
3.334861099720001221e-01
3.730145394802093506e-01
2.433589696884155273e-01
3.946238756179809570e-01
4.010500907897949219e-01
4.697585999965667725e-01
2.564649581909179688e-01
4.351093471050262451e-01
4.346851110458374023e-01
2.923418879508972168e-01
5.437402725219726562e-01
3.185434043407440186e-01
2.563178241252899170e-01
3.579050302505493164e-01
2.714604139328002930e-01
3.607059717178344727e-01
3.571530282497406006e-01
3.314323127269744873e-01
2.579127252101898193e-01
3.856902122497558594e-01
9.598030447959899902e-01
2.309660464525222778e-01
5.038567781448364258e-01
3.145984113216400146e-01
3.433552682399749756e-01
4.935403168201446533e-01
3.267299532890319824e-01
3.263852894306182861e-01
3.855459690093994141e-01
4.630466401576995850e-01
3.664140701293945312e-01
2.909727096557617188e-01
2.890457212924957275e-01
2.054216116666793823e-01
2.152804583311080933e-01
2.727761268615722656e-01
2.481633424758911133e-01
2.818211317062377930e-01
3.181939423084259033e-01
4.613198041915893555e-01
4.381968975067138672e-01
3.661385774612426758e-01
2.981217503547668457e-01
2.987431883811950684e-01
2.589636743068695068e-01
3.892336189746856689e-01
3.459874093532562256e-01
2.529041469097137451e-01
3.633717000484466553e-01
2.545318603515625000e-01
3.745325505733489990e-01
4.088697731494903564e-01
3.385025262832641602e-01
4.504106342792510986e-01
8.336351513862609863e-01
3.383531272411346436e-01
3.424266874790191650e-01
3.496365845203399658e-01
3.933123648166656494e-01
2.546610832214355469e-01
3.256325721740722656e-01
3.273722231388092041e-01
4.138802289962768555e-01
5.336768627166748047e-01
3.100694417953491211e-01
2.889453172683715820e-01
5.143848061561584473e-01
3.029567897319793701e-01
3.284826576709747314e-01
3.240632712841033936e-01
3.034075796604156494e-01
3.050677776336669922e-01
4.589898884296417236e-01
2.512529790401458740e-01
5.371277332305908203e-01
3.549955785274505615e-01
4.744184911251068115e-01
3.021845519542694092e-01
3.240751326084136963e-01
3.229316174983978271e-01
3.345228135585784912e-01
3.203406929969787598e-01
4.466267526149749756e-01
4.315816462039947510e-01
3.542450964450836182e-01
3.633428812026977539e-01
3.415850102901458740e-01
5.025513768196105957e-01
3.037710487842559814e-01
3.261440992355346680e-01
4.696120321750640869e-01
2.705222070217132568e-01
3.491687476634979248e-01
4.098651111125946045e-01
3.540829122066497803e-01
3.816276490688323975e-01
3.951077461242675781e-01
3.715983629226684570e-01
2.523314952850341797e-01
4.183567762374877930e-01
3.327303528785705566e-01
3.480082452297210693e-01
3.111784756183624268e-01
4.149961471557617188e-01
3.377256393432617188e-01
2.641066312789916992e-01
4.750838279724121094e-01
3.493299484252929688e-01
2.823991179466247559e-01
3.800079822540283203e-01
3.227196037769317627e-01
3.736908137798309326e-01
3.222611546516418457e-01
4.239638149738311768e-01
4.337132275104522705e-01
2.779691517353057861e-01
4.214527308940887451e-01
3.238931000232696533e-01
2.896071374416351318e-01
3.572045564651489258e-01
3.367851078510284424e-01
4.146488904953002930e-01
8.305016160011291504e-01
3.699685633182525635e-01
3.735163211822509766e-01
5.449229478836059570e-01
3.943254649639129639e-01
4.813539683818817139e-01
3.679952621459960938e-01
4.480306208133697510e-01
4.223497807979583740e-01
4.307264089584350586e-01
3.873606622219085693e-01
6.957637667655944824e-01
3.550309240818023682e-01
3.815890252590179443e-01
3.148087561130523682e-01
3.432382643222808838e-01
2.780072689056396484e-01
3.412060737609863281e-01
4.145825803279876709e-01
3.072358071804046631e-01
3.110518157482147217e-01
2.867258489131927490e-01
3.909761905670166016e-01
2.603440582752227783e-01
3.057978451251983643e-01
3.113774359226226807e-01
2.936954796314239502e-01
3.798864781856536865e-01
4.631012678146362305e-01
3.579635918140411377e-01
3.639568984508514404e-01
3.157839477062225342e-01
3.078373968601226807e-01
2.844514548778533936e-01
3.646646738052368164e-01
2.788332700729370117e-01
2.989026904106140137e-01
3.483854532241821289e-01
3.719318211078643799e-01
4.385321140289306641e-01
4.357535839080810547e-01
3.041410148143768311e-01
3.505550920963287354e-01
4.235804975032806396e-01
4.337124526500701904e-01
3.260759413242340088e-01
3.306239545345306396e-01
3.391524255275726318e-01
3.302426040172576904e-01
1.481277585029602051e+00
2.212457805871963501e-01
3.805997371673583984e-01
3.914668858051300049e-01
3.396274149417877197e-01
3.351465761661529541e-01
3.342505395412445068e-01
2.411530464887619019e-01
3.440819084644317627e-01
2.503094375133514404e-01
3.708374202251434326e-01
3.839552402496337891e-01
2.807052731513977051e-01
3.943153321743011475e-01
4.418919980525970459e-01
2.903997600078582764e-01
2.972371280193328857e-01
5.853690505027770996e-01
2.683453261852264404e-01
3.512744009494781494e-01
4.144606888294219971e-01
4.190956354141235352e-01
3.176137208938598633e-01
8.023958802223205566e-01
4.316771030426025391e-01
3.852765858173370361e-01
2.247509956359863281e-01
4.154823124408721924e-01
3.747577667236328125e-01
3.850310146808624268e-01
3.955378532409667969e-01
4.412577152252197266e-01
3.993979990482330322e-01
2.861628532409667969e-01
3.464552164077758789e-01
2.939003407955169678e-01
4.197505414485931396e-01
4.088164567947387695e-01
3.669202327728271484e-01
3.802836835384368896e-01
2.879944741725921631e-01
3.130289912223815918e-01
8.154579997062683105e-01
4.836503565311431885e-01
3.470878601074218750e-01
2.744993269443511963e-01
4.052855670452117920e-01
5.468074679374694824e-01
3.685157299041748047e-01
2.534584105014801025e-01
4.604109525680541992e-01
4.043278694152832031e-01
3.553191125392913818e-01
3.292465507984161377e-01
5.199783444404602051e-01
3.028657138347625732e-01
2.817445397377014160e-01
4.514127075672149658e-01
2.607937157154083252e-01
3.406221866607666016e-01
7.119097113609313965e-01
3.460856378078460693e-01
4.070835113525390625e-01
3.814511597156524658e-01
3.033118247985839844e-01
4.117607176303863525e-01
3.050728738307952881e-01
2.893132269382476807e-01
2.454076260328292847e-01
2.876310050487518311e-01
2.660415768623352051e-01
4.022540152072906494e-01
3.317092359066009521e-01
3.939530849456787109e-01
3.353521525859832764e-01
3.889113366603851318e-01
6.922765374183654785e-01
3.632003366947174072e-01
4.504183530807495117e-01
2.846421301364898682e-01
2.772868871688842773e-01
2.950398921966552734e-01
3.224215209484100342e-01
4.987768232822418213e-01
3.576044738292694092e-01
2.959127724170684814e-01
2.187879681587219238e-01
2.878007590770721436e-01
3.853958547115325928e-01
2.351227402687072754e-01
4.570659399032592773e-01
4.637960493564605713e-01
3.319710493087768555e-01
2.953285872936248779e-01
3.132508397102355957e-01
4.010958373546600342e-01
3.454388380050659180e-01
3.536547124385833740e-01
5.217981934547424316e-01
2.661868333816528320e-01
4.927804768085479736e-01
3.642683029174804688e-01
3.490974903106689453e-01
3.702867329120635986e-01
4.667551815509796143e-01
3.395286500453948975e-01
4.672637283802032471e-01
2.481720447540283203e-01
1.168315291404724121e+00
3.278912603855133057e-01
4.126004278659820557e-01
3.817702233791351318e-01
2.857250571250915527e-01
4.927779436111450195e-01
2.943246066570281982e-01
4.921731054782867432e-01
4.530672132968902588e-01
5.688301920890808105e-01
3.811211884021759033e-01
3.212876617908477783e-01
3.905875384807586670e-01
3.435733020305633545e-01
3.640091717243194580e-01
2.577561140060424805e-01
3.714693784713745117e-01
2.761019766330718994e-01
3.779598176479339600e-01
4.003705084323883057e-01
3.625030517578125000e-01
3.707385957241058350e-01
2.677023112773895264e-01
3.746875822544097900e-01
3.565091192722320557e-01
3.149278461933135986e-01
3.058532476425170898e-01
2.695851027965545654e-01
5.209642052650451660e-01
3.493242263793945312e-01
3.372417390346527100e-01
4.261261522769927979e-01
2.975015640258789062e-01
2.938809692859649658e-01
2.395824193954467773e-01
2.124560922384262085e-01
4.869854450225830078e-01
4.233930408954620361e-01
2.753938138484954834e-01
2.760939598083496094e-01
4.426969587802886963e-01
2.855265736579895020e-01
3.230658769607543945e-01
3.356219828128814697e-01
3.004001379013061523e-01
6.585631370544433594e-01
4.373782575130462646e-01
2.936438024044036865e-01
3.716267347335815430e-01
3.571513891220092773e-01
2.211109846830368042e-01
2.823148667812347412e-01
3.835631608963012695e-01
3.309268057346343994e-01
4.824300706386566162e-01
2.542743384838104248e-01
3.753211796283721924e-01
3.876819312572479248e-01
3.213067948818206787e-01
4.040348231792449951e-01
2.501872777938842773e-01
3.308170735836029053e-01
3.856071531772613525e-01
4.875151216983795166e-01
2.650496661663055420e-01
3.768242299556732178e-01
4.236459732055664062e-01
2.542114853858947754e-01
4.036211073398590088e-01
4.085135459899902344e-01
4.076784551143646240e-01
4.029668867588043213e-01
3.940198719501495361e-01
2.741686999797821045e-01
2.684865891933441162e-01
3.768979310989379883e-01
2.071226835250854492e-01
4.325271844863891602e-01
2.895797789096832275e-01
3.319976627826690674e-01
4.789579808712005615e-01
4.193975925445556641e-01
3.394733369350433350e-01
2.997090816497802734e-01
3.943493664264678955e-01
3.226933777332305908e-01
5.564131140708923340e-01
3.204440176486968994e-01
8.284967541694641113e-01
3.588935136795043945e-01
3.523541986942291260e-01
3.692179620265960693e-01
5.370783209800720215e-01
3.221598863601684570e-01
6.139537692070007324e-01
4.729377329349517822e-01
4.070084393024444580e-01
4.247172772884368896e-01
3.564916551113128662e-01
4.059723317623138428e-01
3.568669557571411133e-01
3.261202275753021240e-01
3.032393753528594971e-01
3.755800426006317139e-01
3.535971641540527344e-01
4.379294812679290771e-01
3.129538893699645996e-01
3.272745311260223389e-01
3.047190904617309570e-01
2.691768705844879150e-01
2.101902365684509277e-01
4.112404584884643555e-01
3.450428247451782227e-01
4.947992861270904541e-01
3.154443800449371338e-01
4.169909060001373291e-01
3.093573749065399170e-01
3.702720701694488525e-01
4.220364987850189209e-01
3.270141184329986572e-01
3.450768887996673584e-01
4.034232795238494873e-01
3.974305391311645508e-01
4.319069683551788330e-01
2.552174627780914307e-01
4.426398575305938721e-01
2.598679959774017334e-01
3.631012439727783203e-01
2.533993124961853027e-01
3.022044897079467773e-01
3.942897617816925049e-01
3.867096006870269775e-01
4.390952587127685547e-01
4.606478512287139893e-01
3.164450526237487793e-01
4.194420576095581055e-01
3.236927986145019531e-01
5.741266608238220215e-01
3.244266808032989502e-01
3.797295391559600830e-01
3.846720457077026367e-01
2.995832264423370361e-01
4.620479345321655273e-01
3.080483973026275635e-01
4.205176830291748047e-01
3.370995521545410156e-01
2.610273659229278564e-01
3.424364626407623291e-01
2.826114594936370850e-01
4.477632939815521240e-01
3.719830811023712158e-01
3.189736306667327881e-01
3.801903724670410156e-01
4.993834197521209717e-01
3.402228653430938721e-01
3.558535575866699219e-01
3.080852925777435303e-01
4.523428678512573242e-01
3.143783509731292725e-01
3.028702735900878906e-01
3.418876826763153076e-01
3.309595286846160889e-01
3.594462871551513672e-01
5.403504371643066406e-01
3.308819234371185303e-01
3.604297637939453125e-01
2.492900490760803223e-01
3.082616627216339111e-01
3.673353493213653564e-01
2.713209390640258789e-01
3.132522106170654297e-01
3.140627145767211914e-01
3.009196817874908447e-01
3.001286089420318604e-01
3.315318822860717773e-01
2.961512506008148193e-01
3.026023805141448975e-01
2.355260103940963745e-01
3.211500644683837891e-01
3.622350990772247314e-01
3.506602048873901367e-01
4.248008430004119873e-01
2.548712790012359619e-01
3.628525435924530029e-01
3.227604329586029053e-01
2.716765105724334717e-01
4.346921741962432861e-01
2.750988900661468506e-01
3.889209330081939697e-01
2.812781333923339844e-01
3.282013833522796631e-01
2.977309226989746094e-01
3.859712779521942139e-01
2.737952768802642822e-01
3.934655487537384033e-01
3.207171857357025146e-01
3.143948018550872803e-01
4.933687746524810791e-01
4.111365973949432373e-01
3.151521384716033936e-01
3.602472841739654541e-01
4.084981977939605713e-01
3.060731589794158936e-01
4.188992083072662354e-01
3.138617277145385742e-01
3.339726030826568604e-01
2.857605218887329102e-01
1.079677462577819824e+00
2.826193869113922119e-01
4.579603672027587891e-01
4.444912374019622803e-01
3.020021617412567139e-01
2.770552933216094971e-01
3.487894237041473389e-01
2.968621551990509033e-01
3.369445502758026123e-01
2.646693289279937744e-01
2.901371121406555176e-01
2.707763612270355225e-01
5.074209570884704590e-01
2.864891588687896729e-01
3.371140956878662109e-01
2.915447652339935303e-01
3.414134681224822998e-01
3.669621646404266357e-01
3.716222345829010010e-01
3.023048639297485352e-01
5.458216667175292969e-01
4.808722734451293945e-01
2.980525195598602295e-01
3.423369228839874268e-01
3.823931217193603516e-01
3.358348906040191650e-01
2.827705442905426025e-01
6.415535807609558105e-01
3.862442970275878906e-01
3.333667218685150146e-01
2.940240800380706787e-01
3.660992085933685303e-01
2.783557176589965820e-01
3.014339506626129150e-01
3.216170966625213623e-01
3.989273309707641602e-01
3.435982465744018555e-01
4.382655620574951172e-01
3.746164143085479736e-01
3.457020223140716553e-01
3.653135299682617188e-01
3.674325942993164062e-01
3.220441043376922607e-01
2.792663574218750000e-01
3.538110554218292236e-01
3.632496893405914307e-01
2.849715650081634521e-01
2.865488529205322266e-01
3.193826675415039062e-01
3.911871910095214844e-01
4.417363405227661133e-01
3.842500746250152588e-01
3.747456371784210205e-01
3.601300716400146484e-01
2.707636654376983643e-01
4.207924902439117432e-01
3.261967599391937256e-01
3.645497560501098633e-01
4.292201995849609375e-01
4.519574344158172607e-01
3.808699846267700195e-01
2.990409135818481445e-01
4.040876328945159912e-01
3.230542242527008057e-01
3.674483597278594971e-01
4.068817198276519775e-01
2.756906449794769287e-01
3.111490905284881592e-01
3.218214213848114014e-01
3.520690202713012695e-01
3.170025348663330078e-01
3.775825500488281250e-01
2.996841073036193848e-01
3.636760711669921875e-01
3.581972122192382812e-01
5.190833210945129395e-01
2.658270597457885742e-01
3.460758626461029053e-01
6.607880592346191406e-01
4.272193610668182373e-01
4.835530221462249756e-01
3.304439783096313477e-01
3.206143677234649658e-01
3.632414340972900391e-01
2.833643853664398193e-01
3.032392561435699463e-01
3.262694776058197021e-01
4.219720661640167236e-01
3.275874555110931396e-01
3.983809649944305420e-01
2.376896888017654419e-01
3.405009210109710693e-01
3.541775643825531006e-01
3.607860505580902100e-01
1.005091547966003418e+00
3.475234210491180420e-01
3.415413200855255127e-01
3.287148177623748779e-01
3.062672317028045654e-01
2.528644204139709473e-01
2.619158625602722168e-01
2.337733954191207886e-01
3.481978476047515869e-01
3.497860431671142578e-01
3.397135436534881592e-01
3.379217684268951416e-01
3.280239403247833252e-01
3.992151319980621338e-01
3.198608160018920898e-01
3.168630599975585938e-01
2.771638035774230957e-01
2.964667677879333496e-01
4.316259324550628662e-01
3.832233846187591553e-01
3.757511675357818604e-01
2.822168171405792236e-01
5.109352469444274902e-01
3.357538878917694092e-01
3.127822875976562500e-01
3.831432163715362549e-01
2.916074991226196289e-01
4.741196930408477783e-01
3.754712343215942383e-01
2.957409322261810303e-01
3.867624700069427490e-01
5.124079585075378418e-01
3.449374139308929443e-01
2.649916708469390869e-01
2.341332882642745972e-01
2.902186810970306396e-01
3.088139593601226807e-01
3.749098777770996094e-01
3.625557720661163330e-01
3.050391077995300293e-01
2.800763249397277832e-01
3.640389144420623779e-01
3.295093178749084473e-01
3.264447152614593506e-01
3.431513011455535889e-01
3.059952557086944580e-01
3.780424296855926514e-01
7.730482220649719238e-01
4.078795015811920166e-01
3.177077472209930420e-01
3.369849622249603271e-01
2.686921954154968262e-01
7.946427464485168457e-01
4.330762326717376709e-01
4.825966358184814453e-01
4.042302072048187256e-01
3.612385988235473633e-01
3.727052211761474609e-01
2.665190994739532471e-01
2.558581233024597168e-01
3.096570074558258057e-01
5.027658343315124512e-01
3.199476003646850586e-01
3.891900479793548584e-01
4.301521778106689453e-01
4.921156466007232666e-01
3.922139406204223633e-01
3.997685909271240234e-01
3.149236440658569336e-01
3.277723193168640137e-01
6.038723587989807129e-01
4.316120445728302002e-01
6.895987391471862793e-01
3.074960708618164062e-01
3.780741691589355469e-01
5.199972987174987793e-01
5.506124496459960938e-01
3.404942452907562256e-01
3.801369369029998779e-01
5.383939743041992188e-01
3.733470439910888672e-01
3.013296425342559814e-01
3.634168803691864014e-01
3.723864555358886719e-01
2.783439755439758301e-01
2.920836508274078369e-01
6.329310536384582520e-01
2.250618338584899902e-01
2.966062128543853760e-01
3.186170756816864014e-01
2.914592325687408447e-01
3.009578883647918701e-01
3.167808353900909424e-01
3.137470185756683350e-01
3.473503887653350830e-01
3.543379008769989014e-01
3.114491999149322510e-01
2.998749911785125732e-01
5.026116371154785156e-01
3.639959096908569336e-01
4.059800207614898682e-01
3.778361976146697998e-01
2.397828102111816406e-01
4.236112534999847412e-01
3.885869085788726807e-01
2.867471873760223389e-01
2.689457833766937256e-01
3.977997004985809326e-01
4.797332584857940674e-01
3.936864435672760010e-01
3.659043312072753906e-01
1.014833092689514160e+00
2.588600814342498779e-01
2.697979211807250977e-01
2.790153026580810547e-01
3.682146370410919189e-01
3.044708669185638428e-01
3.780766427516937256e-01
3.506074845790863037e-01
3.938715457916259766e-01
3.287041485309600830e-01
4.110969603061676025e-01
3.353521823883056641e-01
3.047765791416168213e-01
4.236382544040679932e-01
3.580128848552703857e-01
2.576753497123718262e-01
2.985139787197113037e-01
3.511114120483398438e-01
4.180153310298919678e-01
3.596526086330413818e-01
2.589808106422424316e-01
3.708418309688568115e-01
3.473672568798065186e-01
4.386498034000396729e-01
4.362807273864746094e-01
2.770624160766601562e-01
3.377746343612670898e-01
2.583960592746734619e-01
3.073584735393524170e-01
4.400371611118316650e-01
3.381156921386718750e-01
3.262233138084411621e-01
5.418631434440612793e-01
3.027132749557495117e-01
3.199317753314971924e-01
3.978804051876068115e-01
2.645468711853027344e-01
4.054612815380096436e-01
7.327971458435058594e-01
3.322008550167083740e-01
4.108046591281890869e-01
3.806135952472686768e-01
3.197324275970458984e-01
2.600048780441284180e-01
4.145858287811279297e-01
2.893393337726593018e-01
5.575690865516662598e-01
3.913068771362304688e-01
2.639578282833099365e-01
3.264941275119781494e-01
2.997585535049438477e-01
4.252951145172119141e-01
3.680501878261566162e-01
3.949987888336181641e-01
2.763017714023590088e-01
2.947125732898712158e-01
4.293110370635986328e-01
3.334688246250152588e-01
4.525949656963348389e-01
2.644406855106353760e-01
3.117644488811492920e-01
3.173922300338745117e-01
3.216322362422943115e-01
4.201629459857940674e-01
3.350175619125366211e-01
2.798972427845001221e-01
6.157187819480895996e-01
2.746491730213165283e-01
2.749448716640472412e-01
3.957348763942718506e-01
2.311639338731765747e-01
4.176740348339080811e-01
3.186427652835845947e-01
3.399968147277832031e-01
4.323424100875854492e-01
3.159007132053375244e-01
3.750828504562377930e-01
2.702796757221221924e-01
2.753178775310516357e-01
2.880612909793853760e-01
3.528554141521453857e-01
3.129103481769561768e-01
3.190331757068634033e-01
4.616130292415618896e-01
2.590940892696380615e-01
3.095157146453857422e-01
2.954054772853851318e-01
3.471064269542694092e-01
3.515333235263824463e-01
4.927251040935516357e-01
3.552989661693572998e-01
4.139641523361206055e-01
2.447625547647476196e-01
2.945062816143035889e-01
3.415625095367431641e-01
5.745396018028259277e-01
2.903001010417938232e-01
3.424415588378906250e-01
2.618161141872406006e-01
2.482916861772537231e-01
3.251889646053314209e-01
2.867292165756225586e-01
3.902402818202972412e-01
3.413661420345306396e-01
3.520643711090087891e-01
4.074316322803497314e-01
4.002275466918945312e-01
4.068951606750488281e-01
3.233836591243743896e-01
2.857223451137542725e-01
4.530404806137084961e-01
2.484187334775924683e-01
3.029496967792510986e-01
4.454950392246246338e-01
3.332004845142364502e-01
3.280270695686340332e-01
3.610064685344696045e-01
3.190713822841644287e-01
4.067935645580291748e-01
3.198395967483520508e-01
3.559049367904663086e-01
3.503087460994720459e-01
3.777275979518890381e-01
4.074483811855316162e-01
3.565931022167205811e-01
4.700713157653808594e-01
2.982011735439300537e-01
2.605316936969757080e-01
3.592595160007476807e-01
3.310852944850921631e-01
3.635293245315551758e-01
2.505177259445190430e-01
3.704591691493988037e-01
7.361463904380798340e-01
3.491251468658447266e-01
3.736233711242675781e-01
3.831453323364257812e-01
3.772793710231781006e-01
3.045574724674224854e-01
4.328404366970062256e-01
2.612968981266021729e-01
3.412420451641082764e-01
2.934872806072235107e-01
5.534967780113220215e-01
3.450951278209686279e-01
2.856036722660064697e-01
3.757844269275665283e-01
2.274282127618789673e-01
2.774593830108642578e-01
3.020062446594238281e-01
3.172406554222106934e-01
3.704183101654052734e-01
3.159675300121307373e-01
3.531579077243804932e-01
4.044699966907501221e-01
3.373178541660308838e-01
3.358297049999237061e-01
3.492803275585174561e-01
3.966135084629058838e-01
4.588274061679840088e-01
3.757385015487670898e-01
3.135813176631927490e-01
3.077018260955810547e-01
3.112943470478057861e-01
4.236797094345092773e-01
3.517110347747802734e-01
3.168272972106933594e-01
3.375310897827148438e-01
4.486244916915893555e-01
3.251204788684844971e-01
4.292542636394500732e-01
2.493927925825119019e-01
3.048458099365234375e-01
3.202527463436126709e-01
8.652160167694091797e-01
2.919591665267944336e-01
5.112103223800659180e-01
2.834028899669647217e-01
3.352545797824859619e-01
2.628326714038848877e-01
3.681263029575347900e-01
5.135774612426757812e-01
3.617775440216064453e-01
3.435266017913818359e-01
3.782618045806884766e-01
3.606660366058349609e-01
4.281702935695648193e-01
3.471142053604125977e-01
3.970668017864227295e-01
3.815518617630004883e-01
4.974213540554046631e-01
3.901542425155639648e-01
3.270179033279418945e-01
4.499163925647735596e-01
5.121472477912902832e-01
4.381892979145050049e-01
2.423170804977416992e-01
2.575396001338958740e-01
3.506390154361724854e-01
3.258700668811798096e-01
2.503759860992431641e-01
3.169123232364654541e-01
3.884728848934173584e-01
4.584021568298339844e-01
3.862293958663940430e-01
3.830770254135131836e-01
4.438826739788055420e-01
3.610630035400390625e-01
3.389094769954681396e-01
3.272527456283569336e-01
2.670018970966339111e-01
4.554520547389984131e-01
3.506603538990020752e-01
3.856814205646514893e-01
4.095822870731353760e-01
3.121059536933898926e-01
2.845102846622467041e-01
2.706565260887145996e-01
3.225031793117523193e-01
4.613083302974700928e-01
3.299155235290527344e-01
2.863950431346893311e-01
3.047185838222503662e-01
3.853255808353424072e-01
2.557159960269927979e-01
2.657695710659027100e-01
4.021145105361938477e-01
3.132082521915435791e-01
3.214083611965179443e-01
2.420666068792343140e-01
2.778939902782440186e-01
4.452465772628784180e-01
3.291363716125488281e-01
4.299111664295196533e-01
2.480013221502304077e-01
4.099552631378173828e-01
3.824235200881958008e-01
3.878858983516693115e-01
3.999698162078857422e-01
4.352981150150299072e-01
4.572553634643554688e-01
2.717678546905517578e-01
3.248792290687561035e-01
3.632009327411651611e-01
4.354264736175537109e-01
2.648635208606719971e-01
3.290953338146209717e-01
4.268728494644165039e-01
3.303622007369995117e-01
2.956825792789459229e-01
3.652004003524780273e-01
3.799647390842437744e-01
3.033392429351806641e-01
2.909765839576721191e-01
3.489672839641571045e-01
2.713409960269927979e-01
4.906275570392608643e-01
2.392536997795104980e-01
3.706557750701904297e-01
2.563678026199340820e-01
2.730047702789306641e-01
2.901113033294677734e-01
5.696646571159362793e-01
3.754207193851470947e-01
3.205875754356384277e-01
2.574874758720397949e-01
2.295437306165695190e-01
3.676469326019287109e-01
3.431129753589630127e-01
3.114170730113983154e-01
3.837453126907348633e-01
3.206044137477874756e-01
3.897070586681365967e-01
2.801679372787475586e-01
4.341401755809783936e-01
3.553386032581329346e-01
4.370449483394622803e-01
3.559543788433074951e-01
5.032551288604736328e-01
2.286788225173950195e-01
2.898342907428741455e-01
4.117069542407989502e-01
3.053474128246307373e-01
3.063767850399017334e-01
3.335902392864227295e-01
2.743576765060424805e-01
4.218738079071044922e-01
3.427610695362091064e-01
3.892451226711273193e-01
3.374594748020172119e-01
3.114844560623168945e-01
6.951522827148437500e-01
2.848118841648101807e-01
2.502258121967315674e-01
3.606948554515838623e-01
2.398033142089843750e-01
2.973567545413970947e-01
3.002416789531707764e-01
3.501363098621368408e-01
3.740211427211761475e-01
2.565100193023681641e-01
2.862170040607452393e-01
3.731809556484222412e-01
5.843464732170104980e-01
3.172359764575958252e-01
3.321763277053833008e-01
3.868681490421295166e-01
2.991920709609985352e-01
5.426295995712280273e-01
2.794408798217773438e-01
2.477941066026687622e-01
3.002721965312957764e-01
3.397132456302642822e-01
3.757154047489166260e-01
2.502185702323913574e-01
3.716880381107330322e-01
4.139121472835540771e-01
4.844494163990020752e-01
3.638831675052642822e-01
4.766647517681121826e-01
2.866767644882202148e-01
3.040018379688262939e-01
3.975273072719573975e-01
3.971228599548339844e-01
3.032008111476898193e-01
2.568874061107635498e-01
3.488262891769409180e-01
2.837793827056884766e-01
3.030269443988800049e-01
3.383951187133789062e-01
3.637240231037139893e-01
4.048154652118682861e-01
2.965826690196990967e-01
3.468739688396453857e-01
3.562913835048675537e-01
3.418205976486206055e-01
3.464907109737396240e-01
3.115284144878387451e-01
3.443818986415863037e-01
2.713380753993988037e-01
3.108411133289337158e-01
2.583085596561431885e-01
2.676186859607696533e-01
3.599008321762084961e-01
3.287544548511505127e-01
2.913163006305694580e-01
4.308022558689117432e-01
2.849486768245697021e-01
4.343105852603912354e-01
3.402139246463775635e-01
2.913897931575775146e-01
2.538602054119110107e-01
4.723292291164398193e-01
3.524220883846282959e-01
3.700512349605560303e-01
2.767952382564544678e-01
3.492451608180999756e-01
3.668784201145172119e-01
5.066553354263305664e-01
3.943592011928558350e-01
3.103772401809692383e-01
2.863099277019500732e-01
3.515475988388061523e-01
2.586712539196014404e-01
3.276414871215820312e-01
3.500070571899414062e-01
3.053933680057525635e-01
2.759222686290740967e-01
2.830048799514770508e-01
2.902592122554779053e-01
2.569292783737182617e-01
4.104882776737213135e-01
2.824631035327911377e-01
2.933854162693023682e-01
5.808345675468444824e-01
5.492387413978576660e-01
3.172053098678588867e-01
4.758295714855194092e-01
3.035179674625396729e-01
3.092923760414123535e-01
3.110337853431701660e-01
4.080048799514770508e-01
2.907241582870483398e-01
3.467802107334136963e-01
4.556924104690551758e-01
2.258752584457397461e-01
3.446072638034820557e-01
3.130087554454803467e-01
4.386267662048339844e-01
3.991022408008575439e-01
3.217526972293853760e-01
3.063090145587921143e-01
3.914087116718292236e-01
3.452416956424713135e-01
2.342208623886108398e-01
3.235418498516082764e-01
2.839296162128448486e-01
4.735674858093261719e-01
3.033941388130187988e-01
3.056313991546630859e-01
4.375693798065185547e-01
3.079519271850585938e-01
3.292055428028106689e-01
3.654105365276336670e-01
3.436839878559112549e-01
2.823925018310546875e-01
6.306486129760742188e-01
3.797000348567962646e-01
2.601033747196197510e-01
3.135546445846557617e-01
2.520732283592224121e-01
2.594213485717773438e-01
3.195365667343139648e-01
3.090981245040893555e-01
4.732539355754852295e-01
3.373068571090698242e-01
2.798674106597900391e-01
2.669041454792022705e-01
3.279536664485931396e-01
4.585038721561431885e-01
3.840399086475372314e-01
4.988999068737030029e-01
3.513036668300628662e-01
3.477830588817596436e-01
3.140520751476287842e-01
3.399386107921600342e-01
3.163333833217620850e-01
3.008675277233123779e-01
2.897198796272277832e-01
2.956166267395019531e-01
2.439707964658737183e-01
4.020098447799682617e-01
3.855324983596801758e-01
3.940408229827880859e-01
2.624424397945404053e-01
3.560002148151397705e-01
2.759169936180114746e-01
3.686908185482025146e-01
2.890415787696838379e-01
3.166741430759429932e-01
3.129421770572662354e-01
5.469705462455749512e-01
3.290361464023590088e-01
3.322767317295074463e-01
2.693123519420623779e-01
3.153610527515411377e-01
2.779253125190734863e-01
3.800930678844451904e-01
4.488671123981475830e-01
3.783513009548187256e-01
3.589637279510498047e-01
3.480007946491241455e-01
3.307017982006072998e-01
3.259162008762359619e-01
2.717532813549041748e-01
2.329160571098327637e-01
3.171561658382415771e-01
2.228311151266098022e-01
4.552657604217529297e-01
3.430246114730834961e-01
3.549137413501739502e-01
3.788517415523529053e-01
3.129313290119171143e-01
3.374047577381134033e-01
2.756564915180206299e-01
3.282698094844818115e-01
3.539793193340301514e-01
3.090028464794158936e-01
2.415524721145629883e-01
2.725021243095397949e-01
3.654589653015136719e-01
3.597106039524078369e-01
3.455691039562225342e-01
2.727446854114532471e-01
2.859226465225219727e-01
3.750729858875274658e-01
3.429518043994903564e-01
3.987645804882049561e-01
3.204419612884521484e-01
2.635556161403656006e-01
3.877250254154205322e-01
3.357627391815185547e-01
3.454287350177764893e-01
3.849593698978424072e-01
3.629246652126312256e-01
3.290765583515167236e-01
3.283261060714721680e-01
4.078017771244049072e-01
4.644355773925781250e-01
3.373132646083831787e-01
2.758230268955230713e-01
2.422695159912109375e-01
2.862944900989532471e-01
2.684767544269561768e-01
3.367921411991119385e-01
4.243452847003936768e-01
4.638799130916595459e-01
3.844726085662841797e-01
3.709256350994110107e-01
4.608790874481201172e-01
2.589070498943328857e-01
2.573334276676177979e-01
2.899881601333618164e-01
2.993113696575164795e-01
2.945739924907684326e-01
3.023388683795928955e-01
3.947944641113281250e-01
5.003107190132141113e-01
2.544563114643096924e-01
2.904441654682159424e-01
4.406061172485351562e-01
3.266191482543945312e-01
2.403641939163208008e-01
4.289988577365875244e-01
2.941919267177581787e-01
3.127150237560272217e-01
3.663039207458496094e-01
3.485251665115356445e-01
3.765731155872344971e-01
3.977388441562652588e-01
4.740370213985443115e-01
3.171981871128082275e-01
5.131471157073974609e-01
2.677848041057586670e-01
3.813038766384124756e-01
3.829154074192047119e-01
3.313355445861816406e-01
2.754698991775512695e-01
2.767756879329681396e-01
3.017404377460479736e-01
3.445236980915069580e-01
3.311455547809600830e-01
6.985620856285095215e-01
2.399902194738388062e-01
3.387673795223236084e-01
4.859980642795562744e-01
3.696389198303222656e-01
2.747843563556671143e-01
3.276787996292114258e-01
2.514876127243041992e-01
3.907524645328521729e-01
3.688490688800811768e-01
3.679513633251190186e-01
3.932893574237823486e-01
4.606309235095977783e-01
3.486318290233612061e-01
3.168155252933502197e-01
4.496612250804901123e-01
2.785576283931732178e-01
3.568146526813507080e-01
4.096259176731109619e-01
2.977706193923950195e-01
4.605329930782318115e-01
3.120352327823638916e-01
2.967669665813446045e-01
3.719924986362457275e-01
3.691730499267578125e-01
4.216032028198242188e-01
4.366813600063323975e-01
3.311434090137481689e-01
3.077265322208404541e-01
3.992284834384918213e-01
3.216269314289093018e-01
7.586306929588317871e-01
4.684454500675201416e-01
3.261648416519165039e-01
3.411580026149749756e-01
2.912218868732452393e-01
3.960069417953491211e-01
3.765236437320709229e-01
2.655012607574462891e-01
4.263931810855865479e-01
2.609494924545288086e-01
4.453395307064056396e-01
3.504331409931182861e-01
4.138919115066528320e-01
3.888467252254486084e-01
3.487277030944824219e-01
3.795945942401885986e-01
2.601369321346282959e-01
4.536424875259399414e-01
4.078843891620635986e-01
2.946751117706298828e-01
2.702178061008453369e-01
4.184020459651947021e-01
3.178667724132537842e-01
4.338772296905517578e-01
3.393344879150390625e-01
5.103583931922912598e-01
2.577189207077026367e-01
3.217628896236419678e-01
3.243297040462493896e-01
4.292876720428466797e-01
3.759949207305908203e-01
3.908171951770782471e-01
4.236638247966766357e-01
2.671165168285369873e-01
3.633401393890380859e-01
4.509524405002593994e-01
4.106462895870208740e-01
3.326960504055023193e-01
3.233995437622070312e-01
3.352345228195190430e-01
3.430664241313934326e-01
3.464733064174652100e-01
3.374774456024169922e-01
3.177852630615234375e-01
3.231925070285797119e-01
2.797786295413970947e-01
2.058911770582199097e-01
3.259843587875366211e-01
4.109587967395782471e-01
2.566546499729156494e-01
4.611928462982177734e-01
2.520125806331634521e-01
2.501375377178192139e-01
3.417543470859527588e-01
2.585471868515014648e-01
3.572895228862762451e-01
3.327657878398895264e-01
3.941485881805419922e-01
4.375488460063934326e-01
2.725446224212646484e-01
3.638484179973602295e-01
4.004198610782623291e-01
2.967425882816314697e-01
3.087141215801239014e-01
4.107479155063629150e-01
3.500305414199829102e-01
3.488657176494598389e-01
4.201475679874420166e-01
4.672886431217193604e-01
3.177930414676666260e-01
3.593969047069549561e-01
4.862063825130462646e-01
2.841644585132598877e-01
3.861729204654693604e-01
2.897030413150787354e-01
3.546532094478607178e-01
3.369564712047576904e-01
3.796245157718658447e-01
3.488904535770416260e-01
3.016541898250579834e-01
3.202751874923706055e-01
3.171817660331726074e-01
2.963853180408477783e-01
4.391274154186248779e-01
2.393674701452255249e-01
3.589476644992828369e-01
2.868288755416870117e-01
3.415933549404144287e-01
3.273261785507202148e-01
3.554039001464843750e-01
3.046302199363708496e-01
3.807357549667358398e-01
2.886994779109954834e-01
4.505172967910766602e-01
4.921319782733917236e-01
2.696258425712585449e-01
3.705186843872070312e-01
4.029980599880218506e-01
2.754020690917968750e-01
3.256108760833740234e-01
5.121292471885681152e-01
4.153198897838592529e-01
3.432477712631225586e-01
3.772653639316558838e-01
3.123952150344848633e-01
2.655228376388549805e-01
3.375482857227325439e-01
3.676630258560180664e-01
3.561081886291503906e-01
3.797243535518646240e-01
4.945216178894042969e-01
3.531872034072875977e-01
3.035173714160919189e-01
2.682636380195617676e-01
5.607461333274841309e-01
4.335413277149200439e-01
4.152379035949707031e-01
3.927579820156097412e-01
3.679402768611907959e-01
3.405091464519500732e-01
3.749613463878631592e-01
2.413878589868545532e-01
3.124446570873260498e-01
3.924499750137329102e-01
2.493299692869186401e-01
2.985886037349700928e-01
3.389801681041717529e-01
2.829003632068634033e-01
2.717332541942596436e-01
3.047311604022979736e-01
3.885637521743774414e-01
3.701106011867523193e-01
2.491784095764160156e-01
2.657229900360107422e-01
2.656959593296051025e-01
4.307255744934082031e-01
3.455285131931304932e-01
2.598459422588348389e-01
2.645344436168670654e-01
2.845718562602996826e-01
3.866412937641143799e-01
4.491786658763885498e-01
4.119624197483062744e-01
2.820423543453216553e-01
4.331843852996826172e-01
5.662577748298645020e-01
3.836539089679718018e-01
3.811743259429931641e-01
3.935391604900360107e-01
2.407970875501632690e-01
5.078579187393188477e-01
3.531478643417358398e-01
4.189299046993255615e-01
2.794651985168457031e-01
3.473693430423736572e-01
3.821461200714111328e-01
3.407708406448364258e-01
3.467310369014739990e-01
2.574158906936645508e-01
2.919313609600067139e-01
3.259086012840270996e-01
2.646254599094390869e-01
3.267097175121307373e-01
3.876205384731292725e-01
5.354428291320800781e-01
3.563894033432006836e-01
2.775488793849945068e-01
3.372951447963714600e-01
3.012430369853973389e-01
3.140060603618621826e-01
4.954702854156494141e-01
4.095571339130401611e-01
2.325735539197921753e-01
2.918189465999603271e-01
2.539108693599700928e-01
3.455810844898223877e-01
3.039738237857818604e-01
5.550062060356140137e-01
3.616931736469268799e-01
3.140862286090850830e-01
3.182376325130462646e-01
3.024369478225708008e-01
3.861283957958221436e-01
3.182542622089385986e-01
3.981268405914306641e-01
4.067117869853973389e-01
2.950463593006134033e-01
2.634332478046417236e-01
3.042480051517486572e-01
3.342817723751068115e-01
3.213591575622558594e-01
4.366842210292816162e-01
3.525044918060302734e-01
3.955641686916351318e-01
3.904293775558471680e-01
3.784650862216949463e-01
4.704058170318603516e-01
3.341233432292938232e-01
3.998238146305084229e-01
3.189853727817535400e-01
4.483991563320159912e-01
4.920144081115722656e-01
1.773645430803298950e-01
3.724974095821380615e-01
4.485448896884918213e-01
3.125915825366973877e-01
4.096874296665191650e-01
4.072805643081665039e-01
4.261991977691650391e-01
3.950699567794799805e-01
3.971972763538360596e-01
2.618460953235626221e-01
3.493461906909942627e-01
3.012814521789550781e-01
5.182209014892578125e-01
3.062041103839874268e-01
4.193355739116668701e-01
4.407216310501098633e-01
3.409934043884277344e-01
4.845524728298187256e-01
2.894272208213806152e-01
3.156480789184570312e-01
3.087684214115142822e-01
3.039776384830474854e-01
3.578805923461914062e-01
3.254272043704986572e-01
3.035851418972015381e-01
4.750993251800537109e-01
2.342015355825424194e-01
3.073790967464447021e-01
3.773057758808135986e-01
4.158406257629394531e-01
2.752098739147186279e-01
3.798496723175048828e-01
5.109452605247497559e-01
3.769266903400421143e-01
3.116318583488464355e-01
2.893446385860443115e-01
5.521089434623718262e-01
3.471127748489379883e-01
7.043786048889160156e-01
3.404292166233062744e-01
4.843535721302032471e-01
3.897247612476348877e-01
2.593562304973602295e-01
2.823603451251983643e-01
3.608656823635101318e-01
3.812273740768432617e-01
4.058613777160644531e-01
3.748307228088378906e-01
3.720760047435760498e-01
3.990283310413360596e-01
1.001544594764709473e+00
4.228574335575103760e-01
9.196016192436218262e-01
4.451383352279663086e-01
3.623054027557373047e-01
3.304975926876068115e-01
3.740212917327880859e-01
3.821139633655548096e-01
4.057892262935638428e-01
3.216652572154998779e-01
4.575308263301849365e-01
3.675526678562164307e-01
3.352157771587371826e-01
3.313563764095306396e-01
4.795547425746917725e-01
3.823273181915283203e-01
4.477678835391998291e-01
4.090074598789215088e-01
4.831789433956146240e-01
3.168302476406097412e-01
3.133910298347473145e-01
3.138598203659057617e-01
3.079069256782531738e-01
6.508204340934753418e-01
4.093475043773651123e-01
2.354535609483718872e-01
4.067299365997314453e-01
2.706625759601593018e-01
2.779712975025177002e-01
3.627085685729980469e-01
5.178490281105041504e-01
3.000406324863433838e-01
2.900483608245849609e-01
4.603234231472015381e-01
4.423858225345611572e-01
3.056912422180175781e-01
2.898813188076019287e-01
5.218748450279235840e-01
3.737430572509765625e-01
2.751803994178771973e-01
3.081668913364410400e-01
3.280569612979888916e-01
3.103796541690826416e-01
2.865375578403472900e-01
3.383834660053253174e-01
3.372469842433929443e-01
3.694005310535430908e-01
3.801696002483367920e-01
4.687290191650390625e-01
2.909152209758758545e-01
3.027338683605194092e-01
4.635773599147796631e-01
3.127811849117279053e-01
3.493878543376922607e-01
3.485860824584960938e-01
4.273422062397003174e-01
3.047825396060943604e-01
3.984508514404296875e-01
3.592481613159179688e-01
2.205379009246826172e-01
3.006452918052673340e-01
4.068361818790435791e-01
3.299501538276672363e-01
3.656189143657684326e-01
4.076720178127288818e-01
3.871383368968963623e-01
2.792047858238220215e-01
2.778632044792175293e-01
3.628648519515991211e-01
3.447608947753906250e-01
6.209324002265930176e-01
3.120265305042266846e-01
3.431625068187713623e-01
3.349769413471221924e-01
3.363628089427947998e-01
4.488540887832641602e-01
3.651263713836669922e-01
3.232916295528411865e-01
3.357419967651367188e-01
2.586416006088256836e-01
2.706260979175567627e-01
4.339453279972076416e-01
3.964960575103759766e-01
2.879916727542877197e-01
2.641236484050750732e-01
3.923563063144683838e-01
3.495647013187408447e-01
4.003436565399169922e-01
3.201527297496795654e-01
3.898604810237884521e-01
3.608894646167755127e-01
3.875575959682464600e-01
3.966046273708343506e-01
3.815903663635253906e-01
2.719984352588653564e-01
3.921755850315093994e-01
3.219157159328460693e-01
3.080684542655944824e-01
3.241037428379058838e-01
3.885513842105865479e-01
3.722325861454010010e-01
3.476600348949432373e-01
3.479039967060089111e-01
3.512907326221466064e-01
3.190955221652984619e-01
3.534731566905975342e-01
3.280618190765380859e-01
3.425486981868743896e-01
2.954395711421966553e-01
3.922373354434967041e-01
3.725318014621734619e-01
3.412134945392608643e-01
4.413833618164062500e-01
8.830857276916503906e-01
4.814511537551879883e-01
2.601905167102813721e-01
3.765474855899810791e-01
2.737094759941101074e-01
3.922804594039916992e-01
3.155420720577239990e-01
7.700381875038146973e-01
4.263241291046142578e-01
5.708562135696411133e-01
3.300479650497436523e-01
4.092007875442504883e-01
4.067974984645843506e-01
3.563448190689086914e-01
4.711235463619232178e-01
2.889101803302764893e-01
2.518217563629150391e-01
3.097801804542541504e-01
3.540399372577667236e-01
3.726836442947387695e-01
3.908526897430419922e-01
3.120825886726379395e-01
3.476226627826690674e-01
4.097572863101959229e-01
2.614769637584686279e-01
4.211157560348510742e-01
3.051159977912902832e-01
3.089067935943603516e-01
4.199925661087036133e-01
4.279069006443023682e-01
3.235150873661041260e-01
3.307961523532867432e-01
4.371885955333709717e-01
2.684940993785858154e-01
4.899489879608154297e-01
4.776630699634552002e-01
3.424715995788574219e-01
3.640057146549224854e-01
2.743137180805206299e-01
3.111268579959869385e-01
3.227716982364654541e-01
4.285016059875488281e-01
3.442488610744476318e-01
3.659629523754119873e-01
3.713667690753936768e-01
4.064583778381347656e-01
3.242190778255462646e-01
2.824529111385345459e-01
3.569309711456298828e-01
4.200426042079925537e-01
3.823506534099578857e-01
3.290756642818450928e-01
3.326801955699920654e-01
2.635342180728912354e-01
3.294188976287841797e-01
2.944359481334686279e-01
3.204452991485595703e-01
4.061339199542999268e-01
3.599713146686553955e-01
3.393435180187225342e-01
3.369423449039459229e-01
3.034155070781707764e-01
2.924059331417083740e-01
3.005513548851013184e-01
2.841256856918334961e-01
3.928954899311065674e-01
3.476787805557250977e-01
2.665876448154449463e-01
3.125970959663391113e-01
3.219716250896453857e-01
3.853848874568939209e-01
3.419446945190429688e-01
4.054321050643920898e-01
4.713263809680938721e-01
3.133709132671356201e-01
4.215766489505767822e-01
3.204458057880401611e-01
2.934697568416595459e-01
2.451119422912597656e-01
3.147123754024505615e-01
4.510958194732666016e-01
4.081821143627166748e-01
4.086230099201202393e-01
4.970968663692474365e-01
2.763588130474090576e-01
9.505602717399597168e-01
4.894748628139495850e-01
5.006759166717529297e-01
5.866081118583679199e-01
3.957769870758056641e-01
2.479195743799209595e-01
4.096341431140899658e-01
4.346502721309661865e-01
3.080614507198333740e-01
3.990727365016937256e-01
3.624901473522186279e-01
3.956745564937591553e-01
3.574821949005126953e-01
3.480407893657684326e-01
3.713576793670654297e-01
3.056260645389556885e-01
3.678229749202728271e-01
3.461497724056243896e-01
4.501611888408660889e-01
3.239241540431976318e-01
4.001398384571075439e-01
3.666818439960479736e-01
4.306838512420654297e-01
3.889581263065338135e-01
4.783181846141815186e-01
4.209333658218383789e-01
3.320694863796234131e-01
3.852441608905792236e-01
3.207225203514099121e-01
2.641614973545074463e-01
3.833006918430328369e-01
2.972510457038879395e-01
3.939322531223297119e-01
3.997046649456024170e-01
3.596582114696502686e-01
3.779829442501068115e-01
3.324941992759704590e-01
3.739472627639770508e-01
3.091005384922027588e-01
3.736306428909301758e-01
2.756314277648925781e-01
3.114953935146331787e-01
3.940980434417724609e-01
3.697715997695922852e-01
4.434374570846557617e-01
2.851054966449737549e-01
2.673321068286895752e-01
4.382905066013336182e-01
5.236983895301818848e-01
2.539002299308776855e-01
2.815375626087188721e-01
3.277662396430969238e-01
3.457475602626800537e-01
4.917915761470794678e-01
2.467966526746749878e-01
3.051830828189849854e-01
3.497535288333892822e-01
3.137128949165344238e-01
3.004224896430969238e-01
3.638815879821777344e-01
3.437845706939697266e-01
5.149192214012145996e-01
2.538969814777374268e-01
3.829425573348999023e-01
2.682188749313354492e-01
5.159081816673278809e-01
3.339988291263580322e-01
3.351151943206787109e-01
3.605544567108154297e-01
3.517785072326660156e-01
4.161861240863800049e-01
3.411878049373626709e-01
3.517772853374481201e-01
6.323235630989074707e-01
3.451087474822998047e-01
3.626841008663177490e-01
2.687799036502838135e-01
2.963740825653076172e-01
3.254257142543792725e-01
2.984870970249176025e-01
2.952554225921630859e-01
3.180292546749114990e-01
4.389547109603881836e-01
3.630419075489044189e-01
4.351443350315093994e-01
4.177282750606536865e-01
3.535638153553009033e-01
3.546563088893890381e-01
2.867036163806915283e-01
2.201921939849853516e-01
3.489190042018890381e-01
5.428268313407897949e-01
4.208035171031951904e-01
3.424821197986602783e-01
5.067369937896728516e-01
3.478090763092041016e-01
7.540733218193054199e-01
4.091236293315887451e-01
3.141506612300872803e-01
3.492301702499389648e-01
4.674835503101348877e-01
3.094897866249084473e-01
4.890270233154296875e-01
2.707394063472747803e-01
3.683395385742187500e-01
4.119017422199249268e-01
3.637032806873321533e-01
2.697975337505340576e-01
3.634737730026245117e-01
3.483072519302368164e-01
3.861616551876068115e-01
2.806846499443054199e-01
2.938293516635894775e-01
2.895136773586273193e-01
2.749062478542327881e-01
4.185684621334075928e-01
3.336584568023681641e-01
8.362898826599121094e-01
4.416424930095672607e-01
2.662183642387390137e-01
4.804218709468841553e-01
3.743956983089447021e-01
3.775641918182373047e-01
6.187560558319091797e-01
4.455371201038360596e-01
3.680656254291534424e-01
3.821460902690887451e-01
4.141100645065307617e-01
4.567008018493652344e-01
4.096387326717376709e-01
4.947922229766845703e-01
4.190995693206787109e-01
3.540563285350799561e-01
1.926238685846328735e-01
3.464812338352203369e-01
3.112419545650482178e-01
4.101399481296539307e-01
3.879552185535430908e-01
4.430872499942779541e-01
3.175571262836456299e-01
5.564284324645996094e-01
2.903536260128021240e-01
3.416280448436737061e-01
2.688513696193695068e-01
3.776415884494781494e-01
4.443995058536529541e-01
3.583064079284667969e-01
4.137939512729644775e-01
3.505963981151580811e-01
3.066774904727935791e-01
2.697782516479492188e-01
4.013462066650390625e-01
2.810548841953277588e-01
2.909910380840301514e-01
4.125780165195465088e-01
2.916034758090972900e-01
4.673312604427337646e-01
3.628577888011932373e-01
4.393580853939056396e-01
3.237679600715637207e-01
2.156867533922195435e-01
2.505327463150024414e-01
3.004876673221588135e-01
4.456698894500732422e-01
3.431859910488128662e-01
4.488203525543212891e-01
2.818419039249420166e-01
3.195202052593231201e-01
4.397159516811370850e-01
2.541663646697998047e-01
4.076643884181976318e-01
4.017579257488250732e-01
4.963337182998657227e-01
4.072072505950927734e-01
3.325511813163757324e-01
3.347593247890472412e-01
4.282362163066864014e-01
3.368754088878631592e-01
2.804038822650909424e-01
2.637641131877899170e-01
3.795637786388397217e-01
3.862606585025787354e-01
4.276028573513031006e-01
5.031636357307434082e-01
3.913223743438720703e-01
3.206734955310821533e-01
3.345079421997070312e-01
4.386764764785766602e-01
3.052707612514495850e-01
3.260351419448852539e-01
3.194489181041717529e-01
3.767570257186889648e-01
3.235249817371368408e-01
2.924066483974456787e-01
3.485893309116363525e-01
3.018454015254974365e-01
3.008415400981903076e-01
3.426704704761505127e-01
5.140154957771301270e-01
2.941038906574249268e-01
4.821089208126068115e-01
4.191255271434783936e-01
2.547908425331115723e-01
3.984607160091400146e-01
3.718885481357574463e-01
4.273371994495391846e-01
3.740882575511932373e-01
3.506641387939453125e-01
4.492869675159454346e-01
3.217157125473022461e-01
2.793691456317901611e-01
4.872813522815704346e-01
2.827814519405364990e-01
3.677101135253906250e-01
3.796056210994720459e-01
4.292221963405609131e-01
3.761617243289947510e-01
3.212747573852539062e-01
2.414702922105789185e-01
2.876581847667694092e-01
3.401640355587005615e-01
2.182428091764450073e-01
4.386063814163208008e-01
3.347536027431488037e-01
3.900478780269622803e-01
3.006723523139953613e-01
3.934806287288665771e-01
2.874045968055725098e-01
3.289418220520019531e-01
3.173803985118865967e-01
2.890215814113616943e-01
3.467797338962554932e-01
3.714483082294464111e-01
4.132303297519683838e-01
3.860039412975311279e-01
3.634251058101654053e-01
2.892798483371734619e-01
3.272562921047210693e-01
4.086045026779174805e-01
2.627090215682983398e-01
4.271278381347656250e-01
3.856531083583831787e-01
3.881163895130157471e-01
3.665904700756072998e-01
2.873370945453643799e-01
4.638247489929199219e-01
2.922370135784149170e-01
9.735949039459228516e-01
3.066485524177551270e-01
3.159669935703277588e-01
4.563732147216796875e-01
3.992368876934051514e-01
3.223859071731567383e-01
4.433397054672241211e-01
3.761943876743316650e-01
3.746189177036285400e-01
2.973180711269378662e-01
2.919487655162811279e-01
2.886980473995208740e-01
3.968381583690643311e-01
2.873297929763793945e-01
5.263811945915222168e-01
3.461763858795166016e-01
3.739798963069915771e-01
3.707179725170135498e-01
2.899299263954162598e-01
2.554241120815277100e-01
2.839486300945281982e-01
2.653347551822662354e-01
2.868072092533111572e-01
3.301825523376464844e-01
4.032148420810699463e-01
3.030096292495727539e-01
3.319138586521148682e-01
3.219271004199981689e-01
3.084566295146942139e-01
3.278625309467315674e-01
3.409211635589599609e-01
3.177565038204193115e-01
2.308933883905410767e-01
4.228062927722930908e-01
3.547489345073699951e-01
3.057907819747924805e-01
3.132028877735137939e-01
2.346876710653305054e-01
3.049955964088439941e-01
4.625282287597656250e-01
3.354437053203582764e-01
3.607306778430938721e-01
4.009513556957244873e-01
5.863733291625976562e-01
2.660865187644958496e-01
2.986190319061279297e-01
2.843180298805236816e-01
3.240046799182891846e-01
4.616616070270538330e-01
3.453100919723510742e-01
2.486954331398010254e-01
2.957264184951782227e-01
2.693288028240203857e-01
2.990016639232635498e-01
3.388664722442626953e-01
4.432423114776611328e-01
4.017561972141265869e-01
2.635565996170043945e-01
5.562570691108703613e-01
3.335330486297607422e-01
3.734477460384368896e-01
4.358155429363250732e-01
3.088856041431427002e-01
3.345372378826141357e-01
4.419692754745483398e-01
2.856574952602386475e-01
2.763361036777496338e-01
2.519221603870391846e-01
3.389028608798980713e-01
5.103467106819152832e-01
3.601014614105224609e-01
2.915228009223937988e-01
4.070305824279785156e-01
3.457255065441131592e-01
3.064586520195007324e-01
4.251904487609863281e-01
2.659742534160614014e-01
3.135122060775756836e-01
3.254463374614715576e-01
4.915194809436798096e-01
3.531221151351928711e-01
2.837152779102325439e-01
2.095500230789184570e-01
3.607567846775054932e-01
3.227338790893554688e-01
3.277273476123809814e-01
3.427924215793609619e-01
6.525676250457763672e-01
3.486432731151580811e-01
4.382206499576568604e-01
3.675512075424194336e-01
4.058477878570556641e-01
3.320772945880889893e-01
3.627380132675170898e-01
2.938245534896850586e-01
4.810262620449066162e-01
7.541444301605224609e-01
7.300012111663818359e-01
3.129244744777679443e-01
4.207057058811187744e-01
2.800601124763488770e-01
3.259157836437225342e-01
3.060826957225799561e-01
9.043919444084167480e-01
2.775101959705352783e-01
2.692265808582305908e-01
3.480732440948486328e-01
3.383280932903289795e-01
4.937418997287750244e-01
2.344234734773635864e-01
3.996712863445281982e-01
2.735072970390319824e-01
3.389878571033477783e-01
3.285742700099945068e-01
3.497270643711090088e-01
4.312185943126678467e-01
2.872495651245117188e-01
2.554706931114196777e-01
3.291099965572357178e-01
3.437578380107879639e-01
3.352291285991668701e-01
3.096631765365600586e-01
3.791082799434661865e-01
3.245227634906768799e-01
3.303272426128387451e-01
3.206022977828979492e-01
3.351925909519195557e-01
2.460686415433883667e-01
3.488997519016265869e-01
3.904395401477813721e-01
3.619879782199859619e-01
4.962849617004394531e-01
3.029111623764038086e-01
3.685539960861206055e-01
3.180409967899322510e-01
3.383910953998565674e-01
2.849573194980621338e-01
3.006238639354705811e-01
4.354139268398284912e-01
4.037691354751586914e-01
2.951574027538299561e-01
4.327218532562255859e-01
3.714760839939117432e-01
3.217696547508239746e-01
2.712452709674835205e-01
3.455937206745147705e-01
4.327211380004882812e-01
3.952218592166900635e-01
3.024584949016571045e-01
3.431397974491119385e-01
4.005122184753417969e-01
3.646865189075469971e-01
3.649125993251800537e-01
4.023318588733673096e-01
2.617234587669372559e-01
3.977182209491729736e-01
2.962161898612976074e-01
4.017744064331054688e-01
2.170953005552291870e-01
2.810452282428741455e-01
3.923741877079010010e-01
2.414247840642929077e-01
3.917253017425537109e-01
4.050155580043792725e-01
3.824846446514129639e-01
2.241692543029785156e-01
2.753706574440002441e-01
3.615052700042724609e-01
3.000905811786651611e-01
3.788684308528900146e-01
4.254679381847381592e-01
3.711709678173065186e-01
2.724694311618804932e-01
2.622505724430084229e-01
2.999024689197540283e-01
3.211016058921813965e-01
3.375017642974853516e-01
4.431010782718658447e-01
3.027352392673492432e-01
3.432608842849731445e-01
2.811565399169921875e-01
2.566934823989868164e-01
3.988122940063476562e-01
4.011874496936798096e-01
3.046571314334869385e-01
3.090386390686035156e-01
3.059209585189819336e-01
7.063828110694885254e-01
3.506045043468475342e-01
2.370732277631759644e-01
4.217900335788726807e-01
3.751935064792633057e-01
3.620562255382537842e-01
3.111902773380279541e-01
3.119062483310699463e-01
3.342082798480987549e-01
3.483451604843139648e-01
4.685103893280029297e-01
2.911548316478729248e-01
3.351878225803375244e-01
3.882022202014923096e-01
4.111650884151458740e-01
4.000383317470550537e-01
2.869848608970642090e-01
2.760927975177764893e-01
3.633325099945068359e-01
3.773096799850463867e-01
4.513952732086181641e-01
5.654458403587341309e-01
3.288218975067138672e-01
3.293586373329162598e-01
2.392018288373947144e-01
3.153800070285797119e-01
3.682263195514678955e-01
3.750260174274444580e-01
3.425265848636627197e-01
3.818080425262451172e-01
3.373899459838867188e-01
3.488195836544036865e-01
1.053525567054748535e+00
4.965179860591888428e-01
4.155587255954742432e-01
4.845433235168457031e-01
3.075231015682220459e-01
3.548296988010406494e-01
3.646813929080963135e-01
3.931486904621124268e-01
3.564741611480712891e-01
3.892970085144042969e-01
2.962660193443298340e-01
5.673713684082031250e-01
3.475290536880493164e-01
3.683135211467742920e-01
3.495922088623046875e-01
3.421889841556549072e-01
2.726342976093292236e-01
3.720203340053558350e-01
3.221143484115600586e-01
3.740092813968658447e-01
3.417530059814453125e-01
3.725422322750091553e-01
2.641950547695159912e-01
4.266064465045928955e-01
3.330848515033721924e-01
8.414359092712402344e-01
2.788370549678802490e-01
2.872864902019500732e-01
3.954657614231109619e-01
2.998181283473968506e-01
3.623853921890258789e-01
3.054997026920318604e-01
2.678456008434295654e-01
5.905450582504272461e-01
3.453668355941772461e-01
6.431929469108581543e-01
3.411295413970947266e-01
2.749130129814147949e-01
3.889691829681396484e-01
3.953526020050048828e-01
3.223996460437774658e-01
3.657749593257904053e-01
3.622858524322509766e-01
2.508426010608673096e-01
2.391613870859146118e-01
3.320965468883514404e-01
3.280262351036071777e-01
4.583946466445922852e-01
3.398394584655761719e-01
3.233784735202789307e-01
3.867006301879882812e-01
3.447462618350982666e-01
3.801332414150238037e-01
3.488488495349884033e-01
4.349209368228912354e-01
3.148668706417083740e-01
3.011472225189208984e-01
4.004201889038085938e-01
3.439880311489105225e-01
4.775362908840179443e-01
4.709164798259735107e-01
2.977611124515533447e-01
3.322207927703857422e-01
3.170284628868103027e-01
3.071910738945007324e-01
5.451896190643310547e-01
3.123552501201629639e-01
3.701770305633544922e-01
5.790785551071166992e-01
3.407257795333862305e-01
3.147552013397216797e-01
3.278001844882965088e-01
3.153116703033447266e-01
4.048750400543212891e-01
5.562636256217956543e-01
3.297371566295623779e-01
4.464200735092163086e-01
3.769033849239349365e-01
2.361274212598800659e-01
2.972051799297332764e-01
4.367816448211669922e-01
3.676114976406097412e-01
2.479236572980880737e-01
2.627782821655273438e-01
2.632119655609130859e-01
4.941080808639526367e-01
2.799097001552581787e-01
4.170162677764892578e-01
2.685046195983886719e-01
1.064860463142395020e+00
3.787914514541625977e-01
2.768380939960479736e-01
4.000488817691802979e-01
2.958531081676483154e-01
2.615893781185150146e-01
2.977692484855651855e-01
3.847123682498931885e-01
4.249334335327148438e-01
3.870888650417327881e-01
3.226618766784667969e-01
3.890691101551055908e-01
4.680560529232025146e-01
3.119546473026275635e-01
3.139165341854095459e-01
4.309750497341156006e-01
2.904614210128784180e-01
4.025012552738189697e-01
2.445148378610610962e-01
3.789366781711578369e-01
2.192472070455551147e-01
3.820664882659912109e-01
4.515275657176971436e-01
2.747932672500610352e-01
5.573570132255554199e-01
3.329102694988250732e-01
3.137400746345520020e-01
3.267219364643096924e-01
3.545106351375579834e-01
4.878571033477783203e-01
5.142140388488769531e-01
4.566697180271148682e-01
3.637906014919281006e-01
4.576376378536224365e-01
2.852040231227874756e-01
3.946207463741302490e-01
3.707905113697052002e-01
4.896450042724609375e-01
3.302091360092163086e-01
4.298788607120513916e-01
4.309719502925872803e-01
3.334634602069854736e-01
3.688871860504150391e-01
3.401318490505218506e-01
3.958464562892913818e-01
4.178065955638885498e-01
2.588174641132354736e-01
4.178866147994995117e-01
3.451370000839233398e-01
5.245468616485595703e-01
3.937923610210418701e-01
3.294171988964080811e-01
3.016534745693206787e-01
2.914896309375762939e-01
3.279955387115478516e-01
5.666429996490478516e-01
4.505117237567901611e-01
4.084865748882293701e-01
2.990838587284088135e-01
3.962208032608032227e-01
5.090150237083435059e-01
3.767762184143066406e-01
3.996489942073822021e-01
3.535875380039215088e-01
2.732590734958648682e-01
3.154862821102142334e-01
3.661671578884124756e-01
3.673087358474731445e-01
4.721383750438690186e-01
2.784230411052703857e-01
4.458236396312713623e-01
3.394047319889068604e-01
2.973807454109191895e-01
3.156635463237762451e-01
3.645132482051849365e-01
2.818391025066375732e-01
4.467496871948242188e-01
3.958041369915008545e-01
2.778746187686920166e-01
3.781035244464874268e-01
2.635401189327239990e-01
3.057442605495452881e-01
3.453778028488159180e-01
3.190011084079742432e-01
3.855875730514526367e-01
9.238367676734924316e-01
3.590556681156158447e-01
4.097928702831268311e-01
3.010838031768798828e-01
4.256875514984130859e-01
3.069649040699005127e-01
3.407857418060302734e-01
3.479910790920257568e-01
3.105225861072540283e-01
3.633009195327758789e-01
4.725717604160308838e-01
3.152681887149810791e-01
3.125006258487701416e-01
4.862325191497802734e-01
3.389066457748413086e-01
6.065908074378967285e-01
2.815023362636566162e-01
3.400113582611083984e-01
3.393805921077728271e-01
2.910009026527404785e-01
4.010838270187377930e-01
2.777399718761444092e-01
4.317830801010131836e-01
3.266308605670928955e-01
3.187172412872314453e-01
2.849787771701812744e-01
3.314128816127777100e-01
3.071751594543457031e-01
2.864864170551300049e-01
2.553729116916656494e-01
2.383975237607955933e-01
2.807958126068115234e-01
2.580006420612335205e-01
3.201245963573455811e-01
2.523272335529327393e-01
3.193740844726562500e-01
4.339245855808258057e-01
3.750723898410797119e-01
3.884124755859375000e-01
4.032222330570220947e-01
3.059073984622955322e-01
2.364035844802856445e-01
3.365427553653717041e-01
3.285159170627593994e-01
4.962219297885894775e-01
4.407614767551422119e-01
2.836292684078216553e-01
3.428864777088165283e-01
4.117586612701416016e-01
4.182742536067962646e-01
2.971208989620208740e-01
3.039319813251495361e-01
2.636173069477081299e-01
2.884391546249389648e-01
3.647702634334564209e-01
3.543837964534759521e-01
6.003986597061157227e-01
4.014386236667633057e-01
2.190369963645935059e-01
5.892277956008911133e-01
3.149480223655700684e-01
3.771808445453643799e-01
2.213146686553955078e-01
3.433170318603515625e-01
3.655881583690643311e-01
3.706077039241790771e-01
3.724445104598999023e-01
3.217759430408477783e-01
2.178907990455627441e-01
4.887007176876068115e-01
4.014160633087158203e-01
2.621340453624725342e-01
4.000908434391021729e-01
3.031256794929504395e-01
3.263682126998901367e-01
2.169925123453140259e-01
3.305012881755828857e-01
2.072051912546157837e-01
3.316039144992828369e-01
2.130049914121627808e-01
2.860220968723297119e-01
2.916333973407745361e-01
3.474120795726776123e-01
4.130055904388427734e-01
3.560279607772827148e-01
3.505010306835174561e-01
4.396905601024627686e-01
2.510032951831817627e-01
3.548378944396972656e-01
4.408750236034393311e-01
3.274550139904022217e-01
5.808261632919311523e-01
3.235418200492858887e-01
3.001119792461395264e-01
3.639394342899322510e-01
4.006296098232269287e-01
3.981262147426605225e-01
3.550194203853607178e-01
3.220327794551849365e-01
3.631389141082763672e-01
2.755429744720458984e-01
2.711940705776214600e-01
4.207660257816314697e-01
3.190516233444213867e-01
3.368661701679229736e-01
3.142693340778350830e-01
3.859287500381469727e-01
3.961756229400634766e-01
3.628729283809661865e-01
3.437710106372833252e-01
2.425419539213180542e-01
2.724467515945434570e-01
3.277148306369781494e-01
5.522686839103698730e-01
3.854036033153533936e-01
4.172519445419311523e-01
3.834157884120941162e-01
3.164311945438385010e-01
4.005045592784881592e-01
2.604976892471313477e-01
3.650165498256683350e-01
3.761997222900390625e-01
3.700551688671112061e-01
2.911272346973419189e-01
2.547716796398162842e-01
3.414725065231323242e-01
2.720666527748107910e-01
5.688484311103820801e-01
3.322846591472625732e-01
3.801380693912506104e-01
3.792719542980194092e-01
3.249157369136810303e-01
3.746600151062011719e-01
4.192727506160736084e-01
3.503500521183013916e-01
2.900239229202270508e-01
3.233995735645294189e-01
2.498393058776855469e-01
3.412369787693023682e-01
3.510390818119049072e-01
3.971728980541229248e-01
2.744344174861907959e-01
3.334896266460418701e-01
6.701635718345642090e-01
7.283495068550109863e-01
1.003916978836059570e+00
