3.184187114238739014e-01
2.028412818908691406e-01
3.437674045562744141e-01
7.034699916839599609e-01
2.391941100358963013e-01
2.853094637393951416e-01
2.719197571277618408e-01
2.206139117479324341e-01
2.439770251512527466e-01
3.583811819553375244e-01
4.838301241397857666e-01
1.864727586507797241e-01
2.755430042743682861e-01
2.253243178129196167e-01
2.762863337993621826e-01
2.396134585142135620e-01
2.820137739181518555e-01
2.431804686784744263e-01
2.342898100614547729e-01
2.164166718721389771e-01
2.216603904962539673e-01
3.584084212779998779e-01
2.450447082519531250e-01
3.285734057426452637e-01
1.864251047372817993e-01
4.855563342571258545e-01
2.557333707809448242e-01
2.434579581022262573e-01
2.573281228542327881e-01
2.671947181224822998e-01
2.826108634471893311e-01
2.106838673353195190e-01
1.920553296804428101e-01
1.942822486162185669e-01
2.159279137849807739e-01
3.392991125583648682e-01
2.345774620771408081e-01
2.647441923618316650e-01
2.628716528415679932e-01
2.561797797679901123e-01
2.407020926475524902e-01
3.007977902889251709e-01
2.368457168340682983e-01
2.516187131404876709e-01
2.362864166498184204e-01
2.010603100061416626e-01
2.828954756259918213e-01
1.997001916170120239e-01
2.621803581714630127e-01
2.360256165266036987e-01
2.652386426925659180e-01
1.084654688835144043e+00
1.785210520029067993e-01
3.012341558933258057e-01
2.468231916427612305e-01
2.847520411014556885e-01
3.053694665431976318e-01
1.893580555915832520e-01
3.267095983028411865e-01
2.549692690372467041e-01
3.378376960754394531e-01
2.726171314716339111e-01
2.122276574373245239e-01
3.581638336181640625e-01
2.608514130115509033e-01
2.637109458446502686e-01
2.400951534509658813e-01
2.085650414228439331e-01
2.690071463584899902e-01
1.910940855741500854e-01
2.368174046277999878e-01
2.075120806694030762e-01
3.242745101451873779e-01
2.593462765216827393e-01
2.865327894687652588e-01
2.340006083250045776e-01
2.473357468843460083e-01
2.259337902069091797e-01
2.330011874437332153e-01
2.707493305206298828e-01
2.337208837270736694e-01
2.205306291580200195e-01
2.777424752712249756e-01
2.199404984712600708e-01
2.905541956424713135e-01
2.490545958280563354e-01
2.777161896228790283e-01
3.637308776378631592e-01
1.912479251623153687e-01
2.723900377750396729e-01
1.732990592718124390e-01
2.089393138885498047e-01
3.007566034793853760e-01
1.926586776971817017e-01
2.342225462198257446e-01
2.516430616378784180e-01
5.848284959793090820e-01
2.721044123172760010e-01
2.623114287853240967e-01
3.895469009876251221e-01
2.396856099367141724e-01
2.362820357084274292e-01
2.928092181682586670e-01
2.231478691101074219e-01
4.122623205184936523e-01
3.244014084339141846e-01
2.944889366626739502e-01
1.699827909469604492e-01
2.046745270490646362e-01
2.851261198520660400e-01
2.237354367971420288e-01
2.022453397512435913e-01
2.273430675268173218e-01
3.248192071914672852e-01
2.060706764459609985e-01
2.620007395744323730e-01
2.076100558042526245e-01
2.667095959186553955e-01
3.025753200054168701e-01
2.786464989185333252e-01
2.302253246307373047e-01
2.792670130729675293e-01
2.236478924751281738e-01
1.994221657514572144e-01
2.089362591505050659e-01
2.546489536762237549e-01
6.630833745002746582e-01
3.538175523281097412e-01
3.347577154636383057e-01
2.418976277112960815e-01
3.522680997848510742e-01
2.435295134782791138e-01
2.616870701313018799e-01
2.152903676033020020e-01
2.706531584262847900e-01
2.360155433416366577e-01
3.009248673915863037e-01
2.200610637664794922e-01
2.672506272792816162e-01
1.693938821554183960e-01
2.000702768564224243e-01
1.498231887817382812e-01
3.139831125736236572e-01
2.162711173295974731e-01
1.720794439315795898e-01
3.240925371646881104e-01
2.359826415777206421e-01
3.186527192592620850e-01
2.060663700103759766e-01
2.566452920436859131e-01
2.561497986316680908e-01
1.927888393402099609e-01
2.471182495355606079e-01
1.796585321426391602e-01
2.825960516929626465e-01
2.712392508983612061e-01
2.601255178451538086e-01
2.664359509944915771e-01
1.943064182996749878e-01
1.994628757238388062e-01
2.519697248935699463e-01
3.186309039592742920e-01
2.408791184425354004e-01
1.829338222742080688e-01
1.498834192752838135e-01
1.874484270811080933e-01
2.262203097343444824e-01
2.490216344594955444e-01
2.233855128288269043e-01
6.907637715339660645e-01
3.114727139472961426e-01
3.103049695491790771e-01
2.640360295772552490e-01
4.811189472675323486e-01
2.121933549642562866e-01
2.326368093490600586e-01
2.227191329002380371e-01
2.380091100931167603e-01
2.656895220279693604e-01
2.993437945842742920e-01
2.236568927764892578e-01
3.128632009029388428e-01
1.479951739311218262e-01
3.588748276233673096e-01
2.055828124284744263e-01
3.222047686576843262e-01
2.072704434394836426e-01
3.418449163436889648e-01
2.856520414352416992e-01
2.174224108457565308e-01
1.515772491693496704e-01
3.405753672122955322e-01
3.482812345027923584e-01
2.126840353012084961e-01
1.678473502397537231e-01
2.224474698305130005e-01
2.554272413253784180e-01
3.851684033870697021e-01
2.451757639646530151e-01
2.750367224216461182e-01
2.470409423112869263e-01
2.723787724971771240e-01
1.603734195232391357e-01
2.279427051544189453e-01
1.696705073118209839e-01
3.047906458377838135e-01
2.731749117374420166e-01
3.341298103332519531e-01
2.261959910392761230e-01
2.765901982784271240e-01
1.961678415536880493e-01
2.720423042774200439e-01
2.341264486312866211e-01
2.175341695547103882e-01
1.958736777305603027e-01
2.693214416503906250e-01
2.321262210607528687e-01
2.220952063798904419e-01
2.078603655099868774e-01
2.284380197525024414e-01
2.066761702299118042e-01
4.187780618667602539e-01
2.599978148937225342e-01
2.723713517189025879e-01
2.632585167884826660e-01
2.532287836074829102e-01
2.379429340362548828e-01
3.119481205940246582e-01
2.129089236259460449e-01
2.002970129251480103e-01
2.654711306095123291e-01
1.840990632772445679e-01
2.230685204267501831e-01
2.824291884899139404e-01
2.787610888481140137e-01
2.342061996459960938e-01
2.652212977409362793e-01
2.985714077949523926e-01
2.554495036602020264e-01
1.910328865051269531e-01
2.275809794664382935e-01
2.791816294193267822e-01
1.763287633657455444e-01
2.874681055545806885e-01
1.681536585092544556e-01
2.937280535697937012e-01
2.085724323987960815e-01
1.563368588685989380e-01
2.642306685447692871e-01
1.830714792013168335e-01
2.655627429485321045e-01
1.924837380647659302e-01
3.580035865306854248e-01
2.579790651798248291e-01
2.197570055723190308e-01
2.108649164438247681e-01
2.170194983482360840e-01
2.051371932029724121e-01
3.737359046936035156e-01
2.321665436029434204e-01
2.372149825096130371e-01
3.677863180637359619e-01
2.328997850418090820e-01
2.670177221298217773e-01
2.382100969552993774e-01
2.322388887405395508e-01
2.392093688249588013e-01
2.044105529785156250e-01
2.586257755756378174e-01
2.589232027530670166e-01
1.857068091630935669e-01
2.351753115653991699e-01
1.991351693868637085e-01
2.942810356616973877e-01
2.947204411029815674e-01
1.949990987777709961e-01
4.030753672122955322e-01
1.844863146543502808e-01
2.836188375949859619e-01
3.436475694179534912e-01
1.777319461107254028e-01
2.643572390079498291e-01
2.034493088722229004e-01
2.337066978216171265e-01
2.689473032951354980e-01
3.565661907196044922e-01
3.979013860225677490e-01
2.560085356235504150e-01
3.186378180980682373e-01
1.939766258001327515e-01
2.357199043035507202e-01
2.707926928997039795e-01
1.830343157052993774e-01
3.359608948230743408e-01
2.911168634891510010e-01
2.473436594009399414e-01
2.770190238952636719e-01
2.529349327087402344e-01
3.166855275630950928e-01
2.547946870326995850e-01
2.857874929904937744e-01
3.434465229511260986e-01
2.656759321689605713e-01
3.915923535823822021e-01
2.741261422634124756e-01
1.865099668502807617e-01
2.307261228561401367e-01
2.635743319988250732e-01
2.075338959693908691e-01
1.610843390226364136e-01
1.667802929878234863e-01
1.810369342565536499e-01
1.888086795806884766e-01
2.921999990940093994e-01
2.909493744373321533e-01
1.875563412904739380e-01
3.024054765701293945e-01
2.761052548885345459e-01
4.370753467082977295e-01
2.607756853103637695e-01
1.938439607620239258e-01
2.503052651882171631e-01
2.339998334646224976e-01
2.456081062555313110e-01
2.440065294504165649e-01
2.996366322040557861e-01
2.917025089263916016e-01
3.450684547424316406e-01
3.095131218433380127e-01
2.543793618679046631e-01
2.678601443767547607e-01
2.012693434953689575e-01
2.413854151964187622e-01
2.385480552911758423e-01
6.666186451911926270e-01
2.618269920349121094e-01
2.499417662620544434e-01
2.734160125255584717e-01
2.401489466428756714e-01
2.859330475330352783e-01
2.595610320568084717e-01
1.950831562280654907e-01
2.179410308599472046e-01
2.417025566101074219e-01
2.682322859764099121e-01
2.066585272550582886e-01
2.256008982658386230e-01
2.010571956634521484e-01
1.645932793617248535e-01
2.348753809928894043e-01
2.609215378761291504e-01
2.335614114999771118e-01
4.421409666538238525e-01
2.723969817161560059e-01
2.440528422594070435e-01
2.546821534633636475e-01
2.535097002983093262e-01
2.139630168676376343e-01
2.910638749599456787e-01
2.761957943439483643e-01
1.740725040435791016e-01
2.741378843784332275e-01
2.740015983581542969e-01
2.368366718292236328e-01
2.605283856391906738e-01
2.552120089530944824e-01
2.035159021615982056e-01
3.541718423366546631e-01
2.772978246212005615e-01
1.916688084602355957e-01
2.315285205841064453e-01
2.616516053676605225e-01
3.670190274715423584e-01
3.299808204174041748e-01
1.685810238122940063e-01
2.812498807907104492e-01
2.505916655063629150e-01
2.430894821882247925e-01
2.736746966838836670e-01
1.976274251937866211e-01
2.115929722785949707e-01
2.995518147945404053e-01
2.305158823728561401e-01
1.776935458183288574e-01
2.160164713859558105e-01
2.544120848178863525e-01
3.111218810081481934e-01
2.455179840326309204e-01
2.169913798570632935e-01
2.266750782728195190e-01
2.233690470457077026e-01
2.325970977544784546e-01
2.428205460309982300e-01
2.704254090785980225e-01
2.123604863882064819e-01
2.660463154315948486e-01
3.288137018680572510e-01
2.230578511953353882e-01
2.836657464504241943e-01
2.846754491329193115e-01
1.648367792367935181e-01
1.915209442377090454e-01
2.610650956630706787e-01
2.522001564502716064e-01
3.405234515666961670e-01
1.927449852228164673e-01
2.383814305067062378e-01
2.639560997486114502e-01
2.728718221187591553e-01
3.322335183620452881e-01
2.269938141107559204e-01
1.896830201148986816e-01
2.155946642160415649e-01
5.965397953987121582e-01
2.680787146091461182e-01
6.582623124122619629e-01
2.702482342720031738e-01
3.020952939987182617e-01
2.521550357341766357e-01
2.836675941944122314e-01
2.096572369337081909e-01
1.713292598724365234e-01
3.182633221149444580e-01
1.891094893217086792e-01
2.574146687984466553e-01
2.710115015506744385e-01
2.910252511501312256e-01
1.906347870826721191e-01
2.695810496807098389e-01
2.179747670888900757e-01
2.367552369832992554e-01
2.051437348127365112e-01
2.373163104057312012e-01
2.920092940330505371e-01
2.431398779153823853e-01
2.367266267538070679e-01
3.240275681018829346e-01
2.654887139797210693e-01
2.579002678394317627e-01
2.621921002864837646e-01
2.891258299350738525e-01
2.195580452680587769e-01
1.798208802938461304e-01
2.240285873413085938e-01
2.530582547187805176e-01
2.721205055713653564e-01
2.313546389341354370e-01
2.733014822006225586e-01
2.003038376569747925e-01
3.301851451396942139e-01
2.057375907897949219e-01
3.813639581203460693e-01
3.057959377765655518e-01
3.138771653175354004e-01
1.369180381298065186e-01
1.730346083641052246e-01
2.054900527000427246e-01
2.828846573829650879e-01
1.372866481542587280e-01
2.888173162937164307e-01
3.709644973278045654e-01
3.740516602993011475e-01
3.237867057323455811e-01
2.168239206075668335e-01
2.950012981891632080e-01
2.840862572193145752e-01
2.017606496810913086e-01
1.970447450876235962e-01
3.136211037635803223e-01
2.857134938240051270e-01
1.778977662324905396e-01
2.254941910505294800e-01
2.699211537837982178e-01
2.201418280601501465e-01
2.474813908338546753e-01
1.401112526655197144e-01
2.452145367860794067e-01
1.912575513124465942e-01
5.585649013519287109e-01
3.088374435901641846e-01
2.307281643152236938e-01
2.734993994235992432e-01
2.768074870109558105e-01
3.505752980709075928e-01
1.937652677297592163e-01
2.187540978193283081e-01
2.108339667320251465e-01
2.714211046695709229e-01
2.657183408737182617e-01
2.282629460096359253e-01
2.318506985902786255e-01
1.843961477279663086e-01
2.029121369123458862e-01
3.298667967319488525e-01
2.609229683876037598e-01
2.379314750432968140e-01
2.947946488857269287e-01
2.170478701591491699e-01
1.916943788528442383e-01
2.948417961597442627e-01
1.908644288778305054e-01
2.609777450561523438e-01
2.744323313236236572e-01
2.554212808609008789e-01
2.174396514892578125e-01
2.980060279369354248e-01
3.054290711879730225e-01
1.615816801786422729e-01
2.106125354766845703e-01
2.032633870840072632e-01
2.940667569637298584e-01
2.310088276863098145e-01
2.685334980487823486e-01
3.902034461498260498e-01
1.870913505554199219e-01
2.040178179740905762e-01
2.922758162021636963e-01
2.106385827064514160e-01
2.484355419874191284e-01
2.059704512357711792e-01
2.651635408401489258e-01
2.476705759763717651e-01
2.154462188482284546e-01
2.552163302898406982e-01
2.770347297191619873e-01
1.958431750535964966e-01
3.266594409942626953e-01
3.234159648418426514e-01
1.947211623191833496e-01
2.410172224044799805e-01
2.566516995429992676e-01
2.443863898515701294e-01
2.970796525478363037e-01
2.661978900432586670e-01
2.172585278749465942e-01
2.618584334850311279e-01
2.146441191434860229e-01
2.257834076881408691e-01
2.335015982389450073e-01
2.884223163127899170e-01
2.948606014251708984e-01
2.755375504493713379e-01
2.622602283954620361e-01
2.601929605007171631e-01
3.373096287250518799e-01
3.395777940750122070e-01
1.941179484128952026e-01
1.810358911752700806e-01
2.731980383396148682e-01
3.370344638824462891e-01
3.625581562519073486e-01
3.321491181850433350e-01
2.722165882587432861e-01
3.548425137996673584e-01
1.946796327829360962e-01
2.907648682594299316e-01
2.896398901939392090e-01
2.307398319244384766e-01
2.148240357637405396e-01
2.407467365264892578e-01
2.419668436050415039e-01
2.607477605342864990e-01
2.080213427543640137e-01
1.909949779510498047e-01
2.347052842378616333e-01
6.408867239952087402e-01
3.528551757335662842e-01
1.704740673303604126e-01
2.445250898599624634e-01
3.562528789043426514e-01
2.572019398212432861e-01
2.549596726894378662e-01
3.153724968433380127e-01
1.813699454069137573e-01
2.642103135585784912e-01
2.161694318056106567e-01
2.189719825983047485e-01
2.863383293151855469e-01
2.491768151521682739e-01
2.093454152345657349e-01
3.652123212814331055e-01
2.179793864488601685e-01
2.020771950483322144e-01
2.340551167726516724e-01
3.182916939258575439e-01
2.401635497808456421e-01
2.483948320150375366e-01
4.276580810546875000e-01
2.437505275011062622e-01
2.791279554367065430e-01
3.177396059036254883e-01
2.653672993183135986e-01
2.658870816230773926e-01
1.641052216291427612e-01
2.776364386081695557e-01
2.399391531944274902e-01
2.799437940120697021e-01
1.526342183351516724e-01
2.050809115171432495e-01
2.737167775630950928e-01
2.287288457155227661e-01
2.027165293693542480e-01
2.807542681694030762e-01
2.176465243101119995e-01
2.234386950731277466e-01
2.747575938701629639e-01
3.415613472461700439e-01
3.047403097152709961e-01
2.576470673084259033e-01
2.740773558616638184e-01
2.239048331975936890e-01
2.390301674604415894e-01
2.653781175613403320e-01
2.411996871232986450e-01
2.581773698329925537e-01
2.562976777553558350e-01
2.454349249601364136e-01
2.416448146104812622e-01
2.706581354141235352e-01
2.262629717588424683e-01
2.468008249998092651e-01
3.034188449382781982e-01
2.163782864809036255e-01
3.056842982769012451e-01
1.850261092185974121e-01
2.636556327342987061e-01
1.822939068078994751e-01
3.545406758785247803e-01
2.104254215955734253e-01
2.008836418390274048e-01
2.063772231340408325e-01
2.013964653015136719e-01
2.987110018730163574e-01
2.062424868345260620e-01
2.217395305633544922e-01
1.967673748731613159e-01
2.284246832132339478e-01
2.878797352313995361e-01
2.440534383058547974e-01
2.194599062204360962e-01
2.096137553453445435e-01
1.590205729007720947e-01
2.179674506187438965e-01
2.057441920042037964e-01
1.561787575483322144e-01
1.992459893226623535e-01
2.045555710792541504e-01
3.588905036449432373e-01
2.579326331615447998e-01
2.430696338415145874e-01
2.730678915977478027e-01
4.616348743438720703e-01
2.387749552726745605e-01
2.773541808128356934e-01
1.708213537931442261e-01
3.948092460632324219e-01
2.440658956766128540e-01
3.949920237064361572e-01
1.988065987825393677e-01
3.685925304889678955e-01
2.349853515625000000e-01
1.734855622053146362e-01
2.307427078485488892e-01
2.233952730894088745e-01
2.109700441360473633e-01
3.182708323001861572e-01
2.619556188583374023e-01
2.483579367399215698e-01
2.015594840049743652e-01
2.007215619087219238e-01
2.285783886909484863e-01
3.964117765426635742e-01
3.425183296203613281e-01
2.204064577817916870e-01
2.270515561103820801e-01
2.073183208703994751e-01
1.948650479316711426e-01
3.136831521987915039e-01
2.142869681119918823e-01
2.615760266780853271e-01
3.051443397998809814e-01
2.597297430038452148e-01
3.036071360111236572e-01
2.135934978723526001e-01
2.876072824001312256e-01
2.524910271167755127e-01
3.304989635944366455e-01
1.822219640016555786e-01
2.018287777900695801e-01
2.236909121274948120e-01
2.388023138046264648e-01
2.106126099824905396e-01
2.265502959489822388e-01
2.287018448114395142e-01
2.058682292699813843e-01
3.009054660797119141e-01
2.304788082838058472e-01
2.336344122886657715e-01
2.995084226131439209e-01
2.840971648693084717e-01
1.648389101028442383e-01
2.143331617116928101e-01
1.959983557462692261e-01
3.276608884334564209e-01
2.862889766693115234e-01
2.653647959232330322e-01
3.390300273895263672e-01
2.792081832885742188e-01
3.013706505298614502e-01
2.532391846179962158e-01
1.910668611526489258e-01
2.694107890129089355e-01
1.748875379562377930e-01
2.009283304214477539e-01
1.960962265729904175e-01
2.326126843690872192e-01
3.048882186412811279e-01
2.828583419322967529e-01
2.806105315685272217e-01
3.574150800704956055e-01
2.200128585100173950e-01
3.002769052982330322e-01
2.894969880580902100e-01
1.852972507476806641e-01
4.437191486358642578e-01
2.931261956691741943e-01
1.854316443204879761e-01
2.080687731504440308e-01
2.700097858905792236e-01
2.659468948841094971e-01
2.123775333166122437e-01
2.126926332712173462e-01
2.864302992820739746e-01
3.773691952228546143e-01
2.351221591234207153e-01
2.132391929626464844e-01
3.133224844932556152e-01
3.276102542877197266e-01
3.080025017261505127e-01
3.307060599327087402e-01
2.311181575059890747e-01
1.822193413972854614e-01
2.039476782083511353e-01
2.466366887092590332e-01
2.160445451736450195e-01
2.088289409875869751e-01
2.705155611038208008e-01
1.737448424100875854e-01
4.359073340892791748e-01
2.689815461635589600e-01
4.401324689388275146e-01
2.167787551879882812e-01
2.563012838363647461e-01
2.806695401668548584e-01
2.384219914674758911e-01
2.028670758008956909e-01
2.244809120893478394e-01
2.367512732744216919e-01
2.780585289001464844e-01
2.816131114959716797e-01
2.520876526832580566e-01
2.895389497280120850e-01
2.291849404573440552e-01
2.383457571268081665e-01
2.885767221450805664e-01
1.923701018095016479e-01
2.495355755090713501e-01
1.856325864791870117e-01
8.862049579620361328e-01
1.972800344228744507e-01
2.163848727941513062e-01
2.570678293704986572e-01
2.028016597032546997e-01
1.886258721351623535e-01
2.234581261873245239e-01
3.091275393962860107e-01
3.347531855106353760e-01
3.023580610752105713e-01
1.781341433525085449e-01
2.956073284149169922e-01
2.333828210830688477e-01
2.590923905372619629e-01
2.091276496648788452e-01
2.924996316432952881e-01
1.733645051717758179e-01
2.736191749572753906e-01
3.463204205036163330e-01
2.752369940280914307e-01
2.521884441375732422e-01
2.438543438911437988e-01
2.936466932296752930e-01
2.525217235088348389e-01
3.042846918106079102e-01
2.418150752782821655e-01
2.860784530639648438e-01
2.408776730298995972e-01
2.516707777976989746e-01
2.156594991683959961e-01
2.450349330902099609e-01
2.501675784587860107e-01
2.321861833333969116e-01
1.993685811758041382e-01
2.278917878866195679e-01
2.095961421728134155e-01
2.148872464895248413e-01
2.285522669553756714e-01
2.006684988737106323e-01
2.437910288572311401e-01
1.998910903930664062e-01
2.543095052242279053e-01
2.128226161003112793e-01
3.251866996288299561e-01
3.992094099521636963e-01
2.010111808776855469e-01
2.320477217435836792e-01
2.019889354705810547e-01
1.696029156446456909e-01
2.352552860975265503e-01
2.220285385847091675e-01
2.095847576856613159e-01
3.159940540790557861e-01
3.040733039379119873e-01
3.118976056575775146e-01
3.212123811244964600e-01
2.732948362827301025e-01
1.994229108095169067e-01
2.327503710985183716e-01
2.709223330020904541e-01
3.074293434619903564e-01
2.512457370758056641e-01
2.843881845474243164e-01
2.234971076250076294e-01
1.884825080633163452e-01
2.417067140340805054e-01
2.078784555196762085e-01
2.940975427627563477e-01
2.602665424346923828e-01
2.938750088214874268e-01
2.103760242462158203e-01
3.535341322422027588e-01
2.187132835388183594e-01
2.447112649679183960e-01
3.476474285125732422e-01
3.746922016143798828e-01
2.846485674381256104e-01
2.786243855953216553e-01
2.218636274337768555e-01
2.682169973850250244e-01
2.132499217987060547e-01
1.857032328844070435e-01
2.940377295017242432e-01
1.577474921941757202e-01
2.570778131484985352e-01
2.652564048767089844e-01
2.053599357604980469e-01
2.432420998811721802e-01
2.452318221330642700e-01
2.832833826541900635e-01
1.605869382619857788e-01
2.300098538398742676e-01
4.261724948883056641e-01
2.581789195537567139e-01
3.184315264225006104e-01
3.066548407077789307e-01
1.430073976516723633e-01
2.731048166751861572e-01
2.116075903177261353e-01
2.142130285501480103e-01
2.408419251441955566e-01
2.828674912452697754e-01
2.939812242984771729e-01
2.942073643207550049e-01
2.202897518873214722e-01
2.708739340305328369e-01
1.864687800407409668e-01
4.243007600307464600e-01
2.513893544673919678e-01
2.282742410898208618e-01
2.335884124040603638e-01
2.291989326477050781e-01
3.005154728889465332e-01
1.890115290880203247e-01
2.390906363725662231e-01
1.746911257505416870e-01
2.568346261978149414e-01
3.140828311443328857e-01
2.017997950315475464e-01
2.586854100227355957e-01
3.183611929416656494e-01
2.138399630784988403e-01
1.916021555662155151e-01
3.762545585632324219e-01
2.981617748737335205e-01
3.072956204414367676e-01
3.937850892543792725e-01
2.399532198905944824e-01
1.975367069244384766e-01
3.008041679859161377e-01
2.950143814086914062e-01
3.282168805599212646e-01
2.595883309841156006e-01
2.233002632856369019e-01
2.990144789218902588e-01
2.447484582662582397e-01
2.943577766418457031e-01
1.549230664968490601e-01
2.107589691877365112e-01
3.142482042312622070e-01
2.179628610610961914e-01
2.668695151805877686e-01
1.973618417978286743e-01
2.291288375854492188e-01
2.796560227870941162e-01
2.907875180244445801e-01
2.445812076330184937e-01
1.732919216156005859e-01
2.827694118022918701e-01
2.197751849889755249e-01
2.818790972232818604e-01
1.440712958574295044e-01
2.329227924346923828e-01
2.433481812477111816e-01
2.384241819381713867e-01
2.418885976076126099e-01
2.477797269821166992e-01
3.029749095439910889e-01
1.803366690874099731e-01
4.752799272537231445e-01
1.602992415428161621e-01
2.412294745445251465e-01
2.600250542163848877e-01
2.308027744293212891e-01
2.736847698688507080e-01
1.847190707921981812e-01
2.587325274944305420e-01
3.356727063655853271e-01
1.758294850587844849e-01
3.129481971263885498e-01
3.167732954025268555e-01
2.842954695224761963e-01
4.249590337276458740e-01
2.227486968040466309e-01
2.487064003944396973e-01
2.013281583786010742e-01
1.714508086442947388e-01
2.560403943061828613e-01
2.744843661785125732e-01
4.068972766399383545e-01
2.146958112716674805e-01
2.113036662340164185e-01
2.941513061523437500e-01
2.099031060934066772e-01
2.518712878227233887e-01
3.770305812358856201e-01
3.683424890041351318e-01
3.161418437957763672e-01
2.253405004739761353e-01
2.051782160997390747e-01
2.071796506643295288e-01
2.305088043212890625e-01
3.619420230388641357e-01
1.976329237222671509e-01
1.958907693624496460e-01
2.224482893943786621e-01
2.791521251201629639e-01
2.240521162748336792e-01
3.345103263854980469e-01
2.541958987712860107e-01
2.055072039365768433e-01
1.952415853738784790e-01
2.776916027069091797e-01
6.571042537689208984e-01
1.968912929296493530e-01
2.598227262496948242e-01
1.681617647409439087e-01
1.936154365539550781e-01
1.931678801774978638e-01
2.371558696031570435e-01
2.938224375247955322e-01
3.334368765354156494e-01
2.966710627079010010e-01
1.477678418159484863e-01
2.261205762624740601e-01
3.503535687923431396e-01
3.658822476863861084e-01
2.409335821866989136e-01
2.678672969341278076e-01
2.789890468120574951e-01
2.237869650125503540e-01
3.218014240264892578e-01
2.300699949264526367e-01
1.907597035169601440e-01
2.421358078718185425e-01
1.796816587448120117e-01
2.006598562002182007e-01
2.625485360622406006e-01
3.017852008342742920e-01
2.225744128227233887e-01
3.115518391132354736e-01
3.165194094181060791e-01
3.040653169155120850e-01
2.146526575088500977e-01
1.575804650783538818e-01
1.837121844291687012e-01
3.092730939388275146e-01
1.822820156812667847e-01
2.310386449098587036e-01
5.944054126739501953e-01
2.165480107069015503e-01
2.281854897737503052e-01
2.919202148914337158e-01
3.568634986877441406e-01
2.002010345458984375e-01
2.482926994562149048e-01
2.449740171432495117e-01
2.456716746091842651e-01
2.606901526451110840e-01
2.113705128431320190e-01
2.027829438447952271e-01
2.155971974134445190e-01
2.566530406475067139e-01
1.958162039518356323e-01
2.457452267408370972e-01
2.588865756988525391e-01
1.989784389734268188e-01
4.492051601409912109e-01
3.435375988483428955e-01
2.814139425754547119e-01
2.652386724948883057e-01
1.808881312608718872e-01
2.506866455078125000e-01
3.218667209148406982e-01
1.885911226272583008e-01
2.461999654769897461e-01
2.478311806917190552e-01
2.694351077079772949e-01
2.048199921846389771e-01
3.113968074321746826e-01
2.304277271032333374e-01
2.862058579921722412e-01
1.481706500053405762e-01
3.095938265323638916e-01
2.767654061317443848e-01
2.199857383966445923e-01
2.480492144823074341e-01
2.057987600564956665e-01
2.095027118921279907e-01
2.355339378118515015e-01
1.725167483091354370e-01
3.357913792133331299e-01
1.832588911056518555e-01
1.690214872360229492e-01
3.416657447814941406e-01
3.588461875915527344e-01
3.839690983295440674e-01
2.949140965938568115e-01
1.994203180074691772e-01
2.781933844089508057e-01
2.657305300235748291e-01
2.136101722717285156e-01
4.853856563568115234e-01
2.332519888877868652e-01
2.591677010059356689e-01
3.314919769763946533e-01
2.261307388544082642e-01
2.293378561735153198e-01
2.367033809423446655e-01
3.291903138160705566e-01
2.953778803348541260e-01
2.851753532886505127e-01
2.191584110260009766e-01
2.388844490051269531e-01
2.544430792331695557e-01
2.182552367448806763e-01
1.983723193407058716e-01
2.340631633996963501e-01
5.690568685531616211e-01
2.994319200515747070e-01
2.169900089502334595e-01
1.932695358991622925e-01
2.275634855031967163e-01
3.017379641532897949e-01
2.916909158229827881e-01
2.578391134738922119e-01
2.435765862464904785e-01
2.046771496534347534e-01
2.010661512613296509e-01
2.099491208791732788e-01
2.128657251596450806e-01
2.827154099941253662e-01
4.903143346309661865e-01
2.394448071718215942e-01
3.030481636524200439e-01
2.276606410741806030e-01
2.686695754528045654e-01
2.467974424362182617e-01
2.289312034845352173e-01
2.375591248273849487e-01
2.013777494430541992e-01
3.648898899555206299e-01
3.392226397991180420e-01
3.140023052692413330e-01
2.317022830247879028e-01
2.221923917531967163e-01
2.540703117847442627e-01
2.375580668449401855e-01
1.299079358577728271e-01
1.881334334611892700e-01
2.398279458284378052e-01
1.712968796491622925e-01
1.989531069993972778e-01
2.132238298654556274e-01
2.264976352453231812e-01
3.212229907512664795e-01
1.996055990457534790e-01
4.032838642597198486e-01
3.398475646972656250e-01
3.261916637420654297e-01
2.593479752540588379e-01
2.818845212459564209e-01
1.755892783403396606e-01
3.052968978881835938e-01
2.097132205963134766e-01
5.442631244659423828e-01
2.392083406448364258e-01
1.550340503454208374e-01
2.674352824687957764e-01
2.431396842002868652e-01
2.803535759449005127e-01
2.371831387281417847e-01
2.398879975080490112e-01
2.292304039001464844e-01
2.449113875627517700e-01
2.527274191379547119e-01
2.579671144485473633e-01
1.795199364423751831e-01
2.946763634681701660e-01
3.530976772308349609e-01
1.918479204177856445e-01
2.562164366245269775e-01
2.284180670976638794e-01
2.338284701108932495e-01
2.931132316589355469e-01
2.758765518665313721e-01
2.399809807538986206e-01
3.349642455577850342e-01
2.936556339263916016e-01
1.799944639205932617e-01
1.993611454963684082e-01
2.043841332197189331e-01
2.721040546894073486e-01
1.905564069747924805e-01
2.825812399387359619e-01
2.342054247856140137e-01
2.446544021368026733e-01
3.277821242809295654e-01
2.095945030450820923e-01
2.719134986400604248e-01
1.639169156551361084e-01
2.901466786861419678e-01
2.060695886611938477e-01
2.744736373424530029e-01
2.073354274034500122e-01
2.341010719537734985e-01
1.953455656766891479e-01
2.727107107639312744e-01
3.087699711322784424e-01
2.934119701385498047e-01
2.730830609798431396e-01
1.745141148567199707e-01
2.500260174274444580e-01
2.023544907569885254e-01
2.359709739685058594e-01
2.535853385925292969e-01
2.116565704345703125e-01
1.871925592422485352e-01
4.302547276020050049e-01
2.286032289266586304e-01
3.082310855388641357e-01
2.114443182945251465e-01
3.838840425014495850e-01
4.300339519977569580e-01
2.565969228744506836e-01
3.666809499263763428e-01
2.604663372039794922e-01
3.129822313785552979e-01
2.357968091964721680e-01
2.615631520748138428e-01
3.059038221836090088e-01
2.601847052574157715e-01
2.628525793552398682e-01
2.182799428701400757e-01
1.589697450399398804e-01
2.981093823909759521e-01
2.221481800079345703e-01
3.462414741516113281e-01
2.238455563783645630e-01
2.941670119762420654e-01
1.949387937784194946e-01
1.884565800428390503e-01
3.225271105766296387e-01
4.456992149353027344e-01
2.247663140296936035e-01
2.639352381229400635e-01
3.007946312427520752e-01
2.807800173759460449e-01
2.379366159439086914e-01
2.096404582262039185e-01
2.167708873748779297e-01
3.000908792018890381e-01
3.080194890499114990e-01
4.398089647293090820e-01
2.082388401031494141e-01
2.566263377666473389e-01
3.236425817012786865e-01
2.464595884084701538e-01
1.650853902101516724e-01
3.668040037155151367e-01
2.611733376979827881e-01
2.826344072818756104e-01
2.371125221252441406e-01
3.684460222721099854e-01
1.792602986097335815e-01
2.861252129077911377e-01
2.106892913579940796e-01
2.509090602397918701e-01
2.213231325149536133e-01
1.976670473814010620e-01
2.985641062259674072e-01
1.829035878181457520e-01
3.319605886936187744e-01
2.086644619703292847e-01
1.824329644441604614e-01
3.365499973297119141e-01
2.959930002689361572e-01
2.179395705461502075e-01
2.441477924585342407e-01
2.293353676795959473e-01
3.117032349109649658e-01
2.112855464220046997e-01
2.559640109539031982e-01
3.599730432033538818e-01
2.436990290880203247e-01
2.527852356433868408e-01
4.007532894611358643e-01
2.168068438768386841e-01
2.981627583503723145e-01
3.109725117683410645e-01
2.791939377784729004e-01
2.381631284952163696e-01
1.778487712144851685e-01
2.214564532041549683e-01
2.225297689437866211e-01
1.994960457086563110e-01
2.288493365049362183e-01
3.154523074626922607e-01
2.062854021787643433e-01
4.907852709293365479e-01
3.218083679676055908e-01
3.699545562267303467e-01
1.631871461868286133e-01
2.804159224033355713e-01
2.254278510808944702e-01
2.812977731227874756e-01
2.639787793159484863e-01
2.534333765506744385e-01
2.001541703939437866e-01
2.034427374601364136e-01
2.960349321365356445e-01
2.698113024234771729e-01
3.398953378200531006e-01
2.043896913528442383e-01
2.593348324298858643e-01
2.116416692733764648e-01
3.052154183387756348e-01
2.067836672067642212e-01
3.887611329555511475e-01
5.536940693855285645e-01
3.121476173400878906e-01
2.341212779283523560e-01
1.515595316886901855e-01
3.375845849514007568e-01
2.058843225240707397e-01
2.434854507446289062e-01
2.762708365917205811e-01
3.225758373737335205e-01
2.345228791236877441e-01
2.080514878034591675e-01
4.072445333003997803e-01
2.427145987749099731e-01
2.150044888257980347e-01
2.131983786821365356e-01
2.341488599777221680e-01
2.211713939905166626e-01
2.547697424888610840e-01
4.186390936374664307e-01
3.066728115081787109e-01
2.576895952224731445e-01
1.940696239471435547e-01
2.996022999286651611e-01
2.223559021949768066e-01
2.476497888565063477e-01
2.867138087749481201e-01
2.918441295623779297e-01
2.613613903522491455e-01
2.670556008815765381e-01
5.954243540763854980e-01
2.437264174222946167e-01
2.031712085008621216e-01
2.574578821659088135e-01
2.063896805047988892e-01
1.758739948272705078e-01
3.079608380794525146e-01
2.453736513853073120e-01
2.871020138263702393e-01
2.419987171888351440e-01
2.422952055931091309e-01
2.820047140121459961e-01
2.587954699993133545e-01
2.557070553302764893e-01
2.275630980730056763e-01
2.261331677436828613e-01
1.872606277465820312e-01
2.322650551795959473e-01
1.895535737276077271e-01
1.648296713829040527e-01
1.815720945596694946e-01
2.514964640140533447e-01
2.314894795417785645e-01
2.923047542572021484e-01
2.161263823509216309e-01
2.969368100166320801e-01
2.423681616783142090e-01
2.745578587055206299e-01
4.147532284259796143e-01
1.784116029739379883e-01
2.882258892059326172e-01
2.935059964656829834e-01
2.440457940101623535e-01
2.319310903549194336e-01
1.720573455095291138e-01
2.597720324993133545e-01
2.645326852798461914e-01
1.931302994489669800e-01
1.953986287117004395e-01
2.448847740888595581e-01
2.231597304344177246e-01
3.827532231807708740e-01
2.090185284614562988e-01
2.888769805431365967e-01
2.275540381669998169e-01
2.709874808788299561e-01
3.034144341945648193e-01
2.008171677589416504e-01
2.333293706178665161e-01
4.678486883640289307e-01
2.846200168132781982e-01
3.131925165653228760e-01
2.651548087596893311e-01
2.054851502180099487e-01
1.104185953736305237e-01
2.623929083347320557e-01
1.875210255384445190e-01
2.583153843879699707e-01
1.940536051988601685e-01
3.324069678783416748e-01
1.923944354057312012e-01
2.519440948963165283e-01
2.345160692930221558e-01
2.668345272541046143e-01
2.082220315933227539e-01
2.755844295024871826e-01
2.112519592046737671e-01
2.518915235996246338e-01
2.331312894821166992e-01
2.253179103136062622e-01
1.853556782007217407e-01
2.724148333072662354e-01
2.684603035449981689e-01
3.588725030422210693e-01
2.616656422615051270e-01
2.477979809045791626e-01
2.389555722475051880e-01
2.823081612586975098e-01
2.141879200935363770e-01
2.199275940656661987e-01
3.126822113990783691e-01
2.151902765035629272e-01
3.258500099182128906e-01
4.866770803928375244e-01
2.678266465663909912e-01
1.963575035333633423e-01
3.911032974720001221e-01
2.274575233459472656e-01
1.541615575551986694e-01
1.891921609640121460e-01
4.941493570804595947e-01
2.594663798809051514e-01
2.767882645130157471e-01
2.435449957847595215e-01
1.905074864625930786e-01
3.480661809444427490e-01
1.840490847826004028e-01
1.558299809694290161e-01
2.014076858758926392e-01
1.572114080190658569e-01
2.459912300109863281e-01
1.793178468942642212e-01
2.170612066984176636e-01
2.387203723192214966e-01
2.217758893966674805e-01
2.913260459899902344e-01
2.623552381992340088e-01
2.946828305721282959e-01
1.618285030126571655e-01
2.636619210243225098e-01
2.429935336112976074e-01
2.533859312534332275e-01
2.821343541145324707e-01
3.495351970195770264e-01
2.255818247795104980e-01
1.961313486099243164e-01
1.563875526189804077e-01
3.263117969036102295e-01
2.141807228326797485e-01
2.903307378292083740e-01
2.847660481929779053e-01
2.551605403423309326e-01
2.101969569921493530e-01
2.366930246353149414e-01
6.544616818428039551e-01
2.329382151365280151e-01
3.021252453327178955e-01
2.537845075130462646e-01
2.410275787115097046e-01
2.253148555755615234e-01
2.857799530029296875e-01
2.536148130893707275e-01
2.913524210453033447e-01
2.088013887405395508e-01
2.000669389963150024e-01
2.733596861362457275e-01
2.303564399480819702e-01
2.189506739377975464e-01
2.238751053810119629e-01
2.902350723743438721e-01
2.042113095521926880e-01
4.014789760112762451e-01
2.401594966650009155e-01
2.352525442838668823e-01
2.041482180356979370e-01
2.395710200071334839e-01
2.830215990543365479e-01
2.977072000503540039e-01
4.783330857753753662e-01
3.405590057373046875e-01
2.016220241785049438e-01
2.949607372283935547e-01
2.806352078914642334e-01
3.135459125041961670e-01
3.514194488525390625e-01
2.595797479152679443e-01
2.318085879087448120e-01
3.162001967430114746e-01
2.865976989269256592e-01
2.495811134576797485e-01
2.669185101985931396e-01
3.262149095535278320e-01
2.936029136180877686e-01
2.374203950166702271e-01
2.625727057456970215e-01
2.321146577596664429e-01
2.766284644603729248e-01
2.117725759744644165e-01
3.862365186214447021e-01
2.990775108337402344e-01
2.624615728855133057e-01
2.386975884437561035e-01
3.103210926055908203e-01
2.931502759456634521e-01
2.168962359428405762e-01
2.213663011789321899e-01
2.181846648454666138e-01
2.373842447996139526e-01
2.323372811079025269e-01
2.588153481483459473e-01
2.349503636360168457e-01
2.057092785835266113e-01
2.417584508657455444e-01
2.033256441354751587e-01
2.397994995117187500e-01
1.758170574903488159e-01
3.289907574653625488e-01
2.620249986648559570e-01
2.716041505336761475e-01
3.622014820575714111e-01
2.681250870227813721e-01
2.414748668670654297e-01
2.315142601728439331e-01
2.669482231140136719e-01
2.491969913244247437e-01
3.094250261783599854e-01
2.303655594587326050e-01
3.237045705318450928e-01
2.609770596027374268e-01
2.119896560907363892e-01
2.531644403934478760e-01
2.344923764467239380e-01
2.517003715038299561e-01
2.245570272207260132e-01
1.917751431465148926e-01
2.729566991329193115e-01
2.142850011587142944e-01
2.713172137737274170e-01
3.234702646732330322e-01
1.974767595529556274e-01
2.210468053817749023e-01
3.033294379711151123e-01
2.118014544248580933e-01
2.889744341373443604e-01
2.129137516021728516e-01
2.537089288234710693e-01
2.979055643081665039e-01
3.943363726139068604e-01
2.259331196546554565e-01
2.885064184665679932e-01
5.633507370948791504e-01
2.133910655975341797e-01
3.842351436614990234e-01
2.651160061359405518e-01
2.775039970874786377e-01
2.660913467407226562e-01
2.055113911628723145e-01
2.685728967189788818e-01
2.452166229486465454e-01
1.877043992280960083e-01
2.207033485174179077e-01
2.170444726943969727e-01
3.969766199588775635e-01
2.413618564605712891e-01
2.719267904758453369e-01
2.731591463088989258e-01
2.463002204895019531e-01
2.603384554386138916e-01
2.042361497879028320e-01
2.310651391744613647e-01
1.532637774944305420e-01
2.987881600856781006e-01
2.340345382690429688e-01
3.143382966518402100e-01
2.766773104667663574e-01
2.728181183338165283e-01
2.293694168329238892e-01
2.868022024631500244e-01
3.025431036949157715e-01
1.489006876945495605e-01
1.783503890037536621e-01
2.325075864791870117e-01
3.540965020656585693e-01
2.683423459529876709e-01
2.469912916421890259e-01
2.608761191368103027e-01
3.111710250377655029e-01
1.903543025255203247e-01
2.654400765895843506e-01
2.002159804105758667e-01
2.306857705116271973e-01
2.346472889184951782e-01
2.022690325975418091e-01
2.565051615238189697e-01
2.025195360183715820e-01
2.603640854358673096e-01
2.656957805156707764e-01
7.326089739799499512e-01
2.203211635351181030e-01
2.506836354732513428e-01
2.090357989072799683e-01
1.944851130247116089e-01
1.853479892015457153e-01
5.231132507324218750e-01
2.372095435857772827e-01
3.407173156738281250e-01
2.407557815313339233e-01
2.297470122575759888e-01
2.350314706563949585e-01
3.456433713436126709e-01
3.500838279724121094e-01
3.622331321239471436e-01
1.828961372375488281e-01
2.292226701974868774e-01
2.088354825973510742e-01
2.204120159149169922e-01
2.481467723846435547e-01
2.205128222703933716e-01
3.095186352729797363e-01
2.441155463457107544e-01
2.317009717226028442e-01
2.960718274116516113e-01
2.996954023838043213e-01
2.266070693731307983e-01
2.501964867115020752e-01
2.320014983415603638e-01
1.944414377212524414e-01
2.769096195697784424e-01
2.608253061771392822e-01
2.170303612947463989e-01
2.968991994857788086e-01
2.566958069801330566e-01
1.768381148576736450e-01
1.750188618898391724e-01
2.190609425306320190e-01
2.333741188049316406e-01
2.224216014146804810e-01
2.621849775314331055e-01
1.970596462488174438e-01
2.029822915792465210e-01
2.934513390064239502e-01
2.616769373416900635e-01
1.836343407630920410e-01
2.281841039657592773e-01
2.556674182415008545e-01
2.168358564376831055e-01
2.411814779043197632e-01
2.597687840461730957e-01
3.780594170093536377e-01
3.040629327297210693e-01
2.462568879127502441e-01
2.706867158412933350e-01
2.020000815391540527e-01
1.935414522886276245e-01
2.140855193138122559e-01
2.964440584182739258e-01
2.181424349546432495e-01
3.069896697998046875e-01
2.476542592048645020e-01
2.870945036411285400e-01
2.876401543617248535e-01
1.393718719482421875e-01
2.143928408622741699e-01
2.615279257297515869e-01
1.400330215692520142e-01
2.283797711133956909e-01
2.249828130006790161e-01
1.867849379777908325e-01
2.193272560834884644e-01
4.569693803787231445e-01
2.067036479711532593e-01
2.152096480131149292e-01
2.294719815254211426e-01
3.223026096820831299e-01
2.572237253189086914e-01
3.876872062683105469e-01
1.954638510942459106e-01
3.188090920448303223e-01
2.146310806274414062e-01
2.349151223897933960e-01
2.608852386474609375e-01
2.373205870389938354e-01
2.105222195386886597e-01
1.797827333211898804e-01
2.723026275634765625e-01
2.940088808536529541e-01
1.926201134920120239e-01
2.407980114221572876e-01
2.465885430574417114e-01
1.704697161912918091e-01
2.001088857650756836e-01
2.079658657312393188e-01
1.694228202104568481e-01
2.966195046901702881e-01
2.522916793823242188e-01
1.974778920412063599e-01
2.066928893327713013e-01
2.841942608356475830e-01
2.837190330028533936e-01
2.911958396434783936e-01
3.151567578315734863e-01
2.082902640104293823e-01
1.901716589927673340e-01
2.558735907077789307e-01
1.867423504590988159e-01
2.251677960157394409e-01
2.795394361019134521e-01
2.093443870544433594e-01
3.810266554355621338e-01
3.337284624576568604e-01
2.881633043289184570e-01
2.136795520782470703e-01
2.006822079420089722e-01
2.254274338483810425e-01
2.577429413795471191e-01
2.441934794187545776e-01
2.582546472549438477e-01
2.197533696889877319e-01
2.403209805488586426e-01
2.698983252048492432e-01
3.532503843307495117e-01
2.980913817882537842e-01
2.154293656349182129e-01
2.701450884342193604e-01
1.756338328123092651e-01
2.373479455709457397e-01
2.261147946119308472e-01
1.915070563554763794e-01
4.356449842453002930e-01
2.968961298465728760e-01
3.962554633617401123e-01
2.608442008495330811e-01
1.646708697080612183e-01
2.835280001163482666e-01
4.185197353363037109e-01
2.488741427659988403e-01
2.619932889938354492e-01
2.647826969623565674e-01
1.929213404655456543e-01
2.834592163562774658e-01
1.908317059278488159e-01
3.429612219333648682e-01
2.551992833614349365e-01
2.020729631185531616e-01
2.488099932670593262e-01
1.945329755544662476e-01
2.435175627470016479e-01
2.065358906984329224e-01
2.171886712312698364e-01
1.801212579011917114e-01
2.238503843545913696e-01
3.231867551803588867e-01
2.830022573471069336e-01
2.816906273365020752e-01
2.887450754642486572e-01
1.886959671974182129e-01
2.157040685415267944e-01
2.350735217332839966e-01
3.078992664813995361e-01
3.665506541728973389e-01
2.232575863599777222e-01
2.652960717678070068e-01
2.496370226144790649e-01
2.055376321077346802e-01
2.574621140956878662e-01
2.850948274135589600e-01
2.754826843738555908e-01
2.595061361789703369e-01
2.372274398803710938e-01
2.906734049320220947e-01
2.584127485752105713e-01
1.817911863327026367e-01
2.928548753261566162e-01
1.782087087631225586e-01
1.914198994636535645e-01
2.555985152721405029e-01
1.392188817262649536e-01
2.165576070547103882e-01
2.978949844837188721e-01
2.919009625911712646e-01
2.163241952657699585e-01
2.769741714000701904e-01
1.905759125947952271e-01
2.464911937713623047e-01
2.515623271465301514e-01
2.255525439977645874e-01
2.157318741083145142e-01
1.969987601041793823e-01
2.488007396459579468e-01
2.495169192552566528e-01
1.864305585622787476e-01
2.508790194988250732e-01
2.462757080793380737e-01
3.133802413940429688e-01
2.660222053527832031e-01
2.204974740743637085e-01
2.702893912792205811e-01
2.952676117420196533e-01
2.055927067995071411e-01
2.845107316970825195e-01
2.745501697063446045e-01
2.252905964851379395e-01
1.628473699092864990e-01
2.998519241809844971e-01
2.922808229923248291e-01
3.411553204059600830e-01
2.153753191232681274e-01
2.575495541095733643e-01
2.411787956953048706e-01
3.316276371479034424e-01
3.121381700038909912e-01
5.910540223121643066e-01
2.798430621623992920e-01
2.984523773193359375e-01
3.339102566242218018e-01
2.228447794914245605e-01
2.644447982311248779e-01
3.040921986103057861e-01
2.518396079540252686e-01
1.975172311067581177e-01
2.128868848085403442e-01
1.856353729963302612e-01
2.826348245143890381e-01
2.840829193592071533e-01
2.453392893075942993e-01
2.437049299478530884e-01
2.017418146133422852e-01
1.939162760972976685e-01
1.653991490602493286e-01
3.080471456050872803e-01
2.532435357570648193e-01
3.568186759948730469e-01
2.663105428218841553e-01
2.345577329397201538e-01
2.689098119735717773e-01
1.611720770597457886e-01
2.694696187973022461e-01
2.195788025856018066e-01
2.923063039779663086e-01
4.154091179370880127e-01
3.653248846530914307e-01
2.750588357448577881e-01
2.975820004940032959e-01
3.737557828426361084e-01
1.863213777542114258e-01
3.155506849288940430e-01
3.093462884426116943e-01
2.262308597564697266e-01
3.639351427555084229e-01
2.739069461822509766e-01
2.857781946659088135e-01
1.831348985433578491e-01
2.641395628452301025e-01
2.773866057395935059e-01
2.117875069379806519e-01
2.266547232866287231e-01
1.975045949220657349e-01
2.748199701309204102e-01
1.657411307096481323e-01
2.411582320928573608e-01
2.359093576669692993e-01
4.245771467685699463e-01
2.364077717065811157e-01
2.876927852630615234e-01
3.209652602672576904e-01
2.138329744338989258e-01
2.335796356201171875e-01
2.212983518838882446e-01
1.535392850637435913e-01
2.649013102054595947e-01
2.819229066371917725e-01
2.168967723846435547e-01
1.974148005247116089e-01
2.129755169153213501e-01
4.058395326137542725e-01
2.997962236404418945e-01
3.081991970539093018e-01
1.896192282438278198e-01
1.897498518228530884e-01
2.321181148290634155e-01
3.144172430038452148e-01
2.421295642852783203e-01
2.834910452365875244e-01
2.847063839435577393e-01
3.707863390445709229e-01
2.238887548446655273e-01
3.007785677909851074e-01
3.762961328029632568e-01
2.867681086063385010e-01
1.935047507286071777e-01
2.039204984903335571e-01
2.876296043395996094e-01
1.831501722335815430e-01
3.293298184871673584e-01
2.676031887531280518e-01
2.648097574710845947e-01
2.517510950565338135e-01
2.297370433807373047e-01
2.837825119495391846e-01
2.093995660543441772e-01
2.325640767812728882e-01
2.882679402828216553e-01
2.381988912820816040e-01
1.865346580743789673e-01
2.498377561569213867e-01
2.858578860759735107e-01
1.795557737350463867e-01
1.561834812164306641e-01
2.400428652763366699e-01
1.953183412551879883e-01
1.935742050409317017e-01
2.750718593597412109e-01
1.892303228378295898e-01
2.449093610048294067e-01
1.938441395759582520e-01
1.809705644845962524e-01
2.036328464746475220e-01
1.963991671800613403e-01
2.664185762405395508e-01
2.334192991256713867e-01
2.737092077732086182e-01
2.326955050230026245e-01
2.423475533723831177e-01
2.630245983600616455e-01
2.301106452941894531e-01
2.211055755615234375e-01
1.896763294935226440e-01
1.485420465469360352e-01
2.654469311237335205e-01
1.849334090948104858e-01
2.226036041975021362e-01
3.100731670856475830e-01
3.406915664672851562e-01
2.250658124685287476e-01
2.260074466466903687e-01
1.946445703506469727e-01
2.931610345840454102e-01
2.734481394290924072e-01
2.279144376516342163e-01
2.434391230344772339e-01
2.268703430891036987e-01
2.745682895183563232e-01
2.547141909599304199e-01
2.922445833683013916e-01
2.137203663587570190e-01
3.022676408290863037e-01
2.386816740036010742e-01
3.607488572597503662e-01
7.016190886497497559e-01
1.829680949449539185e-01
2.409134358167648315e-01
1.844628900289535522e-01
2.151770144701004028e-01
1.957544088363647461e-01
2.207655757665634155e-01
2.041582465171813965e-01
1.989778429269790649e-01
3.027921020984649658e-01
2.005203515291213989e-01
1.971499174833297729e-01
1.607566773891448975e-01
2.685611248016357422e-01
2.882381975650787354e-01
3.046561777591705322e-01
1.940971165895462036e-01
3.413342535495758057e-01
3.321094810962677002e-01
2.916890084743499756e-01
1.937480121850967407e-01
3.151274919509887695e-01
3.429689109325408936e-01
2.684015035629272461e-01
2.984361648559570312e-01
2.247911244630813599e-01
2.569724023342132568e-01
1.778554171323776245e-01
1.926386356353759766e-01
1.905375570058822632e-01
1.748077720403671265e-01
2.792855203151702881e-01
1.687140464782714844e-01
2.968581020832061768e-01
3.025571405887603760e-01
2.568483054637908936e-01
2.256415635347366333e-01
6.948795318603515625e-01
2.914721667766571045e-01
2.038412541151046753e-01
2.625076472759246826e-01
7.442337870597839355e-01
2.791556119918823242e-01
3.723213672637939453e-01
2.186968773603439331e-01
3.051694631576538086e-01
2.564857900142669678e-01
3.697283267974853516e-01
1.875036209821701050e-01
2.132563740015029907e-01
2.624505162239074707e-01
2.447017878293991089e-01
2.474372535943984985e-01
2.549578845500946045e-01
2.066487669944763184e-01
1.476067900657653809e-01
1.808206290006637573e-01
2.535883486270904541e-01
2.770513594150543213e-01
1.829682141542434692e-01
2.569547295570373535e-01
3.042334020137786865e-01
2.339528203010559082e-01
2.276272922754287720e-01
3.459527492523193359e-01
2.420936375856399536e-01
4.346271455287933350e-01
1.867057681083679199e-01
2.238209992647171021e-01
2.108121365308761597e-01
1.985065191984176636e-01
2.267328500747680664e-01
2.660418152809143066e-01
2.570890188217163086e-01
1.659536510705947876e-01
2.323776036500930786e-01
2.798950672149658203e-01
3.179559707641601562e-01
2.230493426322937012e-01
2.041230201721191406e-01
8.657051920890808105e-01
3.245651423931121826e-01
3.098541796207427979e-01
2.565303146839141846e-01
2.501153051853179932e-01
1.890352964401245117e-01
2.552401721477508545e-01
3.289306461811065674e-01
2.259198874235153198e-01
2.193292230367660522e-01
2.089239358901977539e-01
2.894547283649444580e-01
2.244879752397537231e-01
2.466456145048141479e-01
1.931458115577697754e-01
2.015011459589004517e-01
2.496853321790695190e-01
4.618541300296783447e-01
2.763102352619171143e-01
2.152761816978454590e-01
1.974001377820968628e-01
2.262948304414749146e-01
2.318062633275985718e-01
2.990338206291198730e-01
2.298323065042495728e-01
2.462802678346633911e-01
3.225796818733215332e-01
2.707716226577758789e-01
2.673502862453460693e-01
1.930912584066390991e-01
2.370045632123947144e-01
2.401849478483200073e-01
2.339438050985336304e-01
3.837290108203887939e-01
2.651939094066619873e-01
1.232193931937217712e-01
4.044812619686126709e-01
1.451279073953628540e-01
2.211720496416091919e-01
1.574746817350387573e-01
2.978830039501190186e-01
1.833282560110092163e-01
2.363505214452743530e-01
3.182310163974761963e-01
2.314686030149459839e-01
2.456538677215576172e-01
2.073354870080947876e-01
2.794260084629058838e-01
3.049699962139129639e-01
2.447839528322219849e-01
3.017984926700592041e-01
2.002804279327392578e-01
4.298052787780761719e-01
2.545620501041412354e-01
2.049155831336975098e-01
2.051603943109512329e-01
2.049392461776733398e-01
2.330392599105834961e-01
2.293904423713684082e-01
2.213513851165771484e-01
3.255364298820495605e-01
3.528143167495727539e-01
2.963220179080963135e-01
1.830940991640090942e-01
3.301106989383697510e-01
2.622491121292114258e-01
3.199901580810546875e-01
2.716089785099029541e-01
2.450125962495803833e-01
2.056830376386642456e-01
3.653991520404815674e-01
2.512706518173217773e-01
2.491796612739562988e-01
1.777730137109756470e-01
2.958864271640777588e-01
2.957015931606292725e-01
2.490812093019485474e-01
1.988734006881713867e-01
2.412681430578231812e-01
2.720041573047637939e-01
2.761434018611907959e-01
2.728666067123413086e-01
3.041372001171112061e-01
1.784128695726394653e-01
3.937940895557403564e-01
1.778261065483093262e-01
2.967762649059295654e-01
2.103229761123657227e-01
2.434300780296325684e-01
2.465267628431320190e-01
2.242031544446945190e-01
3.185635507106781006e-01
2.855762839317321777e-01
2.517634630203247070e-01
3.841639459133148193e-01
2.146357893943786621e-01
2.011060118675231934e-01
2.164371758699417114e-01
2.134777903556823730e-01
2.361639738082885742e-01
2.534340322017669678e-01
2.609671354293823242e-01
2.359328269958496094e-01
2.674004137516021729e-01
2.123399376869201660e-01
1.953441947698593140e-01
3.873394727706909180e-01
1.770970970392227173e-01
2.383985966444015503e-01
3.186964690685272217e-01
4.156779348850250244e-01
2.611359953880310059e-01
1.649717688560485840e-01
2.630957663059234619e-01
3.611811101436614990e-01
2.420775294303894043e-01
2.138939648866653442e-01
2.389575242996215820e-01
1.791136264801025391e-01
2.119903564453125000e-01
2.276123315095901489e-01
2.793928086757659912e-01
2.588790059089660645e-01
2.379101067781448364e-01
2.324975281953811646e-01
2.438121587038040161e-01
2.149300575256347656e-01
1.500005871057510376e-01
2.332107424736022949e-01
2.938414812088012695e-01
2.454466074705123901e-01
2.989878356456756592e-01
2.483612447977066040e-01
3.791537284851074219e-01
3.191432952880859375e-01
2.756255567073822021e-01
2.686592042446136475e-01
2.655636370182037354e-01
3.308524191379547119e-01
2.466196864843368530e-01
2.388291358947753906e-01
2.046453207731246948e-01
1.531271487474441528e-01
3.221145272254943848e-01
1.925350874662399292e-01
3.210186064243316650e-01
2.984913885593414307e-01
3.018292486667633057e-01
2.333959788084030151e-01
2.479816526174545288e-01
2.568122744560241699e-01
2.465133816003799438e-01
2.485501766204833984e-01
2.549364268779754639e-01
1.479492932558059692e-01
2.060037702322006226e-01
3.267284631729125977e-01
1.837283223867416382e-01
2.174088209867477417e-01
5.317456126213073730e-01
2.003656625747680664e-01
2.503521442413330078e-01
1.942092180252075195e-01
2.851571142673492432e-01
1.946053951978683472e-01
3.135409355163574219e-01
2.084988355636596680e-01
2.813762724399566650e-01
2.510541975498199463e-01
2.487694174051284790e-01
2.086503952741622925e-01
3.032912909984588623e-01
2.290756106376647949e-01
2.207335233688354492e-01
2.739766538143157959e-01
2.291044443845748901e-01
2.912444174289703369e-01
2.606457769870758057e-01
1.798739284276962280e-01
2.672972083091735840e-01
2.597957551479339600e-01
3.805684745311737061e-01
2.496505528688430786e-01
2.272292822599411011e-01
1.862773150205612183e-01
1.865336149930953979e-01
2.455443292856216431e-01
3.179887831211090088e-01
2.161716222763061523e-01
2.404376864433288574e-01
2.541261613368988037e-01
2.357171922922134399e-01
2.544782161712646484e-01
2.562129795551300049e-01
1.874459534883499146e-01
2.089695483446121216e-01
2.454860359430313110e-01
3.058664500713348389e-01
2.095815986394882202e-01
1.898586302995681763e-01
3.025411069393157959e-01
2.299800664186477661e-01
1.751514673233032227e-01
3.665212392807006836e-01
2.240155488252639771e-01
2.072675973176956177e-01
2.290562540292739868e-01
2.691859006881713867e-01
2.796482145786285400e-01
1.970916539430618286e-01
2.063948661088943481e-01
2.334574609994888306e-01
3.741863667964935303e-01
2.777653038501739502e-01
2.760350704193115234e-01
2.248708605766296387e-01
2.090541273355484009e-01
1.893508881330490112e-01
2.088024616241455078e-01
1.449316442012786865e-01
3.440932333469390869e-01
2.143465876579284668e-01
2.364327758550643921e-01
2.821199595928192139e-01
2.391407936811447144e-01
2.732414007186889648e-01
2.692777216434478760e-01
1.797410994768142700e-01
2.373174875974655151e-01
1.849561929702758789e-01
2.504532933235168457e-01
2.323056310415267944e-01
2.444528192281723022e-01
2.582693397998809814e-01
2.546582520008087158e-01
2.563352584838867188e-01
2.760309278964996338e-01
2.590062320232391357e-01
1.932912915945053101e-01
1.887206584215164185e-01
2.031896114349365234e-01
2.181182950735092163e-01
2.439469099044799805e-01
2.988187670707702637e-01
2.197250574827194214e-01
2.154833823442459106e-01
2.033521980047225952e-01
3.115020692348480225e-01
1.947972029447555542e-01
2.785323560237884521e-01
2.437322139739990234e-01
3.657480180263519287e-01
2.658315598964691162e-01
2.944822609424591064e-01
2.194898873567581177e-01
2.566758692264556885e-01
2.390655875205993652e-01
2.312263250350952148e-01
2.590644359588623047e-01
2.497744560241699219e-01
2.642031908035278320e-01
2.617799341678619385e-01
2.027962207794189453e-01
2.025256603956222534e-01
2.885534763336181641e-01
2.677148878574371338e-01
2.394177764654159546e-01
3.354693949222564697e-01
1.979069858789443970e-01
2.862999141216278076e-01
2.400839924812316895e-01
2.884064912796020508e-01
2.899912893772125244e-01
2.716740369796752930e-01
2.733152210712432861e-01
3.281535804271697998e-01
2.266940325498580933e-01
3.370596468448638916e-01
3.126560151576995850e-01
1.999210566282272339e-01
2.464156895875930786e-01
3.641974925994873047e-01
1.715648621320724487e-01
2.292684316635131836e-01
1.903719455003738403e-01
2.609378695487976074e-01
3.003114759922027588e-01
2.479778975248336792e-01
2.366562634706497192e-01
2.679194211959838867e-01
1.725030690431594849e-01
2.265162467956542969e-01
2.642863094806671143e-01
3.065008819103240967e-01
1.698718219995498657e-01
3.594671785831451416e-01
2.502840459346771240e-01
3.706226050853729248e-01
2.300208359956741333e-01
3.181678354740142822e-01
2.715863287448883057e-01
2.273672074079513550e-01
2.389486283063888550e-01
2.836145460605621338e-01
2.277516126632690430e-01
4.761497080326080322e-01
4.136988222599029541e-01
3.027485907077789307e-01
2.558707892894744873e-01
2.530636489391326904e-01
3.146612644195556641e-01
3.338778913021087646e-01
2.678576707839965820e-01
2.130468040704727173e-01
2.155197858810424805e-01
2.726817131042480469e-01
2.947587072849273682e-01
7.089112401008605957e-01
1.957312822341918945e-01
3.184619247913360596e-01
1.952829807996749878e-01
2.649728357791900635e-01
2.844246625900268555e-01
2.140634059906005859e-01
2.887860834598541260e-01
1.592295318841934204e-01
3.255234956741333008e-01
1.999158114194869995e-01
2.731454670429229736e-01
1.758043169975280762e-01
2.880163490772247314e-01
2.846165001392364502e-01
2.503333091735839844e-01
2.744683921337127686e-01
2.938520312309265137e-01
2.287019044160842896e-01
3.097574412822723389e-01
2.806892991065979004e-01
2.508005797863006592e-01
2.823770344257354736e-01
3.465407192707061768e-01
2.560429275035858154e-01
2.542519569396972656e-01
1.965162754058837891e-01
2.733889222145080566e-01
2.327193766832351685e-01
1.772156208753585815e-01
1.459750086069107056e-01
2.507373988628387451e-01
2.318492680788040161e-01
3.058374226093292236e-01
2.871038913726806641e-01
3.986807167530059814e-01
2.808429300785064697e-01
1.424165517091751099e-01
1.641741544008255005e-01
1.884904950857162476e-01
2.409691661596298218e-01
8.093934059143066406e-01
3.338177502155303955e-01
2.333215624094009399e-01
2.496699690818786621e-01
2.956287562847137451e-01
2.366628646850585938e-01
2.669037282466888428e-01
2.341581583023071289e-01
3.550728857517242432e-01
2.465037107467651367e-01
2.378282546997070312e-01
2.762635052204132080e-01
2.488737851381301880e-01
3.081670701503753662e-01
2.084176689386367798e-01
2.290430068969726562e-01
2.984041273593902588e-01
1.530995219945907593e-01
2.648609280586242676e-01
3.175129890441894531e-01
2.390035539865493774e-01
3.095894157886505127e-01
1.293084919452667236e-01
2.481195181608200073e-01
2.490922659635543823e-01
2.120621204376220703e-01
2.818936109542846680e-01
2.785453498363494873e-01
2.913262844085693359e-01
1.661847978830337524e-01
2.639721333980560303e-01
2.857018709182739258e-01
2.486365586519241333e-01
4.003871977329254150e-01
2.541702091693878174e-01
1.781181246042251587e-01
2.862762510776519775e-01
2.011310309171676636e-01
1.594192981719970703e-01
2.827230095863342285e-01
1.920701116323471069e-01
1.912773400545120239e-01
2.001578360795974731e-01
3.104111254215240479e-01
2.561020553112030029e-01
2.536923587322235107e-01
2.503164708614349365e-01
2.522662281990051270e-01
2.962165772914886475e-01
2.556001245975494385e-01
2.537759542465209961e-01
3.269512355327606201e-01
3.540996313095092773e-01
2.487306743860244751e-01
2.835942208766937256e-01
3.097487688064575195e-01
2.211974859237670898e-01
2.493428438901901245e-01
2.803457379341125488e-01
2.151156812906265259e-01
3.477866947650909424e-01
2.922978699207305908e-01
1.570886373519897461e-01
2.566307783126831055e-01
2.970654070377349854e-01
2.948072254657745361e-01
2.322849482297897339e-01
1.951574534177780151e-01
2.837476432323455811e-01
1.962995380163192749e-01
3.606671094894409180e-01
2.842420339584350586e-01
2.378318309783935547e-01
2.327135354280471802e-01
2.580177187919616699e-01
4.262536466121673584e-01
3.013043403625488281e-01
2.359229922294616699e-01
1.952885538339614868e-01
4.566533267498016357e-01
2.362452596426010132e-01
4.987612068653106689e-01
1.797231882810592651e-01
1.733988672494888306e-01
2.655210494995117188e-01
2.310591340065002441e-01
3.056700527667999268e-01
3.038226068019866943e-01
3.549995422363281250e-01
2.706426680088043213e-01
3.125818967819213867e-01
2.765442728996276855e-01
2.195831984281539917e-01
2.838430702686309814e-01
1.602300703525543213e-01
2.092336863279342651e-01
3.991161286830902100e-01
2.644010782241821289e-01
2.101964950561523438e-01
2.096654176712036133e-01
2.542878985404968262e-01
5.702518224716186523e-01
3.406791687011718750e-01
2.336890697479248047e-01
2.167995572090148926e-01
2.216076999902725220e-01
2.112078666687011719e-01
2.046403884887695312e-01
2.962204217910766602e-01
2.247656583786010742e-01
2.156892567873001099e-01
2.236474007368087769e-01
2.190803736448287964e-01
3.126354217529296875e-01
2.715192139148712158e-01
2.632297575473785400e-01
2.565371990203857422e-01
2.445312142372131348e-01
3.101902008056640625e-01
2.575454413890838623e-01
1.656609326601028442e-01
2.453427761793136597e-01
2.982868254184722900e-01
3.265789449214935303e-01
2.653648853302001953e-01
3.908096551895141602e-01
1.979979127645492554e-01
2.381944656372070312e-01
1.437596827745437622e-01
3.813575804233551025e-01
2.350170612335205078e-01
2.776484787464141846e-01
2.203047126531600952e-01
1.655526906251907349e-01
3.136082589626312256e-01
2.664293348789215088e-01
2.040808200836181641e-01
3.064391314983367920e-01
2.646131515502929688e-01
1.769042164087295532e-01
2.641975879669189453e-01
1.897490769624710083e-01
2.269417643547058105e-01
3.644000589847564697e-01
3.101655542850494385e-01
2.303249388933181763e-01
2.079935073852539062e-01
1.650477647781372070e-01
1.939888596534729004e-01
3.431402742862701416e-01
2.740346491336822510e-01
2.558226883411407471e-01
2.571196854114532471e-01
2.820671200752258301e-01
2.309237569570541382e-01
1.876824349164962769e-01
2.542830705642700195e-01
3.126014173030853271e-01
2.049499154090881348e-01
2.067389637231826782e-01
2.827422916889190674e-01
2.812867760658264160e-01
1.877243071794509888e-01
3.119562566280364990e-01
2.347404956817626953e-01
1.805569976568222046e-01
2.279077768325805664e-01
2.331705838441848755e-01
2.222665101289749146e-01
2.518934011459350586e-01
2.543260455131530762e-01
2.808200418949127197e-01
2.065081447362899780e-01
2.927851378917694092e-01
2.408176660537719727e-01
2.684325277805328369e-01
2.191179394721984863e-01
3.609733283519744873e-01
3.055005371570587158e-01
2.389629334211349487e-01
1.979169398546218872e-01
2.087308019399642944e-01
2.615021765232086182e-01
2.580265104770660400e-01
1.997650861740112305e-01
1.444025635719299316e-01
2.241646498441696167e-01
2.146673202514648438e-01
2.691574990749359131e-01
2.070540785789489746e-01
4.258739650249481201e-01
3.572072982788085938e-01
1.827405542135238647e-01
2.061201184988021851e-01
3.441812098026275635e-01
3.899014294147491455e-01
2.323511391878128052e-01
2.714421153068542480e-01
3.238086998462677002e-01
2.221807390451431274e-01
3.332012593746185303e-01
2.087823599576950073e-01
3.984474241733551025e-01
2.454109787940979004e-01
3.379091918468475342e-01
1.922795623540878296e-01
2.135058790445327759e-01
2.691919207572937012e-01
5.086106657981872559e-01
2.301086634397506714e-01
2.246959209442138672e-01
2.328716367483139038e-01
1.942498683929443359e-01
2.134643793106079102e-01
2.062878161668777466e-01
2.659242749214172363e-01
2.474128007888793945e-01
3.099994361400604248e-01
2.249146252870559692e-01
3.443815708160400391e-01
2.539311945438385010e-01
1.783206313848495483e-01
3.104026019573211670e-01
2.930018007755279541e-01
2.812040150165557861e-01
2.690890133380889893e-01
2.186451554298400879e-01
2.434699684381484985e-01
2.171846181154251099e-01
3.003308176994323730e-01
2.224105000495910645e-01
2.136333733797073364e-01
2.450878024101257324e-01
2.098909169435501099e-01
2.148470878601074219e-01
2.387111186981201172e-01
2.708693146705627441e-01
2.197680473327636719e-01
2.583520710468292236e-01
2.720383405685424805e-01
6.097888946533203125e-01
2.327574938535690308e-01
2.933873236179351807e-01
2.805918157100677490e-01
