2.956354320049285889e-01
2.932314574718475342e-01
2.466855198144912720e-01
2.412083595991134644e-01
2.899717390537261963e-01
2.798936367034912109e-01
2.476725727319717407e-01
2.761706411838531494e-01
2.919819056987762451e-01
2.393806725740432739e-01
2.484712600708007812e-01
3.041085302829742432e-01
3.730441629886627197e-01
3.764010369777679443e-01
2.800270318984985352e-01
2.640436291694641113e-01
2.685954272747039795e-01
3.049907684326171875e-01
2.969688177108764648e-01
2.831492424011230469e-01
2.607199251651763916e-01
2.992126047611236572e-01
2.912112772464752197e-01
2.741879522800445557e-01
2.698734104633331299e-01
3.064254224300384521e-01
2.978052496910095215e-01
3.519211113452911377e-01
2.608695328235626221e-01
3.021594882011413574e-01
2.499548047780990601e-01
2.528474330902099609e-01
3.124364316463470459e-01
2.409874945878982544e-01
2.946489155292510986e-01
2.582464218139648438e-01
2.980646193027496338e-01
3.009397983551025391e-01
2.549601495265960693e-01
2.738835811614990234e-01
3.943544924259185791e-01
2.995578050613403320e-01
2.791926860809326172e-01
3.005967736244201660e-01
3.155608773231506348e-01
2.924082577228546143e-01
3.522116839885711670e-01
2.905527651309967041e-01
2.887832224369049072e-01
2.864561378955841064e-01
3.363643884658813477e-01
3.467978239059448242e-01
3.344011306762695312e-01
3.057183325290679932e-01
3.053973317146301270e-01
3.882029056549072266e-01
2.235747128725051880e-01
2.486983984708786011e-01
2.837871909141540527e-01
2.471389323472976685e-01
2.745584249496459961e-01
2.653332054615020752e-01
2.561852037906646729e-01
3.474362194538116455e-01
2.661499083042144775e-01
3.119989335536956787e-01
3.142835795879364014e-01
2.586604952812194824e-01
2.946985363960266113e-01
2.695961892604827881e-01
3.091507256031036377e-01
2.666895389556884766e-01
2.479265183210372925e-01
2.449974268674850464e-01
2.462689131498336792e-01
2.442221641540527344e-01
2.394106537103652954e-01
2.783944010734558105e-01
2.672657668590545654e-01
2.534620761871337891e-01
2.769807577133178711e-01
2.944567501544952393e-01
2.793644964694976807e-01
2.664095461368560791e-01
2.763634622097015381e-01
2.293187230825424194e-01
2.421890348196029663e-01
3.041846156120300293e-01
3.080827295780181885e-01
2.551845312118530273e-01
2.640682756900787354e-01
2.341557145118713379e-01
2.380204200744628906e-01
2.438829392194747925e-01
2.457127124071121216e-01
2.541601359844207764e-01
2.702571153640747070e-01
2.524405419826507568e-01
2.368879765272140503e-01
2.337163537740707397e-01
2.596107423305511475e-01
2.601861059665679932e-01
2.474579960107803345e-01
2.472912520170211792e-01
3.182853162288665771e-01
2.616045176982879639e-01
2.554890215396881104e-01
2.845727503299713135e-01
3.168468177318572998e-01
2.326759546995162964e-01
2.961477339267730713e-01
2.428590804338455200e-01
2.386610060930252075e-01
2.535640597343444824e-01
2.461253404617309570e-01
2.710814177989959717e-01
2.867808640003204346e-01
2.508358657360076904e-01
2.763538062572479248e-01
2.921542525291442871e-01
2.868245840072631836e-01
2.874983549118041992e-01
3.337636888027191162e-01
2.734281718730926514e-01
2.978614866733551025e-01
2.854203283786773682e-01
2.755985558032989502e-01
2.411402463912963867e-01
3.357677757740020752e-01
2.421699315309524536e-01
2.594079673290252686e-01
2.886129021644592285e-01
2.781867682933807373e-01
2.687616348266601562e-01
2.578384280204772949e-01
3.296574056148529053e-01
2.509994804859161377e-01
3.193841278553009033e-01
2.778214514255523682e-01
3.466094732284545898e-01
2.545922100543975830e-01
2.723964750766754150e-01
2.966912984848022461e-01
2.896887958049774170e-01
2.620947957038879395e-01
2.763291597366333008e-01
2.667075097560882568e-01
2.939983308315277100e-01
2.970259487628936768e-01
2.522890865802764893e-01
2.468895167112350464e-01
2.521359324455261230e-01
2.716951668262481689e-01
2.502581775188446045e-01
2.776978313922882080e-01
2.884172201156616211e-01
2.526111602783203125e-01
3.209747076034545898e-01
2.854385673999786377e-01
2.752164900302886963e-01
2.864538133144378662e-01
2.707404792308807373e-01
2.902858555316925049e-01
2.352287173271179199e-01
2.379973977804183960e-01
3.034372329711914062e-01
2.415264993906021118e-01
2.793217301368713379e-01
3.315956592559814453e-01
2.746363282203674316e-01
2.574739158153533936e-01
2.791136205196380615e-01
2.350268363952636719e-01
2.758154571056365967e-01
2.528942823410034180e-01
2.462951689958572388e-01
2.341150492429733276e-01
2.610551416873931885e-01
2.706395685672760010e-01
2.509440183639526367e-01
2.513574063777923584e-01
2.733742892742156982e-01
2.376983165740966797e-01
2.415214329957962036e-01
2.999894022941589355e-01
2.286277264356613159e-01
2.594510018825531006e-01
2.460505217313766479e-01
2.811553776264190674e-01
2.359226942062377930e-01
2.664395272731781006e-01
2.439398020505905151e-01
2.495197057723999023e-01
2.692898809909820557e-01
2.913959324359893799e-01
3.324023783206939697e-01
2.323516160249710083e-01
2.890817224979400635e-01
2.838082909584045410e-01
3.310446441173553467e-01
3.061999082565307617e-01
2.631672620773315430e-01
2.663242518901824951e-01
3.430243432521820068e-01
4.427854716777801514e-01
2.452875226736068726e-01
2.723196446895599365e-01
2.461833804845809937e-01
2.586098611354827881e-01
2.784105539321899414e-01
2.676957547664642334e-01
2.515310645103454590e-01
3.237636387348175049e-01
2.435013800859451294e-01
4.082656800746917725e-01
3.651757538318634033e-01
2.984428405761718750e-01
2.631236314773559570e-01
3.058069944381713867e-01
3.079256713390350342e-01
2.670517265796661377e-01
2.443628758192062378e-01
2.761075198650360107e-01
3.015172779560089111e-01
2.482934594154357910e-01
3.006372153759002686e-01
2.883818745613098145e-01
2.492090910673141479e-01
2.653116881847381592e-01
2.963027954101562500e-01
2.423779517412185669e-01
2.524258196353912354e-01
3.226453065872192383e-01
2.607815563678741455e-01
2.723682820796966553e-01
2.603372633457183838e-01
2.458525449037551880e-01
3.483628332614898682e-01
2.745423614978790283e-01
2.414351105690002441e-01
2.957154214382171631e-01
2.669826447963714600e-01
3.315949738025665283e-01
2.542680203914642334e-01
3.227102458477020264e-01
2.111282348632812500e-01
2.484133094549179077e-01
2.712638974189758301e-01
2.674053609371185303e-01
4.309583008289337158e-01
2.984006106853485107e-01
2.596573829650878906e-01
3.326955735683441162e-01
2.641602158546447754e-01
3.577879965305328369e-01
3.543635904788970947e-01
2.719758450984954834e-01
2.375506609678268433e-01
2.714826464653015137e-01
2.817169129848480225e-01
2.880843877792358398e-01
3.080061972141265869e-01
2.756941020488739014e-01
2.623197734355926514e-01
2.596409618854522705e-01
2.850117385387420654e-01
2.898825407028198242e-01
2.769297361373901367e-01
2.548412382602691650e-01
2.829044759273529053e-01
2.960656881332397461e-01
2.676342427730560303e-01
2.590293288230895996e-01
2.851829230785369873e-01
2.549705803394317627e-01
2.672175168991088867e-01
2.552827298641204834e-01
2.637403309345245361e-01
2.789928615093231201e-01
2.976678311824798584e-01
2.465218454599380493e-01
2.798140943050384521e-01
2.746066749095916748e-01
2.594626843929290771e-01
3.076575696468353271e-01
2.484957128763198853e-01
2.505505979061126709e-01
2.406825274229049683e-01
2.248614579439163208e-01
2.400671243667602539e-01
2.648174464702606201e-01
2.818573117256164551e-01
2.783147096633911133e-01
2.579444646835327148e-01
3.042383491992950439e-01
2.817099690437316895e-01
2.819496095180511475e-01
2.870383560657501221e-01
2.978235781192779541e-01
2.572076022624969482e-01
3.497172892093658447e-01
2.711721956729888916e-01
2.756778895854949951e-01
2.792297899723052979e-01
2.472900897264480591e-01
2.912576496601104736e-01
3.112709522247314453e-01
2.833068668842315674e-01
2.531405985355377197e-01
2.338987439870834351e-01
2.507087290287017822e-01
2.674296200275421143e-01
2.617026269435882568e-01
2.631365358829498291e-01
2.679455578327178955e-01
3.897856473922729492e-01
2.667184770107269287e-01
3.689193725585937500e-01
2.556414008140563965e-01
2.537034749984741211e-01
2.834597826004028320e-01
3.116817474365234375e-01
3.051920831203460693e-01
2.340045720338821411e-01
2.252185940742492676e-01
2.923277914524078369e-01
2.883720695972442627e-01
2.801989316940307617e-01
2.998290359973907471e-01
2.680211067199707031e-01
2.467985004186630249e-01
2.741565108299255371e-01
2.418833225965499878e-01
2.328380346298217773e-01
2.297845333814620972e-01
2.614316940307617188e-01
3.400620520114898682e-01
2.839595973491668701e-01
2.271528989076614380e-01
2.422344833612442017e-01
3.012543618679046631e-01
3.228717744350433350e-01
3.895976841449737549e-01
2.653711140155792236e-01
3.194039165973663330e-01
2.571445405483245850e-01
2.884097397327423096e-01
2.744219005107879639e-01
2.463246732950210571e-01
2.732209265232086182e-01
2.873244583606719971e-01
2.617779076099395752e-01
2.763145864009857178e-01
2.548716366291046143e-01
2.430052161216735840e-01
2.924565970897674561e-01
2.782382667064666748e-01
2.568587660789489746e-01
3.312507569789886475e-01
2.716097533702850342e-01
2.559570968151092529e-01
2.702001631259918213e-01
2.663711309432983398e-01
2.322382330894470215e-01
2.903248369693756104e-01
2.296518087387084961e-01
2.971432507038116455e-01
2.841845154762268066e-01
2.636725902557373047e-01
2.614026963710784912e-01
2.489307373762130737e-01
2.667863368988037109e-01
2.608413100242614746e-01
2.816917002201080322e-01
3.117985427379608154e-01
2.215371876955032349e-01
2.768171131610870361e-01
2.794263660907745361e-01
2.644449472427368164e-01
2.785510122776031494e-01
2.864615619182586670e-01
2.571456730365753174e-01
2.306963801383972168e-01
2.408059239387512207e-01
2.470280379056930542e-01
2.369575500488281250e-01
2.390946000814437866e-01
3.072673082351684570e-01
2.528366446495056152e-01
2.617725431919097900e-01
2.398273944854736328e-01
2.768200933933258057e-01
2.471352219581604004e-01
2.898433506488800049e-01
2.907598912715911865e-01
2.818225324153900146e-01
2.879294753074645996e-01
2.225080877542495728e-01
2.497854828834533691e-01
2.538874447345733643e-01
3.332438468933105469e-01
3.049203455448150635e-01
2.612245380878448486e-01
2.503301799297332764e-01
2.603148221969604492e-01
3.005526959896087646e-01
2.555319368839263916e-01
2.387952059507369995e-01
2.796469032764434814e-01
2.547115683555603027e-01
2.578963041305541992e-01
2.623141109943389893e-01
2.527062594890594482e-01
2.463928312063217163e-01
2.477867603302001953e-01
2.674130499362945557e-01
2.781406342983245850e-01
3.312397003173828125e-01
2.350978851318359375e-01
2.842388749122619629e-01
2.779887616634368896e-01
2.539604902267456055e-01
2.769214510917663574e-01
2.498044818639755249e-01
2.793714702129364014e-01
2.344091981649398804e-01
2.422910779714584351e-01
2.723662853240966797e-01
3.242401778697967529e-01
3.278944194316864014e-01
2.460185140371322632e-01
2.472260147333145142e-01
2.416960746049880981e-01
2.747512757778167725e-01
2.787760496139526367e-01
2.486802786588668823e-01
2.881505787372589111e-01
2.659366130828857422e-01
2.505757212638854980e-01
2.483510375022888184e-01
2.792085409164428711e-01
2.659430205821990967e-01
2.586570680141448975e-01
3.382263183593750000e-01
2.370156794786453247e-01
2.708918154239654541e-01
2.823946177959442139e-01
2.477225810289382935e-01
2.669551372528076172e-01
2.478230446577072144e-01
2.416481524705886841e-01
2.812779545783996582e-01
2.595449388027191162e-01
3.206886947154998779e-01
2.874775528907775879e-01
2.527680695056915283e-01
2.448529750108718872e-01
2.806466817855834961e-01
2.595107853412628174e-01
2.293832749128341675e-01
2.968836724758148193e-01
2.768021225929260254e-01
2.234447151422500610e-01
3.101549446582794189e-01
2.568869590759277344e-01
2.398828715085983276e-01
2.093769758939743042e-01
2.651073038578033447e-01
4.165538847446441650e-01
3.104612827301025391e-01
2.450370788574218750e-01
2.783024311065673828e-01
2.502903044223785400e-01
3.102071583271026611e-01
2.429048568010330200e-01
2.469268292188644409e-01
2.855082452297210693e-01
2.422550916671752930e-01
2.690794169902801514e-01
2.446507364511489868e-01
2.310555428266525269e-01
3.048149645328521729e-01
2.858314812183380127e-01
2.466056793928146362e-01
2.527016103267669678e-01
3.272494375705718994e-01
2.666435539722442627e-01
3.301698267459869385e-01
2.779336571693420410e-01
3.083809018135070801e-01
2.326404452323913574e-01
2.362466603517532349e-01
2.659365534782409668e-01
2.578367292881011963e-01
2.521005570888519287e-01
2.286141663789749146e-01
3.150386810302734375e-01
2.300405502319335938e-01
2.993537783622741699e-01
2.528943121433258057e-01
2.681941986083984375e-01
2.685549259185791016e-01
2.794991135597229004e-01
2.643263339996337891e-01
3.005013167858123779e-01
2.344907075166702271e-01
2.968869209289550781e-01
2.681835591793060303e-01
2.147631198167800903e-01
2.129236906766891479e-01
2.417439669370651245e-01
2.348051816225051880e-01
2.413265258073806763e-01
3.932902812957763672e-01
2.436328083276748657e-01
2.241692543029785156e-01
2.672370672225952148e-01
3.446453511714935303e-01
2.821808755397796631e-01
3.395865857601165771e-01
3.106831014156341553e-01
3.211727440357208252e-01
3.182956874370574951e-01
3.065447807312011719e-01
2.463506460189819336e-01
2.718657851219177246e-01
2.893017828464508057e-01
2.448049038648605347e-01
2.655377388000488281e-01
3.830510079860687256e-01
2.430480569601058960e-01
2.418182045221328735e-01
2.819989919662475586e-01
2.845700681209564209e-01
2.740379273891448975e-01
2.846172153949737549e-01
2.745475471019744873e-01
3.098188936710357666e-01
2.854343056678771973e-01
3.397216498851776123e-01
3.592793941497802734e-01
3.322111964225769043e-01
3.038721978664398193e-01
2.784235775470733643e-01
3.049004375934600830e-01
2.738839089870452881e-01
2.641276419162750244e-01
2.283837348222732544e-01
2.388847619295120239e-01
2.983925342559814453e-01
2.638833224773406982e-01
2.702307701110839844e-01
2.386888861656188965e-01
2.869680225849151611e-01
2.713924050331115723e-01
2.779423296451568604e-01
2.745603322982788086e-01
2.819367647171020508e-01
3.015885651111602783e-01
2.692286372184753418e-01
2.797648012638092041e-01
2.847304344177246094e-01
2.691232264041900635e-01
3.152017295360565186e-01
2.720626592636108398e-01
3.153938055038452148e-01
2.626423537731170654e-01
2.565358579158782959e-01
2.465351969003677368e-01
2.444216609001159668e-01
2.773284912109375000e-01
2.497218698263168335e-01
2.929798364639282227e-01
3.903491795063018799e-01
2.783987820148468018e-01
2.715091109275817871e-01
3.169735968112945557e-01
2.688422203063964844e-01
2.545088827610015869e-01
3.018937408924102783e-01
2.561328113079071045e-01
2.618764340877532959e-01
2.700460851192474365e-01
2.302792072296142578e-01
2.702621221542358398e-01
2.322966009378433228e-01
2.627985477447509766e-01
2.587795853614807129e-01
2.791494429111480713e-01
3.076359629631042480e-01
2.425643205642700195e-01
2.756218612194061279e-01
2.787670195102691650e-01
2.423294931650161743e-01
2.604343891143798828e-01
2.440121322870254517e-01
2.294518500566482544e-01
2.702409029006958008e-01
2.287447303533554077e-01
2.258651256561279297e-01
2.616089880466461182e-01
2.585656344890594482e-01
2.619377076625823975e-01
2.257598638534545898e-01
2.634443938732147217e-01
2.581816315650939941e-01
2.757880687713623047e-01
2.549842596054077148e-01
2.554732859134674072e-01
2.379996627569198608e-01
2.374607175588607788e-01
2.745238542556762695e-01
2.961711585521697998e-01
2.448917776346206665e-01
2.499757856130599976e-01
2.608465254306793213e-01
2.423086166381835938e-01
3.148098886013031006e-01
2.808251678943634033e-01
2.550527155399322510e-01
2.717887759208679199e-01
2.339134961366653442e-01
2.429692745208740234e-01
2.476318329572677612e-01
2.611167728900909424e-01
3.067480623722076416e-01
2.829603850841522217e-01
2.259595841169357300e-01
2.452407628297805786e-01
2.703144550323486328e-01
2.386231869459152222e-01
2.817758023738861084e-01
2.761434614658355713e-01
2.671525776386260986e-01
2.811439931392669678e-01
2.842913866043090820e-01
2.528694868087768555e-01
2.804200351238250732e-01
2.885719835758209229e-01
2.450487166643142700e-01
2.641467154026031494e-01
2.776163518428802490e-01
2.414019703865051270e-01
2.596588432788848877e-01
2.672489583492279053e-01
2.480055838823318481e-01
2.425206154584884644e-01
2.552990019321441650e-01
2.375736981630325317e-01
3.268455564975738525e-01
2.504537403583526611e-01
2.853905260562896729e-01
2.768917679786682129e-01
2.534613013267517090e-01
2.858150303363800049e-01
2.165083885192871094e-01
2.770190238952636719e-01
2.387269586324691772e-01
2.445888072252273560e-01
2.509104907512664795e-01
2.478431016206741333e-01
2.402065396308898926e-01
2.645955085754394531e-01
2.503231167793273926e-01
2.274499386548995972e-01
2.220711708068847656e-01
2.881532311439514160e-01
2.544842362403869629e-01
2.683787345886230469e-01
2.355083078145980835e-01
2.767422497272491455e-01
2.303649783134460449e-01
2.424478083848953247e-01
2.334792166948318481e-01
2.835590541362762451e-01
2.824031412601470947e-01
2.353198081254959106e-01
2.324779778718948364e-01
2.451592236757278442e-01
2.619570791721343994e-01
2.357081174850463867e-01
2.966865003108978271e-01
2.766205668449401855e-01
2.412195205688476562e-01
2.484623044729232788e-01
2.308555841445922852e-01
2.191208600997924805e-01
3.134112656116485596e-01
2.396575659513473511e-01
2.555808722972869873e-01
2.613590955734252930e-01
2.872223854064941406e-01
3.126893937587738037e-01
2.955393195152282715e-01
2.834640443325042725e-01
2.600558102130889893e-01
2.626077234745025635e-01
3.318665027618408203e-01
2.979860305786132812e-01
2.878264188766479492e-01
2.697250843048095703e-01
2.277621179819107056e-01
2.522336840629577637e-01
2.804752588272094727e-01
2.475916892290115356e-01
2.302643805742263794e-01
2.710543870925903320e-01
2.208845019340515137e-01
2.407156676054000854e-01
2.722436487674713135e-01
2.240047603845596313e-01
2.585285604000091553e-01
2.456194162368774414e-01
2.379577904939651489e-01
2.417423725128173828e-01
2.650650441646575928e-01
2.444903701543807983e-01
2.564191222190856934e-01
3.119296431541442871e-01
3.013034760951995850e-01
2.762052118778228760e-01
3.460014760494232178e-01
3.090643882751464844e-01
2.583199739456176758e-01
2.622608840465545654e-01
2.723044455051422119e-01
2.651572227478027344e-01
2.554287016391754150e-01
2.753268778324127197e-01
2.413539886474609375e-01
2.270504981279373169e-01
2.288831472396850586e-01
2.374623864889144897e-01
2.340556383132934570e-01
2.531836330890655518e-01
2.851841747760772705e-01
2.594142258167266846e-01
2.316181212663650513e-01
2.560625970363616943e-01
2.650406062602996826e-01
2.302697151899337769e-01
2.570911943912506104e-01
2.614807188510894775e-01
2.394030839204788208e-01
2.304380387067794800e-01
2.722789049148559570e-01
2.355570048093795776e-01
2.481877803802490234e-01
3.023318350315093994e-01
3.587434291839599609e-01
2.562437951564788818e-01
2.504160702228546143e-01
2.870950400829315186e-01
2.473441511392593384e-01
2.437211275100708008e-01
2.957423925399780273e-01
2.189581394195556641e-01
2.953716814517974854e-01
2.626647949218750000e-01
2.521083056926727295e-01
2.393240332603454590e-01
2.426255345344543457e-01
2.716250121593475342e-01
2.735856175422668457e-01
2.464006543159484863e-01
2.617126703262329102e-01
2.667945921421051025e-01
2.501566708087921143e-01
2.976750135421752930e-01
2.422978430986404419e-01
3.064592480659484863e-01
3.207768499851226807e-01
2.740899622440338135e-01
2.799482047557830811e-01
2.654851377010345459e-01
2.942506968975067139e-01
2.677626311779022217e-01
2.326096743345260620e-01
2.127975970506668091e-01
2.417070865631103516e-01
2.346679717302322388e-01
2.408282309770584106e-01
2.455558776855468750e-01
2.929879426956176758e-01
2.322167903184890747e-01
2.779172956943511963e-01
2.630439102649688721e-01
2.456979602575302124e-01
2.786121666431427002e-01
2.230227440595626831e-01
2.269281148910522461e-01
2.806400060653686523e-01
2.268418818712234497e-01
2.766769230365753174e-01
2.512634098529815674e-01
2.963110506534576416e-01
2.762388288974761963e-01
2.618728578090667725e-01
2.528826296329498291e-01
2.850112020969390869e-01
2.565378248691558838e-01
2.434921264648437500e-01
2.529141604900360107e-01
2.630482912063598633e-01
2.332392781972885132e-01
3.167822659015655518e-01
3.065231740474700928e-01
2.404995113611221313e-01
3.672851026058197021e-01
2.676425278186798096e-01
2.342153340578079224e-01
3.104318380355834961e-01
2.352017313241958618e-01
2.585738301277160645e-01
2.825825512409210205e-01
2.495905756950378418e-01
2.635341882705688477e-01
2.692999541759490967e-01
2.347609251737594604e-01
2.250513583421707153e-01
2.391379028558731079e-01
2.149057239294052124e-01
2.375554591417312622e-01
2.141989320516586304e-01
2.347492575645446777e-01
2.630769312381744385e-01
3.175558745861053467e-01
2.846419215202331543e-01
2.242020517587661743e-01
2.436076253652572632e-01
2.776060402393341064e-01
2.468655109405517578e-01
2.379998713731765747e-01
2.289226204156875610e-01
2.770642042160034180e-01
2.635070681571960449e-01
2.324585467576980591e-01
2.661025822162628174e-01
2.526819407939910889e-01
2.559604346752166748e-01
2.913418412208557129e-01
2.215637564659118652e-01
2.223349213600158691e-01
2.515272796154022217e-01
2.801268398761749268e-01
3.154034316539764404e-01
2.379016280174255371e-01
2.291644066572189331e-01
2.533012032508850098e-01
2.502703964710235596e-01
2.403529137372970581e-01
2.303782105445861816e-01
3.059467971324920654e-01
2.517482340335845947e-01
3.071469366550445557e-01
2.421430498361587524e-01
2.408645004034042358e-01
2.222490459680557251e-01
2.616707384586334229e-01
2.839200496673583984e-01
2.195344567298889160e-01
2.530408203601837158e-01
2.392379492521286011e-01
2.332345098257064819e-01
2.353231161832809448e-01
2.347316145896911621e-01
2.954411804676055908e-01
3.379287421703338623e-01
3.256047964096069336e-01
2.318082302808761597e-01
2.363569587469100952e-01
2.123718708753585815e-01
2.701049447059631348e-01
3.233440518379211426e-01
2.385748624801635742e-01
2.887372672557830811e-01
3.689406216144561768e-01
3.223138451576232910e-01
2.446331530809402466e-01
2.657946944236755371e-01
2.299491167068481445e-01
2.640142440795898438e-01
2.926631867885589600e-01
2.664347887039184570e-01
2.942853569984436035e-01
2.348879575729370117e-01
2.491971701383590698e-01
3.437105417251586914e-01
2.510332763195037842e-01
4.073305130004882812e-01
2.677597105503082275e-01
2.555020153522491455e-01
2.573620080947875977e-01
2.454522103071212769e-01
2.223440259695053101e-01
2.710422873497009277e-01
2.534368932247161865e-01
2.793759703636169434e-01
2.879852354526519775e-01
2.963311374187469482e-01
2.335123568773269653e-01
2.921431958675384521e-01
3.677780926227569580e-01
2.608994841575622559e-01
2.989302575588226318e-01
3.318800926208496094e-01
2.700349390506744385e-01
2.490184307098388672e-01
2.406139522790908813e-01
2.567025423049926758e-01
2.875595092773437500e-01
2.395629435777664185e-01
2.267381548881530762e-01
2.390866279602050781e-01
2.418392449617385864e-01
2.329149246215820312e-01
2.078501582145690918e-01
2.507489025592803955e-01
2.610639929771423340e-01
2.596035599708557129e-01
3.025544881820678711e-01
2.383517622947692871e-01
2.263878136873245239e-01
2.335402220487594604e-01
2.341351509094238281e-01
2.591286897659301758e-01
2.956442832946777344e-01
2.575053870677947998e-01
2.483317106962203979e-01
2.637395262718200684e-01
3.483465611934661865e-01
2.505556046962738037e-01
2.293709516525268555e-01
2.452020496129989624e-01
3.085342347621917725e-01
2.473813295364379883e-01
2.518817782402038574e-01
2.851039469242095947e-01
2.199656963348388672e-01
2.491827011108398438e-01
2.984530031681060791e-01
2.413874864578247070e-01
2.374606728553771973e-01
2.390952855348587036e-01
2.881752550601959229e-01
4.111916720867156982e-01
2.287857383489608765e-01
2.498940378427505493e-01
2.198846489191055298e-01
2.577130198478698730e-01
2.790623605251312256e-01
2.633500993251800537e-01
2.353901863098144531e-01
2.620546221733093262e-01
2.524223029613494873e-01
2.466940283775329590e-01
2.216462343931198120e-01
2.611658871173858643e-01
2.273794263601303101e-01
2.667079865932464600e-01
2.372703105211257935e-01
3.228438794612884521e-01
2.094732522964477539e-01
2.490222454071044922e-01
2.359990924596786499e-01
2.477902323007583618e-01
2.791984379291534424e-01
2.546758651733398438e-01
2.620469629764556885e-01
2.067082375288009644e-01
2.494429796934127808e-01
2.979822456836700439e-01
2.532456815242767334e-01
2.891341149806976318e-01
2.281966060400009155e-01
2.597934007644653320e-01
2.250410765409469604e-01
2.277661114931106567e-01
2.649275958538055420e-01
2.255316823720932007e-01
2.564144432544708252e-01
2.530749142169952393e-01
2.263552993535995483e-01
2.368200868368148804e-01
2.218780964612960815e-01
3.594085872173309326e-01
2.426374703645706177e-01
2.816514968872070312e-01
2.474638670682907104e-01
3.274976313114166260e-01
2.464586943387985229e-01
2.352555990219116211e-01
5.572219491004943848e-01
2.275339215993881226e-01
2.758820950984954834e-01
2.371206134557723999e-01
2.612192034721374512e-01
2.509768307209014893e-01
2.982588112354278564e-01
2.708854973316192627e-01
2.645305991172790527e-01
2.824155688285827637e-01
3.465729653835296631e-01
3.055853545665740967e-01
3.334461450576782227e-01
3.516545295715332031e-01
3.401190936565399170e-01
3.509784936904907227e-01
2.963826358318328857e-01
3.465313911437988281e-01
3.227130472660064697e-01
2.729478776454925537e-01
2.743720710277557373e-01
2.916163504123687744e-01
2.790789902210235596e-01
3.333955705165863037e-01
2.764293551445007324e-01
3.714724481105804443e-01
3.095510303974151611e-01
3.492660522460937500e-01
2.938850224018096924e-01
2.665184736251831055e-01
2.617439925670623779e-01
2.572466433048248291e-01
4.239778220653533936e-01
2.730678319931030273e-01
2.717327773571014404e-01
2.305605262517929077e-01
3.290730118751525879e-01
2.568869590759277344e-01
2.482740879058837891e-01
2.871397435665130615e-01
2.457530498504638672e-01
2.472161501646041870e-01
2.787683308124542236e-01
2.657633125782012939e-01
2.516717910766601562e-01
2.660832107067108154e-01
2.665254473686218262e-01
2.906882464885711670e-01
3.121261894702911377e-01
2.605813443660736084e-01
2.828361690044403076e-01
2.630062401294708252e-01
3.155548870563507080e-01
3.016918301582336426e-01
2.549344301223754883e-01
2.256919145584106445e-01
2.789020836353302002e-01
3.046038448810577393e-01
3.218660652637481689e-01
2.978142797946929932e-01
2.496742010116577148e-01
2.262989133596420288e-01
2.560351192951202393e-01
2.632288634777069092e-01
2.178293913602828979e-01
2.591749131679534912e-01
2.717729508876800537e-01
2.405702918767929077e-01
2.500690221786499023e-01
2.782557904720306396e-01
2.793463766574859619e-01
2.171826511621475220e-01
2.380846291780471802e-01
2.390426397323608398e-01
2.607215642929077148e-01
2.434709072113037109e-01
2.749558985233306885e-01
2.796707451343536377e-01
2.420529574155807495e-01
2.311398237943649292e-01
2.737696468830108643e-01
2.930376827716827393e-01
2.746463716030120850e-01
3.170091211795806885e-01
2.287037223577499390e-01
2.691697180271148682e-01
2.506445944309234619e-01
2.610732913017272949e-01
2.686354219913482666e-01
2.450857013463973999e-01
2.501167953014373779e-01
2.393925935029983521e-01
2.718063890933990479e-01
2.634660899639129639e-01
2.558608949184417725e-01
2.280716747045516968e-01
2.943980395793914795e-01
2.877292931079864502e-01
2.395059466361999512e-01
3.360364139080047607e-01
2.157958000898361206e-01
2.352145761251449585e-01
2.623499929904937744e-01
2.327555567026138306e-01
2.376547306776046753e-01
2.523749768733978271e-01
2.574925422668457031e-01
2.413872629404067993e-01
3.240162432193756104e-01
2.977736890316009521e-01
2.322639673948287964e-01
2.540330886840820312e-01
2.315368652343750000e-01
2.482346296310424805e-01
2.224524766206741333e-01
2.540906965732574463e-01
2.809619009494781494e-01
2.467510700225830078e-01
2.883585989475250244e-01
2.262604981660842896e-01
2.645755708217620850e-01
2.711600363254547119e-01
2.798287868499755859e-01
2.440559864044189453e-01
2.124787420034408569e-01
2.249485701322555542e-01
2.258603572845458984e-01
2.533554434776306152e-01
2.690904140472412109e-01
2.484184503555297852e-01
2.298425436019897461e-01
2.277523726224899292e-01
3.053336441516876221e-01
2.190701812505722046e-01
2.415047287940979004e-01
3.297677338123321533e-01
2.616377174854278564e-01
2.791436910629272461e-01
2.626457512378692627e-01
2.633289992809295654e-01
2.693552076816558838e-01
2.250611037015914917e-01
2.310372442007064819e-01
2.452840209007263184e-01
2.844408750534057617e-01
2.669857740402221680e-01
2.806679904460906982e-01
2.522166073322296143e-01
2.242576926946640015e-01
2.149078100919723511e-01
2.542589902877807617e-01
2.318433970212936401e-01
2.632692754268646240e-01
2.241114526987075806e-01
2.576810717582702637e-01
2.602590024471282959e-01
2.678935229778289795e-01
2.277350425720214844e-01
2.602973580360412598e-01
3.598662316799163818e-01
2.367140203714370728e-01
2.558927237987518311e-01
2.473301142454147339e-01
2.092010974884033203e-01
2.631963491439819336e-01
2.742151021957397461e-01
2.245154976844787598e-01
2.986777722835540771e-01
2.182550579309463501e-01
2.890060245990753174e-01
2.167129069566726685e-01
2.151803374290466309e-01
2.397573143243789673e-01
2.767132818698883057e-01
2.125373631715774536e-01
2.938852310180664062e-01
2.612553536891937256e-01
2.259130477905273438e-01
2.410825043916702271e-01
2.389031648635864258e-01
2.098292112350463867e-01
2.761520147323608398e-01
2.331099510192871094e-01
2.519079744815826416e-01
2.396812587976455688e-01
2.567698657512664795e-01
3.460382521152496338e-01
2.652110457420349121e-01
2.545672059059143066e-01
3.019903898239135742e-01
2.396184951066970825e-01
2.492765337228775024e-01
2.800582945346832275e-01
2.584663331508636475e-01
2.432441264390945435e-01
2.755977213382720947e-01
2.811697721481323242e-01
2.819899320602416992e-01
2.740782797336578369e-01
3.171677887439727783e-01
2.305352538824081421e-01
2.846120595932006836e-01
2.629858851432800293e-01
2.998692989349365234e-01
2.534872293472290039e-01
2.439843416213989258e-01
2.859520316123962402e-01
2.284557819366455078e-01
2.537771165370941162e-01
2.201908677816390991e-01
2.565761506557464600e-01
2.483005523681640625e-01
2.446762472391128540e-01
3.261500298976898193e-01
2.886154055595397949e-01
2.574264407157897949e-01
2.395383864641189575e-01
2.556454241275787354e-01
2.451246827840805054e-01
2.240418642759323120e-01
2.232908755540847778e-01
4.476325809955596924e-01
2.475798875093460083e-01
2.723493278026580811e-01
2.513839900493621826e-01
2.559285461902618408e-01
2.787404656410217285e-01
2.741735875606536865e-01
2.415692061185836792e-01
2.833737134933471680e-01
2.807203233242034912e-01
2.773254811763763428e-01
2.639934122562408447e-01
2.351752519607543945e-01
3.324674069881439209e-01
2.571988999843597412e-01
2.720005214214324951e-01
2.270734310150146484e-01
2.615574300289154053e-01
2.772844731807708740e-01
2.507587969303131104e-01
2.586514949798583984e-01
2.666517794132232666e-01
3.113617002964019775e-01
2.655458748340606689e-01
2.572862803936004639e-01
2.605529129505157471e-01
2.176630944013595581e-01
2.407352328300476074e-01
2.582578063011169434e-01
2.619303166866302490e-01
2.739734351634979248e-01
2.433963418006896973e-01
2.606780827045440674e-01
2.833513915538787842e-01
3.347243368625640869e-01
2.476737052202224731e-01
3.025124073028564453e-01
2.650742828845977783e-01
2.869100272655487061e-01
2.289329767227172852e-01
2.816497385501861572e-01
2.526096999645233154e-01
2.714401781558990479e-01
2.377075403928756714e-01
2.228023558855056763e-01
2.224945276975631714e-01
2.461185902357101440e-01
2.160005122423171997e-01
3.296016156673431396e-01
4.187840521335601807e-01
3.074553310871124268e-01
2.760757505893707275e-01
2.709732651710510254e-01
2.777615487575531006e-01
2.627928555011749268e-01
2.507492899894714355e-01
2.544788122177124023e-01
2.356216311454772949e-01
2.722941040992736816e-01
2.366613149642944336e-01
2.215802073478698730e-01
2.554978430271148682e-01
2.100334763526916504e-01
2.456143349409103394e-01
2.245401591062545776e-01
2.144182920455932617e-01
2.969495952129364014e-01
2.442946434020996094e-01
2.905035316944122314e-01
2.188159674406051636e-01
2.476888149976730347e-01
2.528242766857147217e-01
2.255391627550125122e-01
2.089358121156692505e-01
2.296157926321029663e-01
2.456135302782058716e-01
2.163077592849731445e-01
2.328365296125411987e-01
2.315181940793991089e-01
2.578870058059692383e-01
2.234834283590316772e-01
2.623445987701416016e-01
2.389694899320602417e-01
2.345041036605834961e-01
2.185580730438232422e-01
2.253190875053405762e-01
2.652373015880584717e-01
2.495603114366531372e-01
2.617712914943695068e-01
2.523353397846221924e-01
2.564407587051391602e-01
2.523477971553802490e-01
2.355191260576248169e-01
2.457116991281509399e-01
2.541673481464385986e-01
2.414905875921249390e-01
2.383483499288558960e-01
2.596399188041687012e-01
2.532309293746948242e-01
3.041141331195831299e-01
2.669492959976196289e-01
2.432135790586471558e-01
2.207037359476089478e-01
2.382127046585083008e-01
2.478048056364059448e-01
2.140712887048721313e-01
2.433353215456008911e-01
2.496109157800674438e-01
2.655586898326873779e-01
2.733039557933807373e-01
2.902517914772033691e-01
2.663857042789459229e-01
2.341451197862625122e-01
2.478499412536621094e-01
2.723119258880615234e-01
2.653282582759857178e-01
2.193600535392761230e-01
2.321390658617019653e-01
2.204693406820297241e-01
2.289120703935623169e-01
2.601686418056488037e-01
2.126108407974243164e-01
2.973838150501251221e-01
2.981239855289459229e-01
2.079463005065917969e-01
3.058035671710968018e-01
2.570263445377349854e-01
3.140169680118560791e-01
2.308555096387863159e-01
2.901898622512817383e-01
2.454270720481872559e-01
2.417887002229690552e-01
2.517695128917694092e-01
2.557242810726165771e-01
2.376173734664916992e-01
2.237502336502075195e-01
2.758034467697143555e-01
2.567956149578094482e-01
2.209715992212295532e-01
2.393514513969421387e-01
2.346857339143753052e-01
2.291374206542968750e-01
2.590621411800384521e-01
2.512091696262359619e-01
2.461741119623184204e-01
2.987081408500671387e-01
2.389460206031799316e-01
2.285333871841430664e-01
2.919857800006866455e-01
2.761771380901336670e-01
2.443676590919494629e-01
2.505188882350921631e-01
2.459266930818557739e-01
2.666549980640411377e-01
2.468946725130081177e-01
2.365900874137878418e-01
2.244017273187637329e-01
2.330489009618759155e-01
2.459645867347717285e-01
2.274418920278549194e-01
2.155776172876358032e-01
2.295997291803359985e-01
2.847006022930145264e-01
2.242941260337829590e-01
2.703075110912322998e-01
2.377886921167373657e-01
2.538770139217376709e-01
2.347011715173721313e-01
2.281808853149414062e-01
2.279583662748336792e-01
2.191830873489379883e-01
2.792470753192901611e-01
2.484278827905654907e-01
2.162226587533950806e-01
2.351035326719284058e-01
2.075387835502624512e-01
2.191638499498367310e-01
2.656967639923095703e-01
2.276305407285690308e-01
3.687697947025299072e-01
2.454040050506591797e-01
2.588022947311401367e-01
2.308900356292724609e-01
2.669978141784667969e-01
2.453366070985794067e-01
2.531267106533050537e-01
2.822380661964416504e-01
2.741395533084869385e-01
2.743891179561614990e-01
2.386388629674911499e-01
2.445044666528701782e-01
2.424355596303939819e-01
2.473519444465637207e-01
2.262690514326095581e-01
2.291131019592285156e-01
2.478112131357192993e-01
2.322823554277420044e-01
2.268365770578384399e-01
2.685814499855041504e-01
2.179312258958816528e-01
3.067311942577362061e-01
2.497468441724777222e-01
2.583166360855102539e-01
2.383403182029724121e-01
2.313309460878372192e-01
2.133126705884933472e-01
2.544031143188476562e-01
2.285838276147842407e-01
3.277649581432342529e-01
2.452172040939331055e-01
2.545440196990966797e-01
2.415171265602111816e-01
2.262367606163024902e-01
2.330568283796310425e-01
2.883673906326293945e-01
3.172131478786468506e-01
2.689364850521087646e-01
2.498183846473693848e-01
2.161675542593002319e-01
2.378827929496765137e-01
2.414917796850204468e-01
2.578578293323516846e-01
2.849096059799194336e-01
2.563016712665557861e-01
2.390626072883605957e-01
2.453967332839965820e-01
2.145130187273025513e-01
2.218970656394958496e-01
2.488926649093627930e-01
2.649389505386352539e-01
2.112253159284591675e-01
2.155527621507644653e-01
2.845595180988311768e-01
3.435996770858764648e-01
2.212162762880325317e-01
2.047421187162399292e-01
2.486597299575805664e-01
2.171922773122787476e-01
2.391155362129211426e-01
2.321033626794815063e-01
2.965209186077117920e-01
2.228752970695495605e-01
2.972526550292968750e-01
2.610330879688262939e-01
2.784446477890014648e-01
2.063867300748825073e-01
2.723522782325744629e-01
2.294652014970779419e-01
2.606525421142578125e-01
2.693512737751007080e-01
2.657090425491333008e-01
3.046191930770874023e-01
2.333915680646896362e-01
2.450970411300659180e-01
2.659465968608856201e-01
2.623744904994964600e-01
2.260720878839492798e-01
2.269064337015151978e-01
2.500684261322021484e-01
2.381308525800704956e-01
2.559161484241485596e-01
2.308620214462280273e-01
2.493993043899536133e-01
2.868617177009582520e-01
2.527154684066772461e-01
2.332492470741271973e-01
2.686904072761535645e-01
2.621340751647949219e-01
2.429753690958023071e-01
2.386980801820755005e-01
2.767565548419952393e-01
2.996264994144439697e-01
2.674653232097625732e-01
2.490612715482711792e-01
2.368377000093460083e-01
2.450076937675476074e-01
2.242813706398010254e-01
2.458258122205734253e-01
2.242194265127182007e-01
2.133120745420455933e-01
2.589889764785766602e-01
2.103785276412963867e-01
2.426313906908035278e-01
2.765840590000152588e-01
2.356695532798767090e-01
2.287985533475875854e-01
2.473808974027633667e-01
2.404780238866806030e-01
3.155651390552520752e-01
2.361093759536743164e-01
3.267506659030914307e-01
2.906626164913177490e-01
2.770068347454071045e-01
2.296657711267471313e-01
2.191970497369766235e-01
2.545075714588165283e-01
2.135087251663208008e-01
2.138002961874008179e-01
2.436563521623611450e-01
2.709676027297973633e-01
2.528487443923950195e-01
2.793363630771636963e-01
2.690254151821136475e-01
2.104287594556808472e-01
2.609378397464752197e-01
2.514391839504241943e-01
2.163197547197341919e-01
2.532355189323425293e-01
2.745838165283203125e-01
2.796567976474761963e-01
2.207419872283935547e-01
2.869428098201751709e-01
2.298579663038253784e-01
2.836320698261260986e-01
2.511714398860931396e-01
2.767198383808135986e-01
2.324552685022354126e-01
2.248060703277587891e-01
2.765282392501831055e-01
2.513318657875061035e-01
2.380583137273788452e-01
2.202459126710891724e-01
2.442870140075683594e-01
2.189185023307800293e-01
3.188149034976959229e-01
2.421022504568099976e-01
2.397616058588027954e-01
2.367865443229675293e-01
2.812447547912597656e-01
2.675797641277313232e-01
2.300880551338195801e-01
2.725948989391326904e-01
2.324733585119247437e-01
2.134273499250411987e-01
2.713685929775238037e-01
2.149595022201538086e-01
2.284383773803710938e-01
2.620392143726348877e-01
2.847506105899810791e-01
2.273200303316116333e-01
2.757165133953094482e-01
2.908319532871246338e-01
2.157480120658874512e-01
2.775653004646301270e-01
2.826302051544189453e-01
2.608822584152221680e-01
3.030060827732086182e-01
2.669397294521331787e-01
1.939954310655593872e-01
2.804487645626068115e-01
2.380133420228958130e-01
2.433801740407943726e-01
2.331381887197494507e-01
2.447086572647094727e-01
2.486194819211959839e-01
2.861759960651397705e-01
2.917833626270294189e-01
2.226664423942565918e-01
2.970157563686370850e-01
2.716397643089294434e-01
2.140508741140365601e-01
2.996717691421508789e-01
2.070554494857788086e-01
2.230743318796157837e-01
2.321902960538864136e-01
3.172083795070648193e-01
2.281450778245925903e-01
2.887565195560455322e-01
2.956250607967376709e-01
2.638261318206787109e-01
2.517215013504028320e-01
2.811332046985626221e-01
3.293251395225524902e-01
2.518407106399536133e-01
2.534905374050140381e-01
2.338912934064865112e-01
2.698231637477874756e-01
2.284672111272811890e-01
2.526527345180511475e-01
3.001875877380371094e-01
2.279483526945114136e-01
2.510049641132354736e-01
2.847938239574432373e-01
2.151493877172470093e-01
2.491662055253982544e-01
3.203919231891632080e-01
2.601106464862823486e-01
2.304574996232986450e-01
2.968022525310516357e-01
2.156559675931930542e-01
2.422740608453750610e-01
2.424463480710983276e-01
2.451808899641036987e-01
2.791794240474700928e-01
2.529910504817962646e-01
2.584807872772216797e-01
2.419630885124206543e-01
2.291469126939773560e-01
2.317222803831100464e-01
2.526360452175140381e-01
3.269455730915069580e-01
2.632922232151031494e-01
2.812947332859039307e-01
2.492932826280593872e-01
2.344990521669387817e-01
2.493193745613098145e-01
2.516348958015441895e-01
2.273247241973876953e-01
2.731135487556457520e-01
2.335164546966552734e-01
2.369873523712158203e-01
2.455331236124038696e-01
2.526840269565582275e-01
2.271602600812911987e-01
3.010961711406707764e-01
2.309301942586898804e-01
2.592505514621734619e-01
2.613288760185241699e-01
2.670232355594635010e-01
2.314990013837814331e-01
2.158588171005249023e-01
2.971860170364379883e-01
2.277820557355880737e-01
2.542562186717987061e-01
2.476802617311477661e-01
2.093083858489990234e-01
2.745627462863922119e-01
2.235810011625289917e-01
2.353589534759521484e-01
2.138187289237976074e-01
2.300510406494140625e-01
2.774046361446380615e-01
2.395658046007156372e-01
2.223819494247436523e-01
2.277936488389968872e-01
2.508238255977630615e-01
2.394362837076187134e-01
3.045245110988616943e-01
2.705208659172058105e-01
2.193623036146163940e-01
2.043570876121520996e-01
2.311274260282516479e-01
2.181345373392105103e-01
2.174197435379028320e-01
2.094818353652954102e-01
2.274331897497177124e-01
2.199988812208175659e-01
2.646466791629791260e-01
2.410602569580078125e-01
2.448587417602539062e-01
2.981986701488494873e-01
2.378687709569931030e-01
2.599206566810607910e-01
2.554007470607757568e-01
2.497311979532241821e-01
2.786363363265991211e-01
2.670436799526214600e-01
2.429450154304504395e-01
2.196683436632156372e-01
2.614788115024566650e-01
2.605703771114349365e-01
2.288877367973327637e-01
2.892386913299560547e-01
2.437487840652465820e-01
2.554605901241302490e-01
2.627888023853302002e-01
2.687253654003143311e-01
2.407484501600265503e-01
2.755792737007141113e-01
2.252800017595291138e-01
2.488251179456710815e-01
3.122889697551727295e-01
2.242466062307357788e-01
2.336412817239761353e-01
2.466004490852355957e-01
2.404739856719970703e-01
2.137270569801330566e-01
2.224714308977127075e-01
2.640100717544555664e-01
2.370481491088867188e-01
2.644539773464202881e-01
2.277167439460754395e-01
2.931781411170959473e-01
2.385985404253005981e-01
2.882202565670013428e-01
3.480150997638702393e-01
2.291862368583679199e-01
2.608720362186431885e-01
2.783907949924468994e-01
3.154701888561248779e-01
2.164725512266159058e-01
2.306838631629943848e-01
2.278463244438171387e-01
2.420830279588699341e-01
2.459736913442611694e-01
2.846161425113677979e-01
2.663923799991607666e-01
2.548047900199890137e-01
2.392244786024093628e-01
2.531978487968444824e-01
2.631398439407348633e-01
2.899294495582580566e-01
3.779162466526031494e-01
2.324354052543640137e-01
2.329648137092590332e-01
2.336684912443161011e-01
2.406620234251022339e-01
2.216395884752273560e-01
2.141296118497848511e-01
2.483572959899902344e-01
2.851675748825073242e-01
2.232547253370285034e-01
2.170643657445907593e-01
2.441700696945190430e-01
2.534797191619873047e-01
2.782494127750396729e-01
2.260303944349288940e-01
2.443677932024002075e-01
2.646655440330505371e-01
2.844648659229278564e-01
2.431081533432006836e-01
2.450091242790222168e-01
2.589984536170959473e-01
2.232223153114318848e-01
2.666626572608947754e-01
2.977429926395416260e-01
2.572625577449798584e-01
2.289598137140274048e-01
2.696027457714080811e-01
2.329018712043762207e-01
2.549538314342498779e-01
2.416642904281616211e-01
2.341248989105224609e-01
2.390159368515014648e-01
2.583993673324584961e-01
2.255557030439376831e-01
2.906480729579925537e-01
2.491133958101272583e-01
2.215169519186019897e-01
2.769124209880828857e-01
2.636474668979644775e-01
2.448088079690933228e-01
3.109253346920013428e-01
2.381991297006607056e-01
2.770892679691314697e-01
2.833438217639923096e-01
2.585240304470062256e-01
2.370042055845260620e-01
2.175176143646240234e-01
2.400093525648117065e-01
3.074529469013214111e-01
2.266449928283691406e-01
2.627847194671630859e-01
2.382384985685348511e-01
2.611868381500244141e-01
2.259371727705001831e-01
2.733393609523773193e-01
2.319343537092208862e-01
2.048418372869491577e-01
2.614244222640991211e-01
2.191313952207565308e-01
2.076934576034545898e-01
2.937869727611541748e-01
2.413046509027481079e-01
2.875491976737976074e-01
2.488032430410385132e-01
2.537085115909576416e-01
2.630424499511718750e-01
2.538093626499176025e-01
2.604770958423614502e-01
2.276474237442016602e-01
2.926629483699798584e-01
2.419221401214599609e-01
2.362940311431884766e-01
2.714485824108123779e-01
2.470659166574478149e-01
2.227306365966796875e-01
3.580034673213958740e-01
2.668537199497222900e-01
2.133857011795043945e-01
2.468286007642745972e-01
2.543210089206695557e-01
2.389029264450073242e-01
2.292184233665466309e-01
2.063672542572021484e-01
2.087764889001846313e-01
2.789573967456817627e-01
2.375253885984420776e-01
2.664462625980377197e-01
2.229866236448287964e-01
2.536436319351196289e-01
3.317590653896331787e-01
2.377712875604629517e-01
2.470016479492187500e-01
2.565564215183258057e-01
2.971759140491485596e-01
2.638445794582366943e-01
2.309301942586898804e-01
2.355385869741439819e-01
2.161909937858581543e-01
2.149290442466735840e-01
2.239563912153244019e-01
2.364912629127502441e-01
2.437334060668945312e-01
2.313680648803710938e-01
2.880810797214508057e-01
2.059240341186523438e-01
2.498940825462341309e-01
2.360012084245681763e-01
2.220821380615234375e-01
2.637329399585723877e-01
2.306969612836837769e-01
2.130464762449264526e-01
2.422259896993637085e-01
2.274640649557113647e-01
2.331939488649368286e-01
2.772979140281677246e-01
2.164690643548965454e-01
2.553916871547698975e-01
2.117830663919448853e-01
2.133542150259017944e-01
2.273221760988235474e-01
2.164205461740493774e-01
3.880390226840972900e-01
2.011623382568359375e-01
2.631305158138275146e-01
2.839548885822296143e-01
2.268808633089065552e-01
2.321876287460327148e-01
2.392749935388565063e-01
2.681026756763458252e-01
2.164564579725265503e-01
2.267070412635803223e-01
2.510919570922851562e-01
2.187578678131103516e-01
2.823572754859924316e-01
2.307767719030380249e-01
2.208873033523559570e-01
3.501008749008178711e-01
2.514159679412841797e-01
2.737065851688385010e-01
2.529281079769134521e-01
2.743936479091644287e-01
2.148616760969161987e-01
2.389557361602783203e-01
2.521013319492340088e-01
2.281159162521362305e-01
2.363617420196533203e-01
2.528690099716186523e-01
2.395488470792770386e-01
2.381121665239334106e-01
2.167448401451110840e-01
2.866788804531097412e-01
2.345199733972549438e-01
2.599955499172210693e-01
2.151520848274230957e-01
2.367522865533828735e-01
2.731558978557586670e-01
2.478957176208496094e-01
2.244462817907333374e-01
2.357707470655441284e-01
2.401583939790725708e-01
2.596810758113861084e-01
2.595227658748626709e-01
2.396597862243652344e-01
2.385616749525070190e-01
2.363476306200027466e-01
2.568942308425903320e-01
2.292250394821166992e-01
2.314118891954421997e-01
2.155655026435852051e-01
2.178720384836196899e-01
2.789280712604522705e-01
2.435762137174606323e-01
2.942880392074584961e-01
2.145471721887588501e-01
3.120972812175750732e-01
2.320903986692428589e-01
2.225501388311386108e-01
2.600827515125274658e-01
2.086017876863479614e-01
2.551393508911132812e-01
2.473583072423934937e-01
2.252626568078994751e-01
2.236025333404541016e-01
2.425272315740585327e-01
2.327927201986312866e-01
2.408840656280517578e-01
2.073803693056106567e-01
2.402119487524032593e-01
2.510283291339874268e-01
3.038698136806488037e-01
2.392241507768630981e-01
2.487806826829910278e-01
2.056691050529479980e-01
2.335776239633560181e-01
2.183495014905929565e-01
2.496745139360427856e-01
2.674798667430877686e-01
2.146769911050796509e-01
2.483599185943603516e-01
2.163829803466796875e-01
2.179725766181945801e-01
2.516445517539978027e-01
2.788410484790802002e-01
2.299740314483642578e-01
2.367185503244400024e-01
2.607527673244476318e-01
2.200311869382858276e-01
2.235406190156936646e-01
2.473563700914382935e-01
1.919414550065994263e-01
2.584571838378906250e-01
2.182788252830505371e-01
2.244141250848770142e-01
2.337051481008529663e-01
2.490261793136596680e-01
2.128385752439498901e-01
2.621797621250152588e-01
2.615264952182769775e-01
2.128607630729675293e-01
2.271753400564193726e-01
2.564984858036041260e-01
2.548448741436004639e-01
2.724464237689971924e-01
2.294022440910339355e-01
2.179342061281204224e-01
2.442298680543899536e-01
2.337357252836227417e-01
2.710908651351928711e-01
2.162060290575027466e-01
2.460831552743911743e-01
2.509143054485321045e-01
2.347418814897537231e-01
2.202053815126419067e-01
2.238460034132003784e-01
2.756844460964202881e-01
2.107607126235961914e-01
2.475230842828750610e-01
2.368365079164505005e-01
2.350970059633255005e-01
2.297620028257369995e-01
2.652792930603027344e-01
2.677708864212036133e-01
2.330080717802047729e-01
2.124578356742858887e-01
2.316675037145614624e-01
2.815791368484497070e-01
2.345342636108398438e-01
2.779605984687805176e-01
2.480670958757400513e-01
2.286365628242492676e-01
2.021941691637039185e-01
3.087075948715209961e-01
2.473893612623214722e-01
1.942353695631027222e-01
2.299407124519348145e-01
2.560408115386962891e-01
2.269839495420455933e-01
2.368788719177246094e-01
2.731203734874725342e-01
2.760726511478424072e-01
2.287811487913131714e-01
2.927778959274291992e-01
2.642405033111572266e-01
2.972298562526702881e-01
3.451273441314697266e-01
2.603884041309356689e-01
2.367429286241531372e-01
2.598173916339874268e-01
2.229862213134765625e-01
3.725472390651702881e-01
2.650525271892547607e-01
2.456239461898803711e-01
2.515406310558319092e-01
2.554812133312225342e-01
2.646516859531402588e-01
2.246304750442504883e-01
2.819016575813293457e-01
2.534457147121429443e-01
2.520782947540283203e-01
2.261354774236679077e-01
2.809462547302246094e-01
2.181722074747085571e-01
2.770666480064392090e-01
2.340476512908935547e-01
2.445671558380126953e-01
2.634378373622894287e-01
2.196616381406784058e-01
2.594738006591796875e-01
2.233369201421737671e-01
2.093271762132644653e-01
2.305938452482223511e-01
2.976539134979248047e-01
2.909704744815826416e-01
3.227109909057617188e-01
2.782472968101501465e-01
2.921957671642303467e-01
2.564339339733123779e-01
2.599174976348876953e-01
2.757298052310943604e-01
2.625835239887237549e-01
3.073884248733520508e-01
2.240005582571029663e-01
2.119906097650527954e-01
2.585341930389404297e-01
2.396035194396972656e-01
2.809036374092102051e-01
2.285959869623184204e-01
2.338523715734481812e-01
2.786758244037628174e-01
2.643355727195739746e-01
2.309166342020034790e-01
2.313985377550125122e-01
2.426094859838485718e-01
2.151780873537063599e-01
2.304267436265945435e-01
2.868279516696929932e-01
2.397476881742477417e-01
2.316947579383850098e-01
2.033687233924865723e-01
2.598849534988403320e-01
3.301250040531158447e-01
3.199202716350555420e-01
2.209725230932235718e-01
2.221634536981582642e-01
2.708678543567657471e-01
2.239862233400344849e-01
2.147590667009353638e-01
2.374598383903503418e-01
2.207432538270950317e-01
2.435279041528701782e-01
2.480811923742294312e-01
2.706270813941955566e-01
2.366860508918762207e-01
4.088406562805175781e-01
2.272154539823532104e-01
2.526227235794067383e-01
2.173360139131546021e-01
2.281738370656967163e-01
2.635912299156188965e-01
2.499183565378189087e-01
2.367852479219436646e-01
2.339619547128677368e-01
2.418397665023803711e-01
2.591741979122161865e-01
2.286720871925354004e-01
2.351245284080505371e-01
2.816739380359649658e-01
2.385820746421813965e-01
2.670190632343292236e-01
2.573427259922027588e-01
2.469786554574966431e-01
2.351649552583694458e-01
2.456073760986328125e-01
2.317997217178344727e-01
2.190260142087936401e-01
2.310507893562316895e-01
2.287589311599731445e-01
2.869270145893096924e-01
1.929387003183364868e-01
2.665003240108489990e-01
2.140355259180068970e-01
2.300252914428710938e-01
2.422635704278945923e-01
2.280321866273880005e-01
2.623139619827270508e-01
3.093990087509155273e-01
2.627501189708709717e-01
2.250372916460037231e-01
2.452064156532287598e-01
2.534458935260772705e-01
2.500609457492828369e-01
2.099970728158950806e-01
2.277922630310058594e-01
2.259448021650314331e-01
2.470207214355468750e-01
2.171627283096313477e-01
2.246696352958679199e-01
2.173949033021926880e-01
2.533070147037506104e-01
2.397959381341934204e-01
2.206825017929077148e-01
2.300902605056762695e-01
2.403259128332138062e-01
2.372871041297912598e-01
2.368633300065994263e-01
2.655489742755889893e-01
3.396092653274536133e-01
2.080967575311660767e-01
2.585014402866363525e-01
2.388348579406738281e-01
2.229241579771041870e-01
2.279192656278610229e-01
2.122613638639450073e-01
2.575226128101348877e-01
2.409309148788452148e-01
2.266696691513061523e-01
2.603692710399627686e-01
2.339702844619750977e-01
3.381330668926239014e-01
2.346420139074325562e-01
2.488912194967269897e-01
2.289832383394241333e-01
2.651343941688537598e-01
2.395651936531066895e-01
2.422011345624923706e-01
2.342087030410766602e-01
2.259321957826614380e-01
2.210516184568405151e-01
2.315628528594970703e-01
2.302586585283279419e-01
2.645674049854278564e-01
2.305401712656021118e-01
2.843708693981170654e-01
2.650029063224792480e-01
2.976638376712799072e-01
2.143501043319702148e-01
2.653512656688690186e-01
2.570756375789642334e-01
2.882315814495086670e-01
2.297554761171340942e-01
2.558578252792358398e-01
2.413859963417053223e-01
2.557046115398406982e-01
2.014098018407821655e-01
2.246500998735427856e-01
2.642852663993835449e-01
2.358589172363281250e-01
2.539389431476593018e-01
2.314035743474960327e-01
2.659218609333038330e-01
2.320540100336074829e-01
2.236327677965164185e-01
2.414505034685134888e-01
2.256644964218139648e-01
2.188612669706344604e-01
2.155386209487915039e-01
2.251923680305480957e-01
2.547002732753753662e-01
3.058582842350006104e-01
2.929887473583221436e-01
2.788419425487518311e-01
1.919342130422592163e-01
2.047705203294754028e-01
2.795364558696746826e-01
2.411016970872879028e-01
2.480197101831436157e-01
2.560669481754302979e-01
2.857946753501892090e-01
2.674706280231475830e-01
2.011097669601440430e-01
2.708719670772552490e-01
2.562377154827117920e-01
2.395373433828353882e-01
2.612029314041137695e-01
2.785851657390594482e-01
2.678408622741699219e-01
2.596267759799957275e-01
2.101680189371109009e-01
2.386178523302078247e-01
2.280881404876708984e-01
2.425495386123657227e-01
1.924611777067184448e-01
2.449324876070022583e-01
2.278831005096435547e-01
2.449697852134704590e-01
2.837831676006317139e-01
2.336268275976181030e-01
2.523090839385986328e-01
2.791691124439239502e-01
3.163006007671356201e-01
2.607604861259460449e-01
2.239621728658676147e-01
2.794389426708221436e-01
2.764008343219757080e-01
2.885025441646575928e-01
2.335401177406311035e-01
2.180314809083938599e-01
2.173629999160766602e-01
2.531112432479858398e-01
3.628891706466674805e-01
2.846400439739227295e-01
2.712065875530242920e-01
2.394087761640548706e-01
2.268725186586380005e-01
2.006260752677917480e-01
2.715796530246734619e-01
2.139357477426528931e-01
2.768004238605499268e-01
2.544307708740234375e-01
2.368750721216201782e-01
2.729857861995697021e-01
2.383136898279190063e-01
2.620472013950347900e-01
4.065816700458526611e-01
2.256092578172683716e-01
2.588235139846801758e-01
1.975655555725097656e-01
2.221177071332931519e-01
2.533093392848968506e-01
3.333753645420074463e-01
2.728197872638702393e-01
2.121910601854324341e-01
2.293340712785720825e-01
2.857069969177246094e-01
2.209660410881042480e-01
2.042252421379089355e-01
2.377136349678039551e-01
2.680814266204833984e-01
2.809611260890960693e-01
2.177877426147460938e-01
2.493084073066711426e-01
2.199978977441787720e-01
2.072634547948837280e-01
2.208866328001022339e-01
2.526716291904449463e-01
2.417787462472915649e-01
2.378168851137161255e-01
2.231553345918655396e-01
2.375504970550537109e-01
2.252473682165145874e-01
2.714717090129852295e-01
2.199396342039108276e-01
2.065976262092590332e-01
2.557988464832305908e-01
2.264506369829177856e-01
2.352037429809570312e-01
2.193274497985839844e-01
2.532736957073211670e-01
2.374230176210403442e-01
2.470544129610061646e-01
2.432354241609573364e-01
2.188211828470230103e-01
2.311688512563705444e-01
2.110877186059951782e-01
2.033870369195938110e-01
2.510525286197662354e-01
2.541789710521697998e-01
2.917942404747009277e-01
2.779030501842498779e-01
2.643773257732391357e-01
2.581733465194702148e-01
1.989621073007583618e-01
2.600227296352386475e-01
2.229626774787902832e-01
2.065426111221313477e-01
2.375981062650680542e-01
1.979141682386398315e-01
2.091210335493087769e-01
2.195909023284912109e-01
2.408466935157775879e-01
2.207152396440505981e-01
2.402728348970413208e-01
2.705762386322021484e-01
2.171200960874557495e-01
2.299491763114929199e-01
2.590020596981048584e-01
2.238176614046096802e-01
2.075075656175613403e-01
2.399251013994216919e-01
2.321775108575820923e-01
2.393383234739303589e-01
3.733249604701995850e-01
2.932540476322174072e-01
2.125128060579299927e-01
2.551674544811248779e-01
2.191435843706130981e-01
2.223124355077743530e-01
2.173536270856857300e-01
2.208604365587234497e-01
2.511613965034484863e-01
2.318012267351150513e-01
1.979556232690811157e-01
1.993768066167831421e-01
2.567961812019348145e-01
2.474255114793777466e-01
2.282176464796066284e-01
2.496454119682312012e-01
3.050656318664550781e-01
2.183955907821655273e-01
2.227274626493453979e-01
2.519830465316772461e-01
2.047071456909179688e-01
2.468823343515396118e-01
2.138121575117111206e-01
2.287434935569763184e-01
2.446870058774948120e-01
2.021885365247726440e-01
2.174102216958999634e-01
2.808201313018798828e-01
2.383475899696350098e-01
2.125029712915420532e-01
2.176776677370071411e-01
2.690182030200958252e-01
2.591659128665924072e-01
2.565948367118835449e-01
3.389800488948822021e-01
2.248676270246505737e-01
2.073093056678771973e-01
2.349244356155395508e-01
2.378288954496383667e-01
2.304860800504684448e-01
2.808866202831268311e-01
2.350488752126693726e-01
2.406965941190719604e-01
2.560053169727325439e-01
2.437521368265151978e-01
2.514451444149017334e-01
2.158548831939697266e-01
2.190464138984680176e-01
1.983466148376464844e-01
2.600248157978057861e-01
2.393325418233871460e-01
2.643322646617889404e-01
1.912336945533752441e-01
2.321118265390396118e-01
2.269205302000045776e-01
2.687757909297943115e-01
2.636525928974151611e-01
2.424585819244384766e-01
2.543056905269622803e-01
2.266272455453872681e-01
2.351549416780471802e-01
2.483419179916381836e-01
2.807478904724121094e-01
2.502974569797515869e-01
2.126680463552474976e-01
2.119396775960922241e-01
2.484526187181472778e-01
2.800891101360321045e-01
2.442040592432022095e-01
1.921237260103225708e-01
2.331115007400512695e-01
2.359774112701416016e-01
1.997917294502258301e-01
2.425370365381240845e-01
2.510366737842559814e-01
2.060295939445495605e-01
3.083300888538360596e-01
2.034354954957962036e-01
2.178690433502197266e-01
2.292868494987487793e-01
2.325099557638168335e-01
2.347544431686401367e-01
2.072627544403076172e-01
2.395462244749069214e-01
2.600149810314178467e-01
2.012373358011245728e-01
2.562748789787292480e-01
2.022797465324401855e-01
3.016763627529144287e-01
2.217435091733932495e-01
2.105118483304977417e-01
2.493283599615097046e-01
2.593522965908050537e-01
2.352291792631149292e-01
2.654847800731658936e-01
2.598782181739807129e-01
2.452914863824844360e-01
2.132737189531326294e-01
2.002819329500198364e-01
2.423424720764160156e-01
2.038360834121704102e-01
2.424203157424926758e-01
2.247164249420166016e-01
2.528127729892730713e-01
2.528291940689086914e-01
2.489461153745651245e-01
2.323027104139328003e-01
2.411878556013107300e-01
2.163453847169876099e-01
2.182984352111816406e-01
2.072096467018127441e-01
2.132148295640945435e-01
2.243205755949020386e-01
2.376034110784530640e-01
2.173448801040649414e-01
2.559301257133483887e-01
1.991292089223861694e-01
2.507802546024322510e-01
2.292284965515136719e-01
2.206776142120361328e-01
2.242893129587173462e-01
2.453377246856689453e-01
3.084215223789215088e-01
2.853136360645294189e-01
2.393866032361984253e-01
2.672514617443084717e-01
3.003865778446197510e-01
2.210824042558670044e-01
2.237365841865539551e-01
2.234246283769607544e-01
2.719458043575286865e-01
2.337907552719116211e-01
2.285898178815841675e-01
2.070360034704208374e-01
2.485178261995315552e-01
2.910044491291046143e-01
2.218995243310928345e-01
2.909165918827056885e-01
2.666347324848175049e-01
2.179388850927352905e-01
2.274173945188522339e-01
2.890116870403289795e-01
2.553492784500122070e-01
2.079460620880126953e-01
2.646615803241729736e-01
2.390714436769485474e-01
2.207589149475097656e-01
2.376490682363510132e-01
3.227634727954864502e-01
2.278599292039871216e-01
2.295554131269454956e-01
2.946169674396514893e-01
2.087437659502029419e-01
2.310502678155899048e-01
1.970632225275039673e-01
2.245028465986251831e-01
2.783471345901489258e-01
2.717990875244140625e-01
2.607417404651641846e-01
2.126794010400772095e-01
2.538691461086273193e-01
2.536466717720031738e-01
2.292797565460205078e-01
2.395244836807250977e-01
2.494088858366012573e-01
2.259655147790908813e-01
1.970762163400650024e-01
2.665265798568725586e-01
2.139887660741806030e-01
2.159843444824218750e-01
2.682986557483673096e-01
2.338375300168991089e-01
2.450434416532516479e-01
2.778585553169250488e-01
2.221185117959976196e-01
2.557457387447357178e-01
2.287808656692504883e-01
2.717935740947723389e-01
2.603328526020050049e-01
2.124522477388381958e-01
2.465217113494873047e-01
2.289501428604125977e-01
2.097482234239578247e-01
2.536647617816925049e-01
1.958009451627731323e-01
3.358657360076904297e-01
2.534918785095214844e-01
2.829523384571075439e-01
2.441866397857666016e-01
2.469834089279174805e-01
2.288437634706497192e-01
2.228094935417175293e-01
2.773617506027221680e-01
2.548050284385681152e-01
2.454458922147750854e-01
2.333224266767501831e-01
2.211633771657943726e-01
2.356783002614974976e-01
2.542143762111663818e-01
2.353812456130981445e-01
2.029998898506164551e-01
2.078136056661605835e-01
2.177682369947433472e-01
2.170799225568771362e-01
2.086435109376907349e-01
4.449316561222076416e-01
2.369139641523361206e-01
2.062076926231384277e-01
2.790200114250183105e-01
2.381360679864883423e-01
2.273442894220352173e-01
2.267203778028488159e-01
2.394994050264358521e-01
2.499003410339355469e-01
2.405943125486373901e-01
2.907095849514007568e-01
2.380809783935546875e-01
2.539323866367340088e-01
2.394016236066818237e-01
2.326030880212783813e-01
2.190411835908889771e-01
2.291212081909179688e-01
2.710348367691040039e-01
2.233440279960632324e-01
2.379705756902694702e-01
2.763014435768127441e-01
2.064899653196334839e-01
1.966530084609985352e-01
2.443533092737197876e-01
2.226742953062057495e-01
1.884334534406661987e-01
2.215102761983871460e-01
2.420670837163925171e-01
2.090906351804733276e-01
2.392660379409790039e-01
2.585422098636627197e-01
2.157609313726425171e-01
2.640678882598876953e-01
2.922458350658416748e-01
2.626424431800842285e-01
2.299831062555313110e-01
2.126283794641494751e-01
2.615157961845397949e-01
2.449774891138076782e-01
2.239177674055099487e-01
2.349537163972854614e-01
2.251236885786056519e-01
2.696135044097900391e-01
2.269802093505859375e-01
2.480490952730178833e-01
2.289975881576538086e-01
2.346356362104415894e-01
2.902804911136627197e-01
2.079593986272811890e-01
2.204342335462570190e-01
1.871685236692428589e-01
2.029083520174026489e-01
2.093525528907775879e-01
2.587014138698577881e-01
2.893752157688140869e-01
1.794533133506774902e-01
2.179964780807495117e-01
2.404926568269729614e-01
2.241705805063247681e-01
2.465276569128036499e-01
2.453931719064712524e-01
2.507447302341461182e-01
1.949701756238937378e-01
2.293983697891235352e-01
2.366768568754196167e-01
2.042085081338882446e-01
2.283580452203750610e-01
2.656203210353851318e-01
2.208607941865921021e-01
2.675935328006744385e-01
2.481697797775268555e-01
2.182081937789916992e-01
2.493328303098678589e-01
2.259253263473510742e-01
2.302266359329223633e-01
2.060112506151199341e-01
2.353961914777755737e-01
1.931040138006210327e-01
2.192922383546829224e-01
1.983320266008377075e-01
2.289732694625854492e-01
2.873848378658294678e-01
2.175976037979125977e-01
2.378407716751098633e-01
1.985378265380859375e-01
2.458356618881225586e-01
2.163491696119308472e-01
2.320531457662582397e-01
2.464740872383117676e-01
2.636699378490447998e-01
2.150859981775283813e-01
2.338821887969970703e-01
2.659967839717864990e-01
2.228759378194808960e-01
2.116447240114212036e-01
2.043385505676269531e-01
2.598854601383209229e-01
2.185579389333724976e-01
2.380529642105102539e-01
2.322849631309509277e-01
2.156314849853515625e-01
2.313985973596572876e-01
2.838835418224334717e-01
2.217611670494079590e-01
2.394176870584487915e-01
2.059591561555862427e-01
2.265841215848922729e-01
2.682247459888458252e-01
3.009458780288696289e-01
2.404115796089172363e-01
2.376867532730102539e-01
2.859016358852386475e-01
2.853300273418426514e-01
2.281871885061264038e-01
2.545208036899566650e-01
2.673222422599792480e-01
2.391090244054794312e-01
2.826880216598510742e-01
2.232711315155029297e-01
2.383404374122619629e-01
2.575417757034301758e-01
1.848533600568771362e-01
2.290483117103576660e-01
2.054978013038635254e-01
2.317650169134140015e-01
