2.645424604415893555e-01
1.790596693754196167e-01
2.129257768392562866e-01
2.342159152030944824e-01
2.201544046401977539e-01
3.087891340255737305e-01
2.107456922531127930e-01
3.721109330654144287e-01
3.162830173969268799e-01
2.107507139444351196e-01
3.421362936496734619e-01
3.023049533367156982e-01
2.107827067375183105e-01
3.050281703472137451e-01
2.129268199205398560e-01
5.649303793907165527e-01
3.706252276897430420e-01
1.787027567625045776e-01
2.753649652004241943e-01
2.986051738262176514e-01
1.932507604360580444e-01
2.122060507535934448e-01
1.687114387750625610e-01
1.699526906013488770e-01
3.057602941989898682e-01
2.334147691726684570e-01
2.672830224037170410e-01
2.161572724580764771e-01
2.589449286460876465e-01
2.036959379911422729e-01
3.229919075965881348e-01
2.772638201713562012e-01
1.786963492631912231e-01
1.910092085599899292e-01
2.296442389488220215e-01
2.542046010494232178e-01
2.281522154808044434e-01
2.719809114933013916e-01
2.376333028078079224e-01
2.800740301609039307e-01
2.438229322433471680e-01
2.749907672405242920e-01
3.703205287456512451e-01
2.143715173006057739e-01
2.949786484241485596e-01
1.967273503541946411e-01
3.094432055950164795e-01
2.312135845422744751e-01
3.305968344211578369e-01
3.065775930881500244e-01
2.125469595193862915e-01
3.386908471584320068e-01
2.353239208459854126e-01
3.192186057567596436e-01
2.189141511917114258e-01
1.790551990270614624e-01
2.136130332946777344e-01
2.404053956270217896e-01
2.394038289785385132e-01
2.067561596632003784e-01
4.172790944576263428e-01
3.023263514041900635e-01
2.197789549827575684e-01
3.445737361907958984e-01
2.381436228752136230e-01
3.321757614612579346e-01
2.797599136829376221e-01
3.366732895374298096e-01
2.303082793951034546e-01
2.649069428443908691e-01
4.508590400218963623e-01
3.007885217666625977e-01
3.356228768825531006e-01
2.884916961193084717e-01
3.231734931468963623e-01
1.843999624252319336e-01
2.880026698112487793e-01
2.278460264205932617e-01
6.652193665504455566e-01
2.935515344142913818e-01
2.850784063339233398e-01
3.566916286945343018e-01
3.245045542716979980e-01
2.847525179386138916e-01
2.384311556816101074e-01
2.607383728027343750e-01
2.089438587427139282e-01
2.933798134326934814e-01
2.993662953376770020e-01
3.868730962276458740e-01
3.081282079219818115e-01
2.313611954450607300e-01
2.315660119056701660e-01
3.298598825931549072e-01
3.077401220798492432e-01
3.112397491931915283e-01
2.952227890491485596e-01
4.367342293262481689e-01
2.794727981090545654e-01
3.109281361103057861e-01
2.081623524427413940e-01
2.433638423681259155e-01
2.852958142757415771e-01
2.798436880111694336e-01
3.436477184295654297e-01
2.839097082614898682e-01
4.032563269138336182e-01
2.373531460762023926e-01
2.481417059898376465e-01
2.936396002769470215e-01
3.889440000057220459e-01
3.298206925392150879e-01
2.152997702360153198e-01
1.939863562583923340e-01
1.632187217473983765e-01
3.028196394443511963e-01
2.829557359218597412e-01
2.797120213508605957e-01
2.554750740528106689e-01
3.523616492748260498e-01
3.001393973827362061e-01
1.884006261825561523e-01
1.914474964141845703e-01
1.972857117652893066e-01
3.481586277484893799e-01
2.823272943496704102e-01
2.498871237039566040e-01
1.951922029256820679e-01
3.675353527069091797e-01
2.567488849163055420e-01
3.721494674682617188e-01
2.009775042533874512e-01
3.286597132682800293e-01
2.036792784929275513e-01
2.817855179309844971e-01
3.016340732574462891e-01
2.848953902721405029e-01
1.929389387369155884e-01
2.889728248119354248e-01
2.811308205127716064e-01
3.054801523685455322e-01
2.334596067667007446e-01
1.919979304075241089e-01
1.878702491521835327e-01
3.176462650299072266e-01
2.722033560276031494e-01
2.706642448902130127e-01
1.980723142623901367e-01
2.751597166061401367e-01
3.191072344779968262e-01
4.193741381168365479e-01
2.267853021621704102e-01
2.517551481723785400e-01
3.044237196445465088e-01
1.959475427865982056e-01
1.660009175539016724e-01
2.772069275379180908e-01
1.984994560480117798e-01
4.294665157794952393e-01
2.588271796703338623e-01
3.199400603771209717e-01
3.005835711956024170e-01
2.217251062393188477e-01
1.891505122184753418e-01
4.014074802398681641e-01
1.858371943235397339e-01
2.787501215934753418e-01
2.196924239397048950e-01
3.774710595607757568e-01
1.812962889671325684e-01
2.586423754692077637e-01
2.051500082015991211e-01
4.357319772243499756e-01
2.195618152618408203e-01
2.613875269889831543e-01
2.482965737581253052e-01
3.206817805767059326e-01
3.100049197673797607e-01
3.956221640110015869e-01
2.696865499019622803e-01
3.209518492221832275e-01
2.737282812595367432e-01
2.784057855606079102e-01
2.906289398670196533e-01
2.184891700744628906e-01
3.418158590793609619e-01
2.650333940982818604e-01
2.765386402606964111e-01
2.458083778619766235e-01
2.138605117797851562e-01
2.120553702116012573e-01
1.984909027814865112e-01
2.187392562627792358e-01
2.376027554273605347e-01
2.696860432624816895e-01
2.305445224046707153e-01
3.075581789016723633e-01
3.415139615535736084e-01
2.484342306852340698e-01
2.892343699932098389e-01
3.179985582828521729e-01
2.068161964416503906e-01
3.404770791530609131e-01
2.655018270015716553e-01
2.066567391157150269e-01
3.009993731975555420e-01
3.888372480869293213e-01
5.473836064338684082e-01
2.337877899408340454e-01
2.833125889301300049e-01
3.121294975280761719e-01
2.852953374385833740e-01
2.530462443828582764e-01
2.949216365814208984e-01
2.492471933364868164e-01
3.977923393249511719e-01
2.850069701671600342e-01
3.080962002277374268e-01
2.551985085010528564e-01
2.374784946441650391e-01
2.809342443943023682e-01
2.656207382678985596e-01
2.372203469276428223e-01
2.768186926841735840e-01
3.274673521518707275e-01
2.027396410703659058e-01
2.777194082736968994e-01
2.748360335826873779e-01
4.169691801071166992e-01
2.960611283779144287e-01
4.515514075756072998e-01
1.976265460252761841e-01
2.933771610260009766e-01
2.108143717050552368e-01
2.325168401002883911e-01
3.170489072799682617e-01
2.947308719158172607e-01
2.433617264032363892e-01
2.695972919464111328e-01
2.571668326854705811e-01
2.522072196006774902e-01
2.947267293930053711e-01
2.097161263227462769e-01
2.961336970329284668e-01
4.171710908412933350e-01
2.003879547119140625e-01
2.660195827484130859e-01
2.851220965385437012e-01
2.960593402385711670e-01
3.039724528789520264e-01
3.663314580917358398e-01
3.393667638301849365e-01
2.375554293394088745e-01
3.087183833122253418e-01
2.656014561653137207e-01
2.529761493206024170e-01
1.557169407606124878e-01
2.230173945426940918e-01
3.831984698772430420e-01
2.210377901792526245e-01
2.457737475633621216e-01
3.652873933315277100e-01
3.256379961967468262e-01
2.291932553052902222e-01
2.839095890522003174e-01
3.313122093677520752e-01
2.568267285823822021e-01
5.097868442535400391e-01
2.901713252067565918e-01
1.885007470846176147e-01
4.654485285282135010e-01
2.162451744079589844e-01
2.395006567239761353e-01
2.730459570884704590e-01
2.277582883834838867e-01
3.812259435653686523e-01
4.766081273555755615e-01
2.103611379861831665e-01
2.590465247631072998e-01
3.637992143630981445e-01
3.500407636165618896e-01
2.227302044630050659e-01
1.941563487052917480e-01
1.858811825513839722e-01
3.034302294254302979e-01
1.956674307584762573e-01
2.182593345642089844e-01
2.282014340162277222e-01
2.241139560937881470e-01
2.478531450033187866e-01
2.803029119968414307e-01
3.049047887325286865e-01
2.084162384271621704e-01
2.457885742187500000e-01
2.251845747232437134e-01
2.950429916381835938e-01
6.344316601753234863e-01
1.903249770402908325e-01
2.051027566194534302e-01
1.852054446935653687e-01
2.076544761657714844e-01
3.791898787021636963e-01
2.316737920045852661e-01
3.156295418739318848e-01
2.853264510631561279e-01
1.876883059740066528e-01
2.521661818027496338e-01
2.997725307941436768e-01
3.931134641170501709e-01
2.358861714601516724e-01
3.354263007640838623e-01
3.052931129932403564e-01
3.413020670413970947e-01
1.448138207197189331e-01
4.714217185974121094e-01
2.572703659534454346e-01
2.452008128166198730e-01
3.349503278732299805e-01
2.265880256891250610e-01
3.320892751216888428e-01
2.111416310071945190e-01
2.053946703672409058e-01
3.133034110069274902e-01
2.946884632110595703e-01
2.844375073909759521e-01
2.703128457069396973e-01
3.226162493228912354e-01
2.588786780834197998e-01
2.114885300397872925e-01
2.890127003192901611e-01
3.426696360111236572e-01
3.069007992744445801e-01
3.071648776531219482e-01
2.591750919818878174e-01
2.633204758167266846e-01
2.656047642230987549e-01
2.766872942447662354e-01
2.548829019069671631e-01
3.206771016120910645e-01
2.630887627601623535e-01
1.934632658958435059e-01
1.942435055971145630e-01
3.302023112773895264e-01
2.842676639556884766e-01
3.418282568454742432e-01
2.691074013710021973e-01
2.753890454769134521e-01
4.372727870941162109e-01
4.917367398738861084e-01
2.760639786720275879e-01
3.453226983547210693e-01
2.756320536136627197e-01
2.344338446855545044e-01
3.460024595260620117e-01
2.023867517709732056e-01
2.938687503337860107e-01
1.510742455720901489e-01
2.207498103380203247e-01
3.294720947742462158e-01
3.156875967979431152e-01
3.132891952991485596e-01
2.521143555641174316e-01
2.358226925134658813e-01
1.805548667907714844e-01
4.156821668148040771e-01
3.495675027370452881e-01
2.875282466411590576e-01
2.609085440635681152e-01
2.136821150779724121e-01
2.430836111307144165e-01
2.935009300708770752e-01
3.479406833648681641e-01
2.610761821269989014e-01
2.298790663480758667e-01
2.495042830705642700e-01
1.856206208467483521e-01
4.001739025115966797e-01
3.633493483066558838e-01
3.115966618061065674e-01
2.149933129549026489e-01
2.487666159868240356e-01
2.811436653137207031e-01
2.542138099670410156e-01
2.244569808244705200e-01
3.838968575000762939e-01
2.283170968294143677e-01
1.499668955802917480e-01
2.593263089656829834e-01
2.315384149551391602e-01
2.678224444389343262e-01
2.183362096548080444e-01
3.715430498123168945e-01
2.743382751941680908e-01
2.478535026311874390e-01
3.579010069370269775e-01
2.046532183885574341e-01
2.691188156604766846e-01
2.211257368326187134e-01
3.447786867618560791e-01
3.185289800167083740e-01
2.102760523557662964e-01
2.784926891326904297e-01
2.821116745471954346e-01
2.865694165229797363e-01
3.156960904598236084e-01
2.733809053897857666e-01
2.830927073955535889e-01
2.790028452873229980e-01
3.090405166149139404e-01
3.652397096157073975e-01
2.518291771411895752e-01
2.303527593612670898e-01
2.509287893772125244e-01
2.655393183231353760e-01
2.783378660678863525e-01
3.106526136398315430e-01
3.078584372997283936e-01
3.044898509979248047e-01
3.198207318782806396e-01
3.367938101291656494e-01
3.728779852390289307e-01
2.669777870178222656e-01
2.416018098592758179e-01
2.366978973150253296e-01
3.406959772109985352e-01
2.438018321990966797e-01
2.786599695682525635e-01
3.262124061584472656e-01
3.246239721775054932e-01
2.890816330909729004e-01
2.042859047651290894e-01
1.934309452772140503e-01
1.776782721281051636e-01
2.659891545772552490e-01
3.301640450954437256e-01
2.571496665477752686e-01
2.493502646684646606e-01
1.723693162202835083e-01
2.898922264575958252e-01
1.946502327919006348e-01
3.273348510265350342e-01
4.180428683757781982e-01
3.798629343509674072e-01
3.045218884944915771e-01
2.960143983364105225e-01
3.959187269210815430e-01
3.786548376083374023e-01
1.904615163803100586e-01
3.072814643383026123e-01
2.464835494756698608e-01
2.843641340732574463e-01
3.289246261119842529e-01
1.810315400362014771e-01
2.881304621696472168e-01
6.299720406532287598e-01
2.812185585498809814e-01
2.409926801919937134e-01
2.326606363058090210e-01
2.200797796249389648e-01
2.923226058483123779e-01
2.638662755489349365e-01
3.282480239868164062e-01
2.428895086050033569e-01
1.829170137643814087e-01
3.202793002128601074e-01
1.896300762891769409e-01
4.266394376754760742e-01
1.984665244817733765e-01
2.926855087280273438e-01
2.370628714561462402e-01
2.984729111194610596e-01
2.378227263689041138e-01
2.493543624877929688e-01
2.493230849504470825e-01
2.539119422435760498e-01
2.415452599525451660e-01
2.327785938978195190e-01
1.966992169618606567e-01
2.613316774368286133e-01
2.918843924999237061e-01
2.823787629604339600e-01
1.775259971618652344e-01
2.892110645771026611e-01
2.168819904327392578e-01
3.204835355281829834e-01
5.064139366149902344e-01
2.940846681594848633e-01
2.197730094194412231e-01
3.367657661437988281e-01
2.259435653686523438e-01
2.651681602001190186e-01
2.764812409877777100e-01
2.091033309698104858e-01
3.307933509349822998e-01
2.668267786502838135e-01
2.450404912233352661e-01
3.502424061298370361e-01
3.347594439983367920e-01
2.504097223281860352e-01
1.852906346321105957e-01
1.873472183942794800e-01
3.367188870906829834e-01
3.187418282032012939e-01
3.252070248126983643e-01
2.733906507492065430e-01
2.623164951801300049e-01
3.544023036956787109e-01
2.557429373264312744e-01
2.190953493118286133e-01
2.224383205175399780e-01
2.313287109136581421e-01
3.115136921405792236e-01
4.146377742290496826e-01
1.777352094650268555e-01
2.437083721160888672e-01
2.888935506343841553e-01
3.486954271793365479e-01
3.455639779567718506e-01
2.758066952228546143e-01
2.144975066184997559e-01
2.405015677213668823e-01
2.390990704298019409e-01
3.020716011524200439e-01
1.962963491678237915e-01
2.874528765678405762e-01
2.445362359285354614e-01
1.059642195701599121e+00
1.637292951345443726e-01
2.135791331529617310e-01
2.883456051349639893e-01
3.555882275104522705e-01
2.875420451164245605e-01
2.257826775312423706e-01
2.655619382858276367e-01
2.869160771369934082e-01
2.748725116252899170e-01
2.711145877838134766e-01
3.407402932643890381e-01
3.308098614215850830e-01
3.774439096450805664e-01
3.007903993129730225e-01
2.774966061115264893e-01
2.432187646627426147e-01
1.993641108274459839e-01
2.556633949279785156e-01
2.823953628540039062e-01
2.476537227630615234e-01
4.336862564086914062e-01
2.133571654558181763e-01
3.215301334857940674e-01
3.501586914062500000e-01
2.584897577762603760e-01
2.624517977237701416e-01
2.967405915260314941e-01
2.509694993495941162e-01
2.459816932678222656e-01
2.741042673587799072e-01
3.306417167186737061e-01
2.052308768033981323e-01
2.345924526453018188e-01
3.190502822399139404e-01
2.802771627902984619e-01
2.548868954181671143e-01
3.737868070602416992e-01
2.656993567943572998e-01
3.110148906707763672e-01
2.925458848476409912e-01
3.834236860275268555e-01
3.373272418975830078e-01
1.950239539146423340e-01
2.289756536483764648e-01
2.791254222393035889e-01
2.482917904853820801e-01
2.549699246883392334e-01
2.380664944648742676e-01
2.529746592044830322e-01
2.376412153244018555e-01
3.333258330821990967e-01
1.807946562767028809e-01
3.649859428405761719e-01
3.365435898303985596e-01
2.518326938152313232e-01
2.666276991367340088e-01
2.569180428981781006e-01
1.843515187501907349e-01
4.317570626735687256e-01
3.257240653038024902e-01
3.116857111454010010e-01
2.794927060604095459e-01
2.871225178241729736e-01
1.957167387008666992e-01
3.629591166973114014e-01
3.170654773712158203e-01
1.892169862985610962e-01
2.403173893690109253e-01
2.864388227462768555e-01
2.166375070810317993e-01
2.580477893352508545e-01
2.998268902301788330e-01
6.247962117195129395e-01
2.207477539777755737e-01
2.005518525838851929e-01
3.383735120296478271e-01
2.343801259994506836e-01
1.992734670639038086e-01
2.379129678010940552e-01
6.444845795631408691e-01
2.625029087066650391e-01
1.749869585037231445e-01
2.409178018569946289e-01
3.721916377544403076e-01
3.121246993541717529e-01
3.410066068172454834e-01
2.423574328422546387e-01
2.833550870418548584e-01
2.290952056646347046e-01
1.699977666139602661e-01
1.516725867986679077e-01
2.008191794157028198e-01
2.220001667737960815e-01
2.320006638765335083e-01
2.824614942073822021e-01
3.043709099292755127e-01
2.732777595520019531e-01
2.787871658802032471e-01
2.816307544708251953e-01
2.602347433567047119e-01
2.318120747804641724e-01
4.250323772430419922e-01
3.073538243770599365e-01
2.311948686838150024e-01
3.324618041515350342e-01
3.403905928134918213e-01
2.864820659160614014e-01
2.327719926834106445e-01
4.977723360061645508e-01
3.265108764171600342e-01
2.848116457462310791e-01
3.408938348293304443e-01
2.298122197389602661e-01
2.796850800514221191e-01
3.211245536804199219e-01
1.982492059469223022e-01
2.485668659210205078e-01
3.842504918575286865e-01
2.032150626182556152e-01
2.213418930768966675e-01
1.841830462217330933e-01
2.786614000797271729e-01
2.334068268537521362e-01
2.454510182142257690e-01
2.523927986621856689e-01
2.063740491867065430e-01
2.971619665622711182e-01
3.569630086421966553e-01
2.308855801820755005e-01
3.288002908229827881e-01
3.512052297592163086e-01
2.460423707962036133e-01
3.023003637790679932e-01
2.864365875720977783e-01
2.357158064842224121e-01
2.173347920179367065e-01
2.455492019653320312e-01
3.057703077793121338e-01
2.593693435192108154e-01
2.550359070301055908e-01
2.468418031930923462e-01
2.061312049627304077e-01
2.516164183616638184e-01
2.839609086513519287e-01
1.697726100683212280e-01
3.360328376293182373e-01
2.754637897014617920e-01
2.817685902118682861e-01
2.312689870595932007e-01
2.458636015653610229e-01
2.619775235652923584e-01
3.229198753833770752e-01
2.327119708061218262e-01
2.786717116832733154e-01
3.298196792602539062e-01
3.552072942256927490e-01
2.185939550399780273e-01
2.664689719676971436e-01
1.967354267835617065e-01
2.555926144123077393e-01
2.422630190849304199e-01
3.482830524444580078e-01
2.638792097568511963e-01
2.479964494705200195e-01
2.986702620983123779e-01
2.429349422454833984e-01
2.214017361402511597e-01
2.357153892517089844e-01
2.422020286321640015e-01
4.973111152648925781e-01
2.003792971372604370e-01
3.146649897098541260e-01
2.756682336330413818e-01
2.787640988826751709e-01
2.187379002571105957e-01
3.040144145488739014e-01
2.324207574129104614e-01
2.621595561504364014e-01
2.114652842283248901e-01
2.790528237819671631e-01
3.014667928218841553e-01
2.896442115306854248e-01
6.216502189636230469e-01
2.884322404861450195e-01
2.991736233234405518e-01
2.286805361509323120e-01
2.491125315427780151e-01
3.320738077163696289e-01
2.294947057962417603e-01
2.346286773681640625e-01
3.636361062526702881e-01
2.471996992826461792e-01
2.879989445209503174e-01
2.007070630788803101e-01
2.431116551160812378e-01
2.381989955902099609e-01
2.005944252014160156e-01
2.154268771409988403e-01
3.298366367816925049e-01
3.048413991928100586e-01
2.837455272674560547e-01
2.807099819183349609e-01
2.406102865934371948e-01
2.528102099895477295e-01
2.512736618518829346e-01
2.232092767953872681e-01
2.298100441694259644e-01
2.387070059776306152e-01
2.533776462078094482e-01
3.940901756286621094e-01
3.331347405910491943e-01
2.220891565084457397e-01
3.137303888797760010e-01
2.079214304685592651e-01
2.892857789993286133e-01
3.444677293300628662e-01
3.179807662963867188e-01
2.881054878234863281e-01
2.368715405464172363e-01
2.606371343135833740e-01
3.102726936340332031e-01
2.398483753204345703e-01
2.002730816602706909e-01
2.466547489166259766e-01
2.512818574905395508e-01
2.809404432773590088e-01
2.961112260818481445e-01
3.777426183223724365e-01
2.026281356811523438e-01
2.635424435138702393e-01
3.157492578029632568e-01
2.725264132022857666e-01
2.950101196765899658e-01
2.978670299053192139e-01
2.513471543788909912e-01
2.368403673171997070e-01
3.297598361968994141e-01
2.471374869346618652e-01
2.093040794134140015e-01
2.906156182289123535e-01
4.242281615734100342e-01
2.441917210817337036e-01
2.917991876602172852e-01
2.668645083904266357e-01
2.298253327608108521e-01
3.110552728176116943e-01
2.571604847908020020e-01
2.650399208068847656e-01
3.334290683269500732e-01
1.709050089120864868e-01
2.920766770839691162e-01
3.234408795833587646e-01
1.738772243261337280e-01
3.092423975467681885e-01
2.710179984569549561e-01
2.568710744380950928e-01
2.476304173469543457e-01
2.448472529649734497e-01
3.648015558719635010e-01
2.045021504163742065e-01
1.795430332422256470e-01
3.916949033737182617e-01
2.927570343017578125e-01
1.730744838714599609e-01
3.323525488376617432e-01
2.988430857658386230e-01
2.832901775836944580e-01
2.656954228878021240e-01
1.785104721784591675e-01
2.244368344545364380e-01
2.836935520172119141e-01
3.142649829387664795e-01
4.266661107540130615e-01
2.564023435115814209e-01
3.038194477558135986e-01
1.783997416496276855e-01
2.486948370933532715e-01
5.835225582122802734e-01
2.502879500389099121e-01
2.065554112195968628e-01
1.861159801483154297e-01
4.048384726047515869e-01
3.490969240665435791e-01
2.323447316884994507e-01
2.905983030796051025e-01
3.114980161190032959e-01
2.035518139600753784e-01
2.870794534683227539e-01
3.484238386154174805e-01
2.228489667177200317e-01
1.622739434242248535e-01
1.930245161056518555e-01
3.051284551620483398e-01
3.148273825645446777e-01
4.700880050659179688e-01
3.163819909095764160e-01
2.038740515708923340e-01
2.203661352396011353e-01
4.071486294269561768e-01
2.103337645530700684e-01
2.636466920375823975e-01
1.947667002677917480e-01
3.183147013187408447e-01
6.578618884086608887e-01
2.533062398433685303e-01
2.443613857030868530e-01
2.592310607433319092e-01
2.230265140533447266e-01
4.296317994594573975e-01
3.081021308898925781e-01
2.239982634782791138e-01
1.489623039960861206e-01
2.422476559877395630e-01
3.684705197811126709e-01
2.228755354881286621e-01
1.941967010498046875e-01
2.175179123878479004e-01
3.000529706478118896e-01
2.269473522901535034e-01
3.038209974765777588e-01
4.081248044967651367e-01
2.926098406314849854e-01
3.327345848083496094e-01
2.511591911315917969e-01
2.913942635059356689e-01
2.902574539184570312e-01
2.307761758565902710e-01
3.472883701324462891e-01
2.747206985950469971e-01
2.114766091108322144e-01
3.266759216785430908e-01
2.702703177928924561e-01
3.280336856842041016e-01
2.311458140611648560e-01
2.955034673213958740e-01
2.348608523607254028e-01
2.661824524402618408e-01
2.378720790147781372e-01
2.578194439411163330e-01
2.631803452968597412e-01
2.756716310977935791e-01
3.523103296756744385e-01
1.765031665563583374e-01
3.080942332744598389e-01
3.103869259357452393e-01
3.075743317604064941e-01
2.961160838603973389e-01
2.313305586576461792e-01
2.915882766246795654e-01
2.023541480302810669e-01
2.867449522018432617e-01
3.568546473979949951e-01
2.124378830194473267e-01
2.231764197349548340e-01
3.356386125087738037e-01
1.624892801046371460e-01
2.933071851730346680e-01
3.120177090167999268e-01
2.583920657634735107e-01
2.624527812004089355e-01
1.645569950342178345e-01
2.924799621105194092e-01
2.702051103115081787e-01
4.322427511215209961e-01
2.269827723503112793e-01
1.943622380495071411e-01
4.406358301639556885e-01
3.878654539585113525e-01
3.436583280563354492e-01
2.569624185562133789e-01
2.128305435180664062e-01
2.576043307781219482e-01
2.694257199764251709e-01
3.086339533329010010e-01
2.349666357040405273e-01
2.024262547492980957e-01
2.629527747631072998e-01
2.828877568244934082e-01
2.468427866697311401e-01
2.733467221260070801e-01
2.567386925220489502e-01
3.200123310089111328e-01
2.492608428001403809e-01
2.844823896884918213e-01
1.971394568681716919e-01
1.722321063280105591e-01
2.752082645893096924e-01
2.439696341753005981e-01
2.043433338403701782e-01
1.994042247533798218e-01
2.118468731641769409e-01
2.810652554035186768e-01
2.044088244438171387e-01
3.399761021137237549e-01
3.477765619754791260e-01
2.059144228696823120e-01
2.742418944835662842e-01
2.745258510112762451e-01
3.228059113025665283e-01
2.479701489210128784e-01
2.738424539566040039e-01
1.881005614995956421e-01
3.805259764194488525e-01
2.199622541666030884e-01
2.442771196365356445e-01
2.047709971666336060e-01
3.127716779708862305e-01
2.564704120159149170e-01
2.569067776203155518e-01
2.111417800188064575e-01
3.067406117916107178e-01
1.766437888145446777e-01
2.960831224918365479e-01
3.034249842166900635e-01
2.659372985363006592e-01
5.679258108139038086e-01
5.258965492248535156e-01
2.553361058235168457e-01
2.009729593992233276e-01
2.882405221462249756e-01
2.616613805294036865e-01
2.935073077678680420e-01
3.607990741729736328e-01
3.043521642684936523e-01
2.234526723623275757e-01
2.256448417901992798e-01
3.014900982379913330e-01
2.661040723323822021e-01
3.690669834613800049e-01
2.719770967960357666e-01
3.405196964740753174e-01
2.734615504741668701e-01
2.910963296890258789e-01
3.471077978610992432e-01
4.552249908447265625e-01
2.058231234550476074e-01
1.736990660429000854e-01
1.988131999969482422e-01
2.680002152919769287e-01
2.554857730865478516e-01
2.154914289712905884e-01
2.192060202360153198e-01
2.769448161125183105e-01
1.807564347982406616e-01
2.533908188343048096e-01
2.909786701202392578e-01
4.052904546260833740e-01
2.428469061851501465e-01
4.271767139434814453e-01
3.830774128437042236e-01
2.780054211616516113e-01
2.521893084049224854e-01
2.894874513149261475e-01
2.328991442918777466e-01
2.528898715972900391e-01
2.629842758178710938e-01
3.057181537151336670e-01
2.809315621852874756e-01
3.611970245838165283e-01
3.406668007373809814e-01
3.017804920673370361e-01
1.862868815660476685e-01
2.970670759677886963e-01
2.525419890880584717e-01
2.013898491859436035e-01
2.760925889015197754e-01
2.083364725112915039e-01
1.864477246999740601e-01
2.564369738101959229e-01
2.382803559303283691e-01
2.510459125041961670e-01
3.073303401470184326e-01
3.043843805789947510e-01
1.733735799789428711e-01
2.271273136138916016e-01
2.099781483411788940e-01
4.200603961944580078e-01
3.165309429168701172e-01
2.660612463951110840e-01
3.931751251220703125e-01
2.378795742988586426e-01
2.512342929840087891e-01
1.607082039117813110e-01
2.697286605834960938e-01
3.281783163547515869e-01
3.236488997936248779e-01
2.752413153648376465e-01
4.622811973094940186e-01
2.875523865222930908e-01
2.454860210418701172e-01
2.465883493423461914e-01
2.934314012527465820e-01
3.271675109863281250e-01
2.297832816839218140e-01
3.027082383632659912e-01
3.238937854766845703e-01
2.904621660709381104e-01
3.067910969257354736e-01
3.585038483142852783e-01
1.913522928953170776e-01
3.217420279979705811e-01
2.911070585250854492e-01
2.954825460910797119e-01
1.968677043914794922e-01
2.659505903720855713e-01
2.767877876758575439e-01
2.584492862224578857e-01
2.819518148899078369e-01
2.382290363311767578e-01
2.176765650510787964e-01
3.688083589076995850e-01
1.938015669584274292e-01
3.233366012573242188e-01
3.266682326793670654e-01
1.770084053277969360e-01
3.067367970943450928e-01
2.377182245254516602e-01
2.448647618293762207e-01
2.299945503473281860e-01
1.983696073293685913e-01
1.920731067657470703e-01
3.455199301242828369e-01
3.054767847061157227e-01
3.205154836177825928e-01
3.223066031932830811e-01
3.767851293087005615e-01
2.439959496259689331e-01
2.490340471267700195e-01
2.361086606979370117e-01
2.118784189224243164e-01
3.023086786270141602e-01
2.398429661989212036e-01
2.200562506914138794e-01
2.389124035835266113e-01
2.156543731689453125e-01
3.795044720172882080e-01
5.663983225822448730e-01
2.207787036895751953e-01
2.968813180923461914e-01
1.705678850412368774e-01
2.531095743179321289e-01
2.363922595977783203e-01
3.405333757400512695e-01
3.895775377750396729e-01
2.619968354701995850e-01
2.408870458602905273e-01
2.029904723167419434e-01
3.375270664691925049e-01
2.645142376422882080e-01
3.547161817550659180e-01
2.113206982612609863e-01
2.500084042549133301e-01
3.301592767238616943e-01
2.348575443029403687e-01
2.427149564027786255e-01
2.634874284267425537e-01
2.916322648525238037e-01
2.582680583000183105e-01
3.311418592929840088e-01
2.980141937732696533e-01
2.827898263931274414e-01
2.911246716976165771e-01
2.320489883422851562e-01
2.263663262128829956e-01
2.593928873538970947e-01
3.549480140209197998e-01
2.517335414886474609e-01
2.300181537866592407e-01
2.443158179521560669e-01
2.659783363342285156e-01
2.310234308242797852e-01
2.834805548191070557e-01
2.512598037719726562e-01
2.895565330982208252e-01
2.695494890213012695e-01
1.470374614000320435e-01
2.990218102931976318e-01
2.506673038005828857e-01
3.604217767715454102e-01
2.262828201055526733e-01
2.557595670223236084e-01
2.649243175983428955e-01
1.730800867080688477e-01
2.596276402473449707e-01
2.249944657087326050e-01
2.030821293592453003e-01
2.309226989746093750e-01
2.983653545379638672e-01
2.994535863399505615e-01
3.098387718200683594e-01
2.707504630088806152e-01
3.049359023571014404e-01
2.120303362607955933e-01
2.584171593189239502e-01
2.353765815496444702e-01
2.571345269680023193e-01
3.140366375446319580e-01
2.328473478555679321e-01
1.632727682590484619e-01
2.257629781961441040e-01
3.382425308227539062e-01
2.367833852767944336e-01
2.990880012512207031e-01
2.246011495590209961e-01
3.492596447467803955e-01
2.719353735446929932e-01
3.048840463161468506e-01
3.469452857971191406e-01
3.398829400539398193e-01
1.766970157623291016e-01
4.142906963825225830e-01
3.564041554927825928e-01
2.194166779518127441e-01
2.815306484699249268e-01
2.315260022878646851e-01
2.702792286872863770e-01
2.972562015056610107e-01
3.999173641204833984e-01
2.271171808242797852e-01
2.881644070148468018e-01
2.856684625148773193e-01
3.425719439983367920e-01
2.140424847602844238e-01
3.010774254798889160e-01
2.474419474601745605e-01
2.489694952964782715e-01
3.602114617824554443e-01
2.248747944831848145e-01
3.037765920162200928e-01
2.154432982206344604e-01
2.659825682640075684e-01
2.251346558332443237e-01
2.935503423213958740e-01
2.671068906784057617e-01
1.964825540781021118e-01
2.862155735492706299e-01
2.412567138671875000e-01
3.242166936397552490e-01
2.455765753984451294e-01
2.751082479953765869e-01
3.214429616928100586e-01
4.302472770214080811e-01
2.424754649400711060e-01
1.841486841440200806e-01
1.982918977737426758e-01
2.525196075439453125e-01
3.873337209224700928e-01
2.666403353214263916e-01
3.039380609989166260e-01
2.747628986835479736e-01
3.677551746368408203e-01
2.269985824823379517e-01
3.222102224826812744e-01
1.734628230333328247e-01
2.419242709875106812e-01
3.817966878414154053e-01
2.627071142196655273e-01
2.405806332826614380e-01
3.062278628349304199e-01
2.596249878406524658e-01
3.059920966625213623e-01
2.562801539897918701e-01
2.135698050260543823e-01
2.763699591159820557e-01
2.650475800037384033e-01
3.379341363906860352e-01
1.991582363843917847e-01
2.081110477447509766e-01
2.776561677455902100e-01
3.093525171279907227e-01
2.975023686885833740e-01
3.919568061828613281e-01
3.888512551784515381e-01
2.842631638050079346e-01
6.779003143310546875e-01
2.252990007400512695e-01
2.869399487972259521e-01
2.635520994663238525e-01
2.491789013147354126e-01
3.625801801681518555e-01
1.988208889961242676e-01
2.491450160741806030e-01
2.245530486106872559e-01
1.952355057001113892e-01
3.608925640583038330e-01
2.422319799661636353e-01
2.347108274698257446e-01
2.820502221584320068e-01
6.324236392974853516e-01
3.601894676685333252e-01
2.475259751081466675e-01
2.574804127216339111e-01
3.554037809371948242e-01
3.334289491176605225e-01
2.045383602380752563e-01
4.498349726200103760e-01
3.426374197006225586e-01
2.550487518310546875e-01
5.881536006927490234e-01
4.556153118610382080e-01
2.659714519977569580e-01
3.124979436397552490e-01
4.100584685802459717e-01
1.917103528976440430e-01
2.443850636482238770e-01
2.769142091274261475e-01
2.227905988693237305e-01
3.484644591808319092e-01
3.644281625747680664e-01
2.830665409564971924e-01
3.564008176326751709e-01
2.051982283592224121e-01
3.110680282115936279e-01
2.950271070003509521e-01
3.984444439411163330e-01
1.825351864099502563e-01
2.826569378376007080e-01
2.234189361333847046e-01
3.724393844604492188e-01
2.713648378849029541e-01
2.199423462152481079e-01
3.679320812225341797e-01
3.742925226688385010e-01
3.039731979370117188e-01
2.223568707704544067e-01
2.676525712013244629e-01
2.835935056209564209e-01
3.348248898983001709e-01
2.493994235992431641e-01
2.518914639949798584e-01
2.335931211709976196e-01
2.769958078861236572e-01
3.127632141113281250e-01
2.345439642667770386e-01
3.807976543903350830e-01
2.894622683525085449e-01
2.083188891410827637e-01
2.131246477365493774e-01
2.342885285615921021e-01
1.924513727426528931e-01
2.668643295764923096e-01
2.965452373027801514e-01
3.015170693397521973e-01
2.277220040559768677e-01
2.169536501169204712e-01
1.580352932214736938e-01
3.740603625774383545e-01
2.819243967533111572e-01
3.857250213623046875e-01
2.965855300426483154e-01
4.310951232910156250e-01
3.441781699657440186e-01
3.064612448215484619e-01
1.847103834152221680e-01
2.410133630037307739e-01
2.806907594203948975e-01
2.647344172000885010e-01
2.877967059612274170e-01
1.898025423288345337e-01
2.060604095458984375e-01
2.713735997676849365e-01
1.963481456041336060e-01
3.085899651050567627e-01
2.119289785623550415e-01
2.351753562688827515e-01
2.489284127950668335e-01
1.815032958984375000e-01
2.242023497819900513e-01
2.662786841392517090e-01
2.893570363521575928e-01
2.881302833557128906e-01
3.038519918918609619e-01
1.999610662460327148e-01
3.358807563781738281e-01
2.674207389354705811e-01
2.009548991918563843e-01
2.310314774513244629e-01
3.369894921779632568e-01
2.035046368837356567e-01
3.446525037288665771e-01
2.965701818466186523e-01
2.250284999608993530e-01
1.982120126485824585e-01
3.661892712116241455e-01
3.296292126178741455e-01
5.244486927986145020e-01
2.719524204730987549e-01
2.812270224094390869e-01
2.921976745128631592e-01
2.838871181011199951e-01
2.354943156242370605e-01
1.804717928171157837e-01
2.717797756195068359e-01
2.348171919584274292e-01
2.449702620506286621e-01
7.657142281532287598e-01
3.205505013465881348e-01
4.056546688079833984e-01
3.578216135501861572e-01
2.638082802295684814e-01
2.357981950044631958e-01
2.409719228744506836e-01
1.857837885618209839e-01
1.863197833299636841e-01
3.470111787319183350e-01
2.413906604051589966e-01
2.753691077232360840e-01
3.116101622581481934e-01
3.473692834377288818e-01
3.126101791858673096e-01
2.910759747028350830e-01
2.228611260652542114e-01
2.680408060550689697e-01
3.739275634288787842e-01
5.768873095512390137e-01
2.507317960262298584e-01
3.709523677825927734e-01
2.913699448108673096e-01
2.896066009998321533e-01
2.128009647130966187e-01
2.598656713962554932e-01
3.938123881816864014e-01
3.166377842426300049e-01
2.854176461696624756e-01
3.079804480075836182e-01
3.434498608112335205e-01
2.667771875858306885e-01
2.558221518993377686e-01
2.301325798034667969e-01
2.788271605968475342e-01
2.942665219306945801e-01
2.599265873432159424e-01
3.577392399311065674e-01
3.474420011043548584e-01
3.324419856071472168e-01
2.518485486507415771e-01
2.478442192077636719e-01
2.153027504682540894e-01
1.896897405385971069e-01
2.633865773677825928e-01
2.814548313617706299e-01
2.746016085147857666e-01
2.063180804252624512e-01
2.705022096633911133e-01
2.464579492807388306e-01
1.951369792222976685e-01
2.543526589870452881e-01
2.524817883968353271e-01
2.891727685928344727e-01
2.530709207057952881e-01
2.676269710063934326e-01
2.872920632362365723e-01
3.461633622646331787e-01
2.585239112377166748e-01
3.708409965038299561e-01
2.881509363651275635e-01
2.603928744792938232e-01
2.756090462207794189e-01
2.146200537681579590e-01
2.465104609727859497e-01
2.647486925125122070e-01
3.135958909988403320e-01
2.345621436834335327e-01
2.154895514249801636e-01
2.613409459590911865e-01
2.634314000606536865e-01
3.077137470245361328e-01
1.546414345502853394e-01
2.238540500402450562e-01
2.612800300121307373e-01
2.337894439697265625e-01
3.263308703899383545e-01
2.283484786748886108e-01
2.430693954229354858e-01
2.305882126092910767e-01
2.546254992485046387e-01
2.181513756513595581e-01
3.007309138774871826e-01
8.388495445251464844e-01
3.241003453731536865e-01
2.027158588171005249e-01
3.266988992691040039e-01
2.196650952100753784e-01
3.584554493427276611e-01
2.786313593387603760e-01
2.168008089065551758e-01
2.857917845249176025e-01
1.569781303405761719e-01
3.575969636440277100e-01
2.308440953493118286e-01
2.780970633029937744e-01
2.477206587791442871e-01
2.946508228778839111e-01
2.383983582258224487e-01
3.337145745754241943e-01
1.909151226282119751e-01
3.083365559577941895e-01
3.417306840419769287e-01
2.720116972923278809e-01
3.074397146701812744e-01
1.911706924438476562e-01
5.787804126739501953e-01
1.766329258680343628e-01
3.714662492275238037e-01
2.937665283679962158e-01
1.870989650487899780e-01
2.533457279205322266e-01
4.314211606979370117e-01
2.132339030504226685e-01
2.630254328250885010e-01
2.475588321685791016e-01
2.651852071285247803e-01
1.720674037933349609e-01
2.686777114868164062e-01
4.026033580303192139e-01
2.349979877471923828e-01
2.499970048666000366e-01
2.675954699516296387e-01
2.913314998149871826e-01
2.687673866748809814e-01
2.290302962064743042e-01
6.602011919021606445e-01
2.771564424037933350e-01
2.263268679380416870e-01
2.254878729581832886e-01
3.298703432083129883e-01
2.769774496555328369e-01
2.142114788293838501e-01
1.625135391950607300e-01
2.391905933618545532e-01
2.122570425271987915e-01
4.329756200313568115e-01
2.614720165729522705e-01
2.324870228767395020e-01
3.939472138881683350e-01
2.587068080902099609e-01
2.493812292814254761e-01
2.057368010282516479e-01
2.207179218530654907e-01
2.505932152271270752e-01
2.955222427845001221e-01
2.361582368612289429e-01
3.016265630722045898e-01
2.041475772857666016e-01
2.435433715581893921e-01
3.034396767616271973e-01
2.852766811847686768e-01
2.282191663980484009e-01
3.221508562564849854e-01
4.913225173950195312e-01
6.376996636390686035e-01
2.900462150573730469e-01
3.534017801284790039e-01
2.527707815170288086e-01
2.175210714340209961e-01
3.732755482196807861e-01
3.906259834766387939e-01
1.800528615713119507e-01
2.730673849582672119e-01
3.190091550350189209e-01
1.957594007253646851e-01
2.136278003454208374e-01
2.315934896469116211e-01
3.550682067871093750e-01
2.381915897130966187e-01
4.999950230121612549e-01
2.684924900531768799e-01
2.637226879596710205e-01
2.399799674749374390e-01
3.029764592647552490e-01
3.970200717449188232e-01
2.738253474235534668e-01
2.438037842512130737e-01
2.733916938304901123e-01
3.111648261547088623e-01
2.686556875705718994e-01
2.734223306179046631e-01
1.998005062341690063e-01
1.972223669290542603e-01
3.396477997303009033e-01
2.052420377731323242e-01
2.359322458505630493e-01
2.650069296360015869e-01
2.352661043405532837e-01
2.115673422813415527e-01
2.397873997688293457e-01
2.167374044656753540e-01
2.112232893705368042e-01
2.027744650840759277e-01
3.722673952579498291e-01
2.546986043453216553e-01
2.877680957317352295e-01
2.354110479354858398e-01
2.548896670341491699e-01
2.650741934776306152e-01
3.273801505565643311e-01
2.501571476459503174e-01
2.757689952850341797e-01
2.319621592760086060e-01
2.837130725383758545e-01
2.074259072542190552e-01
2.551755309104919434e-01
3.080038130283355713e-01
2.894102036952972412e-01
2.904272973537445068e-01
6.703751087188720703e-01
2.757961750030517578e-01
2.155216783285140991e-01
2.696872651576995850e-01
2.125970572233200073e-01
2.264201045036315918e-01
2.698629200458526611e-01
2.869797646999359131e-01
1.679943948984146118e-01
3.297017812728881836e-01
3.039039373397827148e-01
4.475415647029876709e-01
2.727214395999908447e-01
2.891123294830322266e-01
2.173471599817276001e-01
2.187992334365844727e-01
2.425682544708251953e-01
3.355582952499389648e-01
2.690368294715881348e-01
2.499180287122726440e-01
2.761200368404388428e-01
2.857303619384765625e-01
3.656690120697021484e-01
4.868924915790557861e-01
2.601505517959594727e-01
1.866897493600845337e-01
3.520759046077728271e-01
1.617696434259414673e-01
2.612396180629730225e-01
2.011445760726928711e-01
2.424258440732955933e-01
3.827721774578094482e-01
2.699729204177856445e-01
3.002624809741973877e-01
2.015476673841476440e-01
3.756768405437469482e-01
2.394527792930603027e-01
2.179647088050842285e-01
2.171479910612106323e-01
3.008690178394317627e-01
3.251225054264068604e-01
2.739349901676177979e-01
2.415383309125900269e-01
2.609395980834960938e-01
2.926402390003204346e-01
2.233175486326217651e-01
2.388714551925659180e-01
2.627170979976654053e-01
2.934405505657196045e-01
2.361605316400527954e-01
2.640711367130279541e-01
3.832718431949615479e-01
2.092910856008529663e-01
3.672033846378326416e-01
2.236493229866027832e-01
2.404667139053344727e-01
3.492754399776458740e-01
1.933428496122360229e-01
3.348379135131835938e-01
2.908379435539245605e-01
2.878524363040924072e-01
3.752153217792510986e-01
5.090052485466003418e-01
2.913148105144500732e-01
2.111297845840454102e-01
2.123028039932250977e-01
2.973287701606750488e-01
2.648834288120269775e-01
2.550718188285827637e-01
2.839103639125823975e-01
3.153395354747772217e-01
1.644262224435806274e-01
3.051489889621734619e-01
2.378431558609008789e-01
2.833803594112396240e-01
2.385550886392593384e-01
2.206799983978271484e-01
2.426488548517227173e-01
1.983141899108886719e-01
3.678800761699676514e-01
2.101344913244247437e-01
2.667928040027618408e-01
2.344257682561874390e-01
2.637617290019989014e-01
2.069521397352218628e-01
1.934871226549148560e-01
2.825542986392974854e-01
2.971466779708862305e-01
2.960197627544403076e-01
3.024874031543731689e-01
2.625026702880859375e-01
2.444303482770919800e-01
1.580881327390670776e-01
4.000957906246185303e-01
2.899520099163055420e-01
2.001937627792358398e-01
2.409345507621765137e-01
2.895420193672180176e-01
2.627298533916473389e-01
1.935323923826217651e-01
1.954195946455001831e-01
2.620852291584014893e-01
5.392508506774902344e-01
2.573420703411102295e-01
3.412764072418212891e-01
3.069069087505340576e-01
3.604016005992889404e-01
2.221188992261886597e-01
2.943803668022155762e-01
2.324017137289047241e-01
2.751660048961639404e-01
2.463615983724594116e-01
2.421886920928955078e-01
3.710141181945800781e-01
2.302410155534744263e-01
2.375890165567398071e-01
2.545169293880462646e-01
2.626878321170806885e-01
2.291812449693679810e-01
3.388841152191162109e-01
2.837106287479400635e-01
3.740967214107513428e-01
2.811362147331237793e-01
4.771322309970855713e-01
3.222862780094146729e-01
2.940012812614440918e-01
2.422077208757400513e-01
2.685793340206146240e-01
4.930203258991241455e-01
3.282365202903747559e-01
2.723812758922576904e-01
1.675005108118057251e-01
2.291089296340942383e-01
2.426874488592147827e-01
3.314668238162994385e-01
3.552897870540618896e-01
2.439610511064529419e-01
3.176960051059722900e-01
1.862089037895202637e-01
3.997502624988555908e-01
2.387543469667434692e-01
2.730751931667327881e-01
3.374374806880950928e-01
2.575238049030303955e-01
2.666175067424774170e-01
2.922258675098419189e-01
2.842182219028472900e-01
3.270395994186401367e-01
1.513421386480331421e-01
3.944490849971771240e-01
2.769262492656707764e-01
3.569770753383636475e-01
3.073719441890716553e-01
1.652300208806991577e-01
2.549467384815216064e-01
2.971262335777282715e-01
2.526113092899322510e-01
2.448781728744506836e-01
2.426707297563552856e-01
3.770524263381958008e-01
1.952383667230606079e-01
2.927930653095245361e-01
3.357907235622406006e-01
2.341099381446838379e-01
2.854334414005279541e-01
2.366813421249389648e-01
3.075197637081146240e-01
3.174109756946563721e-01
1.945145875215530396e-01
2.770838439464569092e-01
2.964577376842498779e-01
3.387685120105743408e-01
2.906474769115447998e-01
2.274588942527770996e-01
3.447613716125488281e-01
2.818655371665954590e-01
2.512013316154479980e-01
1.775335818529129028e-01
2.247495502233505249e-01
3.123686015605926514e-01
2.275832444429397583e-01
1.844231486320495605e-01
3.616044521331787109e-01
3.443340957164764404e-01
7.215854525566101074e-01
2.517156600952148438e-01
3.338835239410400391e-01
2.751949727535247803e-01
2.769149839878082275e-01
2.606613039970397949e-01
3.684216737747192383e-01
2.034626454114913940e-01
2.578916251659393311e-01
2.215780019760131836e-01
2.806005477905273438e-01
2.856990098953247070e-01
2.133377641439437866e-01
2.978456616401672363e-01
2.347809523344039917e-01
2.152605056762695312e-01
2.601568996906280518e-01
2.285732775926589966e-01
2.750768661499023438e-01
3.351259231567382812e-01
2.956979572772979736e-01
2.554692029953002930e-01
3.699096441268920898e-01
2.243214249610900879e-01
2.583930790424346924e-01
3.285155892372131348e-01
2.879494726657867432e-01
2.077715545892715454e-01
2.124183923006057739e-01
1.764728277921676636e-01
2.621165812015533447e-01
2.187513560056686401e-01
3.177951872348785400e-01
1.967311650514602661e-01
2.984980344772338867e-01
3.100579679012298584e-01
2.462494820356369019e-01
1.671233773231506348e-01
3.794355690479278564e-01
3.751908838748931885e-01
2.595171034336090088e-01
2.224085479974746704e-01
1.478100717067718506e-01
2.422809600830078125e-01
2.237916141748428345e-01
2.960422933101654053e-01
3.051186203956604004e-01
2.750959694385528564e-01
2.493790984153747559e-01
3.311396837234497070e-01
3.257841169834136963e-01
1.776190549135208130e-01
1.710997819900512695e-01
2.156167775392532349e-01
2.275816053152084351e-01
2.277520447969436646e-01
1.659207493066787720e-01
2.463353127241134644e-01
3.101502358913421631e-01
2.368978857994079590e-01
1.415059417486190796e-01
2.951511442661285400e-01
2.411824911832809448e-01
2.747180163860321045e-01
2.982750833034515381e-01
1.703308671712875366e-01
3.497675359249114990e-01
2.952857017517089844e-01
3.168343007564544678e-01
2.610784769058227539e-01
2.398725897073745728e-01
2.307085841894149780e-01
2.883051335811614990e-01
2.027566283941268921e-01
2.422059774398803711e-01
1.788079738616943359e-01
4.088420569896697998e-01
2.594983875751495361e-01
7.465011477470397949e-01
3.228498697280883789e-01
2.055810242891311646e-01
1.995492130517959595e-01
2.710396349430084229e-01
3.895138204097747803e-01
2.924484014511108398e-01
2.241521328687667847e-01
2.740480601787567139e-01
3.289987742900848389e-01
3.153701126575469971e-01
3.106708228588104248e-01
3.656955063343048096e-01
1.952031701803207397e-01
2.356162071228027344e-01
2.905671298503875732e-01
2.748385071754455566e-01
2.994723320007324219e-01
2.818246781826019287e-01
2.537499964237213135e-01
9.786455035209655762e-01
2.470421046018600464e-01
2.987002432346343994e-01
4.486430883407592773e-01
2.850334048271179199e-01
2.760701477527618408e-01
2.867634296417236328e-01
2.238274365663528442e-01
2.480968087911605835e-01
2.831177413463592529e-01
2.520835399627685547e-01
2.065152078866958618e-01
2.556387186050415039e-01
2.664650976657867432e-01
2.620294094085693359e-01
2.575060725212097168e-01
2.896057069301605225e-01
2.796445488929748535e-01
3.412652909755706787e-01
1.815331578254699707e-01
2.727204263210296631e-01
2.653346061706542969e-01
2.794858217239379883e-01
2.844809591770172119e-01
2.696620225906372070e-01
2.219205051660537720e-01
2.538959980010986328e-01
2.320999652147293091e-01
2.145075052976608276e-01
2.252732962369918823e-01
3.281894326210021973e-01
1.720177084207534790e-01
1.618628054857254028e-01
3.289423286914825439e-01
9.091997742652893066e-01
2.590312063694000244e-01
2.732830941677093506e-01
2.863103747367858887e-01
2.771313488483428955e-01
2.634721100330352783e-01
3.182567358016967773e-01
2.598073780536651611e-01
2.792936265468597412e-01
3.726681470870971680e-01
2.220027446746826172e-01
2.662619650363922119e-01
2.797988355159759521e-01
3.622523546218872070e-01
2.262415289878845215e-01
3.315062522888183594e-01
2.673906385898590088e-01
3.460665643215179443e-01
3.753826916217803955e-01
2.261890321969985962e-01
2.611005306243896484e-01
2.564308941364288330e-01
3.351093232631683350e-01
2.939959764480590820e-01
2.734520733356475830e-01
2.686422169208526611e-01
2.290911525487899780e-01
3.859469592571258545e-01
2.811225950717926025e-01
2.641206085681915283e-01
2.504270374774932861e-01
2.258028239011764526e-01
2.478975653648376465e-01
2.523691952228546143e-01
3.631900548934936523e-01
2.154638767242431641e-01
2.584463953971862793e-01
1.860011219978332520e-01
2.345003336668014526e-01
4.211283922195434570e-01
4.496400356292724609e-01
2.534834146499633789e-01
2.094199061393737793e-01
4.846456944942474365e-01
2.321247607469558716e-01
2.230138629674911499e-01
1.958633214235305786e-01
3.225121498107910156e-01
2.516953945159912109e-01
2.972750961780548096e-01
3.404034376144409180e-01
2.407546490430831909e-01
3.480254113674163818e-01
3.038848340511322021e-01
2.593081295490264893e-01
3.719578683376312256e-01
2.196944206953048706e-01
3.007254600524902344e-01
2.606154978275299072e-01
2.135864049196243286e-01
2.171681970357894897e-01
3.380071222782135010e-01
2.928401529788970947e-01
2.603648900985717773e-01
3.745299279689788818e-01
3.102103471755981445e-01
2.268365025520324707e-01
2.381895035505294800e-01
3.007852733135223389e-01
2.774076461791992188e-01
2.636955082416534424e-01
2.538250386714935303e-01
2.479884624481201172e-01
2.341387271881103516e-01
2.082495540380477905e-01
2.504393756389617920e-01
2.698877453804016113e-01
2.043724805116653442e-01
2.887241542339324951e-01
3.617243468761444092e-01
2.643217146396636963e-01
3.051240742206573486e-01
3.081826269626617432e-01
3.501566946506500244e-01
2.209369987249374390e-01
2.607669830322265625e-01
2.387085705995559692e-01
2.256647199392318726e-01
2.984121739864349365e-01
3.475671708583831787e-01
3.006119430065155029e-01
3.230800330638885498e-01
2.154921740293502808e-01
3.233595788478851318e-01
2.273294180631637573e-01
2.153449505567550659e-01
2.297059744596481323e-01
2.634605467319488525e-01
2.136882543563842773e-01
2.130547612905502319e-01
1.818370968103408813e-01
1.992679834365844727e-01
2.425678968429565430e-01
2.883506119251251221e-01
3.784169852733612061e-01
2.093196511268615723e-01
2.727123200893402100e-01
2.106750011444091797e-01
2.860799133777618408e-01
3.139497637748718262e-01
3.561936318874359131e-01
2.784168720245361328e-01
3.410365879535675049e-01
2.749523222446441650e-01
2.115979194641113281e-01
2.499254345893859863e-01
2.935917675495147705e-01
1.785382777452468872e-01
1.948451846837997437e-01
3.040848076343536377e-01
2.057411670684814453e-01
3.231115341186523438e-01
3.445525169372558594e-01
2.879290580749511719e-01
1.751883178949356079e-01
3.643411695957183838e-01
2.341792136430740356e-01
2.379604130983352661e-01
2.733319699764251709e-01
3.179570138454437256e-01
3.189918994903564453e-01
1.899658888578414917e-01
1.875045448541641235e-01
1.689341813325881958e-01
2.523487210273742676e-01
2.841891348361968994e-01
2.113634794950485229e-01
2.248825281858444214e-01
3.359583616256713867e-01
1.968113034963607788e-01
1.866092681884765625e-01
2.249954789876937866e-01
2.852313816547393799e-01
3.093385696411132812e-01
3.050709664821624756e-01
1.987345218658447266e-01
2.459006905555725098e-01
2.354357987642288208e-01
3.090056777000427246e-01
2.849911153316497803e-01
3.324569165706634521e-01
3.570109605789184570e-01
2.684433758258819580e-01
2.145093083381652832e-01
2.434469908475875854e-01
2.365140467882156372e-01
2.092854976654052734e-01
2.414400726556777954e-01
3.233470022678375244e-01
2.552019953727722168e-01
3.222308456897735596e-01
2.636008262634277344e-01
3.443191051483154297e-01
1.601780056953430176e-01
3.406468331813812256e-01
2.486473321914672852e-01
2.666508257389068604e-01
2.060663700103759766e-01
2.869927585124969482e-01
2.001145035028457642e-01
2.882022261619567871e-01
3.623888492584228516e-01
2.601908445358276367e-01
1.983907818794250488e-01
2.336438894271850586e-01
1.950789690017700195e-01
2.963203489780426025e-01
2.077583521604537964e-01
2.521925270557403564e-01
2.061502933502197266e-01
3.711558878421783447e-01
2.476474046707153320e-01
5.502400398254394531e-01
2.325721383094787598e-01
2.357698231935501099e-01
3.155450224876403809e-01
3.244386613368988037e-01
2.939553558826446533e-01
2.165642529726028442e-01
1.775571852922439575e-01
2.395849227905273438e-01
2.148960381746292114e-01
2.175922840833663940e-01
1.854069679975509644e-01
2.834343910217285156e-01
2.929295301437377930e-01
2.473497837781906128e-01
2.444068193435668945e-01
2.707845270633697510e-01
4.630115032196044922e-01
1.644783616065979004e-01
3.272787630558013916e-01
2.929410040378570557e-01
2.917340695858001709e-01
2.539152204990386963e-01
2.104227095842361450e-01
2.030649036169052124e-01
2.415104359388351440e-01
3.084735274314880371e-01
2.112890034914016724e-01
3.667494952678680420e-01
3.564427793025970459e-01
2.463427186012268066e-01
1.749653369188308716e-01
2.581573426723480225e-01
2.983632385730743408e-01
1.988346576690673828e-01
2.117525190114974976e-01
3.474452793598175049e-01
2.854841947555541992e-01
3.566905260086059570e-01
2.815769016742706299e-01
2.055011540651321411e-01
2.073886245489120483e-01
3.393590748310089111e-01
3.327444493770599365e-01
4.519580304622650146e-01
2.291566282510757446e-01
6.459349989891052246e-01
2.645845711231231689e-01
3.069355785846710205e-01
2.014330625534057617e-01
2.742759585380554199e-01
2.377987951040267944e-01
2.683460414409637451e-01
1.588638871908187866e-01
2.597610056400299072e-01
2.083688825368881226e-01
3.463155329227447510e-01
3.101729750633239746e-01
2.974136769771575928e-01
2.745964527130126953e-01
3.077743649482727051e-01
1.983886361122131348e-01
1.851776838302612305e-01
3.004054725170135498e-01
3.133576214313507080e-01
3.068997561931610107e-01
4.683446884155273438e-01
2.222062349319458008e-01
3.896681368350982666e-01
2.434239983558654785e-01
2.409036606550216675e-01
2.442355304956436157e-01
3.008752167224884033e-01
3.434406220912933350e-01
2.336006015539169312e-01
3.141020834445953369e-01
3.256903290748596191e-01
2.817629277706146240e-01
2.081779241561889648e-01
3.345594704151153564e-01
3.766674995422363281e-01
2.362933307886123657e-01
3.034269809722900391e-01
3.668547570705413818e-01
4.900157451629638672e-01
2.637082636356353760e-01
3.062057793140411377e-01
2.282184809446334839e-01
2.726063132286071777e-01
2.354981452226638794e-01
2.244626879692077637e-01
2.473024576902389526e-01
1.838710755109786987e-01
2.156401425600051880e-01
3.041128814220428467e-01
1.876961439847946167e-01
2.709772884845733643e-01
2.906799912452697754e-01
2.482314109802246094e-01
1.930886954069137573e-01
2.064741700887680054e-01
2.398655414581298828e-01
1.846251487731933594e-01
2.027473598718643188e-01
3.040873706340789795e-01
2.233971208333969116e-01
2.538114488124847412e-01
2.199442237615585327e-01
2.456218153238296509e-01
2.177306860685348511e-01
3.266650140285491943e-01
1.966280192136764526e-01
2.291920036077499390e-01
2.478517889976501465e-01
2.353598326444625854e-01
1.884929388761520386e-01
5.094618201255798340e-01
2.006716728210449219e-01
4.169307649135589600e-01
3.693311512470245361e-01
2.473341226577758789e-01
9.641144871711730957e-01
2.892811298370361328e-01
3.169144093990325928e-01
3.806934654712677002e-01
2.344948500394821167e-01
3.062309026718139648e-01
2.095649093389511108e-01
3.087196946144104004e-01
2.804485857486724854e-01
2.161390036344528198e-01
2.156820893287658691e-01
3.040634989738464355e-01
2.985215783119201660e-01
1.860557794570922852e-01
2.876487672328948975e-01
2.134182006120681763e-01
2.146298140287399292e-01
2.335122078657150269e-01
3.466818332672119141e-01
2.903042733669281006e-01
4.217474758625030518e-01
3.332529366016387939e-01
4.076534807682037354e-01
2.676057815551757812e-01
2.411313802003860474e-01
2.858840525150299072e-01
2.794322073459625244e-01
3.374804556369781494e-01
2.113761752843856812e-01
2.494827955961227417e-01
4.282778799533843994e-01
2.499469071626663208e-01
2.964248657226562500e-01
2.773173749446868896e-01
2.047762423753738403e-01
2.053145617246627808e-01
2.884242832660675049e-01
3.101972043514251709e-01
3.174479603767395020e-01
2.770029306411743164e-01
3.610868155956268311e-01
3.931016027927398682e-01
2.781059443950653076e-01
3.326340615749359131e-01
4.041796028614044189e-01
3.129878044128417969e-01
3.736540377140045166e-01
2.984112203121185303e-01
2.736019790172576904e-01
2.626840174198150635e-01
2.929963767528533936e-01
2.848188579082489014e-01
2.697145342826843262e-01
3.060607612133026123e-01
3.324094712734222412e-01
5.940497517585754395e-01
3.125814497470855713e-01
1.929660290479660034e-01
2.153438329696655273e-01
2.540228664875030518e-01
3.128319084644317627e-01
2.724602520465850830e-01
2.583633363246917725e-01
2.701883018016815186e-01
2.567565143108367920e-01
2.255166023969650269e-01
1.655705869197845459e-01
1.890769600868225098e-01
2.872569859027862549e-01
2.934231460094451904e-01
3.350707590579986572e-01
2.471812516450881958e-01
2.121909707784652710e-01
1.934168785810470581e-01
3.221882879734039307e-01
2.594250142574310303e-01
1.969745010137557983e-01
1.683837175369262695e-01
2.255530357360839844e-01
2.079964280128479004e-01
2.728043794631958008e-01
2.534888088703155518e-01
4.018447101116180420e-01
2.085435837507247925e-01
3.482107818126678467e-01
2.395027428865432739e-01
1.710947901010513306e-01
3.300382196903228760e-01
2.882979512214660645e-01
3.021317422389984131e-01
3.407509028911590576e-01
1.491928994655609131e-01
2.412412911653518677e-01
2.560394704341888428e-01
2.890941798686981201e-01
5.035038590431213379e-01
1.711554676294326782e-01
2.399046421051025391e-01
2.070958018302917480e-01
3.493924438953399658e-01
2.137610465288162231e-01
2.456223517656326294e-01
3.567776679992675781e-01
2.688744068145751953e-01
2.535041868686676025e-01
3.312461674213409424e-01
2.608630061149597168e-01
2.150026112794876099e-01
2.675487399101257324e-01
2.653075456619262695e-01
2.470487356185913086e-01
2.044412642717361450e-01
3.243932425975799561e-01
2.410994768142700195e-01
2.657573521137237549e-01
3.369247913360595703e-01
1.739534735679626465e-01
2.891850173473358154e-01
1.808619350194931030e-01
2.864952385425567627e-01
2.211015820503234863e-01
2.300563901662826538e-01
1.850298494100570679e-01
3.094288408756256104e-01
2.538781762123107910e-01
2.154105752706527710e-01
3.205508291721343994e-01
2.252335995435714722e-01
2.695016562938690186e-01
3.658114373683929443e-01
1.875924468040466309e-01
1.850712746381759644e-01
2.314318865537643433e-01
2.546700835227966309e-01
2.419096380472183228e-01
2.083489745855331421e-01
2.993818223476409912e-01
1.706132441759109497e-01
3.132160305976867676e-01
3.812454044818878174e-01
2.725521922111511230e-01
3.956416547298431396e-01
3.093321621417999268e-01
2.647364735603332520e-01
2.841099798679351807e-01
2.616165280342102051e-01
2.100492715835571289e-01
2.671940326690673828e-01
2.782054841518402100e-01
2.757097184658050537e-01
3.184967041015625000e-01
2.378734350204467773e-01
2.053203135728836060e-01
1.824439167976379395e-01
3.413546085357666016e-01
2.742598354816436768e-01
2.988078594207763672e-01
2.702507078647613525e-01
2.304205447435379028e-01
4.979667365550994873e-01
2.351756095886230469e-01
2.688852846622467041e-01
3.493502438068389893e-01
3.434160649776458740e-01
3.527059257030487061e-01
2.689850628376007080e-01
2.142016142606735229e-01
2.936498224735260010e-01
2.946667671203613281e-01
2.017641067504882812e-01
3.102612793445587158e-01
2.119795531034469604e-01
3.338913619518280029e-01
2.833546102046966553e-01
2.547852694988250732e-01
2.870455086231231689e-01
2.218944579362869263e-01
4.673055112361907959e-01
2.858249545097351074e-01
3.220160007476806641e-01
3.143465518951416016e-01
1.954724937677383423e-01
2.616180777549743652e-01
2.588807940483093262e-01
2.104692459106445312e-01
3.128708004951477051e-01
2.917461097240447998e-01
4.052849709987640381e-01
3.580698668956756592e-01
2.527841031551361084e-01
1.741883605718612671e-01
1.873591542243957520e-01
2.696254551410675049e-01
2.513973414897918701e-01
2.550976574420928955e-01
2.268667668104171753e-01
1.992689818143844604e-01
2.121770530939102173e-01
3.202444612979888916e-01
1.409055590629577637e-01
2.776702046394348145e-01
2.328443527221679688e-01
3.379150331020355225e-01
2.286289930343627930e-01
2.209094315767288208e-01
2.472137212753295898e-01
2.120860368013381958e-01
2.354804724454879761e-01
2.527109682559967041e-01
2.529952824115753174e-01
3.215655982494354248e-01
2.434512227773666382e-01
2.102187871932983398e-01
2.542004287242889404e-01
4.172079563140869141e-01
1.626499742269515991e-01
2.054279595613479614e-01
2.461065798997879028e-01
2.249884158372879028e-01
2.984708249568939209e-01
4.294876158237457275e-01
3.481315374374389648e-01
3.385508358478546143e-01
3.295295536518096924e-01
1.884049326181411743e-01
1.785614341497421265e-01
2.667708694934844971e-01
3.578159809112548828e-01
1.984844058752059937e-01
2.273717671632766724e-01
2.795731127262115479e-01
2.661919891834259033e-01
3.099376857280731201e-01
1.860036104917526245e-01
2.850873172283172607e-01
2.632345855236053467e-01
3.657673895359039307e-01
2.586509287357330322e-01
3.205368816852569580e-01
7.654256224632263184e-01
2.651054263114929199e-01
2.348529249429702759e-01
2.582336366176605225e-01
2.340108305215835571e-01
2.969903945922851562e-01
2.861309349536895752e-01
3.364784717559814453e-01
3.582911193370819092e-01
2.841402590274810791e-01
2.641158401966094971e-01
2.536906301975250244e-01
2.970303595066070557e-01
2.789678573608398438e-01
1.638428568840026855e-01
2.448466420173645020e-01
2.204302102327346802e-01
1.918122023344039917e-01
3.121254742145538330e-01
1.829146146774291992e-01
1.851123571395874023e-01
3.318082094192504883e-01
2.817753851413726807e-01
2.727206349372863770e-01
3.106514811515808105e-01
2.772676944732666016e-01
2.827852666378021240e-01
2.581984698772430420e-01
1.817243844270706177e-01
2.825821340084075928e-01
2.182816118001937866e-01
3.282797038555145264e-01
3.001623451709747314e-01
3.167765736579895020e-01
2.316682189702987671e-01
2.606049478054046631e-01
3.057401180267333984e-01
2.366732358932495117e-01
2.661713659763336182e-01
2.272049784660339355e-01
3.415797948837280273e-01
2.309738993644714355e-01
2.130720615386962891e-01
5.648323297500610352e-01
3.553197681903839111e-01
3.160396516323089600e-01
2.699364721775054932e-01
2.350375503301620483e-01
2.169522792100906372e-01
2.327791601419448853e-01
3.054683208465576172e-01
2.871063649654388428e-01
2.626341879367828369e-01
2.240824550390243530e-01
2.297849059104919434e-01
3.160327374935150146e-01
2.439147084951400757e-01
2.271333336830139160e-01
3.188291788101196289e-01
2.736200988292694092e-01
2.388411760330200195e-01
2.491387128829956055e-01
3.125676810741424561e-01
1.811916381120681763e-01
3.027142286300659180e-01
2.846883833408355713e-01
2.667670845985412598e-01
2.701316773891448975e-01
1.698947548866271973e-01
3.478168547153472900e-01
2.768844366073608398e-01
3.209867775440216064e-01
3.291101157665252686e-01
2.343802005052566528e-01
2.785266339778900146e-01
3.091838955879211426e-01
2.459748983383178711e-01
2.704132199287414551e-01
2.787010073661804199e-01
2.164390832185745239e-01
1.951658576726913452e-01
3.208093345165252686e-01
2.230647206306457520e-01
2.461228370666503906e-01
2.608261406421661377e-01
3.024620115756988525e-01
1.931345611810684204e-01
2.506465315818786621e-01
2.551701068878173828e-01
2.325748652219772339e-01
2.917665541172027588e-01
2.250117808580398560e-01
1.884965151548385620e-01
2.001603692770004272e-01
2.209602147340774536e-01
2.367529720067977905e-01
3.120063245296478271e-01
1.956721544265747070e-01
3.576498329639434814e-01
2.972269356250762939e-01
2.071420699357986450e-01
2.676250934600830078e-01
3.524523675441741943e-01
2.135680466890335083e-01
3.031156957149505615e-01
2.278879731893539429e-01
2.552836835384368896e-01
1.748766452074050903e-01
2.564946413040161133e-01
3.108563125133514404e-01
3.406616747379302979e-01
2.674063444137573242e-01
3.638258874416351318e-01
2.409962862730026245e-01
2.869351208209991455e-01
1.739708185195922852e-01
2.514683306217193604e-01
2.390090376138687134e-01
1.878373175859451294e-01
2.709554135799407959e-01
1.873080730438232422e-01
2.260256558656692505e-01
2.539786994457244873e-01
3.601998984813690186e-01
4.546373188495635986e-01
2.791970074176788330e-01
2.397447377443313599e-01
3.300266563892364502e-01
3.988381326198577881e-01
2.610248625278472900e-01
2.420689016580581665e-01
2.884217202663421631e-01
3.008767068386077881e-01
2.949965596199035645e-01
3.176925182342529297e-01
4.710094034671783447e-01
2.193647176027297974e-01
4.237957298755645752e-01
2.055013179779052734e-01
2.245246917009353638e-01
4.067019522190093994e-01
4.444365501403808594e-01
3.854794204235076904e-01
2.031953185796737671e-01
2.527360022068023682e-01
3.726144731044769287e-01
2.572081387042999268e-01
1.990822106599807739e-01
3.079258501529693604e-01
2.468301653861999512e-01
3.467293679714202881e-01
3.248784840106964111e-01
3.005551397800445557e-01
1.848560720682144165e-01
1.757925003767013550e-01
3.036021590232849121e-01
1.954374313354492188e-01
1.594571918249130249e-01
2.593060731887817383e-01
2.727766931056976318e-01
2.526601254940032959e-01
2.445073872804641724e-01
2.348167896270751953e-01
2.237096428871154785e-01
2.528660297393798828e-01
1.850412040948867798e-01
2.764066755771636963e-01
2.097674012184143066e-01
2.758456766605377197e-01
3.288102447986602783e-01
2.933613955974578857e-01
2.786645889282226562e-01
2.210068553686141968e-01
2.861199378967285156e-01
3.145164251327514648e-01
2.719147801399230957e-01
3.686621189117431641e-01
2.228265851736068726e-01
2.575489580631256104e-01
2.172078341245651245e-01
2.591630220413208008e-01
3.406089246273040771e-01
3.888360261917114258e-01
2.451386898756027222e-01
2.760370969772338867e-01
2.621487975120544434e-01
2.393454909324645996e-01
3.123184740543365479e-01
3.349968492984771729e-01
3.016316294670104980e-01
3.359538018703460693e-01
2.315834164619445801e-01
2.164462357759475708e-01
2.435678690671920776e-01
2.943768799304962158e-01
2.449715137481689453e-01
2.277166843414306641e-01
3.154434859752655029e-01
4.553781449794769287e-01
2.945440709590911865e-01
2.583790719509124756e-01
3.981525599956512451e-01
3.013485968112945557e-01
2.206183820962905884e-01
2.829241752624511719e-01
3.639168441295623779e-01
2.649886012077331543e-01
2.366519570350646973e-01
2.012086510658264160e-01
2.959114611148834229e-01
3.325828313827514648e-01
2.520596385002136230e-01
3.098577558994293213e-01
2.068944573402404785e-01
2.594689428806304932e-01
1.633256524801254272e-01
