1.130145266652107239e-01
1.224866136908531189e-01
1.384786218404769897e-01
1.360458880662918091e-01
1.086903214454650879e-01
1.616519540548324585e-01
2.529397010803222656e-01
1.480795592069625854e-01
1.402171105146408081e-01
1.370883882045745850e-01
1.167895197868347168e-01
1.300901025533676147e-01
1.217205896973609924e-01
1.307794898748397827e-01
1.117891296744346619e-01
1.198061183094978333e-01
1.237780824303627014e-01
1.127781197428703308e-01
1.272729933261871338e-01
1.518232524394989014e-01
1.315041631460189819e-01
1.278062611818313599e-01
1.528854817152023315e-01
1.334425061941146851e-01
1.305709928274154663e-01
1.334852427244186401e-01
1.413300484418869019e-01
1.382329314947128296e-01
1.295487731695175171e-01
1.309383362531661987e-01
1.268972307443618774e-01
1.312355250120162964e-01
1.204203590750694275e-01
1.457747817039489746e-01
1.637816876173019409e-01
1.230196654796600342e-01
1.144850850105285645e-01
1.583914458751678467e-01
1.422891020774841309e-01
1.605330705642700195e-01
1.159864291548728943e-01
1.309787780046463013e-01
1.223354339599609375e-01
1.480342149734497070e-01
1.353874653577804565e-01
1.291684359312057495e-01
1.205799803137779236e-01
1.276035755872726440e-01
1.198589131236076355e-01
1.373571604490280151e-01
1.318652182817459106e-01
1.176948919892311096e-01
1.243058964610099792e-01
1.130944862961769104e-01
1.177668571472167969e-01
1.503651291131973267e-01
1.412495523691177368e-01
1.253992468118667603e-01
1.565801352262496948e-01
1.449662297964096069e-01
1.104701161384582520e-01
1.447972804307937622e-01
1.373322457075119019e-01
1.354129463434219360e-01
1.215077638626098633e-01
1.564257889986038208e-01
1.347487717866897583e-01
1.398754566907882690e-01
1.078332141041755676e-01
1.426880508661270142e-01
1.386550664901733398e-01
1.272852569818496704e-01
1.239565387368202209e-01
1.256611645221710205e-01
1.279108226299285889e-01
1.232902929186820984e-01
1.363443136215209961e-01
1.196715161204338074e-01
1.332477182149887085e-01
1.582520753145217896e-01
1.721343547105789185e-01
1.315555721521377563e-01
1.116535067558288574e-01
1.583249717950820923e-01
1.261635869741439819e-01
1.377574950456619263e-01
1.326944231986999512e-01
1.449087411165237427e-01
1.310454308986663818e-01
1.281642168760299683e-01
1.304682344198226929e-01
1.188906654715538025e-01
1.325307637453079224e-01
1.420990973711013794e-01
1.758262366056442261e-01
1.289736479520797729e-01
1.313813775777816772e-01
1.587565392255783081e-01
1.270886212587356567e-01
1.393780559301376343e-01
1.271311640739440918e-01
1.491618901491165161e-01
1.105192229151725769e-01
1.243662163615226746e-01
1.269882321357727051e-01
1.590180248022079468e-01
1.222963258624076843e-01
1.965766698122024536e-01
1.475589722394943237e-01
1.289418488740921021e-01
1.190390959382057190e-01
1.516357511281967163e-01
1.591875106096267700e-01
1.236580833792686462e-01
1.415694504976272583e-01
1.446367949247360229e-01
1.273106187582015991e-01
1.223690509796142578e-01
1.307265609502792358e-01
1.445325762033462524e-01
2.320451885461807251e-01
1.145123764872550964e-01
1.123644709587097168e-01
1.222016438841819763e-01
1.209104061126708984e-01
1.238184869289398193e-01
1.716968268156051636e-01
1.296439915895462036e-01
1.196902170777320862e-01
1.493392586708068848e-01
1.437120586633682251e-01
1.406740993261337280e-01
1.341102272272109985e-01
1.207826808094978333e-01
1.334662735462188721e-01
1.430366784334182739e-01
1.219746768474578857e-01
1.518384069204330444e-01
1.255532354116439819e-01
1.375784277915954590e-01
1.254716366529464722e-01
1.233491599559783936e-01
1.185364797711372375e-01
1.357836127281188965e-01
1.248096600174903870e-01
1.258103251457214355e-01
1.414012312889099121e-01
1.214083507657051086e-01
1.427791565656661987e-01
1.205401122570037842e-01
1.608813256025314331e-01
1.378167420625686646e-01
1.346036046743392944e-01
1.276786476373672485e-01
1.238716319203376770e-01
1.213288232684135437e-01
1.457289308309555054e-01
1.450258642435073853e-01
1.348347812891006470e-01
1.311588734388351440e-01
1.284424066543579102e-01
1.081651970744132996e-01
1.261838078498840332e-01
1.301373392343521118e-01
1.385475546121597290e-01
1.299493163824081421e-01
1.588473469018936157e-01
1.265570372343063354e-01
1.565517038106918335e-01
1.152859851717948914e-01
1.384073644876480103e-01
1.409597247838973999e-01
1.270185858011245728e-01
1.234360933303833008e-01
1.257290691137313843e-01
1.221853420138359070e-01
1.230633854866027832e-01
1.182439327239990234e-01
1.222818866372108459e-01
1.169733703136444092e-01
1.272700279951095581e-01
1.410275548696517944e-01
1.269634515047073364e-01
1.140026226639747620e-01
1.117356196045875549e-01
1.176295205950737000e-01
1.505603194236755371e-01
1.557255387306213379e-01
1.313689351081848145e-01
1.481417715549468994e-01
1.219008043408393860e-01
1.193266734480857849e-01
1.248763501644134521e-01
1.265538781881332397e-01
1.220764517784118652e-01
1.362242996692657471e-01
1.592139154672622681e-01
1.158906221389770508e-01
1.502389907836914062e-01
1.427302956581115723e-01
1.307210773229598999e-01
1.162822470068931580e-01
1.220827922224998474e-01
1.365645080804824829e-01
1.304396539926528931e-01
1.192813590168952942e-01
1.334760934114456177e-01
1.335756629705429077e-01
1.323350816965103149e-01
1.323911696672439575e-01
1.231831982731819153e-01
1.279084831476211548e-01
1.087898612022399902e-01
1.068558692932128906e-01
1.205163896083831787e-01
1.217421367764472961e-01
1.212373971939086914e-01
1.612085103988647461e-01
1.616560518741607666e-01
1.197821721434593201e-01
1.280931383371353149e-01
1.258589923381805420e-01
1.207106411457061768e-01
1.163327693939208984e-01
1.365516632795333862e-01
1.481031626462936401e-01
1.246917918324470520e-01
1.226586699485778809e-01
1.210232377052307129e-01
1.298241615295410156e-01
1.314020007848739624e-01
1.190004348754882812e-01
1.201560199260711670e-01
1.269570440053939819e-01
1.434045881032943726e-01
1.820528507232666016e-01
1.052162870764732361e-01
1.152881085872650146e-01
1.287280619144439697e-01
1.206042170524597168e-01
1.472223997116088867e-01
1.286301165819168091e-01
1.220856308937072754e-01
1.120677366852760315e-01
1.261250972747802734e-01
1.252263337373733521e-01
1.205413714051246643e-01
1.324017047882080078e-01
1.181317567825317383e-01
1.349448263645172119e-01
1.560913771390914917e-01
1.188034713268280029e-01
1.411120742559432983e-01
1.312800198793411255e-01
1.171501949429512024e-01
1.192416325211524963e-01
1.351047307252883911e-01
1.644607037305831909e-01
1.312690526247024536e-01
1.431518197059631348e-01
1.179791688919067383e-01
1.487219184637069702e-01
1.291403174400329590e-01
1.377154439687728882e-01
1.463320553302764893e-01
1.387460678815841675e-01
1.279114782810211182e-01
1.247596144676208496e-01
1.223884150385856628e-01
1.156739667057991028e-01
1.112912669777870178e-01
1.284726560115814209e-01
1.220925450325012207e-01
1.251374334096908569e-01
1.528559774160385132e-01
1.451296061277389526e-01
1.582283526659011841e-01
1.336068361997604370e-01
1.300188153982162476e-01
1.180202662944793701e-01
1.468613743782043457e-01
1.148393377661705017e-01
1.268868148326873779e-01
1.280269771814346313e-01
1.217986345291137695e-01
1.245481893420219421e-01
1.224422678351402283e-01
1.486437171697616577e-01
1.261479407548904419e-01
1.234823241829872131e-01
1.235790848731994629e-01
1.541218906641006470e-01
1.273514479398727417e-01
2.006735652685165405e-01
1.325362920761108398e-01
1.214725747704505920e-01
1.245656237006187439e-01
1.240483596920967102e-01
1.286756247282028198e-01
1.182026863098144531e-01
1.352096796035766602e-01
1.353131383657455444e-01
1.265727728605270386e-01
1.254558116197586060e-01
1.360332518815994263e-01
1.255988925695419312e-01
1.344613879919052124e-01
1.258156597614288330e-01
1.521699428558349609e-01
1.628930568695068359e-01
1.271843463182449341e-01
1.125782430171966553e-01
1.181976571679115295e-01
1.156615018844604492e-01
1.452644765377044678e-01
1.356166750192642212e-01
1.275814622640609741e-01
1.270089000463485718e-01
1.189336106181144714e-01
1.597744375467300415e-01
1.427149474620819092e-01
1.330044716596603394e-01
1.424422264099121094e-01
1.534655094146728516e-01
1.246368661522865295e-01
1.287857294082641602e-01
1.289545446634292603e-01
1.224490925669670105e-01
1.675975173711776733e-01
1.439353078603744507e-01
1.241206824779510498e-01
1.229991093277931213e-01
1.238696351647377014e-01
1.329602748155593872e-01
1.321315765380859375e-01
1.291956156492233276e-01
1.328483074903488159e-01
1.189170703291893005e-01
1.503112465143203735e-01
1.144596859812736511e-01
1.328180581331253052e-01
1.451641321182250977e-01
1.391661167144775391e-01
1.394247561693191528e-01
1.172072812914848328e-01
1.193473413586616516e-01
1.119977906346321106e-01
1.454011946916580200e-01
1.709193438291549683e-01
1.358140408992767334e-01
1.622062176465988159e-01
1.319015026092529297e-01
1.267321854829788208e-01
1.422499269247055054e-01
1.238323450088500977e-01
1.734387725591659546e-01
1.265178620815277100e-01
1.263133883476257324e-01
1.193000599741935730e-01
1.136358901858329773e-01
1.241358891129493713e-01
1.291228085756301880e-01
1.510340422391891479e-01
1.335538774728775024e-01
1.395847350358963013e-01
1.363914161920547485e-01
1.526493281126022339e-01
1.415740251541137695e-01
1.699063777923583984e-01
1.460772603750228882e-01
1.241530403494834900e-01
1.144567504525184631e-01
1.109367012977600098e-01
1.084662005305290222e-01
1.439746469259262085e-01
1.590711325407028198e-01
1.568136811256408691e-01
1.164320781826972961e-01
1.154767647385597229e-01
1.465415805578231812e-01
1.514032781124114990e-01
1.241244748234748840e-01
1.293906122446060181e-01
1.399940401315689087e-01
1.299400180578231812e-01
1.310020238161087036e-01
1.427901834249496460e-01
1.522968262434005737e-01
1.401811689138412476e-01
1.202983558177947998e-01
1.288230568170547485e-01
1.239136829972267151e-01
1.370852291584014893e-01
1.375348418951034546e-01
1.228255853056907654e-01
2.037911266088485718e-01
1.579398512840270996e-01
1.206583082675933838e-01
1.180015429854393005e-01
1.410958170890808105e-01
1.235774159431457520e-01
1.353097110986709595e-01
1.532940864562988281e-01
1.266326755285263062e-01
1.389280706644058228e-01
1.213487759232521057e-01
1.338073015213012695e-01
1.185904964804649353e-01
1.321835368871688843e-01
1.302448362112045288e-01
1.464660167694091797e-01
1.866894960403442383e-01
1.086824834346771240e-01
1.691020280122756958e-01
1.191447600722312927e-01
1.168248653411865234e-01
1.158161386847496033e-01
1.299183815717697144e-01
1.273847669363021851e-01
1.141839921474456787e-01
1.451874971389770508e-01
1.253966540098190308e-01
1.376937180757522583e-01
1.257981806993484497e-01
1.412952691316604614e-01
1.606500893831253052e-01
1.199774444103240967e-01
1.178403273224830627e-01
1.230978667736053467e-01
1.584253758192062378e-01
1.200707033276557922e-01
1.241878494620323181e-01
1.443931460380554199e-01
1.346059441566467285e-01
1.363782286643981934e-01
1.256849020719528198e-01
1.277628690004348755e-01
1.269393563270568848e-01
1.764043122529983521e-01
1.169424429535865784e-01
1.323129087686538696e-01
1.196315065026283264e-01
1.522636413574218750e-01
1.242986842989921570e-01
1.140461340546607971e-01
1.373156756162643433e-01
1.766011714935302734e-01
1.224967017769813538e-01
1.198771968483924866e-01
1.367919594049453735e-01
1.167194172739982605e-01
1.263984888792037964e-01
1.173042133450508118e-01
1.656356602907180786e-01
1.745145320892333984e-01
1.365384310483932495e-01
1.443704515695571899e-01
1.329093128442764282e-01
1.190818175673484802e-01
1.326191872358322144e-01
1.223220825195312500e-01
1.427047997713088989e-01
1.334388852119445801e-01
1.397863924503326416e-01
1.274505704641342163e-01
1.321062892675399780e-01
1.166105866432189941e-01
1.314144432544708252e-01
1.369581371545791626e-01
1.411277800798416138e-01
1.755390912294387817e-01
1.225343048572540283e-01
1.504920870065689087e-01
1.423733085393905640e-01
1.471867561340332031e-01
1.298527866601943970e-01
1.205147877335548401e-01
1.298261880874633789e-01
1.609938740730285645e-01
1.294722110033035278e-01
1.276168078184127808e-01
1.499920487403869629e-01
1.382964998483657837e-01
1.236894726753234863e-01
1.245532035827636719e-01
1.479695886373519897e-01
1.221391335129737854e-01
1.365833878517150879e-01
1.516679078340530396e-01
1.150964722037315369e-01
1.233886852860450745e-01
1.191315650939941406e-01
1.577369570732116699e-01
1.314648985862731934e-01
1.427102088928222656e-01
1.243858039379119873e-01
1.196279898285865784e-01
9.941027313470840454e-02
1.135184168815612793e-01
1.435368508100509644e-01
1.424036771059036255e-01
1.320059448480606079e-01
1.434160023927688599e-01
1.655740290880203247e-01
1.372480243444442749e-01
1.311213672161102295e-01
1.472248286008834839e-01
1.333132833242416382e-01
1.327734589576721191e-01
1.299077719449996948e-01
1.154301986098289490e-01
1.235333681106567383e-01
1.501614302396774292e-01
1.172479763627052307e-01
1.273770332336425781e-01
1.143394634127616882e-01
1.240264400839805603e-01
1.211035028100013733e-01
1.154288724064826965e-01
1.600757986307144165e-01
1.449054330587387085e-01
1.276033967733383179e-01
1.229776367545127869e-01
2.394268959760665894e-01
1.277994662523269653e-01
1.054524108767509460e-01
1.218996271491050720e-01
1.345775574445724487e-01
1.467065811157226562e-01
1.777228862047195435e-01
1.235885620117187500e-01
1.509720385074615479e-01
1.169124841690063477e-01
1.397761851549148560e-01
1.489912718534469604e-01
1.138309165835380554e-01
1.223572865128517151e-01
1.313120275735855103e-01
1.259955763816833496e-01
1.290249079465866089e-01
1.711181998252868652e-01
1.356685310602188110e-01
1.376679390668869019e-01
1.306191533803939819e-01
1.578902453184127808e-01
1.155570372939109802e-01
1.314173787832260132e-01
1.309449225664138794e-01
1.151292026042938232e-01
1.242364421486854553e-01
1.316073387861251831e-01
1.257029771804809570e-01
1.199927702546119690e-01
1.277075707912445068e-01
1.627260893583297729e-01
1.328285485506057739e-01
1.354133337736129761e-01
1.486007273197174072e-01
1.515840142965316772e-01
1.291382163763046265e-01
1.296475380659103394e-01
1.390692442655563354e-01
1.202160120010375977e-01
1.282680034637451172e-01
1.203720942139625549e-01
1.670887470245361328e-01
1.269530802965164185e-01
1.382425576448440552e-01
1.199887767434120178e-01
1.240766867995262146e-01
1.078870892524719238e-01
1.168181672692298889e-01
1.326366811990737915e-01
1.402384489774703979e-01
1.378377377986907959e-01
1.751676201820373535e-01
1.306254714727401733e-01
1.264237910509109497e-01
1.376163512468338013e-01
1.393207162618637085e-01
1.248047128319740295e-01
1.230449303984642029e-01
1.457914113998413086e-01
1.214582026004791260e-01
1.379585862159729004e-01
1.922422498464584351e-01
2.299792319536209106e-01
1.134558394551277161e-01
1.750596761703491211e-01
1.444177180528640747e-01
1.197321042418479919e-01
1.250182986259460449e-01
1.367415189743041992e-01
1.297305375337600708e-01
1.375172883272171021e-01
1.335979849100112915e-01
1.167112961411476135e-01
1.257006675004959106e-01
1.387783885002136230e-01
1.201571896672248840e-01
1.301037967205047607e-01
1.402022242546081543e-01
1.373542100191116333e-01
1.284999400377273560e-01
1.221553757786750793e-01
1.256897449493408203e-01
1.486522853374481201e-01
1.579132825136184692e-01
1.267475038766860962e-01
1.428155452013015747e-01
1.314740031957626343e-01
1.277616471052169800e-01
1.291851997375488281e-01
1.621346473693847656e-01
1.379638016223907471e-01
1.363022029399871826e-01
1.645096689462661743e-01
1.246681585907936096e-01
1.240395307540893555e-01
1.255919039249420166e-01
1.599138826131820679e-01
1.284078806638717651e-01
1.181540861725807190e-01
1.382019966840744019e-01
1.305708736181259155e-01
1.439215987920761108e-01
1.167766824364662170e-01
1.653531640768051147e-01
1.554817408323287964e-01
1.430263370275497437e-01
1.354344040155410767e-01
1.655089408159255981e-01
1.307029426097869873e-01
1.592759937047958374e-01
1.222778484225273132e-01
1.222935840487480164e-01
1.347529739141464233e-01
1.236115694046020508e-01
1.488576084375381470e-01
1.600863933563232422e-01
1.389512270689010620e-01
1.272115558385848999e-01
1.359789818525314331e-01
1.779350787401199341e-01
1.255587786436080933e-01
1.297049969434738159e-01
1.227671504020690918e-01
1.357812583446502686e-01
1.152096912264823914e-01
1.542399823665618896e-01
1.333762556314468384e-01
1.312129646539688110e-01
1.447992473840713501e-01
1.254618614912033081e-01
1.305918246507644653e-01
1.298445612192153931e-01
1.379495412111282349e-01
1.184163466095924377e-01
1.276835799217224121e-01
1.652627885341644287e-01
1.406150162220001221e-01
1.320534795522689819e-01
1.265839934349060059e-01
1.395074278116226196e-01
1.770389527082443237e-01
1.297714263200759888e-01
1.061086654663085938e-01
1.303196251392364502e-01
1.326413750648498535e-01
1.312699615955352783e-01
1.311684995889663696e-01
1.255104839801788330e-01
2.131863981485366821e-01
1.113804951310157776e-01
1.337100565433502197e-01
1.307189464569091797e-01
1.421937942504882812e-01
1.369599550962448120e-01
1.452224403619766235e-01
1.399246454238891602e-01
1.159236505627632141e-01
1.136433854699134827e-01
1.208526864647865295e-01
1.130105853080749512e-01
1.393787115812301636e-01
1.244749799370765686e-01
1.225172579288482666e-01
1.166710332036018372e-01
1.360665112733840942e-01
1.260863095521926880e-01
1.199063286185264587e-01
1.444355845451354980e-01
1.170702800154685974e-01
1.282506287097930908e-01
1.463328748941421509e-01
1.249188706278800964e-01
1.509354263544082642e-01
1.266037374734878540e-01
1.339550763368606567e-01
1.274917274713516235e-01
1.338137835264205933e-01
1.480732858180999756e-01
1.251060217618942261e-01
1.260526776313781738e-01
1.248209774494171143e-01
1.324406117200851440e-01
1.438567191362380981e-01
1.374494880437850952e-01
1.244268789887428284e-01
1.718994528055191040e-01
1.770595312118530273e-01
1.102597787976264954e-01
1.274292767047882080e-01
1.632094979286193848e-01
1.303405165672302246e-01
1.308048665523529053e-01
1.187139749526977539e-01
1.121582761406898499e-01
1.307487040758132935e-01
1.277315169572830200e-01
1.262748390436172485e-01
1.285925507545471191e-01
1.401488333940505981e-01
1.417193263769149780e-01
1.271594911813735962e-01
1.260873526334762573e-01
1.514701992273330688e-01
1.374227553606033325e-01
1.578686386346817017e-01
1.248976066708564758e-01
1.236226931214332581e-01
1.297042518854141235e-01
1.255278736352920532e-01
1.246626153588294983e-01
1.354810148477554321e-01
1.634122580289840698e-01
1.289705038070678711e-01
1.434174180030822754e-01
1.376829445362091064e-01
1.294177323579788208e-01
1.332332342863082886e-01
1.236660853028297424e-01
1.257011443376541138e-01
1.086847782135009766e-01
1.153320968151092529e-01
1.252667754888534546e-01
1.239855885505676270e-01
1.332689672708511353e-01
1.444557458162307739e-01
1.624587774276733398e-01
1.238648891448974609e-01
1.187965497374534607e-01
1.278284341096878052e-01
1.408097743988037109e-01
1.613771170377731323e-01
1.396224349737167358e-01
1.838220357894897461e-01
1.259013265371322632e-01
1.338700950145721436e-01
1.376402229070663452e-01
1.211340203881263733e-01
1.233230829238891602e-01
1.516789942979812622e-01
1.382414698600769043e-01
1.183153018355369568e-01
1.356842368841171265e-01
1.363376975059509277e-01
1.508332639932632446e-01
1.231146156787872314e-01
1.461277306079864502e-01
1.154425963759422302e-01
1.321373432874679565e-01
1.245541274547576904e-01
1.286532729864120483e-01
1.878874748945236206e-01
1.320176571607589722e-01
1.106218919157981873e-01
1.381124556064605713e-01
1.578492969274520874e-01
1.230837181210517883e-01
1.306755393743515015e-01
1.291690915822982788e-01
1.327922344207763672e-01
1.474302113056182861e-01
1.330246031284332275e-01
1.272280663251876831e-01
1.319209784269332886e-01
1.348649710416793823e-01
1.170832514762878418e-01
1.173914298415184021e-01
1.263734102249145508e-01
1.178419291973114014e-01
1.113467887043952942e-01
1.412673592567443848e-01
1.301044076681137085e-01
1.236124858260154724e-01
1.308781951665878296e-01
1.248725280165672302e-01
1.275302171707153320e-01
1.276915967464447021e-01
1.270709633827209473e-01
1.259568929672241211e-01
1.201472207903862000e-01
1.461874395608901978e-01
1.199670135974884033e-01
1.176366508007049561e-01
1.436215192079544067e-01
1.223462149500846863e-01
1.336139589548110962e-01
1.216757968068122864e-01
1.043984666466712952e-01
1.338487267494201660e-01
1.213060319423675537e-01
1.324128508567810059e-01
1.381561011075973511e-01
1.243386492133140564e-01
1.245762184262275696e-01
1.142599806189537048e-01
1.380031555891036987e-01
1.493265181779861450e-01
1.175176277756690979e-01
1.444437354803085327e-01
1.578553467988967896e-01
1.566559970378875732e-01
1.319146007299423218e-01
1.289272606372833252e-01
1.212557032704353333e-01
1.583029776811599731e-01
1.507293730974197388e-01
1.121308580040931702e-01
1.185366436839103699e-01
1.499094218015670776e-01
1.117981672286987305e-01
1.148706749081611633e-01
1.305960714817047119e-01
1.184739843010902405e-01
1.333774924278259277e-01
1.397994011640548706e-01
1.620594263076782227e-01
1.184701249003410339e-01
1.276972591876983643e-01
1.815109997987747192e-01
1.271116882562637329e-01
1.227041855454444885e-01
1.401785463094711304e-01
1.397609561681747437e-01
1.188599988818168640e-01
1.308177411556243896e-01
1.284501701593399048e-01
1.291999369859695435e-01
1.387963294982910156e-01
1.405544877052307129e-01
1.190809011459350586e-01
1.169987395405769348e-01
1.349252015352249146e-01
1.402409225702285767e-01
1.321090906858444214e-01
1.318757683038711548e-01
1.190369501709938049e-01
1.049869582056999207e-01
1.474003791809082031e-01
1.295881420373916626e-01
1.141246855258941650e-01
1.425729840993881226e-01
1.272528469562530518e-01
1.088709235191345215e-01
1.320125311613082886e-01
1.268655359745025635e-01
1.205137148499488831e-01
1.732507199048995972e-01
1.352175027132034302e-01
1.372403055429458618e-01
1.697715520858764648e-01
1.533932983875274658e-01
1.383231729269027710e-01
1.445682495832443237e-01
1.425235271453857422e-01
1.253752261400222778e-01
1.715731024742126465e-01
1.677219122648239136e-01
1.376931220293045044e-01
1.260538399219512939e-01
1.229094043374061584e-01
1.601773053407669067e-01
1.384453177452087402e-01
1.332949399948120117e-01
1.343852430582046509e-01
1.217624321579933167e-01
1.360535472631454468e-01
1.156680285930633545e-01
1.227067336440086365e-01
1.255523711442947388e-01
1.138537749648094177e-01
1.195198297500610352e-01
1.755114793777465820e-01
1.315436512231826782e-01
1.338801532983779907e-01
1.340408325195312500e-01
1.394534707069396973e-01
1.469448059797286987e-01
1.313392370939254761e-01
1.426565498113632202e-01
1.206523999571800232e-01
1.429897993803024292e-01
1.215817555785179138e-01
1.350932270288467407e-01
1.464086025953292847e-01
1.325272172689437866e-01
1.255277395248413086e-01
1.012601256370544434e-01
1.727133393287658691e-01
1.208843961358070374e-01
1.373746246099472046e-01
1.376935988664627075e-01
1.433303207159042358e-01
1.258276402950286865e-01
1.404248327016830444e-01
1.373241394758224487e-01
1.416022181510925293e-01
1.372311562299728394e-01
1.197430118918418884e-01
1.366157680749893188e-01
1.388022303581237793e-01
1.299323588609695435e-01
1.284631639719009399e-01
1.063972339034080505e-01
1.447880268096923828e-01
1.362807899713516235e-01
1.337323784828186035e-01
1.282305121421813965e-01
1.431751549243927002e-01
1.384675651788711548e-01
1.245451793074607849e-01
1.223661303520202637e-01
1.194395795464515686e-01
1.238554790616035461e-01
1.363829523324966431e-01
1.216601729393005371e-01
1.350170224905014038e-01
1.725967973470687866e-01
1.573035120964050293e-01
1.415475159883499146e-01
1.521204710006713867e-01
1.206226423382759094e-01
1.533681303262710571e-01
1.358472555875778198e-01
1.172292903065681458e-01
1.352157145738601685e-01
1.327460557222366333e-01
1.363083720207214355e-01
1.288264542818069458e-01
1.446768045425415039e-01
1.739453077316284180e-01
1.575818657875061035e-01
1.285735815763473511e-01
1.699973940849304199e-01
1.448757946491241455e-01
1.565123647451400757e-01
1.414656490087509155e-01
1.327625364065170288e-01
1.241486445069313049e-01
1.155439242720603943e-01
1.171747148036956787e-01
1.324894875288009644e-01
1.467319875955581665e-01
1.189091503620147705e-01
1.658712029457092285e-01
1.283889859914779663e-01
1.381097584962844849e-01
1.352087706327438354e-01
1.271554678678512573e-01
1.260745972394943237e-01
1.273311525583267212e-01
1.075626537203788757e-01
1.273036599159240723e-01
1.202212572097778320e-01
1.470236629247665405e-01
1.208301782608032227e-01
1.240852475166320801e-01
1.237077042460441589e-01
1.445661187171936035e-01
1.643990874290466309e-01
1.225473210215568542e-01
1.576992422342300415e-01
1.205553114414215088e-01
1.339691728353500366e-01
1.679763048887252808e-01
1.211603358387947083e-01
1.469249874353408813e-01
1.266561597585678101e-01
1.390044987201690674e-01
1.463621258735656738e-01
1.420425027608871460e-01
1.400399208068847656e-01
1.253786087036132812e-01
1.111019030213356018e-01
1.344622969627380371e-01
1.426345407962799072e-01
1.333182603120803833e-01
1.291451305150985718e-01
1.392537206411361694e-01
1.395027488470077515e-01
1.254224628210067749e-01
1.218372955918312073e-01
1.162507161498069763e-01
1.457324475049972534e-01
1.457875370979309082e-01
1.163774803280830383e-01
1.389211863279342651e-01
1.392048746347427368e-01
1.323696076869964600e-01
1.262849867343902588e-01
1.197322607040405273e-01
1.359310597181320190e-01
1.590618938207626343e-01
1.346006840467453003e-01
1.266709417104721069e-01
1.226139888167381287e-01
1.170149818062782288e-01
1.153610721230506897e-01
1.406973600387573242e-01
1.233424171805381775e-01
1.545132994651794434e-01
1.533033698797225952e-01
1.240649595856666565e-01
1.926166862249374390e-01
1.320064812898635864e-01
1.374344080686569214e-01
1.354034245014190674e-01
1.375971138477325439e-01
1.393239051103591919e-01
1.297819465398788452e-01
1.679931432008743286e-01
1.334759443998336792e-01
1.523158252239227295e-01
1.206597313284873962e-01
1.274457126855850220e-01
1.308865100145339966e-01
1.270527690649032593e-01
1.440868973731994629e-01
1.350862234830856323e-01
1.213322877883911133e-01
1.168594285845756531e-01
1.428449749946594238e-01
1.326393336057662964e-01
1.245005503296852112e-01
1.283485740423202515e-01
1.656783670186996460e-01
1.812398284673690796e-01
1.463405936956405640e-01
1.342362612485885620e-01
1.192379593849182129e-01
1.337777376174926758e-01
1.202670261263847351e-01
1.321271657943725586e-01
1.366574615240097046e-01
1.516210138797760010e-01
1.635282486677169800e-01
1.148873344063758850e-01
1.199064627289772034e-01
1.157762184739112854e-01
1.205815672874450684e-01
1.224459782242774963e-01
1.490919739007949829e-01
1.392649412155151367e-01
1.240954622626304626e-01
1.241054534912109375e-01
1.170249357819557190e-01
1.135696098208427429e-01
1.192260459065437317e-01
1.253484636545181274e-01
1.175542250275611877e-01
1.306296885013580322e-01
1.137479767203330994e-01
1.244852542877197266e-01
1.702748090028762817e-01
1.171910390257835388e-01
1.194986775517463684e-01
1.374944150447845459e-01
1.360640525817871094e-01
1.433995515108108521e-01
1.723479628562927246e-01
1.309650391340255737e-01
1.258849054574966431e-01
1.209582462906837463e-01
1.368094235658645630e-01
1.132482662796974182e-01
1.111222580075263977e-01
1.299870163202285767e-01
1.504912078380584717e-01
1.358056515455245972e-01
1.384513229131698608e-01
1.201779916882514954e-01
1.647854447364807129e-01
1.185766234993934631e-01
1.169799566268920898e-01
1.270565390586853027e-01
1.527093499898910522e-01
1.536307483911514282e-01
1.357896327972412109e-01
1.270832419395446777e-01
1.143815517425537109e-01
1.119969561696052551e-01
1.259907931089401245e-01
1.251958012580871582e-01
1.206912472844123840e-01
1.200185492634773254e-01
1.389781087636947632e-01
1.172167956829071045e-01
1.300074011087417603e-01
1.377647817134857178e-01
1.140754818916320801e-01
1.285942345857620239e-01
1.311049312353134155e-01
1.189789101481437683e-01
1.484591215848922729e-01
1.928145289421081543e-01
1.139890179038047791e-01
1.448194384574890137e-01
1.511369943618774414e-01
1.491557806730270386e-01
1.191147193312644958e-01
1.179665103554725647e-01
1.442383974790573120e-01
1.205307766795158386e-01
1.456905305385589600e-01
1.355685740709304810e-01
1.269239336252212524e-01
1.697261482477188110e-01
1.247300505638122559e-01
1.307346224784851074e-01
1.331487447023391724e-01
1.303158849477767944e-01
1.233424320816993713e-01
1.346686631441116333e-01
1.451203823089599609e-01
1.845640987157821655e-01
1.174992918968200684e-01
1.446412652730941772e-01
1.334695965051651001e-01
1.290767490863800049e-01
1.119917929172515869e-01
1.194026693701744080e-01
1.356054395437240601e-01
1.272792369127273560e-01
1.227357015013694763e-01
1.223883256316184998e-01
1.258469074964523315e-01
1.242908313870429993e-01
1.239951550960540771e-01
1.630308181047439575e-01
1.311915665864944458e-01
1.169106364250183105e-01
1.223762854933738708e-01
1.571659892797470093e-01
1.343898624181747437e-01
1.375624984502792358e-01
1.311875879764556885e-01
1.685954928398132324e-01
1.434215456247329712e-01
1.344989538192749023e-01
1.188405528664588928e-01
1.371299624443054199e-01
1.239413022994995117e-01
1.180543005466461182e-01
1.801038980484008789e-01
1.503896564245223999e-01
1.231576874852180481e-01
1.393163204193115234e-01
1.159183382987976074e-01
1.392626911401748657e-01
1.170093491673469543e-01
1.240353956818580627e-01
1.282907873392105103e-01
1.215286925435066223e-01
1.672760248184204102e-01
1.468942612409591675e-01
1.234250664710998535e-01
1.293849945068359375e-01
1.429375559091567993e-01
1.231033131480216980e-01
1.299967169761657715e-01
1.188100352883338928e-01
1.235987320542335510e-01
1.537808328866958618e-01
1.262305229902267456e-01
1.252111941576004028e-01
1.121566891670227051e-01
1.247669085860252380e-01
1.305282562971115112e-01
1.155503094196319580e-01
1.390359997749328613e-01
1.171200200915336609e-01
1.469648629426956177e-01
1.435181051492691040e-01
1.403248608112335205e-01
1.308832019567489624e-01
1.371318548917770386e-01
1.426452249288558960e-01
1.122739315032958984e-01
1.209391430020332336e-01
1.255419105291366577e-01
1.198896393179893494e-01
1.225486099720001221e-01
1.195051074028015137e-01
1.402826011180877686e-01
1.505234092473983765e-01
1.441960185766220093e-01
1.364832222461700439e-01
1.324849575757980347e-01
1.283021718263626099e-01
1.146260425448417664e-01
1.230975165963172913e-01
1.370538622140884399e-01
1.552610695362091064e-01
1.494537144899368286e-01
1.743115335702896118e-01
1.263410449028015137e-01
1.409871429204940796e-01
1.238890066742897034e-01
1.141628026962280273e-01
1.263195574283599854e-01
1.186025738716125488e-01
1.225923523306846619e-01
1.233613789081573486e-01
1.288707107305526733e-01
1.387689262628555298e-01
1.431370526552200317e-01
1.228887364268302917e-01
1.396830826997756958e-01
1.310294717550277710e-01
1.218557581305503845e-01
1.153651699423789978e-01
1.372540742158889771e-01
1.255396306514739990e-01
1.248388066887855530e-01
1.180114522576332092e-01
1.347746253013610840e-01
1.203922256827354431e-01
1.274326294660568237e-01
1.298872232437133789e-01
1.106907650828361511e-01
1.503820866346359253e-01
1.544604152441024780e-01
1.329465061426162720e-01
1.187642216682434082e-01
1.453261077404022217e-01
1.671181768178939819e-01
1.209296658635139465e-01
1.455955207347869873e-01
1.322981566190719604e-01
1.248484775424003601e-01
1.348926573991775513e-01
1.326094716787338257e-01
1.196728572249412537e-01
1.216378435492515564e-01
1.367890983819961548e-01
1.580146998167037964e-01
1.307293474674224854e-01
1.331696659326553345e-01
1.163665577769279480e-01
1.167411580681800842e-01
1.106927990913391113e-01
1.334509551525115967e-01
1.396533399820327759e-01
1.381430178880691528e-01
1.288814693689346313e-01
1.331585645675659180e-01
1.120093762874603271e-01
1.359751820564270020e-01
1.307374238967895508e-01
1.319186240434646606e-01
1.246893778443336487e-01
1.382655948400497437e-01
1.246430650353431702e-01
1.361911296844482422e-01
1.229682564735412598e-01
1.197805777192115784e-01
1.392538696527481079e-01
1.534303426742553711e-01
1.219423413276672363e-01
1.343860030174255371e-01
1.263724714517593384e-01
1.320921629667282104e-01
1.318670660257339478e-01
1.290517598390579224e-01
1.303971409797668457e-01
1.157262325286865234e-01
1.243019029498100281e-01
1.264116317033767700e-01
1.126370802521705627e-01
1.236688122153282166e-01
1.596322208642959595e-01
1.259226053953170776e-01
1.351606100797653198e-01
1.277236342430114746e-01
1.351514309644699097e-01
1.286589503288269043e-01
1.090437993407249451e-01
1.400429010391235352e-01
1.275224983692169189e-01
1.468806415796279907e-01
1.294739097356796265e-01
1.204127371311187744e-01
1.191452741622924805e-01
1.226515397429466248e-01
1.322173178195953369e-01
1.169846951961517334e-01
1.657138019800186157e-01
1.481003612279891968e-01
1.582014411687850952e-01
1.448801010847091675e-01
1.756574660539627075e-01
1.101827919483184814e-01
1.455496400594711304e-01
1.288081407546997070e-01
1.300839036703109741e-01
1.254982650279998779e-01
1.284617334604263306e-01
1.085898503661155701e-01
1.330616921186447144e-01
1.218762323260307312e-01
1.314187198877334595e-01
1.265909373760223389e-01
1.297607570886611938e-01
1.519303470849990845e-01
1.699251383543014526e-01
1.359574347734451294e-01
1.315459609031677246e-01
1.453713327646255493e-01
1.524196416139602661e-01
1.120937392115592957e-01
1.258024424314498901e-01
1.175353750586509705e-01
1.394253820180892944e-01
1.525211781263351440e-01
1.453090459108352661e-01
1.315422505140304565e-01
1.218843683600425720e-01
1.154583916068077087e-01
1.373199075460433960e-01
1.507060974836349487e-01
1.358947008848190308e-01
1.414012014865875244e-01
1.306047588586807251e-01
1.437930464744567871e-01
1.534612923860549927e-01
1.426521986722946167e-01
1.098368763923645020e-01
1.553000807762145996e-01
1.343011856079101562e-01
1.517193168401718140e-01
1.262557059526443481e-01
1.217273399233818054e-01
1.133699193596839905e-01
1.230165958404541016e-01
1.185229197144508362e-01
1.518271714448928833e-01
1.187373623251914978e-01
1.495968550443649292e-01
1.319462507963180542e-01
1.428983807563781738e-01
1.576483696699142456e-01
1.078627482056617737e-01
1.666184514760971069e-01
1.240389719605445862e-01
1.368336528539657593e-01
1.241158545017242432e-01
1.919612288475036621e-01
1.228106319904327393e-01
1.757591962814331055e-01
1.171374842524528503e-01
1.107007563114166260e-01
1.391342133283615112e-01
1.340125650167465210e-01
1.766931265592575073e-01
1.353294104337692261e-01
1.625893115997314453e-01
1.166149899363517761e-01
1.250316649675369263e-01
1.370618045330047607e-01
1.248703971505165100e-01
1.077215448021888733e-01
1.160834059119224548e-01
1.247818246483802795e-01
1.429145187139511108e-01
1.433931440114974976e-01
1.280226558446884155e-01
1.805790066719055176e-01
1.543646752834320068e-01
1.221806108951568604e-01
1.526396870613098145e-01
1.362140327692031860e-01
1.262576133012771606e-01
1.152526512742042542e-01
1.310066431760787964e-01
1.866809576749801636e-01
1.523257642984390259e-01
1.740783900022506714e-01
1.364706903696060181e-01
1.140924915671348572e-01
1.441517323255538940e-01
1.410870850086212158e-01
1.319746524095535278e-01
1.274330615997314453e-01
1.366350501775741577e-01
1.114606261253356934e-01
1.387276202440261841e-01
1.366051584482192993e-01
1.220691427588462830e-01
1.546306610107421875e-01
1.599221378564834595e-01
1.345274001359939575e-01
1.279172748327255249e-01
1.185018792748451233e-01
1.481874138116836548e-01
1.319987624883651733e-01
1.264627128839492798e-01
1.259943097829818726e-01
1.310926675796508789e-01
1.125291362404823303e-01
1.119976118206977844e-01
1.380442231893539429e-01
1.431054919958114624e-01
1.402848809957504272e-01
1.443279385566711426e-01
2.119449526071548462e-01
1.315452456474304199e-01
1.404262930154800415e-01
1.568006426095962524e-01
1.445983499288558960e-01
1.072688996791839600e-01
1.160955056548118591e-01
1.278472840785980225e-01
1.228355243802070618e-01
1.511715948581695557e-01
1.150369867682456970e-01
1.235634684562683105e-01
1.241568401455879211e-01
1.482628732919692993e-01
1.355762630701065063e-01
1.249305978417396545e-01
1.340902447700500488e-01
1.359300315380096436e-01
1.330166012048721313e-01
1.524596661329269409e-01
1.301695704460144043e-01
1.321679949760437012e-01
1.328727006912231445e-01
1.496732383966445923e-01
1.342979520559310913e-01
1.797457486391067505e-01
1.413664221763610840e-01
1.260829269886016846e-01
1.170464456081390381e-01
1.443402618169784546e-01
1.507766395807266235e-01
1.382124572992324829e-01
1.071991696953773499e-01
1.677212119102478027e-01
1.203786656260490417e-01
1.145559474825859070e-01
1.252455562353134155e-01
1.424908488988876343e-01
1.293950676918029785e-01
1.499111801385879517e-01
1.158977523446083069e-01
1.787904947996139526e-01
1.272044032812118530e-01
1.245667338371276855e-01
1.198432445526123047e-01
1.325959265232086182e-01
1.152788102626800537e-01
1.348004490137100220e-01
1.365824341773986816e-01
1.260155439376831055e-01
1.367111057043075562e-01
1.279054731130599976e-01
1.215190291404724121e-01
1.478251069784164429e-01
1.172759160399436951e-01
1.186277493834495544e-01
1.281378418207168579e-01
1.575464010238647461e-01
1.312283277511596680e-01
1.227325797080993652e-01
1.160834655165672302e-01
1.227933540940284729e-01
1.241584792733192444e-01
1.259331107139587402e-01
1.079783961176872253e-01
1.330005824565887451e-01
1.161986589431762695e-01
1.312218159437179565e-01
1.990029662847518921e-01
1.423000097274780273e-01
1.444319635629653931e-01
1.216886714100837708e-01
1.391872316598892212e-01
1.499836742877960205e-01
1.282439827919006348e-01
1.533002704381942749e-01
1.330380886793136597e-01
1.539319604635238647e-01
1.439568698406219482e-01
1.394370943307876587e-01
1.430532634258270264e-01
1.206672787666320801e-01
1.247202530503273010e-01
1.190209165215492249e-01
1.306980103254318237e-01
1.278419941663742065e-01
1.357933878898620605e-01
1.363535374402999878e-01
1.345884799957275391e-01
1.242775842547416687e-01
1.257316619157791138e-01
1.379335671663284302e-01
1.198670864105224609e-01
1.218170747160911560e-01
1.271463185548782349e-01
1.109132543206214905e-01
1.383732110261917114e-01
1.422209888696670532e-01
1.455458849668502808e-01
1.538247615098953247e-01
1.427161097526550293e-01
1.235055625438690186e-01
1.095431819558143616e-01
1.496284455060958862e-01
1.261152029037475586e-01
1.190618872642517090e-01
1.210074722766876221e-01
1.278947740793228149e-01
1.445878595113754272e-01
1.354360729455947876e-01
1.329473257064819336e-01
1.322368830442428589e-01
1.305194646120071411e-01
1.245429292321205139e-01
1.995604038238525391e-01
1.165568456053733826e-01
1.194196715950965881e-01
1.304773390293121338e-01
1.279870122671127319e-01
1.553028076887130737e-01
1.433605253696441650e-01
1.578818410634994507e-01
1.282838732004165649e-01
1.573621183633804321e-01
1.133845970034599304e-01
1.253004819154739380e-01
1.613840013742446899e-01
1.087195575237274170e-01
1.745314449071884155e-01
1.373425573110580444e-01
1.243022680282592773e-01
1.473840922117233276e-01
1.524563729763031006e-01
1.652821451425552368e-01
1.287655979394912720e-01
1.350468248128890991e-01
1.382721513509750366e-01
1.325724422931671143e-01
1.230077520012855530e-01
1.222415268421173096e-01
1.835049837827682495e-01
1.180595532059669495e-01
1.254470795392990112e-01
1.302157044410705566e-01
1.320146471261978149e-01
1.453247815370559692e-01
1.490791141986846924e-01
1.308939903974533081e-01
1.582936793565750122e-01
1.520220488309860229e-01
1.145415082573890686e-01
1.778588742017745972e-01
1.131668612360954285e-01
1.257619559764862061e-01
1.192139089107513428e-01
1.328106671571731567e-01
1.146740093827247620e-01
1.510140150785446167e-01
1.435875743627548218e-01
1.476835161447525024e-01
1.383233517408370972e-01
1.240575090050697327e-01
1.187216863036155701e-01
2.174175232648849487e-01
1.229006052017211914e-01
1.103566512465476990e-01
1.254808157682418823e-01
1.343388110399246216e-01
1.294923573732376099e-01
1.256210803985595703e-01
1.221201121807098389e-01
1.353937536478042603e-01
1.349732726812362671e-01
1.370579153299331665e-01
1.606932133436203003e-01
1.181828007102012634e-01
1.414778828620910645e-01
1.383256763219833374e-01
1.206759437918663025e-01
2.021713703870773315e-01
1.390457451343536377e-01
1.395975351333618164e-01
1.343256980180740356e-01
1.200692877173423767e-01
1.560425013303756714e-01
1.410098373889923096e-01
1.503523141145706177e-01
1.362483054399490356e-01
1.247008219361305237e-01
1.227520480751991272e-01
1.135844513773918152e-01
1.474191546440124512e-01
1.383108049631118774e-01
1.209623292088508606e-01
1.401725858449935913e-01
1.296765208244323730e-01
1.270256042480468750e-01
1.169452071189880371e-01
1.363531798124313354e-01
1.302902102470397949e-01
1.284802407026290894e-01
1.199941411614418030e-01
1.263261139392852783e-01
1.652587950229644775e-01
1.359528005123138428e-01
1.129404604434967041e-01
1.406951844692230225e-01
1.980529278516769409e-01
1.300919800996780396e-01
1.353326886892318726e-01
1.407936364412307739e-01
1.642315089702606201e-01
1.334052532911300659e-01
1.167140230536460876e-01
1.567380279302597046e-01
1.193688139319419861e-01
1.210762038826942444e-01
1.325560957193374634e-01
1.356830000877380371e-01
1.234525144100189209e-01
1.471083462238311768e-01
1.388558298349380493e-01
1.464862078428268433e-01
1.252816170454025269e-01
1.220964193344116211e-01
1.769039183855056763e-01
1.097571924328804016e-01
1.444434076547622681e-01
1.261295229196548462e-01
1.700221896171569824e-01
1.802204400300979614e-01
1.140628680586814880e-01
1.250467896461486816e-01
1.117617860436439514e-01
1.194771304726600647e-01
1.240307465195655823e-01
1.377900242805480957e-01
1.714031100273132324e-01
1.136428713798522949e-01
1.402307599782943726e-01
1.475169062614440918e-01
1.447791606187820435e-01
1.447661668062210083e-01
1.302375346422195435e-01
1.386370509862899780e-01
1.180110201239585876e-01
1.302001923322677612e-01
1.271571367979049683e-01
1.318636983633041382e-01
1.291567087173461914e-01
1.555394977331161499e-01
1.381247639656066895e-01
1.270617842674255371e-01
1.256634145975112915e-01
1.341088563203811646e-01
1.354929506778717041e-01
1.532058268785476685e-01
1.305433958768844604e-01
1.335895508527755737e-01
1.379973739385604858e-01
1.217637956142425537e-01
1.411264836788177490e-01
1.117390990257263184e-01
1.157670542597770691e-01
1.143540963530540466e-01
1.244318410754203796e-01
1.224429234862327576e-01
1.429920792579650879e-01
1.383257359266281128e-01
1.400354951620101929e-01
1.595875471830368042e-01
1.656277030706405640e-01
1.374529451131820679e-01
1.172570809721946716e-01
1.552910059690475464e-01
1.207783594727516174e-01
1.400101631879806519e-01
1.186022683978080750e-01
1.340190321207046509e-01
1.387518942356109619e-01
1.467619538307189941e-01
1.156837567687034607e-01
1.335622221231460571e-01
1.696354895830154419e-01
1.635425388813018799e-01
1.727616935968399048e-01
1.309846788644790649e-01
1.302055865526199341e-01
1.277088522911071777e-01
1.525281220674514771e-01
1.506329625844955444e-01
1.276983469724655151e-01
1.295119971036911011e-01
1.383552104234695435e-01
1.133886277675628662e-01
1.364777535200119019e-01
1.308644860982894897e-01
1.189389452338218689e-01
1.447480171918869019e-01
1.212322488427162170e-01
1.054219827055931091e-01
1.187984049320220947e-01
1.292661428451538086e-01
1.437307447195053101e-01
1.223770901560783386e-01
1.409763693809509277e-01
1.691763401031494141e-01
1.192851066589355469e-01
1.269841045141220093e-01
1.241531744599342346e-01
1.124591901898384094e-01
1.599595546722412109e-01
1.375878900289535522e-01
1.227022483944892883e-01
1.434559673070907593e-01
1.253840476274490356e-01
1.257524043321609497e-01
1.705757975578308105e-01
1.321334093809127808e-01
1.181615665555000305e-01
1.271666437387466431e-01
1.884701699018478394e-01
1.431959867477416992e-01
1.193208768963813782e-01
1.502951681613922119e-01
1.424745321273803711e-01
1.399721652269363403e-01
1.152086928486824036e-01
1.200244650244712830e-01
1.363565921783447266e-01
1.177030801773071289e-01
1.273383200168609619e-01
1.225328072905540466e-01
1.255254745483398438e-01
1.336517781019210815e-01
1.243509277701377869e-01
1.198579668998718262e-01
1.192580237984657288e-01
1.312743276357650757e-01
1.381504386663436890e-01
1.245953068137168884e-01
1.336728036403656006e-01
1.297018826007843018e-01
1.465992778539657593e-01
1.346770972013473511e-01
1.683394908905029297e-01
1.237445101141929626e-01
1.198222041130065918e-01
1.390841305255889893e-01
1.388103961944580078e-01
1.246206685900688171e-01
1.406576484441757202e-01
1.483134180307388306e-01
1.082538738846778870e-01
1.232701167464256287e-01
1.404399871826171875e-01
1.272882968187332153e-01
1.471643149852752686e-01
1.264246851205825806e-01
1.445165127515792847e-01
1.308697611093521118e-01
1.273738294839859009e-01
1.206907331943511963e-01
1.444394439458847046e-01
1.343645006418228149e-01
1.296496838331222534e-01
1.569198817014694214e-01
1.365274637937545776e-01
1.246962770819664001e-01
1.401585787534713745e-01
1.401160806417465210e-01
1.382151842117309570e-01
1.090819016098976135e-01
1.485912352800369263e-01
1.094536855816841125e-01
1.387280970811843872e-01
1.220405399799346924e-01
1.490171402692794800e-01
1.223989427089691162e-01
1.268134862184524536e-01
1.411095261573791504e-01
1.712141633033752441e-01
1.227169036865234375e-01
1.240076422691345215e-01
1.198390200734138489e-01
1.347718685865402222e-01
1.600160151720046997e-01
1.147704422473907471e-01
1.476272642612457275e-01
1.537216454744338989e-01
1.336500346660614014e-01
1.318066865205764771e-01
1.215416416525840759e-01
1.626185029745101929e-01
1.475754082202911377e-01
1.197714731097221375e-01
1.200589463114738464e-01
1.410315781831741333e-01
1.211092844605445862e-01
1.144412979483604431e-01
1.263680309057235718e-01
1.267244368791580200e-01
1.545315384864807129e-01
1.206994056701660156e-01
1.254716366529464722e-01
1.399526447057723999e-01
1.128815189003944397e-01
1.268198490142822266e-01
1.269280165433883667e-01
1.252543479204177856e-01
1.367452889680862427e-01
1.169397830963134766e-01
1.240141317248344421e-01
1.650825291872024536e-01
1.413168162107467651e-01
1.424088180065155029e-01
1.548800915479660034e-01
1.130207851529121399e-01
1.043862998485565186e-01
1.465188413858413696e-01
1.338263750076293945e-01
1.209845915436744690e-01
1.269809156656265259e-01
1.103890538215637207e-01
1.252592504024505615e-01
1.264489293098449707e-01
1.545125246047973633e-01
1.087042316794395447e-01
1.145895645022392273e-01
1.246811226010322571e-01
1.176404654979705811e-01
1.329853981733322144e-01
1.385185271501541138e-01
1.775010675191879272e-01
1.196192502975463867e-01
1.550141274929046631e-01
1.226805076003074646e-01
1.270374059677124023e-01
1.325659900903701782e-01
1.158105134963989258e-01
1.195193156599998474e-01
1.428657025098800659e-01
1.480853557586669922e-01
1.315170824527740479e-01
1.279937177896499634e-01
1.276002079248428345e-01
1.414807587862014771e-01
1.370828896760940552e-01
1.363111287355422974e-01
1.308723688125610352e-01
1.473064422607421875e-01
1.119857802987098694e-01
1.432157307863235474e-01
1.470539718866348267e-01
1.261209845542907715e-01
1.306507140398025513e-01
1.341688781976699829e-01
1.403703689575195312e-01
1.461888998746871948e-01
1.208855733275413513e-01
1.173177734017372131e-01
1.347156018018722534e-01
1.647865325212478638e-01
1.355088055133819580e-01
1.425037831068038940e-01
1.303993314504623413e-01
1.226212009787559509e-01
1.307231634855270386e-01
1.503253430128097534e-01
1.288710385560989380e-01
1.442152857780456543e-01
1.337895989418029785e-01
1.325839310884475708e-01
1.213086768984794617e-01
1.337939351797103882e-01
1.215410530567169189e-01
1.167418435215950012e-01
2.017159014940261841e-01
1.389094740152359009e-01
1.393294483423233032e-01
1.364305913448333740e-01
1.181504800915718079e-01
1.232444941997528076e-01
1.558138281106948853e-01
1.085374876856803894e-01
1.217589974403381348e-01
1.474281549453735352e-01
1.295877546072006226e-01
1.398044675588607788e-01
1.468632966279983521e-01
1.262202709913253784e-01
1.660195291042327881e-01
1.319408416748046875e-01
1.393795907497406006e-01
1.599543541669845581e-01
1.514679938554763794e-01
1.368549019098281860e-01
1.512099057435989380e-01
1.296729594469070435e-01
1.339420825242996216e-01
1.238992512226104736e-01
1.303525269031524658e-01
1.425169855356216431e-01
1.321163922548294067e-01
1.171514019370079041e-01
1.286133229732513428e-01
1.257840543985366821e-01
1.337315887212753296e-01
1.313997954130172729e-01
1.212360560894012451e-01
1.207122579216957092e-01
1.123565435409545898e-01
1.219900473952293396e-01
1.242365539073944092e-01
1.400605887174606323e-01
1.259023696184158325e-01
1.544830650091171265e-01
1.414352655410766602e-01
1.273098438978195190e-01
1.344491392374038696e-01
1.211027279496192932e-01
1.432692259550094604e-01
1.198815777897834778e-01
1.255691200494766235e-01
1.263304650783538818e-01
1.313372701406478882e-01
1.368228197097778320e-01
1.237891614437103271e-01
1.588947623968124390e-01
1.213675960898399353e-01
1.457083821296691895e-01
1.403349488973617554e-01
1.264874190092086792e-01
1.330088824033737183e-01
1.363801509141921997e-01
1.377216726541519165e-01
1.072321608662605286e-01
1.217344179749488831e-01
1.404646039009094238e-01
1.316639333963394165e-01
1.291213631629943848e-01
1.371458023786544800e-01
1.557011455297470093e-01
1.266308724880218506e-01
1.209567561745643616e-01
1.317126005887985229e-01
1.230344697833061218e-01
1.333157569169998169e-01
1.322623193264007568e-01
1.225225925445556641e-01
1.246256232261657715e-01
1.189949288964271545e-01
1.293113231658935547e-01
1.377146095037460327e-01
1.245310902595520020e-01
1.319704353809356689e-01
1.390885412693023682e-01
1.584277749061584473e-01
1.577994078397750854e-01
1.445056349039077759e-01
1.289059519767761230e-01
1.459373980760574341e-01
1.820050626993179321e-01
1.209045350551605225e-01
1.234911307692527771e-01
1.338002830743789673e-01
1.339919865131378174e-01
1.223308220505714417e-01
1.355585604906082153e-01
1.295394599437713623e-01
1.331363469362258911e-01
1.330704540014266968e-01
1.274143904447555542e-01
1.599246412515640259e-01
1.331348419189453125e-01
1.250446438789367676e-01
1.222321167588233948e-01
1.327174454927444458e-01
1.361308693885803223e-01
1.315245032310485840e-01
1.193445548415184021e-01
1.310679167509078979e-01
1.111035346984863281e-01
1.103795245289802551e-01
1.340764611959457397e-01
1.541559249162673950e-01
1.391562223434448242e-01
1.556846797466278076e-01
1.217937767505645752e-01
1.199820637702941895e-01
1.399833410978317261e-01
1.179591938853263855e-01
1.619169414043426514e-01
1.344265490770339966e-01
1.320678591728210449e-01
1.322102695703506470e-01
1.153139099478721619e-01
1.334972679615020752e-01
1.482257694005966187e-01
1.219224333763122559e-01
1.335482448339462280e-01
1.247710362076759338e-01
1.389275789260864258e-01
1.566770672798156738e-01
1.376752108335494995e-01
1.242977902293205261e-01
1.142968460917472839e-01
1.616806536912918091e-01
1.519023627042770386e-01
1.313657611608505249e-01
1.372952759265899658e-01
1.162413582205772400e-01
1.553650647401809692e-01
1.129616126418113708e-01
1.223603859543800354e-01
1.441912949085235596e-01
1.229230165481567383e-01
1.358683258295059204e-01
1.313066333532333374e-01
1.477698981761932373e-01
1.209896206855773926e-01
1.195473298430442810e-01
1.745978146791458130e-01
1.416803300380706787e-01
1.414281874895095825e-01
1.857709139585494995e-01
1.448594778776168823e-01
1.210132241249084473e-01
1.250278949737548828e-01
1.132828220725059509e-01
1.523174792528152466e-01
1.344232708215713501e-01
1.199084743857383728e-01
1.277859508991241455e-01
1.379487365484237671e-01
1.783823966979980469e-01
1.336349993944168091e-01
1.750235110521316528e-01
1.426416784524917603e-01
1.238818168640136719e-01
1.200551092624664307e-01
1.500532478094100952e-01
1.270550340414047241e-01
1.322871297597885132e-01
1.148161813616752625e-01
1.381000727415084839e-01
1.260818690061569214e-01
1.154574453830718994e-01
1.265383213758468628e-01
1.342306733131408691e-01
1.207495033740997314e-01
1.480844914913177490e-01
1.811582297086715698e-01
1.269484758377075195e-01
1.256959885358810425e-01
1.296224594116210938e-01
1.147141829133033752e-01
1.276364326477050781e-01
1.179655492305755615e-01
1.684263348579406738e-01
1.399548500776290894e-01
1.227439343929290771e-01
1.228127405047416687e-01
1.202856674790382385e-01
1.207067593932151794e-01
1.269772946834564209e-01
1.388785690069198608e-01
1.285610944032669067e-01
1.439781934022903442e-01
1.271199733018875122e-01
1.247749328613281250e-01
1.242823973298072815e-01
1.452875286340713501e-01
1.416359245777130127e-01
1.228633597493171692e-01
1.148968935012817383e-01
1.298862844705581665e-01
1.090324744582176208e-01
1.465630978345870972e-01
1.286990642547607422e-01
1.581473201513290405e-01
1.258633285760879517e-01
1.279940456151962280e-01
1.204961165785789490e-01
1.288975328207015991e-01
1.141524314880371094e-01
1.162574067711830139e-01
1.400100141763687134e-01
1.463984400033950806e-01
1.276313513517379761e-01
1.311214417219161987e-01
1.174031272530555725e-01
1.310679465532302856e-01
1.311711966991424561e-01
1.596786826848983765e-01
1.465374380350112915e-01
1.348697990179061890e-01
1.355177909135818481e-01
1.308142095804214478e-01
1.434537619352340698e-01
1.110971570014953613e-01
1.318351775407791138e-01
1.238485202193260193e-01
1.263508051633834839e-01
1.328565776348114014e-01
1.283902972936630249e-01
1.328729242086410522e-01
1.845690160989761353e-01
1.365227550268173218e-01
1.228429451584815979e-01
1.381298750638961792e-01
1.177452802658081055e-01
1.276943087577819824e-01
1.375557333230972290e-01
1.428326219320297241e-01
1.530296355485916138e-01
1.277688890695571899e-01
1.309584528207778931e-01
1.380258947610855103e-01
1.391137838363647461e-01
1.292768567800521851e-01
1.136234030127525330e-01
1.825570464134216309e-01
1.148190498352050781e-01
1.308024376630783081e-01
1.164619103074073792e-01
1.402591615915298462e-01
1.149554625153541565e-01
1.240805685520172119e-01
1.482867896556854248e-01
1.406319290399551392e-01
1.261599510908126831e-01
1.157221272587776184e-01
1.271773874759674072e-01
1.347419768571853638e-01
1.474747508764266968e-01
1.234841346740722656e-01
1.305634528398513794e-01
1.259205788373947144e-01
1.316239684820175171e-01
1.521485894918441772e-01
1.171516999602317810e-01
1.074534878134727478e-01
1.484109163284301758e-01
1.260303705930709839e-01
1.636396348476409912e-01
1.169545426964759827e-01
1.283047795295715332e-01
1.455885618925094604e-01
1.396242529153823853e-01
1.332897990942001343e-01
1.896616220474243164e-01
1.241045519709587097e-01
1.306848973035812378e-01
1.432854086160659790e-01
1.394083648920059204e-01
1.406577080488204956e-01
1.475787758827209473e-01
1.116858497262001038e-01
1.332310289144515991e-01
1.314802020788192749e-01
1.398916095495223999e-01
1.302196085453033447e-01
1.281999051570892334e-01
1.142823994159698486e-01
1.784216016530990601e-01
1.367649883031845093e-01
1.201597824692726135e-01
1.374273896217346191e-01
1.328214704990386963e-01
1.408275961875915527e-01
1.332753598690032959e-01
1.335685998201370239e-01
1.260458976030349731e-01
1.197020933032035828e-01
1.134045794606208801e-01
1.308700293302536011e-01
1.476765424013137817e-01
1.623976081609725952e-01
1.313419342041015625e-01
1.236715093255043030e-01
1.469871252775192261e-01
1.363739967346191406e-01
1.400090306997299194e-01
1.418669223785400391e-01
1.149958670139312744e-01
1.201669201254844666e-01
1.228187084197998047e-01
1.267448216676712036e-01
1.761113405227661133e-01
1.259326189756393433e-01
1.398409903049468994e-01
1.640570014715194702e-01
1.259152591228485107e-01
1.300556063652038574e-01
1.249418631196022034e-01
1.618642210960388184e-01
1.202684864401817322e-01
1.533636301755905151e-01
1.438962668180465698e-01
1.459689885377883911e-01
1.296370625495910645e-01
1.794166564941406250e-01
1.512342840433120728e-01
1.599853485822677612e-01
1.377380937337875366e-01
1.440392285585403442e-01
1.261415183544158936e-01
1.394128352403640747e-01
1.428289562463760376e-01
1.400724202394485474e-01
1.308239549398422241e-01
1.402050405740737915e-01
1.184934005141258240e-01
1.621870249509811401e-01
1.350105553865432739e-01
1.306476145982742310e-01
1.448981612920761108e-01
1.191180720925331116e-01
1.250327080488204956e-01
1.494537740945816040e-01
1.408277601003646851e-01
1.302006542682647705e-01
1.240977644920349121e-01
1.459535062313079834e-01
1.480133980512619019e-01
1.531248837709426880e-01
1.629996746778488159e-01
1.283789426088333130e-01
1.149011924862861633e-01
1.260123252868652344e-01
1.834262460470199585e-01
1.130548119544982910e-01
1.135796308517456055e-01
1.159655675292015076e-01
1.333217918872833252e-01
1.193154826760292053e-01
1.328896731138229370e-01
1.265909373760223389e-01
1.387960910797119141e-01
1.144348010420799255e-01
1.274611502885818481e-01
1.327942609786987305e-01
1.490166336297988892e-01
1.269714385271072388e-01
1.112450361251831055e-01
1.292558312416076660e-01
1.188195347785949707e-01
1.324494332075119019e-01
1.270567476749420166e-01
1.213192120194435120e-01
1.437853723764419556e-01
1.544468551874160767e-01
1.188062131404876709e-01
1.225585117936134338e-01
1.143186092376708984e-01
1.109721660614013672e-01
1.151630878448486328e-01
1.223668679594993591e-01
1.179476678371429443e-01
1.182751655578613281e-01
1.328032463788986206e-01
1.357909291982650757e-01
1.211358681321144104e-01
1.138335242867469788e-01
1.356826871633529663e-01
1.243301704525947571e-01
1.230178698897361755e-01
1.438612192869186401e-01
1.166662797331809998e-01
1.622429490089416504e-01
1.172162815928459167e-01
1.413820534944534302e-01
1.245126202702522278e-01
1.427069902420043945e-01
1.270171552896499634e-01
1.171009317040443420e-01
1.670722216367721558e-01
1.225771233439445496e-01
1.344902515411376953e-01
1.318147033452987671e-01
1.425770968198776245e-01
1.355614811182022095e-01
1.180526316165924072e-01
1.712168455123901367e-01
1.143236532807350159e-01
1.122314631938934326e-01
1.248629763722419739e-01
1.181875988841056824e-01
1.405080109834671021e-01
1.417205482721328735e-01
1.185911223292350769e-01
1.219675764441490173e-01
1.337564587593078613e-01
1.383931487798690796e-01
1.310809254646301270e-01
1.236107423901557922e-01
1.261673420667648315e-01
1.284091621637344360e-01
1.301730573177337646e-01
1.294841021299362183e-01
1.365975141525268555e-01
1.334132850170135498e-01
1.268112212419509888e-01
1.271552592515945435e-01
1.103330254554748535e-01
1.512329131364822388e-01
1.358819305896759033e-01
1.335421353578567505e-01
1.233620643615722656e-01
1.488432437181472778e-01
1.149706542491912842e-01
1.222513541579246521e-01
1.530469208955764771e-01
1.270111948251724243e-01
1.103891804814338684e-01
1.210243403911590576e-01
1.332282572984695435e-01
1.339112222194671631e-01
1.164287924766540527e-01
1.412688046693801880e-01
1.452955454587936401e-01
1.267431229352951050e-01
1.243657171726226807e-01
1.399189084768295288e-01
1.236363127827644348e-01
1.153141483664512634e-01
1.340945512056350708e-01
1.512349992990493774e-01
1.412823051214218140e-01
1.140276491641998291e-01
1.509978026151657104e-01
1.719474345445632935e-01
1.239254549145698547e-01
1.455217599868774414e-01
1.223295554518699646e-01
1.142430678009986877e-01
1.336047202348709106e-01
1.467188596725463867e-01
1.128357872366905212e-01
1.237922906875610352e-01
1.296488791704177856e-01
1.505291014909744263e-01
1.152535900473594666e-01
1.249792352318763733e-01
1.295092105865478516e-01
1.244287863373756409e-01
1.409741193056106567e-01
1.370932012796401978e-01
1.636837869882583618e-01
1.239457502961158752e-01
1.290351301431655884e-01
1.448216289281845093e-01
1.345091015100479126e-01
1.271567940711975098e-01
1.332135349512100220e-01
1.287380307912826538e-01
1.325357109308242798e-01
1.072268486022949219e-01
1.282396614551544189e-01
1.267366558313369751e-01
1.369538158178329468e-01
1.600120812654495239e-01
1.149785742163658142e-01
1.333722323179244995e-01
1.231757625937461853e-01
1.064468622207641602e-01
1.531507521867752075e-01
1.236474886536598206e-01
1.142749562859535217e-01
1.263904124498367310e-01
1.469346880912780762e-01
1.154103875160217285e-01
1.249128356575965881e-01
1.545908004045486450e-01
1.367277055978775024e-01
1.310209482908248901e-01
1.211974024772644043e-01
1.677352935075759888e-01
1.093268021941184998e-01
1.278924494981765747e-01
1.301812976598739624e-01
1.125273779034614563e-01
1.429976820945739746e-01
1.126996278762817383e-01
1.227608695626258850e-01
1.464293003082275391e-01
1.384459882974624634e-01
1.585665047168731689e-01
1.551616042852401733e-01
1.389374881982803345e-01
1.314946711063385010e-01
1.306545436382293701e-01
1.231954023241996765e-01
1.213709041476249695e-01
1.144798174500465393e-01
1.352986842393875122e-01
1.234330758452415466e-01
1.595290154218673706e-01
1.309461444616317749e-01
1.586341112852096558e-01
1.151866242289543152e-01
1.216010749340057373e-01
1.139105483889579773e-01
1.279902905225753784e-01
1.200774088501930237e-01
1.128611564636230469e-01
1.320623904466629028e-01
1.397176831960678101e-01
1.259275525808334351e-01
1.497916728258132935e-01
1.501625329256057739e-01
1.411463618278503418e-01
1.259931772947311401e-01
1.363711208105087280e-01
1.334812492132186890e-01
1.280831992626190186e-01
1.412815302610397339e-01
1.261051446199417114e-01
1.395373493432998657e-01
1.290059238672256470e-01
1.423739343881607056e-01
1.272896975278854370e-01
1.293456107378005981e-01
1.442650109529495239e-01
1.201130673289299011e-01
1.451979726552963257e-01
1.767820864915847778e-01
1.265707910060882568e-01
1.251592636108398438e-01
1.316028684377670288e-01
1.515429466962814331e-01
1.557051390409469604e-01
1.482106149196624756e-01
1.221644207835197449e-01
1.268406659364700317e-01
1.949944347143173218e-01
2.394887953996658325e-01
1.572005897760391235e-01
1.484325081110000610e-01
1.337663084268569946e-01
1.184596940875053406e-01
1.277134269475936890e-01
1.257851123809814453e-01
1.417338103055953979e-01
1.523520499467849731e-01
1.379045099020004272e-01
1.312059909105300903e-01
1.425904184579849243e-01
1.201148629188537598e-01
1.613118648529052734e-01
1.319088339805603027e-01
1.293801218271255493e-01
1.377599537372589111e-01
1.445879787206649780e-01
1.390554755926132202e-01
1.184461042284965515e-01
1.308070272207260132e-01
1.454755961894989014e-01
1.494573354721069336e-01
1.261682063341140747e-01
1.150705441832542419e-01
2.007978558540344238e-01
1.226151958107948303e-01
1.119340062141418457e-01
1.345800608396530151e-01
1.314639002084732056e-01
1.147471964359283447e-01
1.211090162396430969e-01
1.377574205398559570e-01
1.233438551425933838e-01
1.199348792433738708e-01
1.162696704268455505e-01
1.486678272485733032e-01
1.626727581024169922e-01
1.449144333600997925e-01
1.201597824692726135e-01
1.225581467151641846e-01
1.279231905937194824e-01
1.458911746740341187e-01
1.695639044046401978e-01
1.150681152939796448e-01
1.119440272450447083e-01
1.638124585151672363e-01
1.168277636170387268e-01
1.346695870161056519e-01
1.675397306680679321e-01
1.182730793952941895e-01
1.185329556465148926e-01
1.292341053485870361e-01
1.339935511350631714e-01
1.311494559049606323e-01
1.471064537763595581e-01
1.508347839117050171e-01
1.261560022830963135e-01
1.274116486310958862e-01
1.376468688249588013e-01
1.220408007502555847e-01
1.532539129257202148e-01
1.200288161635398865e-01
1.174559518694877625e-01
1.188480034470558167e-01
1.364816278219223022e-01
1.098502501845359802e-01
1.200216040015220642e-01
1.201371029019355774e-01
1.205171719193458557e-01
1.618992835283279419e-01
1.177206039428710938e-01
1.217071786522865295e-01
1.581566780805587769e-01
1.444695293903350830e-01
1.660894006490707397e-01
1.318966597318649292e-01
1.378239542245864868e-01
1.521209925413131714e-01
1.231983229517936707e-01
1.324127614498138428e-01
1.391475349664688110e-01
1.129120588302612305e-01
1.252665072679519653e-01
1.348546296358108521e-01
1.255841553211212158e-01
1.108557879924774170e-01
1.526034474372863770e-01
1.257385462522506714e-01
1.452993005514144897e-01
1.317945569753646851e-01
1.239702105522155762e-01
1.129135712981224060e-01
1.376450061798095703e-01
1.318425983190536499e-01
1.637793928384780884e-01
1.154967546463012695e-01
1.031764745712280273e-01
1.932472586631774902e-01
1.160801053047180176e-01
1.328326612710952759e-01
1.315834075212478638e-01
1.172605976462364197e-01
1.383083909749984741e-01
1.289078295230865479e-01
1.305329203605651855e-01
1.282689422369003296e-01
1.381726711988449097e-01
1.269496679306030273e-01
1.340442895889282227e-01
1.104977205395698547e-01
1.352390795946121216e-01
1.348913162946701050e-01
1.102521419525146484e-01
1.468036025762557983e-01
1.531642526388168335e-01
1.269546747207641602e-01
1.506606936454772949e-01
1.623150855302810669e-01
1.203300878405570984e-01
1.074837446212768555e-01
1.251078695058822632e-01
1.530177593231201172e-01
1.214192882180213928e-01
1.307960897684097290e-01
1.302106529474258423e-01
1.336681842803955078e-01
1.193988993763923645e-01
1.239916905760765076e-01
1.284055560827255249e-01
1.478248089551925659e-01
1.139021739363670349e-01
1.342682093381881714e-01
1.167672649025917053e-01
1.214572414755821228e-01
1.236784532666206360e-01
1.549275070428848267e-01
1.471793502569198608e-01
1.358113884925842285e-01
1.158365607261657715e-01
1.751933097839355469e-01
1.331736147403717041e-01
1.391784697771072388e-01
