1.095243915915489197e-01
1.043852195143699646e-01
1.910742372274398804e-01
1.391254514455795288e-01
1.589771062135696411e-01
1.149288192391395569e-01
9.567695856094360352e-02
2.209390252828598022e-01
1.365857273340225220e-01
1.502873152494430542e-01
1.960536688566207886e-01
1.540151387453079224e-01
2.061621695756912231e-01
1.615920811891555786e-01
9.707977622747421265e-02
1.769384145736694336e-01
8.113161474466323853e-02
2.558277547359466553e-01
1.684772968292236328e-01
1.445734053850173950e-01
1.848174333572387695e-01
1.223826110363006592e-01
2.229678183794021606e-01
1.696887761354446411e-01
1.481785625219345093e-01
1.799976080656051636e-01
1.593615114688873291e-01
1.983530074357986450e-01
1.052761599421501160e-01
1.380874365568161011e-01
1.401282995939254761e-01
1.279938668012619019e-01
1.733097434043884277e-01
1.537270694971084595e-01
1.704811602830886841e-01
1.598248332738876343e-01
1.169123947620391846e-01
1.610609740018844604e-01
1.858252286911010742e-01
1.496120095252990723e-01
1.622274070978164673e-01
1.863191127777099609e-01
1.012021005153656006e-01
1.727240085601806641e-01
1.039472743868827820e-01
1.699035614728927612e-01
2.030443400144577026e-01
1.925245523452758789e-01
1.492827832698822021e-01
9.879911690950393677e-02
3.043251633644104004e-01
1.585726290941238403e-01
1.406269520521163940e-01
1.930095553398132324e-01
1.369168609380722046e-01
1.596286445856094360e-01
1.788554638624191284e-01
1.805758476257324219e-01
1.345506459474563599e-01
8.708563446998596191e-02
1.105265244841575623e-01
1.923737972974777222e-01
2.937730848789215088e-01
1.497789770364761353e-01
1.457114070653915405e-01
1.631464809179306030e-01
1.145297884941101074e-01
1.738097816705703735e-01
1.718225032091140747e-01
1.645186990499496460e-01
8.505574613809585571e-02
9.278798848390579224e-02
2.149273306131362915e-01
1.961587667465209961e-01
1.003568843007087708e-01
1.993633508682250977e-01
1.597197651863098145e-01
1.844180077314376831e-01
2.013743072748184204e-01
1.033281683921813965e-01
1.697864383459091187e-01
1.613156199455261230e-01
1.665488630533218384e-01
1.332077234983444214e-01
1.889047771692276001e-01
1.420016139745712280e-01
1.953252702951431274e-01
2.143450826406478882e-01
8.613867312669754028e-02
8.190660178661346436e-02
2.486684769392013550e-01
9.972551465034484863e-02
7.373957335948944092e-02
1.540626734495162964e-01
8.761323243379592896e-02
1.870909780263900757e-01
1.948773860931396484e-01
1.484473347663879395e-01
1.029565334320068359e-01
1.909617781639099121e-01
1.683520674705505371e-01
1.075898483395576477e-01
1.148284077644348145e-01
9.423151612281799316e-02
9.424979239702224731e-02
1.247130930423736572e-01
2.213360071182250977e-01
1.296766847372055054e-01
1.544135212898254395e-01
2.723688185214996338e-01
2.165551185607910156e-01
2.137805968523025513e-01
1.494416147470474243e-01
8.914128690958023071e-02
1.581079512834548950e-01
9.324550628662109375e-02
1.176140531897544861e-01
1.638880223035812378e-01
2.115860432386398315e-01
1.929102391004562378e-01
2.473321557044982910e-01
1.154164299368858337e-01
1.194995269179344177e-01
2.014063596725463867e-01
1.736516952514648438e-01
1.645669043064117432e-01
1.894726604223251343e-01
2.206906080245971680e-01
1.822744458913803101e-01
1.761235147714614868e-01
1.401561200618743896e-01
1.485075205564498901e-01
1.687279343605041504e-01
9.150596708059310913e-02
2.234269976615905762e-01
1.240977868437767029e-01
1.481998860836029053e-01
1.752448230981826782e-01
1.493110209703445435e-01
1.580581068992614746e-01
1.741376966238021851e-01
9.829410910606384277e-02
1.606679707765579224e-01
9.812024980783462524e-02
1.965376287698745728e-01
1.779851913452148438e-01
1.134928837418556213e-01
1.117117702960968018e-01
1.403503268957138062e-01
1.563331335783004761e-01
8.430588245391845703e-02
9.829882532358169556e-02
1.690077334642410278e-01
1.552751809358596802e-01
1.253418773412704468e-01
1.426049023866653442e-01
1.408237069845199585e-01
1.523192375898361206e-01
1.920991986989974976e-01
1.316560357809066772e-01
1.586224585771560669e-01
2.354416847229003906e-01
1.775423139333724976e-01
1.972891092300415039e-01
1.861932873725891113e-01
1.541326493024826050e-01
1.470730751752853394e-01
1.965310573577880859e-01
1.883394718170166016e-01
9.769759327173233032e-02
9.617384523153305054e-02
1.298152655363082886e-01
2.278795689344406128e-01
1.439681798219680786e-01
1.018504127860069275e-01
1.862189024686813354e-01
1.808516532182693481e-01
7.791309058666229248e-02
1.080039516091346741e-01
1.074070408940315247e-01
1.121344789862632751e-01
1.789868623018264771e-01
9.058487415313720703e-02
2.232304215431213379e-01
1.448757201433181763e-01
1.440505832433700562e-01
1.701204776763916016e-01
1.384522765874862671e-01
1.361383944749832153e-01
1.623899340629577637e-01
8.737355470657348633e-02
1.204886063933372498e-01
1.155072078108787537e-01
2.115448862314224243e-01
9.444159269332885742e-02
1.720304936170578003e-01
1.424486488103866577e-01
9.875499457120895386e-02
1.715397089719772339e-01
2.107620835304260254e-01
1.812284737825393677e-01
8.837454766035079956e-02
9.309488534927368164e-02
1.434501260519027710e-01
2.149120569229125977e-01
8.678620308637619019e-02
1.681932806968688965e-01
1.392506361007690430e-01
1.542394608259201050e-01
1.305090337991714478e-01
1.375205367803573608e-01
1.421235799789428711e-01
2.083422690629959106e-01
1.544942706823348999e-01
1.291698366403579712e-01
2.054570913314819336e-01
1.819593906402587891e-01
1.566890031099319458e-01
1.172273382544517517e-01
1.230590716004371643e-01
1.760573536157608032e-01
8.492930978536605835e-02
1.326693147420883179e-01
1.916853040456771851e-01
1.485708355903625488e-01
2.013049572706222534e-01
8.240897208452224731e-02
1.663421541452407837e-01
1.570957154035568237e-01
2.001424431800842285e-01
1.800662726163864136e-01
1.411831080913543701e-01
1.396300196647644043e-01
1.531233936548233032e-01
1.187814250588417053e-01
1.019806191325187683e-01
1.467655748128890991e-01
2.446692138910293579e-01
1.346324533224105835e-01
2.302284836769104004e-01
8.276138454675674438e-02
1.837338060140609741e-01
1.786021441221237183e-01
1.870969384908676147e-01
1.585177928209304810e-01
1.812013387680053711e-01
1.718786209821701050e-01
1.689697653055191040e-01
7.886140048503875732e-02
1.332721561193466187e-01
1.396954804658889771e-01
1.525111496448516846e-01
1.334408372640609741e-01
1.629814654588699341e-01
2.080202847719192505e-01
9.838581830263137817e-02
1.831769198179244995e-01
1.207731366157531738e-01
1.148440614342689514e-01
2.207305282354354858e-01
1.462597399950027466e-01
8.506391197443008423e-02
1.447174549102783203e-01
1.006746888160705566e-01
9.612106531858444214e-02
2.327966690063476562e-01
1.875973492860794067e-01
1.359679400920867920e-01
1.520859599113464355e-01
1.661373525857925415e-01
9.204903990030288696e-02
1.166224703192710876e-01
1.670379489660263062e-01
1.509030014276504517e-01
1.941839605569839478e-01
1.680099815130233765e-01
9.151041507720947266e-02
8.606263995170593262e-02
1.720705479383468628e-01
2.144810706377029419e-01
1.152217015624046326e-01
1.731417626142501831e-01
1.912049055099487305e-01
9.710469841957092285e-02
9.232894331216812134e-02
2.130558937788009644e-01
1.088512763381004333e-01
1.517692506313323975e-01
1.717738360166549683e-01
9.113060683012008667e-02
1.264435499906539917e-01
9.090910106897354126e-02
1.880019754171371460e-01
1.704473495483398438e-01
9.579195827245712280e-02
2.263671904802322388e-01
7.847940921783447266e-02
1.599640846252441406e-01
2.616281807422637939e-01
1.759093552827835083e-01
9.908479452133178711e-02
7.709077745676040649e-02
1.334129422903060913e-01
1.503494232892990112e-01
8.140933513641357422e-02
8.870888501405715942e-02
1.734584718942642212e-01
2.039410024881362915e-01
1.583791971206665039e-01
1.941458582878112793e-01
1.790116578340530396e-01
9.864407777786254883e-02
1.562187075614929199e-01
1.048657372593879700e-01
1.956121474504470825e-01
9.231504052877426147e-02
1.745472550392150879e-01
1.684584021568298340e-01
2.074838131666183472e-01
1.636416018009185791e-01
1.519755721092224121e-01
2.019837498664855957e-01
1.207949742674827576e-01
1.199227795004844666e-01
1.645199060440063477e-01
1.762417405843734741e-01
1.715828925371170044e-01
1.433255821466445923e-01
1.288433670997619629e-01
9.250831604003906250e-02
1.406776458024978638e-01
1.617770940065383911e-01
1.701285392045974731e-01
1.076517775654792786e-01
1.317616999149322510e-01
2.297004312276840210e-01
3.283406198024749756e-01
7.754730433225631714e-02
2.031168341636657715e-01
2.550772130489349365e-01
2.718413174152374268e-01
9.425178170204162598e-02
1.481244415044784546e-01
1.854839175939559937e-01
1.542055457830429077e-01
1.005851626396179199e-01
8.488497138023376465e-02
1.236012503504753113e-01
1.141270399093627930e-01
1.112648770213127136e-01
9.183573722839355469e-02
9.841290861368179321e-02
1.246077343821525574e-01
1.140772774815559387e-01
2.085607796907424927e-01
1.829670071601867676e-01
1.582746356725692749e-01
1.363603025674819946e-01
2.709104418754577637e-01
1.428972631692886353e-01
1.452360004186630249e-01
1.713959574699401855e-01
1.196223720908164978e-01
8.542808145284652710e-02
1.964896470308303833e-01
1.789828538894653320e-01
1.490796208381652832e-01
2.074907273054122925e-01
1.588938534259796143e-01
1.353198885917663574e-01
1.986170262098312378e-01
1.548787504434585571e-01
1.053234562277793884e-01
1.017654463648796082e-01
1.394395381212234497e-01
1.112279072403907776e-01
2.443052530288696289e-01
8.773579448461532593e-02
2.373290508985519409e-01
1.888654381036758423e-01
1.898511797189712524e-01
8.997226506471633911e-02
1.129484996199607849e-01
9.150746464729309082e-02
1.699230223894119263e-01
1.403387039899826050e-01
2.359699755907058716e-01
1.208445802330970764e-01
2.010129094123840332e-01
1.451066285371780396e-01
1.445822566747665405e-01
1.623953282833099365e-01
1.709663867950439453e-01
2.302904278039932251e-01
1.572525650262832642e-01
1.768515855073928833e-01
1.097846254706382751e-01
1.675543934106826782e-01
9.297675639390945435e-02
1.774440407752990723e-01
1.826259344816207886e-01
1.312617212533950806e-01
9.695398807525634766e-02
1.583650559186935425e-01
1.094189062714576721e-01
1.339308619499206543e-01
1.304500699043273926e-01
8.021112531423568726e-02
1.405066102743148804e-01
2.193968445062637329e-01
1.574812233448028564e-01
1.689601391553878784e-01
1.732740402221679688e-01
2.277898192405700684e-01
1.005014106631278992e-01
1.299536079168319702e-01
1.711290925741195679e-01
1.703464537858963013e-01
1.105918288230895996e-01
1.490281522274017334e-01
1.334789991378784180e-01
1.651415675878524780e-01
2.162204980850219727e-01
1.091711148619651794e-01
8.787724375724792480e-02
1.608335524797439575e-01
1.216743662953376770e-01
1.746822595596313477e-01
1.827472448348999023e-01
1.718139499425888062e-01
1.858776360750198364e-01
2.156182527542114258e-01
1.618848890066146851e-01
1.497593075037002563e-01
2.255653291940689087e-01
1.419168859720230103e-01
9.097075462341308594e-02
1.082694604992866516e-01
9.276872873306274414e-02
2.170154005289077759e-01
1.814216971397399902e-01
1.867318898439407349e-01
2.234013527631759644e-01
1.575165688991546631e-01
8.959948271512985229e-02
1.394095569849014282e-01
1.704393774271011353e-01
1.516325026750564575e-01
1.606046408414840698e-01
2.608088254928588867e-01
1.662388741970062256e-01
2.020317763090133667e-01
2.773739099502563477e-01
1.477413028478622437e-01
8.892336487770080566e-02
1.128169000148773193e-01
9.703329205513000488e-02
1.212618723511695862e-01
1.518367677927017212e-01
1.168810129165649414e-01
1.461583822965621948e-01
1.144976243376731873e-01
9.959554672241210938e-02
1.060670241713523865e-01
2.019525915384292603e-01
1.764969825744628906e-01
1.538841277360916138e-01
1.163942813873291016e-01
8.831425756216049194e-02
1.404539793729782104e-01
1.700726598501205444e-01
2.773276269435882568e-01
9.515943378210067749e-02
9.222958236932754517e-02
1.606625467538833618e-01
9.863226860761642456e-02
1.587932854890823364e-01
8.071492612361907959e-02
1.660728007555007935e-01
1.612043529748916626e-01
2.227786779403686523e-01
1.465915441513061523e-01
1.218570470809936523e-01
9.227440506219863892e-02
1.452968865633010864e-01
1.569498777389526367e-01
1.195978298783302307e-01
9.321030974388122559e-02
1.022469773888587952e-01
1.472064405679702759e-01
1.711106300354003906e-01
2.590996026992797852e-01
1.772920638322830200e-01
1.644829660654067993e-01
1.377484947443008423e-01
1.846457570791244507e-01
1.515560746192932129e-01
2.009028941392898560e-01
1.335438936948776245e-01
1.687693148851394653e-01
1.804106384515762329e-01
1.593275666236877441e-01
1.527950316667556763e-01
1.686573475599288940e-01
1.216911673545837402e-01
1.528791338205337524e-01
1.641445010900497437e-01
2.333386540412902832e-01
2.635917365550994873e-01
8.044708520174026489e-02
1.879583597183227539e-01
1.602909266948699951e-01
8.254846185445785522e-02
1.518863886594772339e-01
1.522838622331619263e-01
1.750782281160354614e-01
1.801956743001937866e-01
1.342974752187728882e-01
9.798442572355270386e-02
1.643127053976058960e-01
1.259891986846923828e-01
1.316878050565719604e-01
2.491823434829711914e-01
2.498504668474197388e-01
9.824491292238235474e-02
1.110243871808052063e-01
1.586207002401351929e-01
2.369827479124069214e-01
8.634371310472488403e-02
2.095413208007812500e-01
2.052045613527297974e-01
1.443129181861877441e-01
1.157590448856353760e-01
1.587835401296615601e-01
1.190006658434867859e-01
1.565453857183456421e-01
9.849915653467178345e-02
2.007616013288497925e-01
1.724672168493270874e-01
1.893869042396545410e-01
1.913838833570480347e-01
9.558296948671340942e-02
1.582140475511550903e-01
2.514546513557434082e-01
1.327140778303146362e-01
1.614368408918380737e-01
8.936312049627304077e-02
1.306350827217102051e-01
1.135983988642692566e-01
1.743917465209960938e-01
1.748263090848922729e-01
9.098533540964126587e-02
1.080272868275642395e-01
1.620044261217117310e-01
1.513981670141220093e-01
1.651294380426406860e-01
9.416412562131881714e-02
9.467280656099319458e-02
1.341756582260131836e-01
1.867233961820602417e-01
1.753212064504623413e-01
8.514303714036941528e-02
1.577396839857101440e-01
1.226211562752723694e-01
1.056773141026496887e-01
2.275836914777755737e-01
2.226933091878890991e-01
1.583358049392700195e-01
2.211949378252029419e-01
1.575458198785781860e-01
2.116963267326354980e-01
1.560084223747253418e-01
1.268496066331863403e-01
1.849549263715744019e-01
1.749448031187057495e-01
1.405113041400909424e-01
8.197612315416336060e-02
1.227664649486541748e-01
2.749440371990203857e-01
1.702189296483993530e-01
1.419352740049362183e-01
1.697355061769485474e-01
1.244170367717742920e-01
1.436651200056076050e-01
1.377024054527282715e-01
9.184262156486511230e-02
2.060438841581344604e-01
1.706484705209732056e-01
2.869981825351715088e-01
1.742502301931381226e-01
1.339018940925598145e-01
1.242719665169715881e-01
1.599100530147552490e-01
2.105619162321090698e-01
1.580208092927932739e-01
1.033427491784095764e-01
7.421389222145080566e-02
9.011960774660110474e-02
1.522823721170425415e-01
9.076298028230667114e-02
1.583080142736434937e-01
1.772520542144775391e-01
9.354343265295028687e-02
8.887762576341629028e-02
1.044569239020347595e-01
1.496474295854568481e-01
1.555525511503219604e-01
1.583266258239746094e-01
1.679980307817459106e-01
2.194269895553588867e-01
8.108295500278472900e-02
1.528381407260894775e-01
1.109703108668327332e-01
1.272564232349395752e-01
9.854269772768020630e-02
8.544378727674484253e-02
1.725987344980239868e-01
1.038950756192207336e-01
1.236976757645606995e-01
1.930199712514877319e-01
1.016179025173187256e-01
1.559803932905197144e-01
1.021394506096839905e-01
1.660978794097900391e-01
1.310516446828842163e-01
1.607322543859481812e-01
1.812899559736251831e-01
1.722941398620605469e-01
1.823274344205856323e-01
1.507525146007537842e-01
9.434715658426284790e-02
2.401129156351089478e-01
1.197062656283378601e-01
1.504109650850296021e-01
2.889487743377685547e-01
1.568730622529983521e-01
1.581115871667861938e-01
1.051810309290885925e-01
1.080485284328460693e-01
9.796187281608581543e-02
1.726725846529006958e-01
1.543331593275070190e-01
8.334329724311828613e-02
2.380864024162292480e-01
1.790549308061599731e-01
1.797235757112503052e-01
1.374351531267166138e-01
2.018104344606399536e-01
1.884315013885498047e-01
1.822451353073120117e-01
1.591578871011734009e-01
1.257128864526748657e-01
