5.089876651763916016e-01
5.068899989128112793e-01
9.533379077911376953e-01
8.104918003082275391e-01
6.012303829193115234e-01
4.020280838012695312e-01
8.444582819938659668e-01
1.253060817718505859e+00
5.430130958557128906e-01
5.697122812271118164e-01
8.248822093009948730e-01
4.241173863410949707e-01
7.553683519363403320e-01
5.213682651519775391e-01
5.279831886291503906e-01
4.281890690326690674e-01
7.327151298522949219e-01
6.212217211723327637e-01
8.012388944625854492e-01
4.970275759696960449e-01
4.624145328998565674e-01
7.191717028617858887e-01
6.667280197143554688e-01
7.977857589721679688e-01
5.858509540557861328e-01
4.219404757022857666e-01
3.961268663406372070e-01
6.347571611404418945e-01
5.734207034111022949e-01
8.335214257240295410e-01
5.455265641212463379e-01
1.459189891815185547e+00
7.068452835083007812e-01
6.129231452941894531e-01
1.885175466537475586e+00
3.336076736450195312e-01
4.490433931350708008e-01
1.785398960113525391e+00
3.921137452125549316e-01
6.762613058090209961e-01
5.861710309982299805e-01
5.576328635215759277e-01
9.532765150070190430e-01
6.322928667068481445e-01
4.095188975334167480e-01
8.302481174468994141e-01
6.125632524490356445e-01
1.525200128555297852e+00
8.392525911331176758e-01
6.330529451370239258e-01
8.356231451034545898e-01
5.121848583221435547e-01
7.131177783012390137e-01
1.235368132591247559e+00
4.650694727897644043e-01
3.843423724174499512e-01
4.669125378131866455e-01
4.471217989921569824e-01
4.846880733966827393e-01
3.731950521469116211e-01
1.013461709022521973e+00
7.963461875915527344e-01
4.409770369529724121e-01
6.426457166671752930e-01
6.139417886734008789e-01
8.088985681533813477e-01
7.452116012573242188e-01
1.036477804183959961e+00
6.115175485610961914e-01
5.274004936218261719e-01
3.130397796630859375e-01
4.885016381740570068e-01
6.444010734558105469e-01
4.470023810863494873e-01
1.611819744110107422e+00
5.328006744384765625e-01
7.457795739173889160e-01
3.754634261131286621e-01
7.772797346115112305e-01
8.917250633239746094e-01
5.616723895072937012e-01
6.415548324584960938e-01
7.007735967636108398e-01
5.417374372482299805e-01
7.055803537368774414e-01
6.590267419815063477e-01
1.358510255813598633e+00
5.585763454437255859e-01
5.630193948745727539e-01
4.595334529876708984e-01
4.035209715366363525e-01
8.042489290237426758e-01
3.878484666347503662e-01
6.988078951835632324e-01
7.770680189132690430e-01
1.654426097869873047e+00
8.973435759544372559e-01
6.287966370582580566e-01
7.543383836746215820e-01
5.956919193267822266e-01
5.777977705001831055e-01
7.566876411437988281e-01
9.903223514556884766e-01
4.625740349292755127e-01
6.122114062309265137e-01
5.634975433349609375e-01
6.870176792144775391e-01
4.541085362434387207e-01
7.375290393829345703e-01
3.837999105453491211e-01
7.237988710403442383e-01
6.455280184745788574e-01
1.502959132194519043e+00
7.041980028152465820e-01
5.309884548187255859e-01
6.530138254165649414e-01
3.663299381732940674e-01
8.244616985321044922e-01
1.581567883491516113e+00
6.947498321533203125e-01
4.932564496994018555e-01
3.502956032752990723e-01
5.712989568710327148e-01
5.632765293121337891e-01
6.682626605033874512e-01
6.919494271278381348e-01
6.540719270706176758e-01
1.429795265197753906e+00
3.582133054733276367e-01
3.623305857181549072e-01
8.615438938140869141e-01
3.258589506149291992e-01
6.083996295928955078e-01
6.334737539291381836e-01
6.737406849861145020e-01
6.144051551818847656e-01
5.018136501312255859e-01
4.343170225620269775e-01
8.733301758766174316e-01
6.328902244567871094e-01
7.082186341285705566e-01
4.066218435764312744e-01
6.730359792709350586e-01
6.813652515411376953e-01
6.153564453125000000e-01
6.547761559486389160e-01
6.773424744606018066e-01
4.561327397823333740e-01
5.415907502174377441e-01
7.331987619400024414e-01
7.213784456253051758e-01
6.135575771331787109e-01
5.619951486587524414e-01
8.525978326797485352e-01
6.638002991676330566e-01
1.393594861030578613e+00
5.907767415046691895e-01
6.491813659667968750e-01
8.574888706207275391e-01
6.141113638877868652e-01
5.997966527938842773e-01
7.633562684059143066e-01
5.930175781250000000e-01
6.939685344696044922e-01
3.860872387886047363e-01
5.881378650665283203e-01
3.597391843795776367e-01
8.975660204887390137e-01
6.073869466781616211e-01
6.766990423202514648e-01
6.834254860877990723e-01
3.780383467674255371e-01
4.830733239650726318e-01
7.339162826538085938e-01
1.017513036727905273e+00
3.537656068801879883e-01
6.744309663772583008e-01
7.413319349288940430e-01
6.779239177703857422e-01
1.287168264389038086e+00
1.076102256774902344e+00
5.988397002220153809e-01
8.859558701515197754e-01
6.253347396850585938e-01
6.327378749847412109e-01
4.071188569068908691e-01
3.952914774417877197e-01
5.864537954330444336e-01
7.235659956932067871e-01
6.673899292945861816e-01
5.789654254913330078e-01
5.840587615966796875e-01
4.038053750991821289e-01
3.246965110301971436e-01
1.747706890106201172e+00
1.591978430747985840e+00
7.885000705718994141e-01
4.474855065345764160e-01
5.143920183181762695e-01
1.030653238296508789e+00
9.752140045166015625e-01
6.595786809921264648e-01
6.356196999549865723e-01
4.832268357276916504e-01
7.361565828323364258e-01
7.380368709564208984e-01
7.174409627914428711e-01
4.528335630893707275e-01
4.898217022418975830e-01
6.239899992942810059e-01
8.997601270675659180e-01
6.416866779327392578e-01
4.537116885185241699e-01
8.164812922477722168e-01
7.209283113479614258e-01
3.390294015407562256e-01
7.138880491256713867e-01
7.009916305541992188e-01
6.423474550247192383e-01
6.527686715126037598e-01
3.280929923057556152e-01
4.686299860477447510e-01
5.937079787254333496e-01
7.512114644050598145e-01
3.789297640323638916e-01
5.718185901641845703e-01
1.487033843994140625e+00
6.820504665374755859e-01
5.645626783370971680e-01
5.702508687973022461e-01
7.293099164962768555e-01
7.623918652534484863e-01
5.078792572021484375e-01
7.041559815406799316e-01
5.432690382003784180e-01
6.938833594322204590e-01
3.446269035339355469e-01
6.783108711242675781e-01
4.219276309013366699e-01
3.450288772583007812e-01
1.037415266036987305e+00
8.619958162307739258e-01
7.481756210327148438e-01
5.974206924438476562e-01
4.645494818687438965e-01
1.539124488830566406e+00
7.068977952003479004e-01
3.736369013786315918e-01
4.442817866802215576e-01
3.411207497119903564e-01
8.351625204086303711e-01
6.699669361114501953e-01
4.949663877487182617e-01
6.656082868576049805e-01
6.069113612174987793e-01
4.844712615013122559e-01
7.099044919013977051e-01
4.475358724594116211e-01
3.373937010765075684e-01
1.091043114662170410e+00
1.413385629653930664e+00
5.764931440353393555e-01
6.106745004653930664e-01
3.288736045360565186e-01
6.886278390884399414e-01
5.306010246276855469e-01
4.591747224330902100e-01
4.244059920310974121e-01
6.176186203956604004e-01
3.027883470058441162e-01
4.079796373844146729e-01
7.155969142913818359e-01
8.164970278739929199e-01
5.276685953140258789e-01
4.622173905372619629e-01
5.708122253417968750e-01
6.872204542160034180e-01
9.922305345535278320e-01
7.239779233932495117e-01
3.463822603225708008e-01
6.676898002624511719e-01
4.521462321281433105e-01
1.147472858428955078e+00
7.237276434898376465e-01
1.022459268569946289e+00
6.818212866783142090e-01
8.860310316085815430e-01
5.577460527420043945e-01
1.708880662918090820e+00
8.293452858924865723e-01
6.518113613128662109e-01
4.106985926628112793e-01
3.753237128257751465e-01
7.172795534133911133e-01
1.538973331451416016e+00
1.569119453430175781e+00
7.040125131607055664e-01
6.594122648239135742e-01
6.284453868865966797e-01
1.465806126594543457e+00
7.232600450515747070e-01
1.196718573570251465e+00
1.670374393463134766e+00
3.869473040103912354e-01
7.319037914276123047e-01
8.777014613151550293e-01
6.759480237960815430e-01
4.518004059791564941e-01
3.889856338500976562e-01
6.516385078430175781e-01
6.920183897018432617e-01
1.136790037155151367e+00
6.079360842704772949e-01
1.430415034294128418e+00
7.337110042572021484e-01
4.381267130374908447e-01
8.514619469642639160e-01
5.602221488952636719e-01
5.449153184890747070e-01
9.076986312866210938e-01
1.125010728836059570e+00
7.280207872390747070e-01
6.883400678634643555e-01
4.475488066673278809e-01
4.789665937423706055e-01
5.633887052536010742e-01
7.711594104766845703e-01
9.871618151664733887e-01
4.603818655014038086e-01
6.056525707244873047e-01
9.204998612403869629e-01
1.040770173072814941e+00
7.053363323211669922e-01
1.076728343963623047e+00
6.630024909973144531e-01
4.194146990776062012e-01
6.909953951835632324e-01
6.358268260955810547e-01
4.927593171596527100e-01
7.884788513183593750e-01
7.685590982437133789e-01
3.812072873115539551e-01
7.376950383186340332e-01
3.920713067054748535e-01
4.527489840984344482e-01
1.388587713241577148e+00
4.868103861808776855e-01
9.762719869613647461e-01
6.468786597251892090e-01
3.450840413570404053e-01
6.851720809936523438e-01
6.687816381454467773e-01
5.394337773323059082e-01
4.146287441253662109e-01
4.737133979797363281e-01
5.680828094482421875e-01
6.161640882492065430e-01
6.002196669578552246e-01
9.313998818397521973e-01
6.838579177856445312e-01
5.972832441329956055e-01
3.922804594039916992e-01
7.446716427803039551e-01
3.479516208171844482e-01
5.012366771697998047e-01
5.679027438163757324e-01
5.974670648574829102e-01
6.838917136192321777e-01
9.900883436203002930e-01
6.493582725524902344e-01
6.782674789428710938e-01
4.213765263557434082e-01
7.297910451889038086e-01
3.616451025009155273e-01
6.358265876770019531e-01
5.605098009109497070e-01
6.261833906173706055e-01
3.689790666103363037e-01
6.999604105949401855e-01
4.664669632911682129e-01
4.278574585914611816e-01
4.203379750251770020e-01
5.237504243850708008e-01
5.348807573318481445e-01
3.675338327884674072e-01
6.658928990364074707e-01
1.153802633285522461e+00
6.095438003540039062e-01
7.226366996765136719e-01
3.555078506469726562e-01
7.466647624969482422e-01
1.475623130798339844e+00
3.671614527702331543e-01
1.513850688934326172e+00
7.154668569564819336e-01
4.607805013656616211e-01
7.256055474281311035e-01
7.012335062026977539e-01
6.027874946594238281e-01
7.324401140213012695e-01
5.550845861434936523e-01
4.352518320083618164e-01
6.543582677841186523e-01
6.383912563323974609e-01
8.443084359169006348e-01
9.703733921051025391e-01
6.112852096557617188e-01
8.967208862304687500e-01
1.122522830963134766e+00
1.765557289123535156e+00
1.534550547599792480e+00
9.868496060371398926e-01
7.876472473144531250e-01
1.848347544670104980e+00
1.911996841430664062e+00
1.401262879371643066e+00
1.223454833030700684e+00
1.780545234680175781e+00
5.911731123924255371e-01
1.421822547912597656e+00
9.512993693351745605e-01
1.028164386749267578e+00
5.243411660194396973e-01
5.652103424072265625e-01
1.162044048309326172e+00
5.527061223983764648e-01
4.787223041057586670e-01
8.632676005363464355e-01
7.453447580337524414e-01
7.152406573295593262e-01
7.709891200065612793e-01
1.681229233741760254e+00
4.445520639419555664e-01
6.519166827201843262e-01
7.263495922088623047e-01
7.239683866500854492e-01
6.555041074752807617e-01
6.087543964385986328e-01
5.541629791259765625e-01
4.167352914810180664e-01
3.712420463562011719e-01
7.367583513259887695e-01
1.033143877983093262e+00
5.415188074111938477e-01
5.138119459152221680e-01
5.537238121032714844e-01
1.297736406326293945e+00
7.984815835952758789e-01
1.071399688720703125e+00
3.470200300216674805e-01
4.509414136409759521e-01
7.624149918556213379e-01
7.966477870941162109e-01
1.821590900421142578e+00
5.733486413955688477e-01
1.013877749443054199e+00
7.183991074562072754e-01
8.168977499008178711e-01
9.211254119873046875e-01
6.335251927375793457e-01
7.540803551673889160e-01
8.515143990516662598e-01
6.709296107292175293e-01
6.416922807693481445e-01
4.738582968711853027e-01
8.859536647796630859e-01
9.841331839561462402e-01
6.192609071731567383e-01
7.587723135948181152e-01
4.708542227745056152e-01
9.238955974578857422e-01
1.810314178466796875e+00
8.252110481262207031e-01
5.560057163238525391e-01
1.155460596084594727e+00
8.558586835861206055e-01
5.814489126205444336e-01
8.638498187065124512e-01
1.459107637405395508e+00
9.799403548240661621e-01
6.327217221260070801e-01
7.610068917274475098e-01
1.053373336791992188e+00
7.687876224517822266e-01
7.919973134994506836e-01
1.456254720687866211e+00
6.700345873832702637e-01
7.283829450607299805e-01
1.130266308784484863e+00
3.978920578956604004e-01
5.592412948608398438e-01
1.685741424560546875e+00
8.329519033432006836e-01
5.480496883392333984e-01
6.891964077949523926e-01
1.104138612747192383e+00
4.660311043262481689e-01
8.340095281600952148e-01
4.919641315937042236e-01
4.331587255001068115e-01
4.863656163215637207e-01
6.994984149932861328e-01
6.219566464424133301e-01
6.104348897933959961e-01
6.643649935722351074e-01
6.428490877151489258e-01
1.402857542037963867e+00
8.522187471389770508e-01
4.172622859477996826e-01
6.617467999458312988e-01
7.627155780792236328e-01
8.052779436111450195e-01
9.522669315338134766e-01
8.088696002960205078e-01
7.157287597656250000e-01
8.011035919189453125e-01
4.619768261909484863e-01
4.920105934143066406e-01
6.811617612838745117e-01
6.312479972839355469e-01
6.500886678695678711e-01
5.558434724807739258e-01
7.339043617248535156e-01
6.262581348419189453e-01
4.286223649978637695e-01
3.544056713581085205e-01
5.888268947601318359e-01
5.196210145950317383e-01
5.519178509712219238e-01
5.551158189773559570e-01
6.039949655532836914e-01
5.235019922256469727e-01
3.290545344352722168e-01
8.909423351287841797e-01
1.760466098785400391e+00
8.066858649253845215e-01
6.609644889831542969e-01
7.315970063209533691e-01
5.988770127296447754e-01
7.766711115837097168e-01
7.144550085067749023e-01
4.771533608436584473e-01
4.667779505252838135e-01
4.330474734306335449e-01
5.607767105102539062e-01
3.822504878044128418e-01
8.537656068801879883e-01
8.124868273735046387e-01
4.825633466243743896e-01
8.128077983856201172e-01
1.661604762077331543e+00
5.997978448867797852e-01
7.540798187255859375e-01
1.259421944618225098e+00
8.307739496231079102e-01
9.519764184951782227e-01
5.351208448410034180e-01
4.026096761226654053e-01
6.135189533233642578e-01
7.710535526275634766e-01
7.667992711067199707e-01
5.727715492248535156e-01
9.931371212005615234e-01
8.881343603134155273e-01
7.029343843460083008e-01
4.853693842887878418e-01
1.123850345611572266e+00
5.530192852020263672e-01
6.300855278968811035e-01
4.853805303573608398e-01
7.294657230377197266e-01
5.301551818847656250e-01
7.007557749748229980e-01
6.891442537307739258e-01
9.991543292999267578e-01
1.196954369544982910e+00
7.605135440826416016e-01
5.466836690902709961e-01
4.309335350990295410e-01
5.502022504806518555e-01
6.035916209220886230e-01
8.398629426956176758e-01
3.337611258029937744e-01
6.099133491516113281e-01
7.396417856216430664e-01
5.134027004241943359e-01
4.794668257236480713e-01
4.142180085182189941e-01
6.508394479751586914e-01
3.607087135314941406e-01
7.018561959266662598e-01
8.586519956588745117e-01
4.581514596939086914e-01
5.709705948829650879e-01
6.558585762977600098e-01
6.026738286018371582e-01
7.421109676361083984e-01
4.514469206333160400e-01
6.100046634674072266e-01
7.477359771728515625e-01
5.204621553421020508e-01
6.617470979690551758e-01
3.935939967632293701e-01
3.773057460784912109e-01
4.869175851345062256e-01
5.218080282211303711e-01
1.480389595031738281e+00
8.725177049636840820e-01
5.690794587135314941e-01
7.945225238800048828e-01
5.440402030944824219e-01
6.579002737998962402e-01
6.254767775535583496e-01
3.835190236568450928e-01
7.547398805618286133e-01
6.235713958740234375e-01
6.130799055099487305e-01
8.134452700614929199e-01
6.051712036132812500e-01
8.844329714775085449e-01
4.505141675472259521e-01
4.460587501525878906e-01
6.714330911636352539e-01
5.639680624008178711e-01
4.058394432067871094e-01
6.235475540161132812e-01
6.317013502120971680e-01
4.054434001445770264e-01
9.072102308273315430e-01
6.366708278656005859e-01
6.730010509490966797e-01
5.497796535491943359e-01
5.607631206512451172e-01
3.570175766944885254e-01
5.858289003372192383e-01
5.129081606864929199e-01
6.329945325851440430e-01
1.206874489784240723e+00
1.459656596183776855e+00
3.872433304786682129e-01
5.961222648620605469e-01
4.405466616153717041e-01
4.270213544368743896e-01
4.445897936820983887e-01
3.570341467857360840e-01
5.747414827346801758e-01
5.289434194564819336e-01
4.906640052795410156e-01
7.197856903076171875e-01
6.673225164413452148e-01
5.948175787925720215e-01
4.210341572761535645e-01
4.211058914661407471e-01
3.747727870941162109e-01
8.815324306488037109e-01
5.569787025451660156e-01
7.576545476913452148e-01
4.986653625965118408e-01
5.127443075180053711e-01
5.843124389648437500e-01
5.027937293052673340e-01
2.987755537033081055e-01
7.512909173965454102e-01
6.151709556579589844e-01
5.254633426666259766e-01
3.552342057228088379e-01
5.986328721046447754e-01
3.178212046623229980e-01
4.735059738159179688e-01
5.743923187255859375e-01
4.703501462936401367e-01
5.764988660812377930e-01
3.031865954399108887e-01
1.232131242752075195e+00
4.164052605628967285e-01
5.333787798881530762e-01
7.372903823852539062e-01
6.400064229965209961e-01
6.001634001731872559e-01
6.806691884994506836e-01
6.218608617782592773e-01
5.749026536941528320e-01
6.172292232513427734e-01
3.069750964641571045e-01
4.045848250389099121e-01
4.737361371517181396e-01
4.592387974262237549e-01
4.676025509834289551e-01
7.278594374656677246e-01
6.610821485519409180e-01
5.320706963539123535e-01
7.010858058929443359e-01
5.620007514953613281e-01
4.620455503463745117e-01
6.197994947433471680e-01
4.224759638309478760e-01
4.964622557163238525e-01
6.023837327957153320e-01
4.664912223815917969e-01
6.576776504516601562e-01
9.574496746063232422e-01
4.299131333827972412e-01
4.367671608924865723e-01
1.470113277435302734e+00
3.285444974899291992e-01
1.385883450508117676e+00
4.170035123825073242e-01
2.985832691192626953e-01
5.591279864311218262e-01
5.907496213912963867e-01
3.390324711799621582e-01
5.544018745422363281e-01
5.870246887207031250e-01
6.323816180229187012e-01
7.056271433830261230e-01
6.644591093063354492e-01
7.305810451507568359e-01
9.852045774459838867e-01
5.486719608306884766e-01
6.757625341415405273e-01
4.802753329277038574e-01
3.286734819412231445e-01
6.814830303192138672e-01
6.701167225837707520e-01
4.491054117679595947e-01
4.359734654426574707e-01
6.285731792449951172e-01
4.372723698616027832e-01
5.683844685554504395e-01
5.623043775558471680e-01
7.024192214012145996e-01
4.921054244041442871e-01
1.687906265258789062e+00
6.346670389175415039e-01
3.817557692527770996e-01
3.810849785804748535e-01
6.080496311187744141e-01
4.698549509048461914e-01
1.330601930618286133e+00
5.740290880203247070e-01
5.737707018852233887e-01
6.602113842964172363e-01
8.829416036605834961e-01
9.926970005035400391e-01
6.372331380844116211e-01
6.514720916748046875e-01
4.640244245529174805e-01
1.103333950042724609e+00
6.657047867774963379e-01
4.033631682395935059e-01
6.688205599784851074e-01
3.775644302368164062e-01
3.567908704280853271e-01
4.831810593605041504e-01
5.436183810234069824e-01
5.772800445556640625e-01
6.440215706825256348e-01
5.969773530960083008e-01
1.152364969253540039e+00
5.286490917205810547e-01
1.287374019622802734e+00
3.553297519683837891e-01
6.329910159111022949e-01
6.449116468429565430e-01
3.525594174861907959e-01
5.905066132545471191e-01
5.513561964035034180e-01
5.405989885330200195e-01
8.724719285964965820e-01
7.564417719841003418e-01
4.630580842494964600e-01
6.252825260162353516e-01
6.030545234680175781e-01
3.135640621185302734e-01
5.803815126419067383e-01
5.110253095626831055e-01
5.061835050582885742e-01
6.301870346069335938e-01
8.774502277374267578e-01
9.914032816886901855e-01
4.411514103412628174e-01
4.805241227149963379e-01
7.027372121810913086e-01
3.102900385856628418e-01
1.254966974258422852e+00
5.962238311767578125e-01
1.450891375541687012e+00
4.539124667644500732e-01
3.174936175346374512e-01
7.589498162269592285e-01
4.370088577270507812e-01
7.300899028778076172e-01
6.048623323440551758e-01
6.257811188697814941e-01
5.313541889190673828e-01
4.252958893775939941e-01
1.401499748229980469e+00
4.239780306816101074e-01
6.001515388488769531e-01
9.008313417434692383e-01
3.923016786575317383e-01
5.644192695617675781e-01
1.401793956756591797e+00
1.066960215568542480e+00
3.707767426967620850e-01
6.074835062026977539e-01
9.368191957473754883e-01
3.953289389610290527e-01
1.478147506713867188e+00
5.489760041236877441e-01
5.967142581939697266e-01
7.281438708305358887e-01
5.574371814727783203e-01
6.958653926849365234e-01
4.816922545433044434e-01
1.076633930206298828e+00
6.608653068542480469e-01
6.606856584548950195e-01
6.762564182281494141e-01
1.489636898040771484e+00
6.457417607307434082e-01
3.781456947326660156e-01
6.645641326904296875e-01
4.590905010700225830e-01
6.051956415176391602e-01
3.388293683528900146e-01
5.905614495277404785e-01
8.751355409622192383e-01
4.600703418254852295e-01
4.648770093917846680e-01
5.678744316101074219e-01
6.108843088150024414e-01
1.315529823303222656e+00
5.238786935806274414e-01
6.178058981895446777e-01
6.034983396530151367e-01
6.471460461616516113e-01
8.955028653144836426e-01
5.172873139381408691e-01
6.264387965202331543e-01
6.335695981979370117e-01
1.123188972473144531e+00
3.816243410110473633e-01
5.061265826225280762e-01
6.173916459083557129e-01
5.717117190361022949e-01
4.820393919944763184e-01
3.662594854831695557e-01
5.183253288269042969e-01
5.456338524818420410e-01
6.234336495399475098e-01
6.325525045394897461e-01
7.466545104980468750e-01
8.399446010589599609e-01
5.927556753158569336e-01
4.190163612365722656e-01
4.334218800067901611e-01
6.015650629997253418e-01
5.726555585861206055e-01
4.376200139522552490e-01
4.150512516498565674e-01
4.479218721389770508e-01
5.897630453109741211e-01
1.218327045440673828e+00
8.052166700363159180e-01
5.013428926467895508e-01
3.267580270767211914e-01
6.716687679290771484e-01
6.842821836471557617e-01
6.909190416336059570e-01
5.154900550842285156e-01
3.154056072235107422e-01
5.547597408294677734e-01
5.366009473800659180e-01
3.945665955543518066e-01
6.179931163787841797e-01
5.957460403442382812e-01
3.793496191501617432e-01
5.659724473953247070e-01
7.216924428939819336e-01
3.278101980686187744e-01
5.852938294410705566e-01
1.249058961868286133e+00
6.508780717849731445e-01
6.142181158065795898e-01
1.151653051376342773e+00
8.791793584823608398e-01
8.895959854125976562e-01
3.109259009361267090e-01
3.066890239715576172e-01
4.304750561714172363e-01
5.367265939712524414e-01
3.808869123458862305e-01
5.187845230102539062e-01
3.767887949943542480e-01
5.209366083145141602e-01
7.728863954544067383e-01
5.225857496261596680e-01
5.378824472427368164e-01
5.507500767707824707e-01
4.455540478229522705e-01
2.925319373607635498e-01
4.693588316440582275e-01
3.445204496383666992e-01
2.774306833744049072e-01
6.268044710159301758e-01
4.215477705001831055e-01
2.476740479469299316e-01
7.707774639129638672e-01
9.373205900192260742e-01
3.362737894058227539e-01
8.821737766265869141e-01
1.362972974777221680e+00
6.917782425880432129e-01
7.211788892745971680e-01
4.992968440055847168e-01
9.240742921829223633e-01
4.561414122581481934e-01
6.166457533836364746e-01
3.715050220489501953e-01
4.054787755012512207e-01
5.988284349441528320e-01
5.399367809295654297e-01
7.155247926712036133e-01
9.119415283203125000e-01
4.102281928062438965e-01
6.655458807945251465e-01
5.980708599090576172e-01
3.399514257907867432e-01
3.385267853736877441e-01
4.125673770904541016e-01
4.090043604373931885e-01
8.628420233726501465e-01
1.140364646911621094e+00
3.349720537662506104e-01
3.684480786323547363e-01
5.818446874618530273e-01
8.991612195968627930e-01
4.847579598426818848e-01
3.751859366893768311e-01
6.411070823669433594e-01
5.267060995101928711e-01
5.977926850318908691e-01
5.731238722801208496e-01
9.828320741653442383e-01
1.160389184951782227e+00
7.414595484733581543e-01
3.739836812019348145e-01
4.575502276420593262e-01
6.384100914001464844e-01
3.383010029792785645e-01
3.187527656555175781e-01
4.113805890083312988e-01
4.749433398246765137e-01
5.013201236724853516e-01
5.792571306228637695e-01
5.484851002693176270e-01
5.210464000701904297e-01
7.875301837921142578e-01
1.314587473869323730e+00
7.682805061340332031e-01
6.630699634552001953e-01
5.968499779701232910e-01
6.628932952880859375e-01
4.955761730670928955e-01
6.682407855987548828e-01
6.345697045326232910e-01
5.142520070075988770e-01
3.877308070659637451e-01
6.574087142944335938e-01
8.113588094711303711e-01
5.540890693664550781e-01
4.049572944641113281e-01
3.705489933490753174e-01
5.173984766006469727e-01
3.782809972763061523e-01
5.366872549057006836e-01
4.633592069149017334e-01
5.020470619201660156e-01
6.738618612289428711e-01
6.656816601753234863e-01
4.879545271396636963e-01
4.011808633804321289e-01
4.529153704643249512e-01
4.634636044502258301e-01
4.808167517185211182e-01
4.254575371742248535e-01
6.576728820800781250e-01
5.901582241058349609e-01
6.727000474929809570e-01
3.483918905258178711e-01
5.056351423263549805e-01
6.243614554405212402e-01
4.635655283927917480e-01
5.460422039031982422e-01
5.393866300582885742e-01
6.567717790603637695e-01
5.736140608787536621e-01
5.412274003028869629e-01
3.260798454284667969e-01
5.700163841247558594e-01
5.389982461929321289e-01
5.583493709564208984e-01
4.616530239582061768e-01
3.884481787681579590e-01
3.839832842350006104e-01
5.258722901344299316e-01
6.059957146644592285e-01
5.509250164031982422e-01
5.460411906242370605e-01
5.952178239822387695e-01
5.930089950561523438e-01
9.205404520034790039e-01
5.253814458847045898e-01
5.244575738906860352e-01
4.442520141601562500e-01
3.676454424858093262e-01
8.904614448547363281e-01
3.566507697105407715e-01
1.436915516853332520e+00
6.539131402969360352e-01
5.978642702102661133e-01
6.833526492118835449e-01
6.887013316154479980e-01
6.107605695724487305e-01
4.383348524570465088e-01
3.115270733833312988e-01
6.635602712631225586e-01
3.419523835182189941e-01
5.683298110961914062e-01
6.321110725402832031e-01
6.003559827804565430e-01
6.031624078750610352e-01
5.934407711029052734e-01
4.805261194705963135e-01
1.032047033309936523e+00
5.066237449645996094e-01
5.012873411178588867e-01
4.307354092597961426e-01
7.090463638305664062e-01
3.309456706047058105e-01
5.217344760894775391e-01
7.001229524612426758e-01
2.834199070930480957e-01
6.018422245979309082e-01
4.300126433372497559e-01
4.883766174316406250e-01
5.682519674301147461e-01
5.473431348800659180e-01
3.415396809577941895e-01
6.155375242233276367e-01
6.054231524467468262e-01
4.615923166275024414e-01
3.584112823009490967e-01
4.131622910499572754e-01
1.312611103057861328e+00
5.222985744476318359e-01
6.030470728874206543e-01
6.054887771606445312e-01
5.373954772949218750e-01
1.097815513610839844e+00
1.250207662582397461e+00
5.522661209106445312e-01
1.378715515136718750e+00
4.195021390914916992e-01
2.716625332832336426e-01
1.205871105194091797e+00
3.895190060138702393e-01
5.917733907699584961e-01
7.488923072814941406e-01
2.730483710765838623e-01
4.406707882881164551e-01
3.690865635871887207e-01
4.147169589996337891e-01
3.393777310848236084e-01
4.019369184970855713e-01
5.275396108627319336e-01
3.748641610145568848e-01
1.134998321533203125e+00
3.733227849006652832e-01
1.249247074127197266e+00
1.055242776870727539e+00
5.605966448783874512e-01
4.649809300899505615e-01
3.419051766395568848e-01
1.319399833679199219e+00
7.095424532890319824e-01
3.960214853286743164e-01
5.580827593803405762e-01
2.896587848663330078e-01
4.711552858352661133e-01
1.376290559768676758e+00
3.321207165718078613e-01
4.225254654884338379e-01
5.339878797531127930e-01
5.734776854515075684e-01
7.053501009941101074e-01
8.087752461433410645e-01
3.907275199890136719e-01
4.938640594482421875e-01
7.562410831451416016e-01
5.861263275146484375e-01
5.403630137443542480e-01
2.971116602420806885e-01
7.987000942230224609e-01
6.204111576080322266e-01
2.858352363109588623e-01
4.524051547050476074e-01
2.957765161991119385e-01
4.638553857803344727e-01
1.182184457778930664e+00
5.310647487640380859e-01
7.323912978172302246e-01
1.495678663253784180e+00
9.094679355621337891e-01
6.263521313667297363e-01
8.021525144577026367e-01
3.482348322868347168e-01
4.902651906013488770e-01
5.777069330215454102e-01
3.458257913589477539e-01
6.069821119308471680e-01
5.917892456054687500e-01
5.807996392250061035e-01
5.936757326126098633e-01
6.826879382133483887e-01
1.398506522178649902e+00
4.690784811973571777e-01
6.302573680877685547e-01
1.440651059150695801e+00
4.683181643486022949e-01
4.246048629283905029e-01
3.638997673988342285e-01
3.317694365978240967e-01
4.109197854995727539e-01
4.737511277198791504e-01
2.973379790782928467e-01
4.211494326591491699e-01
5.333522558212280273e-01
3.850088119506835938e-01
3.761847019195556641e-01
1.426949739456176758e+00
4.776514768600463867e-01
5.586614608764648438e-01
3.591486811637878418e-01
5.830690264701843262e-01
6.632879376411437988e-01
8.548337817192077637e-01
6.692197322845458984e-01
7.957878708839416504e-01
6.100805997848510742e-01
3.054068684577941895e-01
6.262518763542175293e-01
4.555140137672424316e-01
5.164005756378173828e-01
3.097487986087799072e-01
6.069626808166503906e-01
5.557222962379455566e-01
4.069703221321105957e-01
8.988682627677917480e-01
4.533857703208923340e-01
5.633195638656616211e-01
5.723881125450134277e-01
4.291732907295227051e-01
3.654243946075439453e-01
5.077255368232727051e-01
6.472260951995849609e-01
5.147582292556762695e-01
3.719129264354705811e-01
3.971471190452575684e-01
6.418862342834472656e-01
5.840495228767395020e-01
5.545160174369812012e-01
5.926998853683471680e-01
4.782379269599914551e-01
6.117124557495117188e-01
4.927401542663574219e-01
5.173052549362182617e-01
4.809691905975341797e-01
5.422849059104919434e-01
4.403558373451232910e-01
3.922692537307739258e-01
6.604258418083190918e-01
5.816181898117065430e-01
5.431776046752929688e-01
7.987555265426635742e-01
5.083931684494018555e-01
4.636909365653991699e-01
4.411699473857879639e-01
5.159641504287719727e-01
6.046631336212158203e-01
6.586512327194213867e-01
4.231051802635192871e-01
5.705660581588745117e-01
3.280827999114990234e-01
9.203589558601379395e-01
3.656941950321197510e-01
5.435092449188232422e-01
4.429947137832641602e-01
4.730593562126159668e-01
5.272517204284667969e-01
3.968281745910644531e-01
5.740118026733398438e-01
3.840685486793518066e-01
5.511488914489746094e-01
5.980757474899291992e-01
6.557768583297729492e-01
6.848784685134887695e-01
5.593996047973632812e-01
6.662273406982421875e-01
5.670059919357299805e-01
5.123314261436462402e-01
5.322290062904357910e-01
6.522973775863647461e-01
3.166769146919250488e-01
6.226886510848999023e-01
4.849764108657836914e-01
5.862836837768554688e-01
9.348940849304199219e-01
3.845481872558593750e-01
4.953684806823730469e-01
4.015944600105285645e-01
6.882352828979492188e-01
4.515358805656433105e-01
1.331958413124084473e+00
4.745099246501922607e-01
3.614048957824707031e-01
9.917482137680053711e-01
2.857661843299865723e-01
6.016852855682373047e-01
2.627288103103637695e-01
4.795132875442504883e-01
6.132211685180664062e-01
4.027186036109924316e-01
6.371643543243408203e-01
5.118474960327148438e-01
5.907993316650390625e-01
5.580231547355651855e-01
5.989493727684020996e-01
6.608055233955383301e-01
8.081687092781066895e-01
5.221186876296997070e-01
4.236955642700195312e-01
3.611377477645874023e-01
3.672789335250854492e-01
5.621225237846374512e-01
4.927962422370910645e-01
5.973298549652099609e-01
6.536549925804138184e-01
1.480638742446899414e+00
3.496944308280944824e-01
4.762346446514129639e-01
4.617470502853393555e-01
3.678027689456939697e-01
4.666000008583068848e-01
3.817386627197265625e-01
5.894500017166137695e-01
7.043603658676147461e-01
4.061858654022216797e-01
3.671162128448486328e-01
5.193705558776855469e-01
3.634566664695739746e-01
3.886032700538635254e-01
3.454751968383789062e-01
2.866978645324707031e-01
5.930745601654052734e-01
5.048844814300537109e-01
2.885482907295227051e-01
4.259654879570007324e-01
1.231011152267456055e+00
5.360891819000244141e-01
4.580329060554504395e-01
5.978982448577880859e-01
3.664337694644927979e-01
6.402161121368408203e-01
7.612824440002441406e-01
4.877225458621978760e-01
3.215735852718353271e-01
3.446835279464721680e-01
1.426379561424255371e+00
5.741393566131591797e-01
5.134018659591674805e-01
3.182878792285919189e-01
5.219897031784057617e-01
4.897632598876953125e-01
4.888916611671447754e-01
3.384072184562683105e-01
4.336691200733184814e-01
4.369406104087829590e-01
4.495514035224914551e-01
7.134224176406860352e-01
6.009399890899658203e-01
5.764706730842590332e-01
2.921373844146728516e-01
4.307532012462615967e-01
1.095415115356445312e+00
5.535957217216491699e-01
7.087149024009704590e-01
5.541031360626220703e-01
4.453535676002502441e-01
5.948308706283569336e-01
3.976654112339019775e-01
5.367512702941894531e-01
