5.719621106982231140e-02
5.984142422676086426e-02
1.058654636144638062e-01
1.268266737461090088e-01
2.726553082466125488e-01
4.511342942714691162e-02
9.460249543190002441e-02
4.717816412448883057e-02
5.509801954030990601e-02
2.912126779556274414e-01
1.354758441448211670e-01
9.213916957378387451e-02
8.954864740371704102e-02
8.861573040485382080e-02
6.209668517112731934e-02
8.565010130405426025e-02
1.424114853143692017e-01
7.599618285894393921e-02
4.059993848204612732e-02
2.497455775737762451e-01
4.802620410919189453e-02
5.105218291282653809e-02
1.338849365711212158e-01
6.439005583524703979e-02
1.234230846166610718e-01
1.084733158349990845e-01
5.328784137964248657e-02
9.234909713268280029e-02
1.467609703540802002e-01
7.300287485122680664e-02
1.192833408713340759e-01
8.150361478328704834e-02
7.028120756149291992e-02
1.382201910018920898e-01
7.979299873113632202e-02
2.112057805061340332e-01
2.609345316886901855e-01
1.750322431325912476e-01
1.019420623779296875e-01
1.496466547250747681e-01
9.639669954776763916e-02
1.271689534187316895e-01
8.887657523155212402e-02
1.494617164134979248e-01
1.273802518844604492e-01
4.399202466011047363e-01
8.397482335567474365e-02
7.865598797798156738e-02
1.463949680328369141e-01
7.357624173164367676e-02
1.063511371612548828e-01
1.298980414867401123e-01
1.176615655422210693e-01
6.617756932973861694e-02
2.472894191741943359e-01
6.408512592315673828e-02
1.243826821446418762e-01
6.356711685657501221e-02
7.048067450523376465e-02
5.017329007387161255e-02
1.178742647171020508e-01
7.852930575609207153e-02
1.037487164139747620e-01
1.000048965215682983e-01
1.165750399231910706e-01
6.272824108600616455e-02
1.727380156517028809e-01
8.871914446353912354e-02
1.196869611740112305e-01
6.881177425384521484e-02
9.056371450424194336e-02
1.139273196458816528e-01
2.354789227247238159e-01
3.352354764938354492e-01
1.762910336256027222e-01
6.043462827801704407e-02
1.302712708711624146e-01
7.990174740552902222e-02
1.414703279733657837e-01
5.484513565897941589e-02
1.146223023533821106e-01
8.834483474493026733e-02
6.694801896810531616e-02
1.330396533012390137e-01
4.432810544967651367e-01
5.736758559942245483e-02
7.857400923967361450e-02
5.077257007360458374e-02
1.311468482017517090e-01
6.602916121482849121e-02
7.528738677501678467e-02
1.099628359079360962e-01
5.261841043829917908e-02
1.308711618185043335e-01
1.244500279426574707e-01
8.516777306795120239e-02
1.127028018236160278e-01
1.970376968383789062e-01
9.182341396808624268e-02
1.083445996046066284e-01
6.307651847600936890e-02
6.477248668670654297e-02
2.710119783878326416e-01
3.198878094553947449e-02
1.054521948099136353e-01
7.513589411973953247e-02
5.619555711746215820e-02
5.815711617469787598e-02
9.276333451271057129e-02
6.513842940330505371e-02
1.437010169029235840e-01
6.984598189592361450e-02
3.965049609541893005e-02
2.583729028701782227e-01
1.611234247684478760e-01
6.391534209251403809e-02
6.399655342102050781e-02
8.807228505611419678e-02
9.564137458801269531e-02
1.340456157922744751e-01
6.266993284225463867e-02
1.584158837795257568e-01
1.117008402943611145e-01
4.390582814812660217e-02
1.164946481585502625e-01
7.516349852085113525e-02
1.268759369850158691e-01
2.418766766786575317e-01
1.345531046390533447e-01
9.274873137474060059e-02
3.580855578184127808e-02
1.022076010704040527e-01
1.161023229360580444e-01
2.052684724330902100e-01
8.853437006473541260e-02
1.387306451797485352e-01
2.278632372617721558e-01
7.045871764421463013e-02
7.934038341045379639e-02
1.107697859406471252e-01
9.200803935527801514e-02
4.561083763837814331e-02
6.067977100610733032e-02
2.608018815517425537e-01
4.395078122615814209e-02
6.621759384870529175e-02
9.254604578018188477e-02
1.668716967105865479e-01
4.946266114711761475e-02
1.045819967985153198e-01
7.457450032234191895e-02
1.771554946899414062e-01
6.117113679647445679e-02
9.649394452571868896e-02
3.931764885783195496e-02
9.440132975578308105e-02
9.320211410522460938e-02
7.723059505224227905e-02
4.036539047956466675e-02
4.495348781347274780e-02
4.337780177593231201e-02
5.193383619189262390e-02
9.504510462284088135e-02
7.514224946498870850e-02
1.001908034086227417e-01
9.799227118492126465e-02
4.541490599513053894e-02
6.348704546689987183e-02
4.631465673446655273e-02
4.005971550941467285e-02
1.151526272296905518e-01
7.494688779115676880e-02
6.430520117282867432e-02
5.322416871786117554e-02
4.324662312865257263e-02
4.877772927284240723e-02
4.100167751312255859e-02
1.488341391086578369e-01
1.972562372684478760e-01
4.101911187171936035e-02
2.934288233518600464e-02
9.896601736545562744e-02
4.909554868936538696e-02
1.133239269256591797e-01
1.311971247196197510e-01
9.868411719799041748e-02
5.868747457861900330e-02
8.031072467565536499e-02
3.302121534943580627e-02
5.352683737874031067e-02
1.280310750007629395e-01
8.087532222270965576e-02
1.283360570669174194e-01
6.113804876804351807e-02
7.974357903003692627e-02
8.689327538013458252e-02
1.306895613670349121e-01
4.461542516946792603e-02
1.054953783750534058e-01
8.261497318744659424e-02
2.023412883281707764e-01
3.863734006881713867e-02
7.991421967744827271e-02
3.948386013507843018e-02
2.586156316101551056e-02
4.465626925230026245e-02
8.027845621109008789e-02
1.902734637260437012e-01
2.928338199853897095e-02
5.215016752481460571e-02
4.077174142003059387e-02
4.193635284900665283e-02
9.333170950412750244e-02
9.210108220577239990e-02
9.819546341896057129e-02
8.302320539951324463e-02
8.262144029140472412e-02
7.819858938455581665e-02
1.245190650224685669e-01
4.705300927162170410e-02
6.504145264625549316e-02
9.344714134931564331e-02
4.387497156858444214e-02
3.219448775053024292e-02
3.142507746815681458e-02
1.555159538984298706e-01
5.496504530310630798e-02
8.130317926406860352e-02
8.365085721015930176e-02
1.785372346639633179e-01
1.249065101146697998e-01
6.254927814006805420e-02
4.117126017808914185e-02
9.331949055194854736e-02
4.473973810672760010e-02
4.288902133703231812e-02
5.512992292642593384e-02
4.251142591238021851e-02
3.978945314884185791e-01
1.680075526237487793e-01
6.977361440658569336e-02
1.220501661300659180e-01
6.233394891023635864e-02
9.154222160577774048e-02
4.648431390523910522e-02
3.383209556341171265e-02
7.388664782047271729e-02
8.340306580066680908e-02
1.109516024589538574e-01
1.352628767490386963e-01
7.868701219558715820e-02
3.600690513849258423e-02
1.212208122014999390e-01
2.711656689643859863e-01
5.784588307142257690e-02
1.214011460542678833e-01
6.488308310508728027e-02
5.437003821134567261e-02
9.051231294870376587e-02
1.147380545735359192e-01
3.658597767353057861e-01
7.605453580617904663e-02
8.492989838123321533e-02
2.548055052757263184e-01
9.300199896097183228e-02
7.830502092838287354e-02
9.683097898960113525e-02
1.810266822576522827e-01
8.687505125999450684e-02
2.989699244499206543e-01
8.837483823299407959e-02
7.170784473419189453e-02
6.507848203182220459e-02
1.150279715657234192e-01
1.832944750785827637e-01
6.143014878034591675e-02
4.410902410745620728e-02
8.384449779987335205e-02
1.967338323593139648e-01
1.085076704621315002e-01
1.161811053752899170e-01
4.346273094415664673e-02
9.828238189220428467e-02
5.529715865850448608e-02
5.145120993256568909e-02
4.726459830999374390e-02
7.416747510433197021e-02
6.012874096632003784e-02
9.119484573602676392e-02
7.836228609085083008e-02
4.416860640048980713e-02
5.847349762916564941e-02
8.800152689218521118e-02
1.300348639488220215e-01
1.497287452220916748e-01
9.368599951267242432e-02
4.506712406873703003e-02
4.853913560509681702e-02
8.366891741752624512e-02
9.982403367757797241e-02
1.793003976345062256e-01
5.113246291875839233e-02
1.181604564189910889e-01
1.427814662456512451e-01
6.813658773899078369e-02
3.294919431209564209e-02
4.958805441856384277e-02
8.324783295392990112e-02
4.067438095808029175e-02
1.255134642124176025e-01
4.966530576348304749e-02
9.202182292938232422e-02
9.642803668975830078e-02
6.079456210136413574e-02
5.303485319018363953e-02
6.108963862061500549e-02
8.283980190753936768e-02
1.737724840641021729e-01
4.091669321060180664e-01
9.745832532644271851e-02
5.115789920091629028e-02
4.955483973026275635e-02
1.833580732345581055e-01
8.462090790271759033e-02
4.228562116622924805e-02
6.828532367944717407e-02
9.241548925638198853e-02
5.558076128363609314e-02
2.055968940258026123e-01
1.228975355625152588e-01
9.024722874164581299e-02
5.239063501358032227e-02
1.298944205045700073e-01
7.628116011619567871e-02
7.462731748819351196e-02
1.109072640538215637e-01
9.495215117931365967e-02
1.298038065433502197e-01
9.603998064994812012e-02
3.518489003181457520e-02
6.274398416280746460e-02
3.605213761329650879e-02
7.114794105291366577e-02
1.063466593623161316e-01
9.081848710775375366e-02
1.811055243015289307e-01
5.936403572559356689e-02
6.339931488037109375e-02
8.684213459491729736e-02
4.998952150344848633e-02
4.656570404767990112e-02
8.378796279430389404e-02
5.070425942540168762e-02
1.113039255142211914e-01
1.890643239021301270e-01
3.985537588596343994e-02
6.741894036531448364e-02
4.078395664691925049e-02
9.969198703765869141e-02
8.167307078838348389e-02
1.254535317420959473e-01
4.504038393497467041e-02
1.436038762331008911e-01
9.531736373901367188e-02
4.759316891431808472e-02
9.407909214496612549e-02
5.047434195876121521e-02
5.264414474368095398e-02
7.729713618755340576e-02
7.348971068859100342e-02
7.338956743478775024e-02
9.998580813407897949e-02
7.144207507371902466e-02
3.723061829805374146e-02
7.110141962766647339e-02
5.477731302380561829e-02
4.994806647300720215e-02
4.372340440750122070e-02
5.208142846822738647e-02
8.792360872030258179e-02
1.389388889074325562e-01
6.212788075208663940e-02
4.786784574389457703e-02
1.052077859640121460e-01
9.654847532510757446e-02
9.453164041042327881e-02
5.677521973848342896e-02
8.068370819091796875e-02
1.312944889068603516e-01
9.081767499446868896e-02
4.744056612253189087e-02
7.268105447292327881e-02
2.048985064029693604e-01
1.306731402873992920e-01
1.101464927196502686e-01
1.554647684097290039e-01
6.919600069522857666e-02
1.011594980955123901e-01
5.562611669301986694e-02
4.431396350264549255e-02
9.634685516357421875e-02
1.738746017217636108e-01
5.980348587036132812e-02
3.759289160370826721e-02
5.979701131582260132e-02
8.029687404632568359e-02
1.072175130248069763e-01
1.130950450897216797e-01
4.817866533994674683e-02
6.330202519893646240e-02
4.717184603214263916e-02
1.095684841275215149e-01
4.783991351723670959e-02
7.915744930505752563e-02
5.307388305664062500e-02
8.017835021018981934e-02
1.353150159120559692e-01
9.341114759445190430e-02
1.516422182321548462e-01
1.103998273611068726e-01
1.488920897245407104e-01
2.965854108333587646e-01
4.020487517118453979e-02
3.661675378680229187e-02
3.512028232216835022e-02
5.817776918411254883e-02
8.791780471801757812e-02
3.607427701354026794e-02
9.565348923206329346e-02
8.598591387271881104e-02
4.574140906333923340e-02
6.649030745029449463e-02
6.752854585647583008e-02
8.705105632543563843e-02
1.737436056137084961e-01
3.640789538621902466e-02
4.205892980098724365e-02
3.846097737550735474e-02
4.884530603885650635e-02
1.027483940124511719e-01
7.171127945184707642e-02
1.458212882280349731e-01
1.561613380908966064e-01
7.148814946413040161e-02
3.598646074533462524e-02
3.506662696599960327e-02
6.381935626268386841e-02
5.405055359005928040e-02
8.930898457765579224e-02
3.563386946916580200e-02
3.549419343471527100e-02
9.807330369949340820e-02
9.062869101762771606e-02
7.543967664241790771e-02
7.189998030662536621e-02
2.247647643089294434e-01
5.035264417529106140e-02
3.754732757806777954e-02
3.578127175569534302e-02
3.313520178198814392e-02
1.937586963176727295e-01
3.793457895517349243e-02
1.289527714252471924e-01
3.151846677064895630e-02
1.359608024358749390e-01
1.180568188428878784e-01
1.491373479366302490e-01
5.578976124525070190e-02
4.902682080864906311e-02
1.638132929801940918e-01
7.188045978546142578e-02
1.392766088247299194e-01
3.486736118793487549e-02
3.736683726310729980e-02
9.163153171539306641e-02
4.972236603498458862e-02
2.986948937177658081e-02
4.880162328481674194e-02
3.929765149950981140e-02
1.414055526256561279e-01
5.355828255414962769e-02
7.974082976579666138e-02
7.928243279457092285e-02
8.072172105312347412e-02
3.805490955710411072e-02
1.174520403146743774e-01
3.432781994342803955e-02
9.655070304870605469e-02
1.194763258099555969e-01
1.487820297479629517e-01
4.624954238533973694e-02
9.136573970317840576e-02
1.266737282276153564e-01
1.546625643968582153e-01
3.805459290742874146e-02
1.048010736703872681e-01
1.163778007030487061e-01
7.293862104415893555e-02
6.859694421291351318e-02
8.023566007614135742e-02
4.002320021390914917e-02
4.316715151071548462e-02
1.987298130989074707e-01
1.144858375191688538e-01
9.537200629711151123e-02
7.960776984691619873e-02
4.401373863220214844e-02
5.250860378146171570e-02
9.834799915552139282e-02
9.347645938396453857e-02
7.012121379375457764e-02
2.104018181562423706e-01
1.465026736259460449e-01
8.165980875492095947e-02
8.535146713256835938e-02
4.649849236011505127e-02
7.114917039871215820e-02
6.750008463859558105e-02
1.442651450634002686e-01
9.063388407230377197e-02
5.702184140682220459e-02
9.610251337289810181e-02
8.878353238105773926e-02
6.823796033859252930e-02
1.221781373023986816e-01
5.298912525177001953e-02
9.203378856182098389e-02
6.114023923873901367e-02
1.107467710971832275e-01
3.405909240245819092e-02
4.229995608329772949e-02
1.236755028367042542e-01
7.366275787353515625e-02
4.581557586789131165e-02
6.863662600517272949e-02
3.885732591152191162e-02
6.827152520418167114e-02
5.604817718267440796e-02
8.277075737714767456e-02
1.037610769271850586e-01
5.791814625263214111e-02
6.502807140350341797e-02
3.197544068098068237e-02
1.306199133396148682e-01
5.752937495708465576e-02
3.077112324535846710e-02
1.749984771013259888e-01
7.743466645479202271e-02
1.685821563005447388e-01
5.708425864577293396e-02
8.507530391216278076e-02
1.013749688863754272e-01
1.057127267122268677e-01
8.360490202903747559e-02
1.578762084245681763e-01
5.093296617269515991e-02
7.130561769008636475e-02
9.780092537403106689e-02
9.416118264198303223e-02
8.218079805374145508e-02
8.328296244144439697e-02
1.499485373497009277e-01
6.931602209806442261e-02
5.207382515072822571e-02
1.881387978792190552e-01
5.776271596550941467e-02
9.399779140949249268e-02
9.847179800271987915e-02
1.177991032600402832e-01
9.531467407941818237e-02
1.311067044734954834e-01
7.414489239454269409e-02
8.668982237577438354e-02
6.255297362804412842e-02
1.749624907970428467e-01
8.643132448196411133e-02
8.450704813003540039e-02
4.571989178657531738e-02
9.215544164180755615e-02
8.196096122264862061e-02
7.914275676012039185e-02
5.318228155374526978e-02
1.847988814115524292e-01
1.275760531425476074e-01
8.046326786279678345e-02
5.451419204473495483e-02
4.913409799337387085e-02
7.029026746749877930e-02
3.388176485896110535e-02
9.179767966270446777e-02
6.262701749801635742e-02
9.116744250059127808e-02
1.129600256681442261e-01
8.128852397203445435e-02
4.661653935909271240e-02
5.882587656378746033e-02
7.147867977619171143e-02
1.130913719534873962e-01
7.075189054012298584e-02
1.274998933076858521e-01
4.097212105989456177e-02
1.045360267162322998e-01
5.173597112298011780e-02
1.355874836444854736e-01
1.783910542726516724e-01
1.309556066989898682e-01
5.838863179087638855e-02
1.941320896148681641e-01
5.611606314778327942e-02
5.655349045991897583e-02
9.505158662796020508e-02
9.353522956371307373e-02
2.295839041471481323e-01
8.527670800685882568e-02
3.638379648327827454e-02
9.317415207624435425e-02
6.742963939905166626e-02
1.037975698709487915e-01
3.238220885396003723e-02
8.651004731655120850e-02
5.925639718770980835e-02
3.465509414672851562e-02
7.681730389595031738e-02
5.600287020206451416e-02
1.243607029318809509e-01
6.024048477411270142e-02
1.032045632600784302e-01
7.276813685894012451e-02
5.409287661314010620e-02
1.048333868384361267e-01
7.213865220546722412e-02
7.136620581150054932e-02
4.055228084325790405e-02
1.173515021800994873e-01
4.252578690648078918e-02
9.296569973230361938e-02
8.623091876506805420e-02
3.512027114629745483e-02
8.173327147960662842e-02
6.504752486944198608e-02
6.712695956230163574e-02
5.031807348132133484e-02
9.607259929180145264e-02
7.964935898780822754e-02
4.713171720504760742e-02
1.972726136445999146e-01
5.603863298892974854e-02
4.916945099830627441e-02
2.096717655658721924e-01
4.071553424000740051e-02
9.611145406961441040e-02
6.779286265373229980e-02
3.014163672924041748e-02
3.214891999959945679e-02
4.998249560594558716e-02
4.603703320026397705e-02
1.415855735540390015e-01
6.506551802158355713e-02
3.599905222654342651e-02
1.942368447780609131e-01
9.964071214199066162e-02
5.560807883739471436e-02
1.147481128573417664e-01
6.836433708667755127e-02
7.430442422628402710e-02
3.682756423950195312e-02
7.899741828441619873e-02
4.818176850676536560e-02
1.563221067190170288e-01
4.731470346450805664e-02
8.470030128955841064e-02
7.673960924148559570e-02
5.544816702604293823e-02
9.401417523622512817e-02
3.944990783929824829e-02
6.961743533611297607e-02
8.159102499485015869e-02
9.029011428356170654e-02
1.139479205012321472e-01
6.386008858680725098e-02
4.470574855804443359e-02
5.666862428188323975e-02
7.189963012933731079e-02
3.170287236571311951e-02
6.569972634315490723e-02
8.952104300260543823e-02
1.645505726337432861e-01
9.938937425613403320e-02
7.184922695159912109e-02
6.752385944128036499e-02
1.416858583688735962e-01
5.318566411733627319e-02
6.342108547687530518e-02
7.307194173336029053e-02
1.300453692674636841e-01
4.394631832838058472e-02
7.985456287860870361e-02
3.786337375640869141e-02
6.236582994461059570e-02
4.242128878831863403e-02
4.056396707892417908e-02
6.279350817203521729e-02
3.398181498050689697e-02
7.790634036064147949e-02
8.243079483509063721e-02
3.018744103610515594e-02
3.345888853073120117e-02
3.612762689590454102e-02
8.052526414394378662e-02
7.239916175603866577e-02
7.174746692180633545e-02
4.778295010328292847e-02
6.982564926147460938e-02
1.584170460700988770e-01
5.422025918960571289e-02
6.822726130485534668e-02
3.326557949185371399e-02
4.303152859210968018e-02
1.267230808734893799e-01
6.572801619768142700e-02
1.061108410358428955e-01
6.759425997734069824e-02
5.876846984028816223e-02
5.462206155061721802e-02
6.963743269443511963e-02
7.688755542039871216e-02
4.393392801284790039e-02
6.128349155187606812e-02
6.754169613122940063e-02
8.098380267620086670e-02
5.444550886750221252e-02
2.060436010360717773e-01
5.295180529356002808e-02
1.016553044319152832e-01
5.866283178329467773e-02
4.386081546545028687e-02
7.037057727575302124e-02
3.047419525682926178e-02
4.412672296166419983e-02
5.716259405016899109e-02
6.895629316568374634e-02
6.385442614555358887e-02
7.233048975467681885e-02
1.063561737537384033e-01
9.130305051803588867e-02
9.333226084709167480e-02
8.094766736030578613e-02
3.359241783618927002e-02
2.410345226526260376e-01
2.898513674736022949e-01
6.144477427005767822e-02
1.286484301090240479e-01
3.447007387876510620e-02
1.349072009325027466e-01
3.817350789904594421e-02
8.879652619361877441e-02
5.374186858534812927e-02
6.219332665205001831e-02
9.136274456977844238e-02
8.160392940044403076e-02
3.930031135678291321e-02
4.356993734836578369e-02
9.426085650920867920e-02
3.389044478535652161e-02
6.564636528491973877e-02
4.590594023466110229e-02
5.651173368096351624e-02
3.718641027808189392e-02
1.250945031642913818e-01
2.516390681266784668e-01
7.615255564451217651e-02
5.583027005195617676e-02
2.161821126937866211e-01
4.186401516199111938e-02
8.451113849878311157e-02
8.381745219230651855e-02
9.918415546417236328e-02
2.720850706100463867e-01
4.289716854691505432e-02
1.012581884860992432e-01
9.056495130062103271e-02
7.354839146137237549e-02
5.610521137714385986e-02
1.144249439239501953e-01
6.233984977006912231e-02
7.525809109210968018e-02
5.583989620208740234e-02
5.457115918397903442e-02
1.252002716064453125e-01
8.458309620618820190e-02
7.031728327274322510e-02
6.714133173227310181e-02
9.663282334804534912e-02
7.741463929414749146e-02
8.896526694297790527e-02
8.380271494388580322e-02
9.567481279373168945e-02
5.061111971735954285e-02
8.529905229806900024e-02
9.208185970783233643e-02
7.758554816246032715e-02
6.076054647564888000e-02
1.664326190948486328e-01
6.473457068204879761e-02
1.300487816333770752e-01
1.128213405609130859e-01
2.028291076421737671e-01
8.640312403440475464e-02
2.649606764316558838e-01
7.163219898939132690e-02
1.576095819473266602e-01
8.514945209026336670e-02
8.230688422918319702e-02
6.349670886993408203e-02
1.272571980953216553e-01
1.244698613882064819e-01
1.127195805311203003e-01
8.242522180080413818e-02
6.503915786743164062e-02
9.958589076995849609e-02
5.809840187430381775e-02
4.464141279458999634e-02
6.754940748214721680e-02
7.743158191442489624e-02
3.654281795024871826e-02
6.087045371532440186e-02
1.634768396615982056e-01
7.777445018291473389e-02
8.600263297557830811e-02
1.282184869050979614e-01
5.108311772346496582e-02
4.888255149126052856e-02
2.190471291542053223e-01
2.380906045436859131e-01
9.647162258625030518e-02
1.137330085039138794e-01
9.277970343828201294e-02
2.952401712536811829e-02
4.520417004823684692e-02
4.419923946261405945e-02
1.068219467997550964e-01
1.056480109691619873e-01
1.771894395351409912e-01
1.552605032920837402e-01
2.310765832662582397e-01
5.210611224174499512e-02
8.707191050052642822e-02
4.915555939078330994e-02
7.250313460826873779e-02
5.775807797908782959e-02
3.604786843061447144e-02
1.133770495653152466e-01
2.249968945980072021e-01
4.738878831267356873e-02
4.058100283145904541e-02
1.339932233095169067e-01
1.084487065672874451e-01
7.485171407461166382e-02
1.442669630050659180e-01
2.691664993762969971e-01
1.301695704460144043e-01
7.227089256048202515e-02
2.084196507930755615e-01
5.192883685231208801e-02
1.500699818134307861e-01
1.342427134513854980e-01
1.414822638034820557e-01
7.636179029941558838e-02
3.731897845864295959e-02
1.345462501049041748e-01
1.273362189531326294e-01
6.588206440210342407e-02
6.060551851987838745e-02
6.177861243486404419e-02
1.045683100819587708e-01
9.082844853401184082e-02
5.054520815610885620e-02
1.484698355197906494e-01
5.416233837604522705e-02
1.467566788196563721e-01
1.160191372036933899e-01
9.012004733085632324e-02
1.799528002738952637e-01
1.506142616271972656e-01
8.608663827180862427e-02
6.049578636884689331e-02
8.877228945493698120e-02
7.878025621175765991e-02
1.348535120487213135e-01
2.529913485050201416e-01
8.054154366254806519e-02
1.612135469913482666e-01
1.022772639989852905e-01
1.756362915039062500e-01
2.045114487409591675e-01
9.565500915050506592e-02
2.116564512252807617e-01
1.490036994218826294e-01
1.602180153131484985e-01
1.635269671678543091e-01
1.007714271545410156e-01
1.116101741790771484e-01
6.413358449935913086e-02
2.088489085435867310e-01
1.093473285436630249e-01
9.879305958747863770e-02
1.000710651278495789e-01
7.305878400802612305e-02
2.059664726257324219e-01
1.113319769501686096e-01
9.657864272594451904e-02
1.398701667785644531e-01
1.019371896982192993e-01
5.519746989011764526e-02
1.576849222183227539e-01
5.701358988881111145e-02
6.173824518918991089e-02
1.969992816448211670e-01
6.922298669815063477e-02
1.176488846540451050e-01
1.892363578081130981e-01
9.722760319709777832e-02
7.591132819652557373e-02
6.930653750896453857e-02
8.635232597589492798e-02
8.653526008129119873e-02
1.843532025814056396e-01
8.423095941543579102e-02
6.966502964496612549e-02
4.147071763873100281e-02
1.066351160407066345e-01
5.096968263387680054e-02
2.694902718067169189e-01
7.977123558521270752e-02
1.134636104106903076e-01
5.947959795594215393e-02
9.492671489715576172e-02
1.103398501873016357e-01
8.354151993989944458e-02
7.651644945144653320e-02
5.525141954421997070e-02
4.338202998042106628e-02
5.338419228792190552e-02
4.382789880037307739e-02
1.049880236387252808e-01
6.892888247966766357e-02
4.194618016481399536e-02
3.948352485895156860e-02
1.011720523238182068e-01
2.871536910533905029e-01
8.753789961338043213e-02
1.386035680770874023e-01
1.164646297693252563e-01
1.533119827508926392e-01
7.551073282957077026e-02
6.257305294275283813e-02
4.629596322774887085e-02
5.855214595794677734e-02
1.082327067852020264e-01
8.093443512916564941e-02
5.251304805278778076e-02
8.552859723567962646e-02
5.276707559823989868e-02
3.350160121917724609e-01
6.682170927524566650e-02
4.028919711709022522e-02
1.865266561508178711e-01
6.212024390697479248e-02
5.346632748842239380e-02
9.380247443914413452e-02
8.158241212368011475e-02
4.426490515470504761e-02
8.915449678897857666e-02
3.075700700283050537e-01
3.569692000746726990e-02
6.103087589144706726e-02
1.236081421375274658e-01
2.251372635364532471e-01
5.830639600753784180e-02
1.158239468932151794e-01
7.501029968261718750e-02
1.530640423297882080e-01
9.681054204702377319e-02
1.363303363323211670e-01
7.578142732381820679e-02
6.002981215715408325e-02
1.738097816705703735e-01
1.424326896667480469e-01
5.582062900066375732e-02
4.772968217730522156e-02
1.129824817180633545e-01
2.754444479942321777e-01
8.781658113002777100e-02
1.387408822774887085e-01
1.234069243073463440e-01
4.255961626768112183e-02
6.475840508937835693e-02
3.252177834510803223e-01
2.392395585775375366e-01
1.733814328908920288e-01
1.244818344712257385e-01
1.167983114719390869e-01
7.609438896179199219e-02
1.191654354333877563e-01
1.987260580062866211e-01
1.141141951084136963e-01
2.634993493556976318e-01
1.111844480037689209e-01
7.716777175664901733e-02
9.821985661983489990e-02
1.183793470263481140e-01
1.153775900602340698e-01
1.313786357641220093e-01
6.381830573081970215e-02
7.585079222917556763e-02
1.382583975791931152e-01
6.686639785766601562e-02
7.586889714002609253e-02
7.030606269836425781e-02
5.793939530849456787e-02
5.453542992472648621e-02
6.102008372545242310e-02
9.202741086483001709e-02
1.166456937789916992e-01
6.346520781517028809e-02
5.586827918887138367e-02
5.983309820294380188e-02
8.208401501178741455e-02
5.417949706315994263e-02
2.398320734500885010e-01
1.146118640899658203e-01
9.308111667633056641e-02
9.078175574541091919e-02
4.350176453590393066e-02
7.615813612937927246e-02
9.179356694221496582e-02
4.837384074926376343e-02
1.131949871778488159e-01
8.090116083621978760e-02
4.061301052570343018e-02
1.564278006553649902e-01
5.681895464658737183e-02
1.155789494514465332e-01
8.652050793170928955e-02
7.590768486261367798e-02
5.662319436669349670e-02
7.584087550640106201e-02
1.215366423130035400e-01
8.033087849617004395e-02
4.994808137416839600e-02
1.167486160993576050e-01
7.647720724344253540e-02
5.540287494659423828e-02
9.391429275274276733e-02
2.055076658725738525e-01
9.485962986946105957e-02
1.665620207786560059e-01
8.506713807582855225e-02
1.853568702936172485e-01
5.551243573427200317e-02
1.040527373552322388e-01
4.722609370946884155e-02
4.949198663234710693e-02
1.133307963609695435e-01
1.502826213836669922e-01
2.032777070999145508e-01
1.001976132392883301e-01
9.001739323139190674e-02
2.950907647609710693e-01
8.054718375205993652e-02
2.231890857219696045e-01
9.424340724945068359e-02
8.187416195869445801e-02
1.203809902071952820e-01
1.033973991870880127e-01
1.020723134279251099e-01
2.163819372653961182e-01
6.114284694194793701e-02
8.851155638694763184e-02
5.730286240577697754e-02
2.308070659637451172e-01
1.803800761699676514e-01
9.047284722328186035e-02
1.216208860278129578e-01
4.961181432008743286e-02
8.682741224765777588e-02
8.573317527770996094e-02
6.572908163070678711e-02
5.911739915609359741e-02
1.096648722887039185e-01
1.008025407791137695e-01
5.509541183710098267e-02
9.625141322612762451e-02
4.015102982521057129e-02
1.011421978473663330e-01
8.813464641571044922e-02
7.633017003536224365e-02
2.188309878110885620e-01
1.107022911310195923e-01
1.110133603215217590e-01
1.393041312694549561e-01
2.597235441207885742e-01
3.885896876454353333e-02
5.914227291941642761e-02
4.310804978013038635e-02
2.564675807952880859e-01
1.244084313511848450e-01
2.293815910816192627e-01
5.701005458831787109e-02
1.166786104440689087e-01
2.475797832012176514e-01
8.522040396928787231e-02
7.807970046997070312e-02
1.465779989957809448e-01
6.989652663469314575e-02
4.309295117855072021e-02
5.071492493152618408e-02
1.191864758729934692e-01
1.937517821788787842e-01
4.620253294706344604e-02
4.907789453864097595e-02
7.165955007076263428e-02
4.119012132287025452e-02
5.984625220298767090e-02
5.148660391569137573e-02
3.586054220795631409e-02
3.972563147544860840e-02
4.612368345260620117e-02
1.921104937791824341e-01
1.846868097782135010e-01
4.997084289789199829e-02
1.059330850839614868e-01
1.082310751080513000e-01
2.228494286537170410e-01
9.032100439071655273e-02
5.285792052745819092e-02
4.851872473955154419e-02
4.114864766597747803e-02
9.588220715522766113e-02
4.310780763626098633e-02
1.084615886211395264e-01
4.992194473743438721e-02
2.379654645919799805e-01
6.996265798807144165e-02
1.297269612550735474e-01
1.270804107189178467e-01
5.764578655362129211e-02
9.504869580268859863e-02
4.761169105768203735e-02
6.530746072530746460e-02
6.412651389837265015e-02
8.306375890970230103e-02
1.521270871162414551e-01
1.849131584167480469e-01
5.852814763784408569e-02
8.081160485744476318e-02
1.311655044555664062e-01
2.028661668300628662e-01
1.359016746282577515e-01
5.211431533098220825e-02
1.133415475487709045e-01
6.137344986200332642e-02
7.122161984443664551e-02
1.007275134325027466e-01
4.846434667706489563e-02
8.250689506530761719e-02
1.627671569585800171e-01
5.780156329274177551e-02
1.172355264425277710e-01
7.488983869552612305e-02
1.749293655157089233e-01
5.195848643779754639e-02
5.936956405639648438e-02
1.043289899826049805e-01
3.251202404499053955e-02
8.750432729721069336e-02
4.636514186859130859e-02
1.068524569272994995e-01
3.766101971268653870e-02
5.660468339920043945e-02
8.666884899139404297e-02
8.402305841445922852e-02
1.519825309514999390e-01
7.073491811752319336e-02
9.270177781581878662e-02
9.457115083932876587e-02
8.291362226009368896e-02
5.670683830976486206e-02
8.241203427314758301e-02
5.711059272289276123e-02
4.121097922325134277e-02
4.252303391695022583e-02
6.956880539655685425e-02
4.699858650565147400e-02
9.113297611474990845e-02
8.699502795934677124e-02
1.123103797435760498e-01
4.147472232580184937e-02
4.677136614918708801e-02
5.540315806865692139e-02
8.191789686679840088e-02
1.500557363033294678e-01
1.184514686465263367e-01
6.598167121410369873e-02
1.620303690433502197e-01
6.391400098800659180e-02
8.214731514453887939e-02
3.856076300144195557e-02
6.403106451034545898e-02
8.872194588184356689e-02
3.816277161240577698e-02
7.392971217632293701e-02
2.250797748565673828e-01
3.143423423171043396e-02
5.563849210739135742e-02
1.069308519363403320e-01
3.219621255993843079e-02
4.282654076814651489e-02
4.475013911724090576e-02
3.637614101171493530e-02
5.083539336919784546e-02
6.333292275667190552e-02
4.821996763348579407e-02
1.011239439249038696e-01
7.726077735424041748e-02
6.739141047000885010e-02
2.082813233137130737e-01
7.357852905988693237e-02
1.065368726849555969e-01
1.112748980522155762e-01
3.327861800789833069e-02
9.194493293762207031e-02
1.066982522606849670e-01
4.424665868282318115e-02
4.696957767009735107e-02
5.394678190350532532e-02
1.015697196125984192e-01
6.645426899194717407e-02
3.674146533012390137e-02
8.797602355480194092e-02
9.296153485774993896e-02
9.309190511703491211e-02
7.148122787475585938e-02
1.058553680777549744e-01
9.630854427814483643e-02
6.261725723743438721e-02
8.974114805459976196e-02
3.379243612289428711e-02
8.771787583827972412e-02
5.284048989415168762e-02
8.268375694751739502e-02
7.369928061962127686e-02
8.916957676410675049e-02
1.766955554485321045e-01
5.605555698275566101e-02
4.099648445844650269e-02
3.467901051044464111e-02
8.446848392486572266e-02
4.619672149419784546e-02
5.572338402271270752e-02
4.143943265080451965e-02
6.634130328893661499e-02
1.262162774801254272e-01
8.682379871606826782e-02
7.360818237066268921e-02
1.688138544559478760e-01
9.184974431991577148e-02
1.934752762317657471e-01
8.047260344028472900e-02
4.657382518053054810e-02
6.247353553771972656e-02
1.391513943672180176e-01
9.866538643836975098e-02
8.491293340921401978e-02
1.029364541172981262e-01
1.118506714701652527e-01
4.343112558126449585e-02
6.829245388507843018e-02
5.546945333480834961e-02
8.970400691032409668e-02
4.201404750347137451e-02
6.405153870582580566e-02
8.230069279670715332e-02
1.004571840167045593e-01
7.095316052436828613e-02
8.628851175308227539e-02
4.578453302383422852e-02
2.724741771817207336e-02
5.686843767762184143e-02
4.424857348203659058e-02
9.476025402545928955e-02
3.762184455990791321e-02
3.923567757010459900e-02
8.601095527410507202e-02
2.602299153804779053e-01
1.083306223154067993e-01
4.564410075545310974e-02
5.210720002651214600e-02
8.668239414691925049e-02
9.103209525346755981e-02
1.277473866939544678e-01
9.497791528701782227e-02
1.355008333921432495e-01
