2.778010368347167969e+00
2.783956527709960938e+00
2.734609365463256836e+00
3.128778457641601562e+00
2.151583433151245117e+00
2.652596473693847656e+00
2.215245485305786133e+00
2.332968711853027344e+00
2.977577686309814453e+00
3.136956214904785156e+00
2.809339284896850586e+00
2.831790447235107422e+00
2.843569278717041016e+00
5.419993400573730469e+00
3.114015579223632812e+00
2.355335235595703125e+00
2.768725395202636719e+00
1.436798334121704102e+00
2.972550392150878906e+00
2.016473770141601562e+00
2.680809020996093750e+00
2.960348129272460938e+00
2.560373544692993164e+00
2.557718753814697266e+00
1.532251119613647461e+00
1.648583412170410156e+00
4.702562332153320312e+00
3.143992900848388672e+00
4.007773399353027344e+00
2.826351642608642578e+00
2.071184158325195312e+00
1.582215666770935059e+00
2.865113258361816406e+00
6.095963478088378906e+00
2.092844009399414062e+00
3.204840183258056641e+00
3.022921085357666016e+00
4.271184921264648438e+00
1.623268842697143555e+00
1.708514451980590820e+00
2.595629692077636719e+00
2.805953502655029297e+00
6.858680248260498047e+00
3.153933286666870117e+00
2.495869398117065430e+00
1.533726811408996582e+00
1.889559745788574219e+00
3.009820938110351562e+00
3.023511409759521484e+00
2.310325145721435547e+00
2.081666707992553711e+00
2.783726692199707031e+00
2.479567527770996094e+00
1.611318588256835938e+00
1.812401056289672852e+00
1.834244966506958008e+00
1.915208578109741211e+00
2.819883823394775391e+00
1.847073554992675781e+00
2.701416254043579102e+00
1.750220537185668945e+00
1.476991176605224609e+00
2.894208431243896484e+00
3.040583848953247070e+00
3.032997608184814453e+00
3.949635267257690430e+00
2.692760467529296875e+00
2.413938045501708984e+00
2.813915252685546875e+00
3.182014465332031250e+00
2.384887933731079102e+00
1.425424575805664062e+00
1.931153774261474609e+00
1.426866531372070312e+00
2.608035087585449219e+00
1.735309243202209473e+00
2.120489835739135742e+00
2.101036071777343750e+00
2.252528429031372070e+00
2.926419258117675781e+00
2.942793369293212891e+00
1.945168018341064453e+00
2.179254055023193359e+00
2.377049684524536133e+00
2.901050090789794922e+00
2.975958824157714844e+00
3.665184497833251953e+00
1.420064330101013184e+00
2.702098369598388672e+00
2.564729213714599609e+00
2.156489372253417969e+00
5.516648769378662109e+00
1.940477371215820312e+00
3.048919916152954102e+00
3.232273101806640625e+00
2.391013145446777344e+00
2.427263259887695312e+00
2.723778963088989258e+00
3.120158672332763672e+00
2.954309940338134766e+00
4.554311752319335938e+00
2.630415678024291992e+00
3.095080852508544922e+00
2.256036758422851562e+00
1.796221494674682617e+00
2.328221559524536133e+00
1.518676280975341797e+00
2.902441024780273438e+00
5.469414234161376953e+00
2.575683832168579102e+00
1.487458229064941406e+00
2.704053640365600586e+00
1.707609891891479492e+00
2.141776561737060547e+00
2.683152675628662109e+00
1.761384010314941406e+00
1.973684430122375488e+00
1.982810974121093750e+00
2.272625446319580078e+00
1.518588542938232422e+00
2.822105884552001953e+00
1.887971878051757812e+00
2.818372726440429688e+00
2.698832988739013672e+00
1.682055234909057617e+00
1.890231609344482422e+00
3.173670768737792969e+00
2.688803195953369141e+00
2.590624332427978516e+00
2.883806467056274414e+00
2.043201684951782227e+00
2.029766559600830078e+00
2.521721363067626953e+00
2.765296936035156250e+00
1.857458829879760742e+00
3.371343612670898438e+00
2.699869632720947266e+00
4.430160522460937500e+00
2.428785800933837891e+00
2.434588670730590820e+00
3.066916465759277344e+00
1.795276165008544922e+00
2.410944461822509766e+00
2.391583442687988281e+00
2.408504009246826172e+00
1.834805607795715332e+00
1.717380285263061523e+00
3.292230606079101562e+00
1.374805212020874023e+00
2.867965221405029297e+00
1.437298178672790527e+00
2.329871177673339844e+00
2.973763704299926758e+00
2.338456630706787109e+00
2.523057460784912109e+00
2.190804719924926758e+00
2.336148023605346680e+00
2.202342510223388672e+00
1.834607124328613281e+00
2.114319801330566406e+00
3.126325368881225586e+00
1.831712365150451660e+00
2.769035816192626953e+00
2.024376392364501953e+00
5.431380271911621094e+00
1.659292221069335938e+00
2.117433547973632812e+00
1.191315770149230957e+00
2.921592712402343750e+00
1.910624384880065918e+00
3.409645080566406250e+00
1.893201589584350586e+00
2.134781599044799805e+00
1.381622314453125000e+00
2.569704532623291016e+00
2.738195419311523438e+00
2.370893955230712891e+00
1.788319826126098633e+00
6.474002838134765625e+00
2.647699117660522461e+00
3.085611343383789062e+00
2.181084156036376953e+00
1.768223762512207031e+00
2.955500364303588867e+00
2.099012374877929688e+00
2.981706142425537109e+00
2.835295677185058594e+00
2.821068048477172852e+00
3.792924642562866211e+00
4.192219734191894531e+00
1.629894971847534180e+00
1.629077911376953125e+00
2.915731191635131836e+00
2.287942647933959961e+00
2.578715801239013672e+00
4.864312648773193359e+00
2.644976854324340820e+00
1.909053087234497070e+00
1.641921401023864746e+00
3.061202526092529297e+00
1.486061215400695801e+00
4.961662292480468750e+00
2.073857307434082031e+00
2.329416751861572266e+00
1.819160461425781250e+00
4.352760791778564453e+00
1.510473251342773438e+00
5.071682929992675781e+00
2.232318878173828125e+00
2.257728815078735352e+00
1.865117192268371582e+00
1.366840600967407227e+00
2.715219497680664062e+00
1.427442550659179688e+00
1.624535441398620605e+00
2.375206947326660156e+00
2.545686006546020508e+00
1.799429655075073242e+00
1.617553949356079102e+00
1.475141525268554688e+00
2.842420578002929688e+00
2.089447975158691406e+00
2.504023551940917969e+00
2.938278198242187500e+00
3.132318019866943359e+00
2.281613588333129883e+00
1.834794521331787109e+00
1.333323001861572266e+00
3.585557699203491211e+00
2.467185735702514648e+00
2.306466579437255859e+00
2.078638076782226562e+00
2.684817314147949219e+00
2.915278196334838867e+00
2.395045757293701172e+00
3.594382524490356445e+00
4.938530445098876953e+00
2.879999160766601562e+00
2.850420475006103516e+00
2.151872158050537109e+00
1.364757776260375977e+00
2.325103521347045898e+00
2.472931861877441406e+00
2.157179832458496094e+00
2.610597133636474609e+00
2.639757633209228516e+00
1.637359619140625000e+00
1.912886619567871094e+00
1.894831657409667969e+00
2.549782276153564453e+00
2.583051204681396484e+00
2.195552825927734375e+00
3.935140848159790039e+00
1.864595174789428711e+00
3.050988674163818359e+00
1.604912996292114258e+00
1.595600247383117676e+00
1.354740381240844727e+00
2.743083477020263672e+00
2.665120363235473633e+00
2.840950250625610352e+00
2.293434143066406250e+00
2.322571992874145508e+00
2.606530666351318359e+00
1.842756748199462891e+00
3.259817600250244141e+00
2.555197715759277344e+00
2.612058639526367188e+00
3.734388113021850586e+00
2.682672023773193359e+00
1.391440391540527344e+00
2.143294811248779297e+00
2.690258979797363281e+00
1.938239336013793945e+00
2.073320865631103516e+00
2.505124092102050781e+00
2.060551166534423828e+00
3.069920063018798828e+00
2.343193769454956055e+00
2.078972816467285156e+00
2.277880191802978516e+00
2.608056783676147461e+00
5.118648052215576172e+00
1.642541408538818359e+00
1.921252250671386719e+00
2.569672822952270508e+00
2.760622978210449219e+00
2.902013301849365234e+00
2.873986244201660156e+00
2.459164142608642578e+00
2.614679336547851562e+00
2.798050880432128906e+00
2.881943464279174805e+00
2.686666488647460938e+00
2.707097530364990234e+00
1.977802753448486328e+00
2.099058389663696289e+00
2.205257892608642578e+00
1.462510824203491211e+00
2.494269609451293945e+00
2.450204372406005859e+00
2.040197849273681641e+00
1.996753334999084473e+00
2.669934749603271484e+00
2.306185960769653320e+00
2.797733306884765625e+00
3.097317695617675781e+00
1.455048441886901855e+00
1.917759537696838379e+00
4.450963020324707031e+00
2.513286590576171875e+00
2.569519281387329102e+00
2.234934806823730469e+00
1.915294170379638672e+00
1.839270234107971191e+00
2.196244716644287109e+00
2.767564296722412109e+00
1.607396602630615234e+00
3.487613201141357422e+00
2.710389614105224609e+00
2.293668270111083984e+00
2.532643795013427734e+00
2.648450374603271484e+00
2.317068099975585938e+00
2.616704463958740234e+00
2.451300144195556641e+00
1.495854377746582031e+00
2.725500106811523438e+00
2.056382656097412109e+00
2.504790306091308594e+00
2.968814611434936523e+00
3.247610092163085938e+00
2.526530742645263672e+00
2.123014926910400391e+00
2.342370510101318359e+00
2.027483463287353516e+00
2.544914484024047852e+00
3.698144912719726562e+00
1.610116839408874512e+00
2.208091735839843750e+00
2.416194438934326172e+00
2.052793502807617188e+00
2.291544437408447266e+00
3.055432796478271484e+00
3.283849954605102539e+00
1.869327545166015625e+00
1.207244157791137695e+00
2.296484947204589844e+00
5.405072212219238281e+00
1.968415617942810059e+00
2.354169130325317383e+00
2.581760168075561523e+00
2.335793495178222656e+00
1.161056041717529297e+00
3.587162733078002930e+00
1.978731393814086914e+00
2.518028259277343750e+00
1.784377574920654297e+00
3.194458484649658203e+00
1.770862817764282227e+00
2.720316886901855469e+00
2.410084486007690430e+00
5.759872436523437500e+00
4.784317016601562500e+00
4.467642784118652344e+00
1.853116273880004883e+00
2.526347160339355469e+00
5.284905433654785156e+00
1.768038630485534668e+00
2.856601715087890625e+00
1.353167653083801270e+00
2.657727718353271484e+00
2.358312129974365234e+00
1.958962559700012207e+00
1.340513229370117188e+00
2.352833747863769531e+00
3.241532325744628906e+00
2.622043609619140625e+00
2.692192792892456055e+00
2.628497600555419922e+00
1.947244882583618164e+00
2.268523693084716797e+00
1.362650990486145020e+00
2.389069557189941406e+00
2.114254713058471680e+00
1.166008234024047852e+00
4.062911510467529297e+00
2.755661249160766602e+00
2.029105186462402344e+00
1.777816772460937500e+00
2.186731338500976562e+00
2.145282745361328125e+00
2.454620838165283203e+00
1.410323858261108398e+00
4.037950992584228516e+00
2.317265033721923828e+00
1.349441289901733398e+00
3.177061080932617188e+00
2.361905813217163086e+00
2.337350130081176758e+00
1.718949317932128906e+00
1.301951646804809570e+00
1.472763180732727051e+00
1.536346673965454102e+00
2.401198148727416992e+00
2.931549549102783203e+00
2.351049900054931641e+00
2.193870067596435547e+00
1.190853834152221680e+00
1.895730018615722656e+00
2.066173076629638672e+00
1.854004144668579102e+00
1.406640529632568359e+00
1.794516563415527344e+00
2.672828197479248047e+00
2.524589776992797852e+00
1.901876568794250488e+00
5.226780891418457031e+00
4.374758243560791016e+00
1.844941616058349609e+00
1.790216803550720215e+00
1.482606649398803711e+00
2.247904062271118164e+00
2.541137456893920898e+00
2.223936557769775391e+00
2.402691841125488281e+00
2.201948642730712891e+00
1.956080436706542969e+00
1.893375396728515625e+00
1.404840588569641113e+00
1.938970565795898438e+00
2.349217653274536133e+00
5.419433593750000000e+00
3.161143541336059570e+00
1.675707101821899414e+00
2.094239950180053711e+00
1.256850481033325195e+00
2.580168724060058594e+00
2.705247402191162109e+00
4.492023468017578125e+00
2.016289710998535156e+00
1.904614925384521484e+00
5.630484580993652344e+00
2.919540643692016602e+00
2.407504558563232422e+00
5.014601230621337891e+00
1.528604507446289062e+00
1.372681140899658203e+00
2.464761018753051758e+00
1.806903600692749023e+00
2.455595970153808594e+00
1.980986356735229492e+00
2.020305633544921875e+00
2.467617750167846680e+00
1.360784292221069336e+00
1.323071837425231934e+00
2.930767297744750977e+00
2.284669876098632812e+00
1.451099872589111328e+00
2.597944974899291992e+00
2.292795658111572266e+00
1.737803339958190918e+00
1.331919670104980469e+00
2.277209281921386719e+00
2.006817102432250977e+00
1.775645732879638672e+00
2.088383674621582031e+00
1.929708003997802734e+00
1.383752703666687012e+00
2.202951908111572266e+00
4.712349891662597656e+00
1.178908348083496094e+00
1.970813751220703125e+00
1.474407315254211426e+00
4.784776687622070312e+00
2.080245494842529297e+00
2.508753299713134766e+00
5.462370872497558594e+00
1.313823819160461426e+00
2.402783155441284180e+00
2.770802021026611328e+00
2.402981758117675781e+00
4.815342426300048828e+00
1.971319437026977539e+00
5.607729911804199219e+00
3.174116373062133789e+00
1.865813493728637695e+00
2.363939762115478516e+00
2.044793367385864258e+00
1.501554250717163086e+00
2.050011873245239258e+00
1.623306989669799805e+00
3.208889245986938477e+00
1.499023437500000000e+00
2.719692707061767578e+00
1.899531364440917969e+00
4.916171073913574219e+00
3.074593544006347656e+00
2.126105308532714844e+00
1.989428520202636719e+00
1.319955348968505859e+00
2.688238143920898438e+00
2.008841037750244141e+00
1.626276135444641113e+00
2.825364828109741211e+00
1.841759920120239258e+00
2.179399728775024414e+00
2.460469007492065430e+00
2.460527181625366211e+00
5.672941207885742188e+00
1.998916864395141602e+00
2.262388706207275391e+00
2.637005805969238281e+00
1.993356108665466309e+00
1.196278810501098633e+00
2.839719533920288086e+00
2.421779632568359375e+00
2.674719095230102539e+00
1.961090445518493652e+00
2.177156209945678711e+00
2.105104446411132812e+00
1.554233074188232422e+00
2.274613142013549805e+00
2.228607177734375000e+00
1.395249128341674805e+00
1.765822052955627441e+00
1.635079860687255859e+00
2.186443090438842773e+00
2.581640243530273438e+00
1.195677638053894043e+00
2.706260204315185547e+00
2.398001909255981445e+00
2.323319435119628906e+00
2.395498752593994141e+00
1.994501233100891113e+00
2.244845151901245117e+00
2.698945045471191406e+00
2.527339220046997070e+00
2.512864828109741211e+00
1.878952026367187500e+00
3.703863620758056641e+00
3.006444454193115234e+00
2.409370183944702148e+00
2.190538883209228516e+00
2.151507377624511719e+00
2.706128597259521484e+00
1.709992408752441406e+00
1.675877928733825684e+00
1.675422430038452148e+00
2.149185657501220703e+00
2.422856569290161133e+00
2.231858491897583008e+00
2.140040874481201172e+00
1.852927446365356445e+00
1.697682380676269531e+00
2.715974330902099609e+00
1.292176961898803711e+00
1.478243350982666016e+00
3.979010105133056641e+00
4.101406097412109375e+00
2.368272542953491211e+00
1.745891571044921875e+00
1.792460441589355469e+00
5.786809921264648438e+00
2.399539232254028320e+00
2.232423782348632812e+00
1.919313788414001465e+00
2.311473369598388672e+00
2.145521163940429688e+00
2.400635242462158203e+00
1.554543495178222656e+00
2.346391439437866211e+00
1.920308828353881836e+00
1.967743992805480957e+00
1.321900129318237305e+00
4.091582298278808594e+00
2.567521095275878906e+00
1.787670612335205078e+00
2.396797180175781250e+00
4.894054412841796875e+00
1.085827589035034180e+00
2.236364364624023438e+00
1.647957563400268555e+00
1.695979833602905273e+00
5.082788467407226562e+00
2.221114635467529297e+00
2.338397026062011719e+00
2.259217500686645508e+00
3.977157354354858398e+00
2.454462766647338867e+00
1.754044294357299805e+00
4.995697021484375000e+00
1.622715473175048828e+00
2.105316638946533203e+00
2.364024639129638672e+00
1.530412912368774414e+00
1.524327516555786133e+00
1.894253373146057129e+00
2.368872642517089844e+00
1.135653138160705566e+00
1.861133217811584473e+00
2.281541109085083008e+00
3.845052242279052734e+00
2.869290590286254883e+00
3.842956066131591797e+00
1.453588724136352539e+00
1.402602553367614746e+00
1.438997387886047363e+00
5.039174079895019531e+00
2.154275417327880859e+00
2.194273471832275391e+00
2.035394191741943359e+00
1.614948868751525879e+00
2.421598672866821289e+00
1.777332782745361328e+00
1.597647547721862793e+00
2.894144296646118164e+00
2.136066675186157227e+00
1.625385522842407227e+00
1.959839940071105957e+00
4.301369667053222656e+00
1.398040771484375000e+00
1.679732441902160645e+00
1.942386388778686523e+00
2.070352077484130859e+00
1.397590160369873047e+00
1.235476374626159668e+00
1.611998796463012695e+00
2.895602226257324219e+00
1.871555566787719727e+00
2.075887680053710938e+00
2.071448087692260742e+00
2.406163692474365234e+00
2.742042541503906250e+00
1.946994185447692871e+00
1.251920819282531738e+00
1.325228452682495117e+00
2.035665750503540039e+00
2.358733177185058594e+00
2.003560066223144531e+00
2.129958152770996094e+00
4.687005996704101562e+00
1.466000080108642578e+00
2.240323305130004883e+00
2.339298009872436523e+00
2.176431655883789062e+00
5.130248069763183594e+00
1.553083300590515137e+00
2.242576599121093750e+00
1.952004194259643555e+00
1.223927021026611328e+00
2.212532281875610352e+00
2.468034744262695312e+00
2.704682826995849609e+00
5.104557037353515625e+00
2.224500656127929688e+00
1.639461278915405273e+00
2.290279150009155273e+00
2.076881647109985352e+00
2.602513313293457031e+00
1.206341981887817383e+00
2.291778326034545898e+00
4.983220100402832031e+00
2.138234376907348633e+00
2.448855876922607422e+00
1.354252815246582031e+00
2.169307470321655273e+00
2.200950622558593750e+00
2.127255678176879883e+00
1.914591312408447266e+00
1.793988227844238281e+00
1.822229146957397461e+00
1.411149740219116211e+00
1.820568799972534180e+00
2.492724895477294922e+00
1.535105586051940918e+00
2.725823163986206055e+00
2.050113677978515625e+00
2.838099241256713867e+00
2.757333755493164062e+00
2.371341228485107422e+00
1.921937942504882812e+00
1.896541476249694824e+00
2.300592899322509766e+00
1.946612000465393066e+00
1.739038586616516113e+00
1.889287114143371582e+00
1.946620106697082520e+00
2.102535724639892578e+00
2.687624931335449219e+00
1.268327951431274414e+00
2.074434757232666016e+00
1.917158722877502441e+00
1.567898035049438477e+00
2.293172836303710938e+00
1.738702774047851562e+00
1.801998019218444824e+00
1.786222457885742188e+00
3.745911359786987305e+00
2.106465101242065430e+00
1.842748880386352539e+00
1.921801924705505371e+00
1.822342157363891602e+00
3.491880655288696289e+00
1.751489400863647461e+00
2.026278018951416016e+00
1.708649158477783203e+00
1.941008329391479492e+00
1.622336626052856445e+00
2.002998113632202148e+00
1.937879800796508789e+00
2.142302036285400391e+00
1.931599020957946777e+00
2.501797676086425781e+00
1.980815887451171875e+00
2.429376125335693359e+00
2.833725690841674805e+00
2.292648553848266602e+00
1.486250877380371094e+00
2.023285150527954102e+00
3.155684947967529297e+00
1.459988832473754883e+00
4.212149620056152344e+00
1.566119909286499023e+00
3.849850654602050781e+00
2.389626979827880859e+00
1.173669099807739258e+00
1.785797715187072754e+00
3.305968284606933594e+00
1.826044201850891113e+00
1.535251379013061523e+00
1.174130201339721680e+00
1.213960647583007812e+00
1.417418599128723145e+00
2.730288028717041016e+00
1.952613592147827148e+00
2.277224063873291016e+00
2.565497159957885742e+00
2.128038406372070312e+00
1.799202442169189453e+00
1.631784915924072266e+00
2.204368829727172852e+00
2.078789234161376953e+00
2.038597822189331055e+00
1.094040155410766602e+00
2.369709014892578125e+00
1.538608074188232422e+00
3.653810262680053711e+00
2.591679573059082031e+00
1.788275361061096191e+00
1.695578932762145996e+00
1.729287981986999512e+00
1.488086104393005371e+00
1.602372527122497559e+00
2.559111356735229492e+00
2.317480802536010742e+00
2.402144432067871094e+00
1.714564561843872070e+00
1.350512742996215820e+00
4.801712036132812500e+00
1.400900363922119141e+00
1.485930442810058594e+00
4.271577835083007812e+00
1.890457868576049805e+00
2.051159381866455078e+00
1.186412096023559570e+00
1.647893190383911133e+00
4.846931457519531250e+00
1.596483111381530762e+00
2.362385034561157227e+00
1.689579248428344727e+00
1.731800794601440430e+00
2.136707782745361328e+00
2.006597042083740234e+00
2.003468513488769531e+00
2.054465770721435547e+00
1.883195281028747559e+00
1.884843587875366211e+00
2.505805492401123047e+00
2.019862890243530273e+00
2.155470848083496094e+00
1.582518815994262695e+00
1.649280786514282227e+00
9.634143114089965820e-01
1.837190628051757812e+00
1.527040481567382812e+00
1.849172115325927734e+00
1.319759845733642578e+00
1.804347276687622070e+00
1.347343683242797852e+00
1.970370650291442871e+00
2.606785774230957031e+00
1.908368110656738281e+00
2.069617271423339844e+00
2.262141942977905273e+00
2.157190799713134766e+00
2.129512071609497070e+00
2.049983739852905273e+00
4.134105682373046875e+00
1.484841346740722656e+00
1.785007953643798828e+00
1.946403026580810547e+00
2.202953815460205078e+00
2.088111877441406250e+00
2.061825275421142578e+00
4.937700271606445312e+00
2.338342189788818359e+00
1.700976252555847168e+00
4.589189529418945312e+00
1.743139982223510742e+00
2.239348888397216797e+00
1.351551294326782227e+00
1.930324316024780273e+00
1.794959306716918945e+00
1.972057819366455078e+00
2.541362762451171875e+00
2.456919193267822266e+00
2.304042577743530273e+00
3.516645669937133789e+00
2.235157251358032227e+00
1.271065235137939453e+00
2.807597637176513672e+00
1.100275158882141113e+00
4.154937744140625000e+00
1.352685451507568359e+00
1.312479019165039062e+00
2.290847778320312500e+00
1.775464057922363281e+00
1.325813055038452148e+00
1.431663036346435547e+00
1.567667961120605469e+00
1.142610549926757812e+00
1.357493519783020020e+00
2.161634206771850586e+00
1.233804821968078613e+00
1.791694879531860352e+00
2.172394752502441406e+00
1.508565425872802734e+00
1.399541139602661133e+00
4.691955566406250000e+00
1.680988192558288574e+00
1.399088263511657715e+00
1.625082731246948242e+00
1.899592757225036621e+00
1.883683681488037109e+00
2.022765636444091797e+00
1.519626259803771973e+00
1.568685770034790039e+00
2.328727722167968750e+00
1.778621792793273926e+00
1.942456483840942383e+00
2.117097377777099609e+00
1.177725672721862793e+00
1.180269718170166016e+00
1.186260700225830078e+00
1.522183179855346680e+00
2.193894147872924805e+00
2.923482418060302734e+00
1.191811323165893555e+00
2.520816802978515625e+00
2.720196962356567383e+00
1.330696821212768555e+00
3.801952838897705078e+00
2.556087017059326172e+00
1.653005003929138184e+00
1.150510311126708984e+00
1.198114752769470215e+00
3.050257682800292969e+00
1.159262895584106445e+00
1.452808141708374023e+00
1.235187292098999023e+00
1.991535305976867676e+00
1.671008586883544922e+00
1.937875509262084961e+00
2.457980155944824219e+00
2.239434242248535156e+00
1.221505880355834961e+00
4.856657981872558594e+00
1.561528682708740234e+00
2.128558397293090820e+00
1.846344709396362305e+00
2.164256095886230469e+00
1.980135798454284668e+00
1.337946653366088867e+00
1.969318151473999023e+00
2.080047607421875000e+00
2.465122222900390625e+00
2.184973955154418945e+00
2.135062217712402344e+00
2.228959798812866211e+00
1.847416162490844727e+00
1.374181985855102539e+00
1.588109254837036133e+00
1.778661489486694336e+00
1.809157609939575195e+00
1.851014614105224609e+00
2.511401653289794922e+00
1.358084917068481445e+00
4.038064002990722656e+00
4.176329612731933594e+00
1.428578376770019531e+00
2.022490739822387695e+00
1.375268220901489258e+00
2.049791812896728516e+00
1.775253772735595703e+00
2.477870702743530273e+00
1.650986075401306152e+00
2.258665561676025391e+00
2.040022850036621094e+00
1.435062885284423828e+00
4.242550849914550781e+00
2.211628437042236328e+00
2.448754549026489258e+00
1.459612607955932617e+00
1.282887458801269531e+00
2.391196727752685547e+00
1.115579962730407715e+00
1.171713590621948242e+00
1.689626455307006836e+00
1.567849397659301758e+00
1.605190992355346680e+00
1.253269195556640625e+00
1.660855293273925781e+00
2.139726161956787109e+00
2.225992202758789062e+00
2.142736434936523438e+00
1.773403882980346680e+00
1.568120121955871582e+00
2.204283475875854492e+00
2.229630947113037109e+00
1.575112342834472656e+00
1.844321727752685547e+00
1.924639582633972168e+00
1.552167773246765137e+00
1.576274037361145020e+00
1.781154155731201172e+00
1.654916763305664062e+00
1.230387091636657715e+00
1.985925674438476562e+00
2.015196561813354492e+00
2.832363605499267578e+00
2.017024040222167969e+00
1.342529773712158203e+00
1.392705440521240234e+00
1.192562818527221680e+00
1.445509552955627441e+00
2.184155464172363281e+00
2.112146377563476562e+00
1.588273525238037109e+00
3.781759738922119141e+00
1.920120239257812500e+00
8.477264642715454102e-01
1.834475040435791016e+00
1.856766819953918457e+00
1.131636023521423340e+00
1.152835130691528320e+00
1.953832149505615234e+00
1.209138154983520508e+00
2.037977218627929688e+00
2.097492218017578125e+00
1.734692931175231934e+00
4.250120162963867188e+00
3.248441696166992188e+00
1.163824439048767090e+00
1.678796768188476562e+00
1.566492676734924316e+00
1.112049460411071777e+00
2.243567943572998047e+00
1.792488813400268555e+00
1.916428685188293457e+00
1.782113194465637207e+00
4.314822196960449219e+00
1.860556364059448242e+00
1.842926859855651855e+00
1.506794929504394531e+00
1.430210828781127930e+00
1.403641343116760254e+00
1.764115810394287109e+00
1.950803041458129883e+00
2.349981546401977539e+00
2.060111284255981445e+00
2.579218864440917969e+00
2.140564441680908203e+00
1.957147002220153809e+00
2.139521121978759766e+00
1.601406574249267578e+00
1.659902095794677734e+00
1.524387836456298828e+00
1.846890807151794434e+00
1.804613828659057617e+00
2.278903245925903320e+00
2.029487371444702148e+00
2.041215896606445312e+00
1.660684347152709961e+00
1.118314981460571289e+00
1.604036808013916016e+00
9.923257827758789062e-01
1.495537161827087402e+00
1.076946973800659180e+00
1.071221590042114258e+00
1.593330979347229004e+00
1.511673212051391602e+00
1.743213653564453125e+00
2.277888536453247070e+00
1.105016350746154785e+00
2.133975744247436523e+00
1.798479676246643066e+00
2.169287919998168945e+00
3.854473352432250977e+00
1.940132498741149902e+00
1.679908990859985352e+00
1.170000910758972168e+00
1.529921531677246094e+00
1.417534589767456055e+00
3.159552097320556641e+00
1.385022521018981934e+00
4.446281433105468750e+00
1.112686395645141602e+00
1.955182671546936035e+00
1.363465070724487305e+00
1.697475671768188477e+00
1.050520420074462891e+00
1.626556873321533203e+00
4.254807472229003906e+00
1.456784009933471680e+00
2.531729459762573242e+00
1.230903029441833496e+00
1.967674970626831055e+00
1.794101119041442871e+00
1.236008286476135254e+00
4.071038246154785156e+00
1.345727443695068359e+00
1.486056447029113770e+00
1.849875211715698242e+00
1.418112993240356445e+00
1.638768911361694336e+00
1.396969437599182129e+00
1.151296854019165039e+00
1.812640905380249023e+00
1.286515235900878906e+00
1.803215980529785156e+00
2.080703496932983398e+00
2.098107814788818359e+00
9.974077939987182617e-01
4.468734741210937500e+00
1.394967317581176758e+00
3.183886051177978516e+00
1.852197647094726562e+00
4.533073902130126953e+00
1.836771965026855469e+00
1.754628658294677734e+00
2.227893352508544922e+00
1.770392894744873047e+00
2.570269584655761719e+00
1.601386666297912598e+00
1.924058318138122559e+00
1.794004321098327637e+00
1.740995883941650391e+00
2.189808845520019531e+00
2.668531894683837891e+00
1.920034885406494141e+00
9.940229654312133789e-01
3.033639430999755859e+00
1.635876655578613281e+00
1.927104949951171875e+00
1.742516517639160156e+00
1.924082994461059570e+00
1.034196138381958008e+00
1.435484886169433594e+00
1.669238328933715820e+00
3.288965702056884766e+00
2.072954177856445312e+00
2.041868686676025391e+00
3.276532173156738281e+00
1.492047786712646484e+00
1.735568642616271973e+00
1.597640037536621094e+00
3.383781433105468750e+00
1.516479492187500000e+00
1.519620537757873535e+00
1.071237802505493164e+00
1.945803642272949219e+00
1.625573039054870605e+00
1.323644161224365234e+00
4.138602733612060547e+00
1.640799164772033691e+00
2.103421688079833984e+00
1.717937350273132324e+00
1.262575864791870117e+00
1.120636105537414551e+00
1.520868301391601562e+00
2.210169553756713867e+00
1.402668237686157227e+00
1.383262991905212402e+00
1.948114156723022461e+00
3.201377153396606445e+00
2.099557399749755859e+00
2.020075321197509766e+00
2.713947772979736328e+00
1.328905224800109863e+00
1.480061650276184082e+00
1.513716578483581543e+00
2.123042821884155273e+00
1.923384547233581543e+00
2.851312398910522461e+00
1.326088309288024902e+00
1.958782911300659180e+00
1.843651294708251953e+00
2.121342420578002930e+00
1.494684219360351562e+00
1.981951832771301270e+00
2.641236782073974609e+00
1.924922585487365723e+00
1.394510746002197266e+00
2.710247993469238281e+00
3.890145301818847656e+00
1.519856691360473633e+00
2.888685703277587891e+00
1.559585332870483398e+00
1.953979492187500000e+00
1.657441139221191406e+00
1.604319691658020020e+00
1.046696662902832031e+00
8.449411392211914062e-01
1.727624535560607910e+00
1.872578859329223633e+00
1.652232408523559570e+00
1.715639233589172363e+00
1.398333072662353516e+00
1.521453022956848145e+00
1.764130115509033203e+00
1.968723654747009277e+00
2.090615272521972656e+00
1.987775087356567383e+00
1.811599731445312500e+00
9.239721298217773438e-01
1.715978264808654785e+00
1.228016257286071777e+00
1.739324569702148438e+00
9.713074564933776855e-01
1.678403615951538086e+00
2.495954513549804688e+00
1.057564735412597656e+00
4.112760543823242188e+00
2.502400875091552734e+00
3.848655700683593750e+00
2.013422489166259766e+00
1.587815642356872559e+00
3.099581480026245117e+00
1.196430683135986328e+00
2.421260833740234375e+00
1.771142959594726562e+00
1.955374479293823242e+00
1.126030683517456055e+00
1.573266744613647461e+00
1.326200962066650391e+00
1.418673038482666016e+00
1.171299099922180176e+00
2.056426048278808594e+00
1.192636251449584961e+00
1.112734317779541016e+00
1.805468797683715820e+00
2.183547735214233398e+00
1.365563392639160156e+00
1.786545991897583008e+00
1.584625601768493652e+00
1.666115522384643555e+00
1.430323719978332520e+00
1.111166477203369141e+00
1.756399989128112793e+00
1.666324734687805176e+00
1.819503068923950195e+00
1.484631419181823730e+00
1.850799560546875000e+00
1.367034077644348145e+00
1.755216240882873535e+00
3.782870769500732422e+00
1.701542615890502930e+00
1.893105983734130859e+00
1.698488116264343262e+00
1.696299552917480469e+00
1.444028735160827637e+00
1.438326358795166016e+00
2.277559041976928711e+00
3.815090417861938477e+00
1.948304653167724609e+00
1.096027851104736328e+00
1.774004578590393066e+00
1.013500690460205078e+00
1.165005683898925781e+00
1.362253904342651367e+00
1.741222143173217773e+00
1.321587562561035156e+00
9.776930212974548340e-01
4.195789337158203125e+00
1.013797521591186523e+00
1.671546101570129395e+00
1.776800990104675293e+00
1.163698911666870117e+00
1.638009071350097656e+00
4.356990814208984375e+00
2.434824943542480469e+00
2.216683387756347656e+00
1.342926025390625000e+00
1.178177118301391602e+00
1.905472517013549805e+00
4.155842781066894531e+00
3.905397891998291016e+00
1.423292756080627441e+00
1.483338594436645508e+00
1.586833715438842773e+00
1.793141365051269531e+00
9.592316746711730957e-01
2.047686338424682617e+00
2.467331886291503906e+00
1.717690229415893555e+00
1.555676460266113281e+00
3.946185111999511719e+00
3.769629240036010742e+00
1.687500000000000000e+00
1.498000860214233398e+00
1.450249552726745605e+00
1.848216295242309570e+00
1.933025956153869629e+00
1.164534568786621094e+00
3.965487480163574219e+00
1.466699600219726562e+00
1.630302667617797852e+00
1.725164651870727539e+00
3.258151531219482422e+00
1.604098558425903320e+00
1.584335207939147949e+00
1.625088453292846680e+00
1.172206282615661621e+00
2.501650810241699219e+00
1.573791623115539551e+00
1.473177194595336914e+00
1.153264522552490234e+00
2.281992435455322266e+00
9.386838078498840332e-01
1.655805706977844238e+00
1.776295900344848633e+00
1.772331476211547852e+00
2.066774368286132812e+00
1.580026984214782715e+00
1.551705121994018555e+00
1.246144056320190430e+00
1.717166543006896973e+00
2.011337280273437500e+00
1.860017061233520508e+00
1.432011365890502930e+00
1.626770019531250000e+00
2.296199321746826172e+00
1.514356613159179688e+00
1.736475467681884766e+00
1.562862992286682129e+00
1.804540395736694336e+00
1.527017712593078613e+00
9.079969525337219238e-01
1.368617177009582520e+00
1.227191448211669922e+00
1.148050785064697266e+00
1.163437366485595703e+00
3.599033832550048828e+00
1.476850390434265137e+00
3.935446739196777344e+00
1.152597784996032715e+00
3.848855733871459961e+00
1.823472380638122559e+00
1.655670166015625000e+00
1.952115774154663086e+00
2.676863193511962891e+00
1.924475312232971191e+00
1.724321365356445312e+00
3.187138080596923828e+00
2.162065505981445312e+00
9.483219385147094727e-01
1.841753363609313965e+00
2.873642921447753906e+00
1.081979513168334961e+00
1.076737284660339355e+00
1.625158905982971191e+00
3.471706628799438477e+00
9.129792451858520508e-01
1.832483053207397461e+00
2.150240182876586914e+00
1.535136222839355469e+00
1.636858820915222168e+00
1.921932220458984375e+00
2.873296737670898438e+00
9.842037558555603027e-01
1.792563438415527344e+00
1.717568278312683105e+00
2.249167442321777344e+00
1.211650371551513672e+00
3.425589561462402344e+00
1.794317841529846191e+00
2.559963226318359375e+00
3.156328678131103516e+00
3.387328147888183594e+00
1.460810661315917969e+00
1.850748062133789062e+00
1.608124732971191406e+00
