2.810308709740638733e-02
1.891054511070251465e-01
3.125305473804473877e-02
4.565490409731864929e-02
2.403890341520309448e-02
2.640482783317565918e-02
2.641416154801845551e-02
6.058743968605995178e-02
6.230474263429641724e-02
3.141466900706291199e-02
2.940361760556697845e-02
5.369469523429870605e-02
3.658369928598403931e-02
3.396021202206611633e-02
6.061739474534988403e-02
6.009400635957717896e-02
4.250248894095420837e-02
4.653921723365783691e-02
6.478363275527954102e-02
5.258795619010925293e-02
4.358254373073577881e-02
6.713748723268508911e-02
2.028207108378410339e-02
8.175452798604965210e-02
3.795779496431350708e-02
5.898178368806838989e-02
5.830904096364974976e-02
5.055782198905944824e-02
5.398466438055038452e-02
5.180715769529342651e-02
4.854798316955566406e-02
1.394024342298507690e-01
1.255205720663070679e-01
6.585811078548431396e-02
6.442125141620635986e-02
2.761729434132575989e-02
8.319368958473205566e-02
6.711973249912261963e-02
8.690997213125228882e-02
4.652187600731849670e-02
4.140530526638031006e-02
1.377186924219131470e-01
6.897129118442535400e-02
6.808528304100036621e-02
2.817871235311031342e-02
3.734337911009788513e-02
4.049737006425857544e-02
5.391710251569747925e-02
2.031682133674621582e-01
6.814585626125335693e-02
8.707231283187866211e-02
5.250254273414611816e-02
6.990224868059158325e-02
9.070766717195510864e-02
5.998969078063964844e-02
9.925131499767303467e-02
6.470537930727005005e-02
6.802782416343688965e-02
5.025868862867355347e-02
7.844664156436920166e-02
5.002022162079811096e-02
8.923828601837158203e-02
5.525617301464080811e-02
2.635665610432624817e-02
4.162590578198432922e-02
7.697557657957077026e-02
5.189849436283111572e-02
3.825991600751876831e-02
4.675794392824172974e-02
4.065824300050735474e-02
3.765578567981719971e-02
3.744868561625480652e-02
7.649859040975570679e-02
7.912588119506835938e-02
7.266755402088165283e-02
5.582384020090103149e-02
4.638066142797470093e-02
2.408086135983467102e-02
1.116548776626586914e-01
6.589767336845397949e-02
4.255206137895584106e-02
4.446696862578392029e-02
4.526371508836746216e-02
9.697590768337249756e-02
8.044195175170898438e-02
3.056807070970535278e-02
5.995963141322135925e-02
4.983491450548171997e-02
2.842281013727188110e-02
6.805481761693954468e-02
7.530525326728820801e-02
1.093210205435752869e-01
5.394890531897544861e-02
5.516187846660614014e-02
2.051311358809471130e-02
3.772581741213798523e-02
5.798574537038803101e-02
5.758581310510635376e-02
9.815042465925216675e-02
4.231950640678405762e-02
3.947081416845321655e-02
3.376534208655357361e-02
2.344729937613010406e-02
5.715047940611839294e-02
6.948175281286239624e-02
6.011814624071121216e-02
2.465843409299850464e-02
5.698401108384132385e-02
1.590003445744514465e-02
4.712332040071487427e-02
4.953183233737945557e-02
7.704260200262069702e-02
3.043068945407867432e-02
2.594511210918426514e-02
3.408879041671752930e-02
5.468847975134849548e-02
3.020500764250755310e-02
1.809788495302200317e-01
2.404628880321979523e-02
5.448057129979133606e-02
2.968586236238479614e-02
1.296928226947784424e-01
2.286824956536293030e-02
4.162488132715225220e-02
7.427615672349929810e-02
6.404829025268554688e-02
8.788476884365081787e-02
3.823382407426834106e-02
4.652164131402969360e-02
9.070117771625518799e-02
1.955856755375862122e-02
7.963004708290100098e-02
2.457452192902565002e-02
4.722817987203598022e-02
4.028286412358283997e-02
1.818692870438098907e-02
5.646762996912002563e-02
8.523148298263549805e-02
4.172124341130256653e-02
2.634877152740955353e-02
3.285220637917518616e-02
2.773388847708702087e-02
7.548173516988754272e-02
2.754751034080982208e-02
5.824978649616241455e-02
6.450453400611877441e-02
4.936275631189346313e-02
5.124843865633010864e-02
6.561011075973510742e-02
3.818431496620178223e-02
4.740796610713005066e-02
5.388239026069641113e-02
3.545194864273071289e-02
5.493197590112686157e-02
3.303539752960205078e-02
5.736726522445678711e-02
6.071881577372550964e-02
5.469093471765518188e-02
1.289991885423660278e-01
7.795721292495727539e-02
6.068982183933258057e-02
4.180364310741424561e-02
5.264220386743545532e-02
4.808409139513969421e-02
7.537336647510528564e-02
8.457151055335998535e-02
2.803589031100273132e-02
1.056895256042480469e-01
8.796220272779464722e-02
2.842549979686737061e-02
3.813729435205459595e-02
5.319691821932792664e-02
5.854111909866333008e-02
5.679310858249664307e-02
4.774346947669982910e-02
7.202064990997314453e-02
4.730986058712005615e-02
7.073242962360382080e-02
3.722724318504333496e-02
2.816519886255264282e-02
3.334708511829376221e-02
4.011253267526626587e-02
6.106070429086685181e-02
7.257796823978424072e-02
2.608659863471984863e-02
9.899162501096725464e-02
7.812769711017608643e-02
3.369457647204399109e-02
4.888459295034408569e-02
4.787403345108032227e-02
6.559897959232330322e-02
6.790789961814880371e-02
2.584300190210342407e-02
3.144228830933570862e-02
1.874010078608989716e-02
5.415950715541839600e-02
1.109608933329582214e-01
4.196036607027053833e-02
6.708159297704696655e-02
2.814032882452011108e-02
4.556334763765335083e-02
2.295745536684989929e-02
2.158546820282936096e-02
6.112007051706314087e-02
2.291217260062694550e-02
2.805969491600990295e-02
2.681744098663330078e-02
5.774324387311935425e-02
8.421327173709869385e-02
2.569147571921348572e-02
7.762186974287033081e-02
7.234967499971389771e-02
6.686069071292877197e-02
3.423818200826644897e-02
2.698492631316184998e-02
4.770930483937263489e-02
1.670576073229312897e-02
3.280645608901977539e-02
5.175397545099258423e-02
3.186338767409324646e-02
5.341269448399543762e-02
5.655945837497711182e-02
4.345094412565231323e-02
3.522619232535362244e-02
6.114012748003005981e-02
2.118003554642200470e-02
2.279700338840484619e-02
2.298820763826370239e-02
6.488458812236785889e-02
6.757868826389312744e-02
6.145314127206802368e-02
4.203785210847854614e-02
3.691821545362472534e-02
8.032365888357162476e-02
4.071857035160064697e-02
7.119496166706085205e-02
5.663911998271942139e-02
6.800066679716110229e-02
1.103709489107131958e-01
4.400967061519622803e-02
5.707997083663940430e-02
2.120275795459747314e-02
2.131389267742633820e-02
6.448411941528320312e-02
4.873901978135108948e-02
4.172998294234275818e-02
5.673755705356597900e-02
2.345226705074310303e-02
1.032581850886344910e-01
2.357410266995429993e-02
5.338440090417861938e-02
2.930273860692977905e-02
3.810762614011764526e-02
1.212005168199539185e-01
6.155243888497352600e-02
5.669317767024040222e-02
6.716717034578323364e-02
3.117506764829158783e-02
2.692524343729019165e-02
5.574265494942665100e-02
9.276933968067169189e-02
4.167894273996353149e-02
5.456653237342834473e-02
6.376239657402038574e-02
8.508791029453277588e-02
4.586287587881088257e-02
5.597848445177078247e-02
4.830856621265411377e-02
1.159692406654357910e-01
2.535205334424972534e-02
6.862480938434600830e-02
1.218893304467201233e-01
3.723036125302314758e-02
5.836894363164901733e-02
6.041352450847625732e-02
3.456939011812210083e-02
5.889737606048583984e-02
4.582777991890907288e-02
6.092624366283416748e-02
5.389323085546493530e-02
4.919436573982238770e-02
4.567169398069381714e-02
4.669947177171707153e-02
2.306780219078063965e-02
2.791836671531200409e-02
5.695712566375732422e-02
7.177992165088653564e-02
7.881003618240356445e-02
1.308791339397430420e-01
5.104616284370422363e-02
1.190731301903724670e-01
2.450291812419891357e-02
3.569460287690162659e-02
4.480541869997978210e-02
6.822645664215087891e-02
2.832430973649024963e-02
5.022340640425682068e-02
4.908514767885208130e-02
5.905197933316230774e-02
5.678887292742729187e-02
6.093997508287429810e-02
9.263976663351058960e-02
9.158815443515777588e-02
8.558426797389984131e-02
4.688367992639541626e-02
2.681759931147098541e-02
1.206333935260772705e-01
2.656957507133483887e-02
5.508174002170562744e-02
1.291807889938354492e-01
4.245541989803314209e-02
5.003026500344276428e-02
7.486281543970108032e-02
1.062922254204750061e-01
4.338272288441658020e-02
7.483087480068206787e-02
3.754375129938125610e-02
5.067477002739906311e-02
3.048162907361984253e-02
7.920357584953308105e-02
1.326399445533752441e-01
4.153181612491607666e-02
5.936092883348464966e-02
7.735042273998260498e-02
3.964089602231979370e-02
3.155645728111267090e-02
5.976307392120361328e-02
1.185745745897293091e-01
2.686931192874908447e-02
6.396925449371337891e-02
4.271214455366134644e-02
7.228355109691619873e-02
6.519344449043273926e-02
4.825630411505699158e-02
3.431539610028266907e-02
4.851589351892471313e-02
2.647214382886886597e-02
4.522636532783508301e-02
2.120081149041652679e-02
9.078788012266159058e-02
4.947863519191741943e-02
4.418105632066726685e-02
6.110670045018196106e-02
2.741672098636627197e-02
5.083705112338066101e-02
1.562293171882629395e-01
6.556147336959838867e-02
2.969796955585479736e-02
2.165009267628192902e-02
7.141841202974319458e-02
4.538649320602416992e-02
5.937935411930084229e-02
2.676583081483840942e-02
2.737574651837348938e-02
5.017172172665596008e-02
8.133873343467712402e-02
2.651279792189598083e-02
5.613639950752258301e-02
9.006293863058090210e-02
3.888064995408058167e-02
4.851937666535377502e-02
4.532871395349502563e-02
2.877000533044338226e-02
4.999411851167678833e-02
2.413535714149475098e-01
6.932593882083892822e-02
6.390342861413955688e-02
5.089518427848815918e-02
5.822505801916122437e-02
4.874809086322784424e-02
6.397846341133117676e-02
3.146149590611457825e-02
3.323855251073837280e-02
3.877006471157073975e-02
1.654876768589019775e-01
6.030917167663574219e-02
5.063150078058242798e-02
5.144869536161422729e-02
8.660621941089630127e-02
7.722718268632888794e-02
4.840860143303871155e-02
7.825037091970443726e-02
3.064692579209804535e-02
6.550952792167663574e-02
6.220851093530654907e-02
2.548710070550441742e-02
2.915902063250541687e-02
2.686445042490959167e-02
5.330123752355575562e-02
7.743632793426513672e-02
2.765136770904064178e-02
2.173751406371593475e-02
2.326480858027935028e-02
3.073586151003837585e-02
4.943297430872917175e-02
1.145701855421066284e-01
2.498787268996238708e-02
1.545033454895019531e-01
8.933257311582565308e-02
3.784172236919403076e-02
2.296954952180385590e-02
5.577634647488594055e-02
2.413428388535976410e-02
5.703246220946311951e-02
3.747038170695304871e-02
2.338930033147335052e-02
1.158415675163269043e-01
5.249376967549324036e-02
5.144631117582321167e-02
8.447895944118499756e-02
3.205830976366996765e-02
3.308031708002090454e-02
1.243106648325920105e-01
5.135309696197509766e-02
9.700778871774673462e-02
9.871849417686462402e-02
5.266592651605606079e-02
7.579809427261352539e-02
6.718483567237854004e-02
4.300309345126152039e-02
4.531852155923843384e-02
2.291371300816535950e-02
2.008497342467308044e-02
2.245507389307022095e-02
6.335549056529998779e-02
5.787744745612144470e-02
2.355603314936161041e-02
2.515298128128051758e-02
5.807860940694808960e-02
9.532609581947326660e-02
2.058897539973258972e-02
5.615105852484703064e-02
3.409242630004882812e-02
2.145632170140743256e-02
2.736768871545791626e-02
5.355597287416458130e-02
2.709259651601314545e-02
2.314608544111251831e-02
2.606654912233352661e-02
5.077344179153442383e-02
6.535691022872924805e-02
5.519137158989906311e-02
5.125232785940170288e-02
2.939468435943126678e-02
3.069481253623962402e-02
4.948353767395019531e-02
2.440127730369567871e-02
2.158794924616813660e-02
4.483203217387199402e-02
4.228873550891876221e-02
2.168064005672931671e-02
6.283408403396606445e-02
2.751107327640056610e-02
7.194183766841888428e-02
5.633351951837539673e-02
9.044130146503448486e-02
1.946726441383361816e-02
2.101285383105278015e-02
2.581354975700378418e-02
6.394904851913452148e-02
9.665976464748382568e-02
6.540840864181518555e-02
2.897824533283710480e-02
3.715287521481513977e-02
2.942899800837039948e-02
5.920371040701866150e-02
4.959451407194137573e-02
4.287269711494445801e-02
4.014917463064193726e-02
5.884329974651336670e-02
5.512519925832748413e-02
6.675387918949127197e-02
2.440603449940681458e-02
7.256338745355606079e-02
4.446196928620338440e-02
2.253265306353569031e-02
2.730805613100528717e-02
3.807849436998367310e-02
1.246626451611518860e-01
4.624627530574798584e-02
4.577786102890968323e-02
2.874137833714485168e-02
5.616741999983787537e-02
4.571702331304550171e-02
1.005739122629165649e-01
6.994844228029251099e-02
6.374096870422363281e-02
4.105809703469276428e-02
2.084393240511417389e-02
2.972864918410778046e-02
3.382566571235656738e-02
5.381955206394195557e-02
5.445772409439086914e-02
6.423941254615783691e-02
4.093322157859802246e-02
5.056886002421379089e-02
4.807672649621963501e-02
4.561597481369972229e-02
3.108789771795272827e-02
2.820296399295330048e-02
4.574345052242279053e-02
2.701210789382457733e-02
4.757611453533172607e-02
9.155900031328201294e-02
4.956936091184616089e-02
6.980733573436737061e-02
2.861114218831062317e-02
3.638491034507751465e-02
2.360701560974121094e-02
4.130326211452484131e-02
2.523788250982761383e-02
2.469079010188579559e-02
2.366333082318305969e-02
2.468170225620269775e-02
7.531170547008514404e-02
4.533798620104789734e-02
7.165459543466567993e-02
5.419303849339485168e-02
5.801896378397941589e-02
3.247211128473281860e-02
3.550105914473533630e-02
2.674018591642379761e-02
3.830552101135253906e-02
6.181500107049942017e-02
2.477816864848136902e-02
1.747249253094196320e-02
3.840063884854316711e-02
8.558303117752075195e-02
6.369481235742568970e-02
1.743386387825012207e-01
4.917417466640472412e-02
3.658506274223327637e-02
6.618666648864746094e-02
5.194956064224243164e-02
2.241702191531658173e-02
5.709212273359298706e-02
5.679774284362792969e-02
4.343252629041671753e-02
8.760374784469604492e-02
2.736942097544670105e-02
5.559502169489860535e-02
6.606294959783554077e-02
3.649062290787696838e-02
7.828716933727264404e-02
3.825945407152175903e-02
4.362408071756362915e-02
2.757016010582447052e-02
4.180140420794487000e-02
4.898615553975105286e-02
9.790092706680297852e-02
2.269525229930877686e-01
4.995109885931015015e-02
4.467934370040893555e-02
2.908743917942047119e-02
2.429492026567459106e-02
1.972254514694213867e-01
5.307000502943992615e-02
2.394883707165718079e-02
5.263261869549751282e-02
4.467147216200828552e-02
3.747661411762237549e-02
6.027687340974807739e-02
5.258752778172492981e-02
8.350782096385955811e-02
5.672146379947662354e-02
5.025642365217208862e-02
3.100167959928512573e-02
3.053186461329460144e-02
6.222561001777648926e-02
3.202072903513908386e-02
3.094723261892795563e-02
4.444848001003265381e-02
2.184978500008583069e-02
1.015371978282928467e-01
3.213354572653770447e-02
6.387824565172195435e-02
4.921187832951545715e-02
6.113389134407043457e-02
2.507482841610908508e-02
3.871756047010421753e-02
3.001331910490989685e-02
3.177748247981071472e-02
2.552331984043121338e-02
1.297271251678466797e-01
1.257671415805816650e-01
2.906833961606025696e-02
3.172984719276428223e-02
6.273661553859710693e-02
6.929384171962738037e-02
5.373169481754302979e-02
3.291938826441764832e-02
1.773853227496147156e-02
5.325855314731597900e-02
2.704085037112236023e-02
1.328383684158325195e-01
4.689351841807365417e-02
3.370354324579238892e-02
2.958686649799346924e-02
1.200666874647140503e-01
1.229181587696075439e-01
4.062138497829437256e-02
3.519093990325927734e-02
1.216358393430709839e-01
4.200731217861175537e-02
6.514376401901245117e-02
1.819928735494613647e-02
2.382206171751022339e-02
8.013664931058883667e-02
2.156078815460205078e-02
3.579427301883697510e-02
6.143238767981529236e-02
1.148827970027923584e-01
3.195295482873916626e-02
7.362585514783859253e-02
2.930808253586292267e-02
2.991374209523200989e-02
5.017865449190139771e-02
5.242757499217987061e-02
7.143532484769821167e-02
5.820580571889877319e-02
4.621771723031997681e-02
2.255318872630596161e-02
1.052021980285644531e-01
1.146591678261756897e-01
3.626608848571777344e-02
2.175352349877357483e-02
5.945029854774475098e-02
5.956531316041946411e-02
2.483859471976757050e-02
6.393598020076751709e-02
8.045846968889236450e-02
9.850865602493286133e-02
4.629335552453994751e-02
6.702688336372375488e-02
6.068495288491249084e-02
2.621728554368019104e-02
5.491121485829353333e-02
3.073724731802940369e-02
5.117341876029968262e-02
1.499592512845993042e-01
2.545953541994094849e-02
3.583076223731040955e-02
4.513322561979293823e-02
3.285917267203330994e-02
3.593012690544128418e-02
1.091808825731277466e-01
2.872560732066631317e-02
5.737544596195220947e-02
2.937218546867370605e-02
4.079979285597801208e-02
4.020263254642486572e-02
1.270982176065444946e-01
3.106964193284511566e-02
4.419925808906555176e-02
6.663925945758819580e-02
2.842677757143974304e-02
1.427771747112274170e-01
5.181349068880081177e-02
4.216758906841278076e-02
2.302444726228713989e-02
2.314058504998683929e-02
4.201577603816986084e-02
4.225751012563705444e-02
5.408154800534248352e-02
8.821966499090194702e-02
6.288596987724304199e-02
3.904985636472702026e-02
6.770704686641693115e-02
1.409777700901031494e-01
1.084403246641159058e-01
2.583692781627178192e-02
2.894931100308895111e-02
5.194954946637153625e-02
5.390692129731178284e-02
7.969306409358978271e-02
2.280544675886631012e-02
2.729958668351173401e-02
5.588439851999282837e-02
4.636085033416748047e-02
7.338166981935501099e-02
4.457014054059982300e-02
3.573346138000488281e-02
4.377102106809616089e-02
5.387794226408004761e-02
2.003864198923110962e-02
5.196123197674751282e-02
6.983447074890136719e-02
2.691188454627990723e-02
5.639739707112312317e-02
7.055278122425079346e-02
4.698870331048965454e-02
1.025653183460235596e-01
2.227978035807609558e-02
2.301724255084991455e-02
2.233031019568443298e-02
1.167132034897804260e-01
4.405459016561508179e-02
6.240744143724441528e-02
3.951626643538475037e-02
1.940806582570075989e-02
8.601375669240951538e-02
1.266777664422988892e-01
4.957123100757598877e-02
4.635111615061759949e-02
2.459350787103176117e-02
3.303868696093559265e-02
1.460684835910797119e-01
9.305387735366821289e-02
5.372933670878410339e-02
2.756703495979309082e-01
6.168863922357559204e-02
2.381468191742897034e-02
2.842752076685428619e-02
8.647713065147399902e-02
6.257031857967376709e-02
5.509170144796371460e-02
7.865143567323684692e-02
5.547209084033966064e-02
9.644600749015808105e-02
4.122157767415046692e-02
4.274701327085494995e-02
5.184500664472579956e-02
7.432766258716583252e-02
4.332833364605903625e-02
1.276671886444091797e-01
6.384147703647613525e-02
4.228478670120239258e-02
2.470934391021728516e-02
3.203027322888374329e-02
4.117611795663833618e-02
9.347154945135116577e-02
3.185047209262847900e-02
1.267525255680084229e-01
5.607121810317039490e-02
3.183402121067047119e-02
3.838829696178436279e-02
3.062438033521175385e-02
6.418479979038238525e-02
2.066874690353870392e-02
1.168815195560455322e-01
2.324199676513671875e-02
5.623859539628028870e-02
4.609205946326255798e-02
3.003146499395370483e-02
6.775110214948654175e-02
3.912308812141418457e-02
2.964266017079353333e-02
4.772065952420234680e-02
6.973944604396820068e-02
3.134726360440254211e-02
8.230157196521759033e-02
1.217219755053520203e-01
3.827054053544998169e-02
4.978464543819427490e-02
3.122792392969131470e-02
8.280600607395172119e-02
5.105058848857879639e-02
4.797592386603355408e-02
2.613209187984466553e-02
4.570225253701210022e-02
4.034055024385452271e-02
4.280839860439300537e-02
1.686803251504898071e-02
1.351666897535324097e-01
1.839138381183147430e-02
1.831187866628170013e-02
8.643789589405059814e-02
3.959885239601135254e-02
4.068783298134803772e-02
1.335884481668472290e-01
4.774276912212371826e-02
6.137858331203460693e-02
9.126971662044525146e-02
2.199024334549903870e-02
6.105325371026992798e-02
5.776667222380638123e-02
1.080015897750854492e-01
1.887268200516700745e-02
2.921124361455440521e-02
5.108767002820968628e-02
7.102456688880920410e-02
2.394780144095420837e-02
3.549931943416595459e-02
3.208696097135543823e-02
1.106271967291831970e-01
5.522019788622856140e-02
4.361904412508010864e-02
3.638407588005065918e-02
6.758801639080047607e-02
7.272118330001831055e-02
5.726777762174606323e-02
8.580704033374786377e-02
5.302682891488075256e-02
3.967899829149246216e-02
2.658218890428543091e-02
3.072774596512317657e-02
1.669581085443496704e-01
5.812276154756546021e-02
3.234876319766044617e-02
7.551434636116027832e-02
6.845028698444366455e-02
6.489033997058868408e-02
2.806368283927440643e-02
4.852239042520523071e-02
3.202077746391296387e-02
3.118737600743770599e-02
7.949426025152206421e-02
4.117866605520248413e-02
7.107334583997726440e-02
1.127690374851226807e-01
4.504116252064704895e-02
5.372749641537666321e-02
3.065189719200134277e-02
6.182364746928215027e-02
6.183906644582748413e-02
6.578505784273147583e-02
4.987267404794692993e-02
4.565837234258651733e-02
5.578232184052467346e-02
3.104307502508163452e-02
3.273534774780273438e-02
8.295734226703643799e-02
5.551763623952865601e-02
2.979826740920543671e-02
7.446722686290740967e-02
3.741575032472610474e-02
5.911939591169357300e-02
1.067327409982681274e-01
7.766278088092803955e-02
3.982969000935554504e-02
7.016596198081970215e-02
5.626829713582992554e-02
4.113873094320297241e-02
3.245907649397850037e-02
6.218869239091873169e-02
1.251253783702850342e-01
7.337905466556549072e-02
6.596608459949493408e-02
1.085895299911499023e-01
5.977531895041465759e-02
2.364300563931465149e-02
7.353547960519790649e-02
1.182720065116882324e-01
5.058953911066055298e-02
2.932878024876117706e-02
2.989922091364860535e-02
2.942513860762119293e-02
4.257318377494812012e-02
3.738907724618911743e-02
3.485588729381561279e-02
9.547320008277893066e-02
3.504766523838043213e-02
1.179287210106849670e-01
7.022309303283691406e-02
6.739544868469238281e-02
4.649555310606956482e-02
7.089042663574218750e-02
8.588793873786926270e-02
6.771798431873321533e-02
3.988837823271751404e-02
6.137065589427947998e-02
6.771544367074966431e-02
6.841126084327697754e-02
5.457998439669609070e-02
5.547421425580978394e-02
1.087651699781417847e-01
5.679140985012054443e-02
6.329479813575744629e-02
2.986869215965270996e-02
5.317864567041397095e-02
4.766318947076797485e-02
3.927651792764663696e-02
2.805367298424243927e-02
3.241353854537010193e-02
8.925607800483703613e-02
5.007623136043548584e-02
3.676869720220565796e-02
5.117823183536529541e-02
5.403780937194824219e-02
4.090759903192520142e-02
1.138936802744865417e-01
6.425453722476959229e-02
3.520509973168373108e-02
3.545130044221878052e-02
9.595684707164764404e-02
4.060672596096992493e-02
2.319795265793800354e-02
4.641028493642807007e-02
5.132038146257400513e-02
3.257385641336441040e-02
3.224311769008636475e-02
6.454888731241226196e-02
3.834561258554458618e-02
4.651827365159988403e-02
5.330714955925941467e-02
2.820148132741451263e-02
5.283420905470848083e-02
6.324243545532226562e-02
3.287170082330703735e-02
2.660089731216430664e-02
4.992632195353507996e-02
2.419514954090118408e-02
5.574723705649375916e-02
7.060660421848297119e-02
8.100408315658569336e-02
3.802423924207687378e-02
5.181693285703659058e-02
2.426741644740104675e-02
3.306531161069869995e-02
2.748097293078899384e-02
1.278214007616043091e-01
4.311292991042137146e-02
8.528972417116165161e-02
2.716070413589477539e-02
5.687759816646575928e-02
7.158945500850677490e-02
4.724506661295890808e-02
5.164832621812820435e-02
4.557318240404129028e-02
6.191110238432884216e-02
5.355589464306831360e-02
5.889957025647163391e-02
5.743209272623062134e-02
5.159568041563034058e-02
5.172254145145416260e-02
3.544383496046066284e-02
5.006071552634239197e-02
4.889407381415367126e-02
5.611120909452438354e-02
4.294677451252937317e-02
1.461065746843814850e-02
1.940513215959072113e-02
1.859208941459655762e-02
3.988544270396232605e-02
4.633930325508117676e-02
6.116836518049240112e-02
4.036233574151992798e-02
6.416593492031097412e-02
2.861405909061431885e-02
2.613768726587295532e-02
6.621488928794860840e-02
4.409073293209075928e-02
3.913936018943786621e-02
2.927121892571449280e-02
1.727816089987754822e-02
6.440001726150512695e-02
3.707969188690185547e-02
3.125470131635665894e-02
6.741648912429809570e-02
6.536744534969329834e-02
3.180486336350440979e-02
8.528363704681396484e-02
6.560922414064407349e-02
2.749348431825637817e-02
2.343682944774627686e-02
5.038037151098251343e-02
9.801449626684188843e-02
5.664448440074920654e-02
2.580536901950836182e-02
3.578725084662437439e-02
4.257729649543762207e-02
2.684571966528892517e-02
2.952887304127216339e-02
5.536476522684097290e-02
2.705428376793861389e-02
2.766370400786399841e-02
1.779474169015884399e-01
5.318111553788185120e-02
5.671241506934165955e-02
5.705523118376731873e-02
2.642778679728507996e-02
5.648827552795410156e-02
4.271270334720611572e-02
6.162025406956672668e-02
5.284497886896133423e-02
4.620290547609329224e-02
9.743285924196243286e-02
1.700165867805480957e-02
9.474737942218780518e-02
6.075555831193923950e-02
5.934794619679450989e-02
2.708918601274490356e-02
5.037272721529006958e-02
3.004979714751243591e-02
3.542730957269668579e-02
2.732604183256626129e-02
3.787353634834289551e-02
5.378978699445724487e-02
7.086304575204849243e-02
2.320777997374534607e-02
3.555554151535034180e-02
5.429279804229736328e-02
2.254881337285041809e-02
4.106841236352920532e-02
1.654547266662120819e-02
2.830759063363075256e-02
2.315855026245117188e-02
2.128391265869140625e-01
5.950773879885673523e-02
6.588061898946762085e-02
3.740223124623298645e-02
5.964004248380661011e-02
3.191504627466201782e-02
6.739996373653411865e-02
4.435723647475242615e-02
3.835862129926681519e-02
9.022079408168792725e-02
2.137802913784980774e-02
2.903555333614349365e-02
1.147668510675430298e-01
6.025218218564987183e-02
9.036667644977569580e-02
3.470556437969207764e-02
4.020059853792190552e-02
2.368520200252532959e-02
3.079206123948097229e-02
5.225577205419540405e-02
2.151897363364696503e-02
5.043387040495872498e-02
2.302523702383041382e-02
5.639541894197463989e-02
6.535159796476364136e-02
7.898052036762237549e-02
4.098650068044662476e-02
5.938086658716201782e-02
2.160942107439041138e-01
1.682892628014087677e-02
1.518333554267883301e-01
1.843254268169403076e-02
2.972857654094696045e-02
3.351883590221405029e-02
6.474310904741287231e-02
6.464845687150955200e-02
2.266380935907363892e-02
2.999075874686241150e-02
3.144541010260581970e-02
1.340195238590240479e-01
2.070968225598335266e-02
2.605668082833290100e-02
6.915450096130371094e-02
5.155573785305023193e-02
2.967916056513786316e-02
4.565251246094703674e-02
5.493007227778434753e-02
3.006356209516525269e-02
2.728989720344543457e-02
2.554349601268768311e-02
6.487523019313812256e-02
6.285244971513748169e-02
4.579096660017967224e-02
2.050697617232799530e-02
5.898401141166687012e-02
4.994536191225051880e-02
1.281215548515319824e-01
6.643865257501602173e-02
5.036888271570205688e-02
4.747436940670013428e-02
3.280452266335487366e-02
2.709870412945747375e-02
6.567625701427459717e-02
7.468510419130325317e-02
4.580090194940567017e-02
1.210525184869766235e-01
2.565106004476547241e-02
5.195569247007369995e-02
2.812686748802661896e-02
2.457950450479984283e-02
2.869571186602115631e-02
4.679754376411437988e-02
2.739016711711883545e-02
2.708593010902404785e-02
3.866275399923324585e-02
1.867928728461265564e-02
1.060549542307853699e-01
1.203905940055847168e-01
2.164838090538978577e-02
1.767723262310028076e-02
2.667396888136863708e-02
9.854353964328765869e-02
2.210191078484058380e-02
3.366314619779586792e-02
5.027109757065773010e-02
6.746181100606918335e-02
3.971014916896820068e-02
2.407714910805225372e-02
1.043471023440361023e-01
4.645258933305740356e-02
2.282434515655040741e-02
3.976864367723464966e-02
6.573619693517684937e-02
9.092000126838684082e-02
2.239219099283218384e-02
2.380036935210227966e-02
5.746100097894668579e-02
2.843340486288070679e-02
4.861240088939666748e-02
4.327171295881271362e-02
4.104776680469512939e-02
4.261900484561920166e-02
3.343158215284347534e-02
2.598983421921730042e-02
7.480822503566741943e-02
2.028638496994972229e-02
1.277232170104980469e-01
2.944561466574668884e-02
4.879800230264663696e-02
2.851505763828754425e-02
3.601051867008209229e-02
3.225123137235641479e-02
8.891128748655319214e-02
6.527426093816757202e-02
2.890835702419281006e-02
7.380380481481552124e-02
3.717933222651481628e-02
7.290951907634735107e-02
3.335095942020416260e-02
8.301524817943572998e-02
3.367941826581954956e-02
4.543658345937728882e-02
9.916876256465911865e-02
3.570404276251792908e-02
5.866620689630508423e-02
6.093077361583709717e-02
4.894550144672393799e-02
3.251221030950546265e-02
2.519471570849418640e-02
1.339171230792999268e-01
5.446828156709671021e-02
1.012719124555587769e-01
2.929907664656639099e-02
1.487442255020141602e-01
6.859479099512100220e-02
1.428429782390594482e-01
4.024297744035720825e-02
7.326426357030868530e-02
8.542437851428985596e-02
6.332955509424209595e-02
3.940455615520477295e-02
6.198193132877349854e-02
2.773350849747657776e-02
4.983282089233398438e-02
3.652670979499816895e-02
3.210849314928054810e-02
6.262307614088058472e-02
5.307829380035400391e-02
8.215118944644927979e-02
3.258772566914558411e-02
5.448894202709197998e-02
8.741760998964309692e-02
3.165585920214653015e-02
2.264014258980751038e-02
5.379154533147811890e-02
1.740274392068386078e-02
5.267424881458282471e-02
4.756616801023483276e-02
7.271099090576171875e-02
5.539796128869056702e-02
6.148142740130424500e-02
2.647856064140796661e-02
6.867325305938720703e-02
4.212365299463272095e-02
5.246150866150856018e-02
4.244319722056388855e-02
6.413696706295013428e-02
6.005754321813583374e-02
8.605234324932098389e-02
4.116559773683547974e-02
1.176376938819885254e-01
4.594658315181732178e-02
3.477386385202407837e-02
4.425275325775146484e-02
2.746103145182132721e-02
3.440215438604354858e-02
9.689403325319290161e-02
7.254185527563095093e-02
3.145580366253852844e-02
4.990234971046447754e-02
2.175156027078628540e-02
3.111818060278892517e-02
3.960853070020675659e-02
5.758465453982353210e-02
1.493372023105621338e-01
5.834790319204330444e-02
2.434100396931171417e-02
3.309370204806327820e-02
3.375918418169021606e-02
2.478908933699131012e-02
8.779916167259216309e-02
1.452654004096984863e-01
2.412304654717445374e-02
6.431615352630615234e-02
3.982660919427871704e-02
3.636124357581138611e-02
3.636147826910018921e-02
7.173038274049758911e-02
3.443677723407745361e-02
7.599823176860809326e-02
1.091076359152793884e-01
7.654204964637756348e-02
3.067896887660026550e-02
5.078694596886634827e-02
1.029274836182594299e-01
5.663288384675979614e-02
3.584199398756027222e-02
3.453700989484786987e-02
2.523802593350410461e-02
3.162275254726409912e-02
3.405581414699554443e-02
2.928495779633522034e-02
6.365184485912322998e-02
7.826133817434310913e-02
4.784183204174041748e-02
1.237789094448089600e-01
2.351413667201995850e-02
5.729132890701293945e-02
7.319442182779312134e-02
2.889323234558105469e-02
4.453586041927337646e-02
4.406953230500221252e-02
8.625215291976928711e-02
2.058038860559463501e-02
6.583999097347259521e-02
2.237824350595474243e-02
8.995808660984039307e-02
6.835600733757019043e-02
7.153759896755218506e-02
4.619296640157699585e-02
1.427011638879776001e-01
3.914505243301391602e-02
4.671613872051239014e-02
2.523691579699516296e-02
8.160061389207839966e-02
2.240816503763198853e-02
3.724139928817749023e-02
5.701752007007598877e-02
3.116248175501823425e-02
2.446880936622619629e-02
6.281729042530059814e-02
2.858491986989974976e-02
1.433263570070266724e-01
5.946198105812072754e-02
5.060116574168205261e-02
6.642790138721466064e-02
5.269236117601394653e-02
2.763973735272884369e-02
6.192703917622566223e-02
2.454764768481254578e-02
5.025888234376907349e-02
7.143057882785797119e-02
2.743181958794593811e-02
6.483419984579086304e-02
7.434628903865814209e-02
2.849638834595680237e-02
5.802830308675765991e-02
7.370729744434356689e-02
4.867303743958473206e-02
7.948735356330871582e-02
1.995640434324741364e-02
3.133546933531761169e-02
1.870606653392314911e-02
5.140537396073341370e-02
8.132101595401763916e-02
2.855097688734531403e-02
5.590121448040008545e-02
2.990657091140747070e-02
5.749070644378662109e-02
3.918254375457763672e-02
3.974204137921333313e-02
5.288286134600639343e-02
7.563536614179611206e-02
5.650474876165390015e-02
6.363745033740997314e-02
2.499388530850410461e-02
3.059868887066841125e-02
4.852102696895599365e-02
2.604814991354942322e-02
2.037976309657096863e-02
5.635181069374084473e-02
4.757782816886901855e-02
2.361697331070899963e-02
1.131621971726417542e-01
5.473387241363525391e-02
6.529211252927780151e-02
6.659884750843048096e-02
5.708371847867965698e-02
1.682182773947715759e-02
7.589578628540039062e-02
6.085216253995895386e-02
6.655225902795791626e-02
5.470621585845947266e-02
3.194848820567131042e-02
2.986248210072517395e-02
2.917886525392532349e-02
9.240166097879409790e-02
6.285610049962997437e-02
2.696347981691360474e-02
3.037298098206520081e-02
1.426596343517303467e-01
6.947077810764312744e-02
7.515931129455566406e-02
5.782512202858924866e-02
1.393520534038543701e-01
9.544865041971206665e-02
