2.186397463083267212e-01
4.466916918754577637e-01
6.165211200714111328e-01
4.477127790451049805e-01
4.759230017662048340e-01
2.560285329818725586e-01
3.659976124763488770e-01
2.868964076042175293e-01
4.122135639190673828e-01
6.694308519363403320e-01
2.671926617622375488e-01
4.210210442543029785e-01
6.726620793342590332e-01
4.404357671737670898e-01
4.254465699195861816e-01
4.211931824684143066e-01
4.056279957294464111e-01
4.107453525066375732e-01
2.653178870677947998e-01
4.202090799808502197e-01
2.648980021476745605e-01
8.094375133514404297e-01
4.594649076461791992e-01
4.014380574226379395e-01
5.313905477523803711e-01
4.095349907875061035e-01
6.264890432357788086e-01
4.348711073398590088e-01
2.214389741420745850e-01
2.872080206871032715e-01
4.463234543800354004e-01
5.452595949172973633e-01
4.240908324718475342e-01
3.498623371124267578e-01
3.513368666172027588e-01
4.407231807708740234e-01
2.192932069301605225e-01
5.380318760871887207e-01
4.450798332691192627e-01
3.359489440917968750e-01
2.198679447174072266e-01
3.119374215602874756e-01
5.585868358612060547e-01
6.907371878623962402e-01
4.098473191261291504e-01
3.536560535430908203e-01
6.759303212165832520e-01
3.688818514347076416e-01
4.112846851348876953e-01
3.772348761558532715e-01
2.516312897205352783e-01
2.427511662244796753e-01
3.507211804389953613e-01
3.801215291023254395e-01
3.891319036483764648e-01
4.035702347755432129e-01
2.894223034381866455e-01
2.515488564968109131e-01
2.106682658195495605e-01
7.200289368629455566e-01
4.210445284843444824e-01
4.479982554912567139e-01
2.647963762283325195e-01
3.515751361846923828e-01
3.804458975791931152e-01
4.692712426185607910e-01
5.018926858901977539e-01
3.908762037754058838e-01
2.547054588794708252e-01
4.347680211067199707e-01
5.508317947387695312e-01
3.019514083862304688e-01
4.970335066318511963e-01
4.767195284366607666e-01
4.475137591361999512e-01
5.666013956069946289e-01
4.131241738796234131e-01
3.542962968349456787e-01
4.656174480915069580e-01
5.199421644210815430e-01
4.834233820438385010e-01
2.345824092626571655e-01
5.851407647132873535e-01
4.113238751888275146e-01
3.874734044075012207e-01
5.338670015335083008e-01
4.168242812156677246e-01
4.318971037864685059e-01
4.043884575366973877e-01
4.668626487255096436e-01
3.752615153789520264e-01
4.162290692329406738e-01
3.988241255283355713e-01
2.651848793029785156e-01
4.737999141216278076e-01
4.565535783767700195e-01
5.609943866729736328e-01
4.717092216014862061e-01
2.274388074874877930e-01
4.963772296905517578e-01
4.627068638801574707e-01
2.418962121009826660e-01
4.088392257690429688e-01
2.945718169212341309e-01
2.302667647600173950e-01
3.922333121299743652e-01
6.313222646713256836e-01
2.453496903181076050e-01
2.914077639579772949e-01
5.109435915946960449e-01
3.499583005905151367e-01
2.157286405563354492e-01
4.503342807292938232e-01
3.939462900161743164e-01
3.978256583213806152e-01
5.405100584030151367e-01
4.858530759811401367e-01
2.627625167369842529e-01
3.959543704986572266e-01
3.251810669898986816e-01
2.352606952190399170e-01
4.398695826530456543e-01
4.393917918205261230e-01
4.379941821098327637e-01
4.508090615272521973e-01
2.797732353210449219e-01
3.459729552268981934e-01
4.256421327590942383e-01
3.810959458351135254e-01
4.034025669097900391e-01
4.893525838851928711e-01
4.403460323810577393e-01
6.784077882766723633e-01
3.747458457946777344e-01
4.734784662723541260e-01
4.054603874683380127e-01
5.491926670074462891e-01
5.092408061027526855e-01
4.343581199645996094e-01
2.639639377593994141e-01
2.761228978633880615e-01
4.150972068309783936e-01
5.549848079681396484e-01
3.203212320804595947e-01
4.585233032703399658e-01
6.178992986679077148e-01
4.684306681156158447e-01
3.791700601577758789e-01
5.791190862655639648e-01
5.767579078674316406e-01
5.129914283752441406e-01
4.632204473018646240e-01
3.964968621730804443e-01
4.368783235549926758e-01
4.460787773132324219e-01
5.178564190864562988e-01
3.849380016326904297e-01
2.736468315124511719e-01
3.453422784805297852e-01
4.225062131881713867e-01
3.740803301334381104e-01
4.586892724037170410e-01
4.169929325580596924e-01
2.334652245044708252e-01
4.393194913864135742e-01
4.639650583267211914e-01
2.541555166244506836e-01
1.844927519559860229e-01
3.481054008007049561e-01
1.971373111009597778e-01
4.449673295021057129e-01
3.300919830799102783e-01
5.182574391365051270e-01
2.774659097194671631e-01
4.470205903053283691e-01
5.593638420104980469e-01
4.479469656944274902e-01
2.453353106975555420e-01
4.844400882720947266e-01
6.855507493019104004e-01
5.108258724212646484e-01
5.151486396789550781e-01
2.166825830936431885e-01
4.324086308479309082e-01
5.551993846893310547e-01
2.643561363220214844e-01
2.316578626632690430e-01
5.514404773712158203e-01
2.650040984153747559e-01
2.406240403652191162e-01
5.540196299552917480e-01
4.425515830516815186e-01
4.551883339881896973e-01
3.490222394466400146e-01
3.661032617092132568e-01
6.471251845359802246e-01
5.628220438957214355e-01
4.494909644126892090e-01
5.170680880546569824e-01
4.267387390136718750e-01
4.541470408439636230e-01
3.810483813285827637e-01
3.004975020885467529e-01
3.324317336082458496e-01
3.437015116214752197e-01
2.671301364898681641e-01
4.929770827293395996e-01
4.515032172203063965e-01
1.982870399951934814e-01
5.221501588821411133e-01
3.774827718734741211e-01
5.550181269645690918e-01
2.905948758125305176e-01
4.028714001178741455e-01
3.965569734573364258e-01
2.255311906337738037e-01
5.561431646347045898e-01
2.324676811695098877e-01
9.493535757064819336e-01
5.234367251396179199e-01
4.315597414970397949e-01
4.634826183319091797e-01
1.933809816837310791e-01
5.093274116516113281e-01
4.401138126850128174e-01
4.266445040702819824e-01
2.165385186672210693e-01
4.274953007698059082e-01
3.951760828495025635e-01
4.644866585731506348e-01
5.321819782257080078e-01
2.390584051609039307e-01
4.217660129070281982e-01
4.675068855285644531e-01
2.794821858406066895e-01
2.632840871810913086e-01
4.292696118354797363e-01
4.394955337047576904e-01
4.273852109909057617e-01
4.204332828521728516e-01
4.182310104370117188e-01
4.718952178955078125e-01
2.568458914756774902e-01
3.905338943004608154e-01
2.256685495376586914e-01
3.592512011528015137e-01
5.039151906967163086e-01
1.953417807817459106e-01
2.334974706172943115e-01
2.285155504941940308e-01
4.227895140647888184e-01
2.477309256792068481e-01
4.197075963020324707e-01
2.722669243812561035e-01
2.691519260406494141e-01
2.382590621709823608e-01
4.267641305923461914e-01
4.093931019306182861e-01
4.883129000663757324e-01
4.493277668952941895e-01
3.911695182323455811e-01
2.396008074283599854e-01
4.735261797904968262e-01
7.830610871315002441e-01
4.857763051986694336e-01
3.683727383613586426e-01
4.297244250774383545e-01
2.876799106597900391e-01
4.809994697570800781e-01
5.057039260864257812e-01
4.520877897739410400e-01
4.112979769706726074e-01
3.048716783523559570e-01
3.875855207443237305e-01
4.485180974006652832e-01
4.059342741966247559e-01
3.998443484306335449e-01
4.327161908149719238e-01
2.496751397848129272e-01
4.205743670463562012e-01
5.377368927001953125e-01
5.860986709594726562e-01
2.678267359733581543e-01
3.306804895401000977e-01
3.410499393939971924e-01
2.413492053747177124e-01
2.427591085433959961e-01
5.874927043914794922e-01
3.312785625457763672e-01
4.227384328842163086e-01
4.278020858764648438e-01
3.379822969436645508e-01
3.498899936676025391e-01
6.263005733489990234e-01
2.100499421358108521e-01
2.426552176475524902e-01
3.018517494201660156e-01
2.497867345809936523e-01
4.325224161148071289e-01
2.262510359287261963e-01
3.341396152973175049e-01
4.481775760650634766e-01
3.785121440887451172e-01
1.890660226345062256e-01
3.217847347259521484e-01
4.394603967666625977e-01
4.420072138309478760e-01
4.487195312976837158e-01
2.140439599752426147e-01
4.268615543842315674e-01
3.954048752784729004e-01
5.448675155639648438e-01
4.167268276214599609e-01
2.307877838611602783e-01
3.837999403476715088e-01
3.775341510772705078e-01
2.396389991044998169e-01
3.999474644660949707e-01
4.917863309383392334e-01
5.272847414016723633e-01
4.957209527492523193e-01
2.412646859884262085e-01
7.035604119300842285e-01
2.387848496437072754e-01
4.550291895866394043e-01
5.909326076507568359e-01
4.308179616928100586e-01
4.139586389064788818e-01
3.938210010528564453e-01
2.690507173538208008e-01
5.975651144981384277e-01
5.070580244064331055e-01
6.770858764648437500e-01
4.070248603820800781e-01
6.447596549987792969e-01
5.743242502212524414e-01
1.963814049959182739e-01
5.520628690719604492e-01
4.584254026412963867e-01
1.853373199701309204e-01
2.874130010604858398e-01
5.010731816291809082e-01
5.233496427536010742e-01
2.820763587951660156e-01
4.278230369091033936e-01
3.857221603393554688e-01
6.138484477996826172e-01
4.794977009296417236e-01
3.394256234169006348e-01
2.650043070316314697e-01
4.227530062198638916e-01
5.101562738418579102e-01
2.652539610862731934e-01
4.410157203674316406e-01
3.396960496902465820e-01
2.892969846725463867e-01
4.418987035751342773e-01
2.050029039382934570e-01
3.175563216209411621e-01
4.175101518630981445e-01
7.061412334442138672e-01
5.151277780532836914e-01
3.382585048675537109e-01
5.168143510818481445e-01
3.969295024871826172e-01
4.159474372863769531e-01
2.265863567590713501e-01
2.940746247768402100e-01
4.099906086921691895e-01
4.455384016036987305e-01
3.603913486003875732e-01
5.204091668128967285e-01
2.406203150749206543e-01
2.604295313358306885e-01
3.406864404678344727e-01
5.731184482574462891e-01
4.795321822166442871e-01
3.244490027427673340e-01
3.178211450576782227e-01
4.105259180068969727e-01
4.178752303123474121e-01
5.260854959487915039e-01
3.092174530029296875e-01
4.126606285572052002e-01
6.908617615699768066e-01
4.611843228340148926e-01
3.100423216819763184e-01
3.823031783103942871e-01
2.730191349983215332e-01
3.858558833599090576e-01
3.324851095676422119e-01
2.928144633769989014e-01
3.831520676612854004e-01
2.838261723518371582e-01
4.838810861110687256e-01
5.820158720016479492e-01
3.769561946392059326e-01
3.171310424804687500e-01
3.773714900016784668e-01
2.228431403636932373e-01
4.554717242717742920e-01
2.749223113059997559e-01
4.814789891242980957e-01
4.349921047687530518e-01
4.388969838619232178e-01
1.975737810134887695e-01
4.417653977870941162e-01
3.626849651336669922e-01
1.955175101757049561e-01
3.506693542003631592e-01
4.419251680374145508e-01
2.171685695648193359e-01
8.117695450782775879e-01
3.916558027267456055e-01
6.116099357604980469e-01
3.887987136840820312e-01
4.209352135658264160e-01
4.223035573959350586e-01
2.494416832923889160e-01
3.477953672409057617e-01
2.550572156906127930e-01
3.940887451171875000e-01
2.388588190078735352e-01
3.540942072868347168e-01
3.088721334934234619e-01
2.394466102123260498e-01
2.677726149559020996e-01
6.987644433975219727e-01
2.253155857324600220e-01
5.277388095855712891e-01
5.491259098052978516e-01
2.549791038036346436e-01
4.245925247669219971e-01
4.535985589027404785e-01
2.590561211109161377e-01
7.037547826766967773e-01
4.564710259437561035e-01
8.356666564941406250e-01
3.766777813434600830e-01
4.406397342681884766e-01
4.311733841896057129e-01
2.210046947002410889e-01
4.345723390579223633e-01
5.905334949493408203e-01
4.224929213523864746e-01
2.228762209415435791e-01
4.261815547943115234e-01
6.350590586662292480e-01
3.943084180355072021e-01
6.973665356636047363e-01
3.219447731971740723e-01
3.439767658710479736e-01
4.375646710395812988e-01
3.693898916244506836e-01
4.781444370746612549e-01
6.439351439476013184e-01
3.395362794399261475e-01
4.083859920501708984e-01
4.930492937564849854e-01
4.068918824195861816e-01
4.845092296600341797e-01
4.233084321022033691e-01
2.299566119909286499e-01
5.663303136825561523e-01
4.404170215129852295e-01
3.853395581245422363e-01
2.994920015335083008e-01
2.420482933521270752e-01
4.776429533958435059e-01
4.559282064437866211e-01
2.894184887409210205e-01
3.836425542831420898e-01
2.604594826698303223e-01
3.940730690956115723e-01
2.038630545139312744e-01
4.146808683872222900e-01
3.011127412319183350e-01
4.223838150501251221e-01
2.392297685146331787e-01
7.009475231170654297e-01
2.296362817287445068e-01
2.684149742126464844e-01
4.581023156642913818e-01
4.044001698493957520e-01
4.128504395484924316e-01
3.880823552608489990e-01
4.730466902256011963e-01
3.826136887073516846e-01
3.894207477569580078e-01
2.017377465963363647e-01
4.453045129776000977e-01
5.187446475028991699e-01
2.572258710861206055e-01
3.570770621299743652e-01
3.922917246818542480e-01
4.821808040142059326e-01
2.229761183261871338e-01
7.418229579925537109e-01
4.287806153297424316e-01
3.706941306591033936e-01
4.513294100761413574e-01
2.338055074214935303e-01
4.679170846939086914e-01
4.072764515876770020e-01
3.538432419300079346e-01
4.246766567230224609e-01
2.388176769018173218e-01
3.342605531215667725e-01
4.475665688514709473e-01
3.507902920246124268e-01
2.249246835708618164e-01
3.352794647216796875e-01
4.152218103408813477e-01
4.425843954086303711e-01
2.533711791038513184e-01
2.415550053119659424e-01
2.218118309974670410e-01
4.480235874652862549e-01
3.528356254100799561e-01
4.362926185131072998e-01
4.248869419097900391e-01
4.660441279411315918e-01
2.644950151443481445e-01
2.234667241573333740e-01
4.901591241359710693e-01
3.605830371379852295e-01
3.832263648509979248e-01
4.111820459365844727e-01
4.074700474739074707e-01
6.566109657287597656e-01
4.162602424621582031e-01
6.011643409729003906e-01
4.132726192474365234e-01
4.183664321899414062e-01
4.253739118576049805e-01
5.231949090957641602e-01
3.749596774578094482e-01
2.462146431207656860e-01
3.649750351905822754e-01
3.611133098602294922e-01
3.459895849227905273e-01
3.729876279830932617e-01
2.900704145431518555e-01
5.996599793434143066e-01
3.640234470367431641e-01
4.281123280525207520e-01
2.703734040260314941e-01
4.320144653320312500e-01
3.344409167766571045e-01
2.302874624729156494e-01
2.190961837768554688e-01
3.692861199378967285e-01
4.236938655376434326e-01
4.372911453247070312e-01
2.378290593624114990e-01
4.964680075645446777e-01
3.901142179965972900e-01
4.579544067382812500e-01
2.425591498613357544e-01
2.451374232769012451e-01
4.103608727455139160e-01
3.707042932510375977e-01
2.050848007202148438e-01
2.384144812822341919e-01
4.371034801006317139e-01
4.384158849716186523e-01
5.946913361549377441e-01
2.174149155616760254e-01
5.559364557266235352e-01
5.763897299766540527e-01
2.297538965940475464e-01
2.484575062990188599e-01
5.125609636306762695e-01
2.325899899005889893e-01
4.175833463668823242e-01
2.687870860099792480e-01
2.589045166969299316e-01
3.762119114398956299e-01
2.610536813735961914e-01
4.602989256381988525e-01
4.484288692474365234e-01
2.902917861938476562e-01
4.066537022590637207e-01
2.243133187294006348e-01
2.458120882511138916e-01
5.073118805885314941e-01
4.458465576171875000e-01
4.107103645801544189e-01
3.859598934650421143e-01
4.327279329299926758e-01
3.767108917236328125e-01
2.375296354293823242e-01
2.416955828666687012e-01
4.970160126686096191e-01
4.512549638748168945e-01
4.619639515876770020e-01
3.061051368713378906e-01
4.382428526878356934e-01
3.974088430404663086e-01
2.554125785827636719e-01
6.965744495391845703e-01
3.138446807861328125e-01
2.254826724529266357e-01
6.602026224136352539e-01
3.885102570056915283e-01
4.028308093547821045e-01
2.685432434082031250e-01
8.300564289093017578e-01
3.774445950984954834e-01
1.916017830371856689e-01
3.664767146110534668e-01
4.549553096294403076e-01
2.131912410259246826e-01
2.909916639328002930e-01
2.027789056301116943e-01
5.860544443130493164e-01
4.025884270668029785e-01
4.171277880668640137e-01
3.753484487533569336e-01
4.172043502330780029e-01
2.157607972621917725e-01
4.638941884040832520e-01
2.559364438056945801e-01
4.151464700698852539e-01
6.052521467208862305e-01
3.989548087120056152e-01
4.212162792682647705e-01
2.557522952556610107e-01
2.607068419456481934e-01
4.820801615715026855e-01
3.189107775688171387e-01
5.613446235656738281e-01
3.452811837196350098e-01
4.127283692359924316e-01
4.901317059993743896e-01
4.361146092414855957e-01
3.513958454132080078e-01
3.305899202823638916e-01
2.390431165695190430e-01
7.789280414581298828e-01
4.107731282711029053e-01
2.833977937698364258e-01
4.259106516838073730e-01
1.824570000171661377e-01
4.719116687774658203e-01
4.384828209877014160e-01
7.234675884246826172e-01
4.210231006145477295e-01
2.821803689002990723e-01
5.302624106407165527e-01
3.824626207351684570e-01
2.930419445037841797e-01
