5.001950860023498535e-01
7.855657339096069336e-01
5.116105675697326660e-01
7.688515186309814453e-01
6.349738836288452148e-01
5.202184915542602539e-01
7.316576242446899414e-01
5.215336680412292480e-01
3.717656731605529785e-01
6.348859667778015137e-01
1.195161819458007812e+00
3.824015855789184570e-01
4.223530292510986328e-01
4.572401046752929688e-01
5.209751129150390625e-01
1.534909486770629883e+00
4.848458766937255859e-01
4.415092766284942627e-01
3.282716274261474609e-01
3.222673535346984863e-01
3.346642851829528809e-01
7.202850580215454102e-01
6.736699938774108887e-01
6.424478292465209961e-01
5.878558158874511719e-01
4.804635941982269287e-01
3.838280439376831055e-01
3.559243679046630859e-01
7.316569089889526367e-01
6.621319651603698730e-01
6.330434083938598633e-01
4.726488292217254639e-01
1.697918891906738281e+00
3.549381196498870850e-01
6.070995926856994629e-01
3.651548922061920166e-01
5.405528545379638672e-01
2.967394590377807617e-01
6.680183410644531250e-01
5.577602982521057129e-01
4.842072427272796631e-01
7.930067777633666992e-01
9.887027144432067871e-01
6.298108100891113281e-01
5.139708518981933594e-01
7.036259770393371582e-01
1.244238376617431641e+00
4.089177250862121582e-01
3.563065230846405029e-01
4.140165746212005615e-01
5.626035928726196289e-01
5.818712115287780762e-01
6.261893510818481445e-01
3.336076438426971436e-01
7.034518718719482422e-01
7.048424482345581055e-01
3.363038897514343262e-01
3.277690708637237549e-01
6.950973868370056152e-01
3.449009358882904053e-01
4.291653931140899658e-01
3.369318544864654541e-01
6.632502675056457520e-01
5.194613933563232422e-01
3.764086663722991943e-01
5.955392122268676758e-01
4.133459925651550293e-01
6.208941936492919922e-01
5.243802666664123535e-01
8.467910289764404297e-01
7.530038356781005859e-01
2.860704660415649414e-01
3.313174545764923096e-01
5.438752174377441406e-01
6.317515373229980469e-01
4.183323383331298828e-01
9.179298877716064453e-01
5.220172405242919922e-01
6.198318600654602051e-01
4.054125547409057617e-01
5.309147834777832031e-01
4.640662074089050293e-01
1.604547023773193359e+00
5.923998355865478516e-01
9.139021635055541992e-01
5.340527892112731934e-01
4.637779593467712402e-01
4.585002362728118896e-01
1.056561708450317383e+00
4.736787080764770508e-01
2.858833074569702148e-01
7.207984924316406250e-01
2.689840197563171387e-01
6.847469806671142578e-01
1.060321927070617676e+00
3.657598197460174561e-01
1.047446250915527344e+00
6.343513131141662598e-01
4.352129399776458740e-01
5.336090326309204102e-01
5.558891296386718750e-01
1.153659105300903320e+00
4.016591310501098633e-01
4.763861298561096191e-01
5.848100185394287109e-01
5.733164548873901367e-01
1.024659156799316406e+00
9.268669486045837402e-01
5.357142686843872070e-01
3.990628123283386230e-01
7.238448262214660645e-01
5.683958530426025391e-01
8.393118977546691895e-01
9.253280162811279297e-01
4.538614749908447266e-01
5.621411800384521484e-01
5.595517158508300781e-01
7.015368938446044922e-01
6.430805325508117676e-01
5.753561854362487793e-01
4.969213008880615234e-01
4.655409157276153564e-01
4.559193253517150879e-01
3.887437582015991211e-01
5.407285094261169434e-01
3.751077055931091309e-01
7.284359931945800781e-01
2.770098447799682617e-01
3.393877148628234863e-01
5.054841637611389160e-01
2.560245096683502197e-01
1.117915987968444824e+00
4.152762889862060547e-01
6.487779617309570312e-01
3.926966190338134766e-01
2.274578064680099487e-01
8.595660924911499023e-01
8.286480903625488281e-01
5.433964133262634277e-01
4.876465201377868652e-01
3.752531111240386963e-01
6.626120805740356445e-01
6.583319902420043945e-01
2.923413515090942383e-01
3.683755993843078613e-01
7.040147185325622559e-01
2.836603522300720215e-01
2.446457594633102417e-01
6.571246385574340820e-01
6.242275238037109375e-01
4.303497672080993652e-01
3.782545626163482666e-01
1.377852082252502441e+00
4.797231256961822510e-01
2.639269232749938965e-01
6.740536689758300781e-01
5.042455196380615234e-01
5.569313168525695801e-01
6.493470668792724609e-01
2.543702125549316406e-01
5.969195961952209473e-01
2.953810989856719971e-01
6.227346658706665039e-01
2.506407201290130615e-01
7.277389764785766602e-01
5.983196496963500977e-01
2.890677452087402344e-01
6.095707416534423828e-01
3.948289155960083008e-01
5.065736770629882812e-01
9.715736508369445801e-01
2.878485321998596191e-01
3.123655319213867188e-01
6.696679592132568359e-01
4.302535653114318848e-01
4.376954734325408936e-01
5.615800619125366211e-01
3.441700935363769531e-01
3.784818053245544434e-01
6.929408311843872070e-01
4.092571735382080078e-01
2.802636623382568359e-01
5.374354720115661621e-01
3.312599956989288330e-01
3.183516263961791992e-01
5.208980441093444824e-01
7.847430706024169922e-01
5.198169946670532227e-01
5.932146310806274414e-01
6.234344244003295898e-01
1.000950694084167480e+00
5.986995697021484375e-01
4.667696058750152588e-01
4.707438349723815918e-01
3.656360805034637451e-01
1.394074916839599609e+00
2.827314138412475586e-01
4.852578639984130859e-01
2.968519926071166992e-01
1.118912935256958008e+00
3.559449613094329834e-01
3.439899682998657227e-01
5.066206455230712891e-01
8.935761451721191406e-01
7.044619917869567871e-01
9.421632289886474609e-01
4.141342639923095703e-01
5.504333972930908203e-01
2.192676961421966553e-01
4.214332699775695801e-01
6.458448171615600586e-01
3.326377272605895996e-01
5.838894844055175781e-01
4.285663962364196777e-01
4.109804332256317139e-01
6.258198022842407227e-01
7.730209827423095703e-01
5.481119155883789062e-01
3.128809034824371338e-01
6.235641837120056152e-01
1.101595520973205566e+00
4.434099793434143066e-01
4.259304404258728027e-01
5.064275264739990234e-01
4.619300961494445801e-01
3.524047732353210449e-01
5.682287216186523438e-01
4.391025900840759277e-01
3.064604997634887695e-01
5.615464448928833008e-01
4.372599124908447266e-01
4.423381388187408447e-01
5.959210395812988281e-01
3.393370211124420166e-01
6.548206210136413574e-01
5.838154554367065430e-01
6.623173356056213379e-01
6.697238683700561523e-01
3.488091826438903809e-01
3.366953134536743164e-01
6.346186995506286621e-01
5.451294183731079102e-01
4.364413619041442871e-01
3.864134550094604492e-01
1.297181129455566406e+00
1.136221408843994141e+00
5.779013633728027344e-01
4.854028522968292236e-01
1.383401155471801758e+00
3.322982192039489746e-01
4.804663062095642090e-01
9.073656797409057617e-01
4.825089871883392334e-01
5.181397199630737305e-01
6.306548714637756348e-01
5.085357427597045898e-01
3.081269562244415283e-01
3.624778389930725098e-01
6.164489388465881348e-01
5.153188705444335938e-01
5.563566684722900391e-01
5.139782428741455078e-01
6.072741746902465820e-01
5.599325895309448242e-01
3.206829428672790527e-01
5.425405502319335938e-01
3.452186584472656250e-01
6.835990548133850098e-01
6.335871219635009766e-01
4.421580433845520020e-01
5.879834890365600586e-01
6.267663836479187012e-01
2.482792735099792480e-01
7.962197065353393555e-01
4.386657476425170898e-01
4.850832521915435791e-01
3.547062873840332031e-01
6.169966459274291992e-01
3.520055711269378662e-01
4.274649620056152344e-01
3.023779094219207764e-01
2.706267833709716797e-01
7.994093298912048340e-01
7.237484455108642578e-01
5.640202760696411133e-01
6.470380425453186035e-01
3.315711319446563721e-01
7.072207331657409668e-01
6.760324835777282715e-01
2.343280911445617676e-01
3.684810400009155273e-01
7.034742832183837891e-01
3.893089890480041504e-01
2.637748122215270996e-01
3.887259364128112793e-01
3.722549676895141602e-01
2.330559641122817993e-01
4.333318471908569336e-01
5.901088714599609375e-01
1.241467475891113281e+00
4.879150986671447754e-01
3.025654256343841553e-01
1.802155673503875732e-01
6.987580657005310059e-01
1.049680233001708984e+00
3.528388142585754395e-01
5.498306155204772949e-01
4.880235791206359863e-01
3.202513754367828369e-01
2.891377210617065430e-01
3.745940923690795898e-01
5.141382813453674316e-01
4.078197181224822998e-01
7.157795429229736328e-01
1.299981117248535156e+00
4.829735755920410156e-01
4.194416403770446777e-01
4.305586814880371094e-01
7.189270257949829102e-01
8.784666657447814941e-01
4.163630008697509766e-01
1.201556563377380371e+00
3.932095766067504883e-01
3.332404494285583496e-01
3.144052028656005859e-01
4.419673085212707520e-01
4.214246869087219238e-01
8.853613138198852539e-01
7.019482851028442383e-01
3.332318961620330811e-01
2.682488560676574707e-01
4.779388606548309326e-01
3.135618865489959717e-01
4.316431879997253418e-01
4.411354362964630127e-01
2.920285463333129883e-01
5.770409107208251953e-01
2.718828320503234863e-01
4.537071585655212402e-01
3.690621852874755859e-01
1.290727734565734863e+00
2.853833436965942383e-01
3.280114531517028809e-01
3.830660581588745117e-01
2.611066401004791260e-01
1.708742856979370117e+00
5.437713265419006348e-01
2.720716595649719238e-01
2.636545896530151367e-01
2.421672642230987549e-01
5.821926593780517578e-01
1.260576725006103516e+00
4.725061058998107910e-01
4.980647563934326172e-01
5.830727815628051758e-01
7.497463226318359375e-01
5.476955175399780273e-01
5.007150173187255859e-01
2.944970428943634033e-01
2.927403450012207031e-01
2.163896113634109497e-01
5.912560224533081055e-01
4.281675815582275391e-01
5.041590929031372070e-01
3.714787364006042480e-01
4.593123495578765869e-01
4.388809204101562500e-01
6.904977560043334961e-01
5.157953500747680664e-01
7.027012109756469727e-01
8.908050060272216797e-01
5.091326832771301270e-01
2.106848061084747314e-01
3.630487918853759766e-01
3.690581917762756348e-01
2.883585691452026367e-01
7.520622014999389648e-01
5.932577252388000488e-01
4.086051583290100098e-01
9.664562344551086426e-01
6.169489622116088867e-01
6.696448326110839844e-01
5.282623171806335449e-01
2.619985044002532959e-01
1.024011015892028809e+00
6.317893266677856445e-01
2.591966986656188965e-01
4.198059737682342529e-01
4.919725060462951660e-01
4.106443524360656738e-01
6.112070083618164062e-01
2.522564828395843506e-01
5.302825570106506348e-01
2.980106472969055176e-01
2.922438681125640869e-01
3.463588356971740723e-01
4.730563759803771973e-01
5.061260461807250977e-01
5.250371694564819336e-01
3.504092991352081299e-01
3.583852350711822510e-01
7.549765110015869141e-01
5.230064988136291504e-01
1.274201750755310059e+00
8.733443021774291992e-01
9.358670711517333984e-01
7.794811725616455078e-01
5.750384330749511719e-01
2.856920361518859863e-01
9.253858327865600586e-01
5.695937871932983398e-01
3.682668507099151611e-01
2.460733950138092041e-01
1.106370449066162109e+00
3.764147162437438965e-01
9.911707639694213867e-01
3.411095738410949707e-01
4.989843070507049561e-01
4.569168388843536377e-01
1.248188972473144531e+00
3.426384329795837402e-01
5.069595575332641602e-01
5.145593881607055664e-01
5.510668158531188965e-01
7.289137244224548340e-01
5.559883117675781250e-01
2.970237135887145996e-01
4.621414542198181152e-01
6.418471336364746094e-01
3.297535181045532227e-01
3.533901274204254150e-01
3.411385715007781982e-01
5.236693620681762695e-01
5.269836187362670898e-01
1.032536864280700684e+00
2.558615505695343018e-01
4.722529649734497070e-01
5.693273544311523438e-01
5.057067871093750000e-01
7.353777885437011719e-01
4.924748539924621582e-01
2.858445048332214355e-01
8.149077892303466797e-01
2.411265671253204346e-01
2.885578870773315430e-01
6.486967206001281738e-01
5.059748888015747070e-01
7.637216448783874512e-01
3.950350582599639893e-01
8.979092836380004883e-01
2.280687987804412842e-01
6.036773920059204102e-01
6.790089011192321777e-01
3.258267343044281006e-01
2.947435677051544189e-01
3.555026650428771973e-01
5.592420101165771484e-01
4.218532443046569824e-01
4.038867950439453125e-01
7.100251913070678711e-01
4.179599583148956299e-01
7.916394472122192383e-01
3.925694227218627930e-01
3.224855065345764160e-01
5.135825872421264648e-01
4.437867403030395508e-01
6.594947576522827148e-01
4.724693894386291504e-01
8.385779857635498047e-01
2.875518202781677246e-01
2.066445052623748779e-01
2.655617594718933105e-01
3.737529516220092773e-01
5.041869878768920898e-01
2.883404493331909180e-01
5.975884199142456055e-01
6.755847930908203125e-01
3.635917901992797852e-01
5.394558310508728027e-01
7.072741985321044922e-01
5.387616753578186035e-01
4.608804583549499512e-01
3.593601286411285400e-01
4.931258559226989746e-01
8.610880374908447266e-01
3.621003031730651855e-01
5.438678264617919922e-01
3.421362638473510742e-01
5.150457620620727539e-01
9.549572467803955078e-01
8.179153203964233398e-01
3.451539576053619385e-01
2.824917137622833252e-01
5.567786097526550293e-01
5.664342045783996582e-01
8.836109638214111328e-01
4.181091785430908203e-01
4.561914503574371338e-01
3.112308979034423828e-01
5.339171290397644043e-01
2.972565293312072754e-01
4.686540365219116211e-01
5.369966030120849609e-01
5.754726529121398926e-01
7.532230019569396973e-01
4.544480144977569580e-01
7.234393358230590820e-01
6.087774038314819336e-01
4.295685291290283203e-01
4.544798135757446289e-01
1.340728402137756348e+00
1.325458049774169922e+00
2.420421838760375977e-01
3.024505078792572021e-01
1.086344480514526367e+00
7.990512847900390625e-01
5.061883926391601562e-01
4.914113879203796387e-01
6.956388950347900391e-01
5.741378068923950195e-01
1.234067916870117188e+00
3.844676017761230469e-01
6.690947413444519043e-01
5.422670841217041016e-01
3.554021120071411133e-01
3.238251805305480957e-01
3.245576620101928711e-01
3.944570124149322510e-01
3.730518817901611328e-01
3.430078029632568359e-01
3.298206627368927002e-01
7.706101536750793457e-01
4.629375636577606201e-01
7.414836883544921875e-01
6.982375979423522949e-01
1.275145769119262695e+00
6.016035079956054688e-01
5.344393253326416016e-01
4.246755838394165039e-01
4.456897377967834473e-01
5.832953453063964844e-01
5.562096834182739258e-01
3.110409080982208252e-01
4.335181713104248047e-01
4.579063355922698975e-01
5.731692910194396973e-01
4.693418443202972412e-01
4.060450196266174316e-01
2.845526635646820068e-01
3.642404675483703613e-01
2.274074107408523560e-01
2.759381532669067383e-01
2.846604585647583008e-01
4.709177315235137939e-01
5.224542617797851562e-01
4.357026219367980957e-01
6.938551664352416992e-01
7.830517292022705078e-01
2.648141086101531982e-01
3.571640253067016602e-01
4.334416985511779785e-01
6.794214248657226562e-01
4.252210855484008789e-01
7.284145355224609375e-01
4.391713142395019531e-01
3.560926020145416260e-01
5.783912539482116699e-01
5.061947107315063477e-01
4.043102860450744629e-01
2.667318582534790039e-01
5.954959988594055176e-01
4.583902657032012939e-01
3.267872333526611328e-01
1.219679594039916992e+00
6.157429814338684082e-01
3.119023442268371582e-01
3.245181441307067871e-01
1.331893086433410645e+00
8.308241367340087891e-01
4.611718356609344482e-01
8.120993375778198242e-01
3.095012903213500977e-01
6.453385353088378906e-01
8.777881860733032227e-01
6.863152980804443359e-01
5.052049160003662109e-01
3.623293340206146240e-01
5.138133168220520020e-01
5.175176858901977539e-01
5.235538482666015625e-01
4.876269996166229248e-01
5.328056812286376953e-01
3.827315270900726318e-01
6.794819235801696777e-01
8.953292369842529297e-01
5.912780761718750000e-01
5.144662261009216309e-01
5.400160551071166992e-01
4.991576373577117920e-01
5.060131549835205078e-01
9.411940574645996094e-01
1.013632059097290039e+00
5.275812745094299316e-01
8.051980733871459961e-01
3.708004355430603027e-01
3.407694697380065918e-01
9.158631563186645508e-01
5.369942188262939453e-01
5.195386409759521484e-01
6.577211618423461914e-01
6.101843118667602539e-01
1.341827630996704102e+00
5.104881525039672852e-01
8.597840070724487305e-01
6.853242516517639160e-01
7.468364238739013672e-01
3.476585149765014648e-01
3.020960092544555664e-01
1.203059911727905273e+00
7.157860398292541504e-01
5.158158540725708008e-01
1.069539785385131836e+00
4.718789458274841309e-01
4.349161982536315918e-01
8.084061145782470703e-01
5.169065594673156738e-01
5.002140998840332031e-01
6.210498809814453125e-01
3.367368876934051514e-01
4.713591337203979492e-01
4.578319489955902100e-01
2.885478436946868896e-01
2.412329316139221191e-01
4.469278454780578613e-01
1.001015067100524902e+00
5.479227304458618164e-01
4.239251315593719482e-01
5.845658779144287109e-01
6.522158384323120117e-01
6.942490935325622559e-01
7.024344205856323242e-01
4.483060240745544434e-01
3.994074761867523193e-01
3.416351079940795898e-01
1.197125911712646484e+00
3.117473721504211426e-01
4.450613260269165039e-01
4.288105070590972900e-01
3.574638962745666504e-01
2.883197367191314697e-01
3.286188244819641113e-01
6.375390887260437012e-01
2.937540113925933838e-01
3.684338331222534180e-01
4.982815980911254883e-01
2.821803092956542969e-01
4.672704339027404785e-01
4.850948154926300049e-01
1.356998801231384277e+00
4.702242016792297363e-01
4.163601994514465332e-01
2.863570451736450195e-01
9.297496080398559570e-01
2.555875480175018311e-01
5.068782567977905273e-01
2.818913459777832031e-01
2.627505958080291748e-01
7.442581057548522949e-01
6.850652098655700684e-01
8.511012792587280273e-01
5.511915683746337891e-01
2.947314977645874023e-01
2.964571714401245117e-01
5.666055679321289062e-01
5.158095955848693848e-01
4.842340946197509766e-01
8.590825200080871582e-01
6.577492952346801758e-01
4.119095206260681152e-01
5.542788505554199219e-01
5.604710578918457031e-01
3.945935368537902832e-01
5.289880633354187012e-01
5.862866640090942383e-01
2.650783956050872803e-01
1.324190378189086914e+00
5.933058857917785645e-01
8.190839886665344238e-01
3.371734023094177246e-01
4.413370490074157715e-01
1.032910108566284180e+00
6.242609620094299316e-01
5.029391050338745117e-01
2.826989293098449707e-01
5.604575872421264648e-01
5.048237442970275879e-01
3.582229614257812500e-01
4.043160974979400635e-01
5.494548082351684570e-01
4.629085659980773926e-01
1.370546579360961914e+00
1.140038490295410156e+00
2.009253054857254028e-01
5.321354269981384277e-01
5.049461126327514648e-01
3.016892671585083008e-01
5.669562816619873047e-01
5.466040968894958496e-01
7.322481274604797363e-01
5.381321907043457031e-01
5.093420743942260742e-01
5.442448258399963379e-01
2.809865474700927734e-01
5.910697579383850098e-01
4.842804968357086182e-01
4.028401970863342285e-01
1.271229743957519531e+00
3.949975967407226562e-01
2.806780338287353516e-01
6.925225257873535156e-01
2.741486430168151855e-01
6.199967861175537109e-01
3.664371967315673828e-01
4.627680182456970215e-01
3.044952750205993652e-01
5.513827800750732422e-01
7.034664750099182129e-01
5.021508336067199707e-01
4.717556238174438477e-01
8.916923403739929199e-01
9.959473609924316406e-01
1.525086641311645508e+00
1.480966567993164062e+00
4.457283318042755127e-01
4.946392178535461426e-01
2.675560712814331055e-01
4.830892682075500488e-01
4.365665316581726074e-01
4.968091249465942383e-01
6.565603017807006836e-01
3.016722500324249268e-01
3.003921508789062500e-01
5.015834569931030273e-01
2.739472091197967529e-01
4.431036412715911865e-01
7.496199011802673340e-01
7.498953938484191895e-01
2.568639516830444336e-01
2.821901440620422363e-01
3.277431726455688477e-01
4.995746314525604248e-01
5.264700651168823242e-01
3.494476675987243652e-01
9.200724363327026367e-01
2.940839529037475586e-01
4.262070059776306152e-01
2.627032995223999023e-01
2.175458371639251709e-01
7.056930661201477051e-01
4.316260218620300293e-01
3.140761256217956543e-01
3.507205545902252197e-01
6.425102949142456055e-01
1.205663442611694336e+00
6.325945854187011719e-01
4.199160635471343994e-01
5.433985590934753418e-01
5.240882635116577148e-01
5.358731150627136230e-01
4.265375733375549316e-01
5.936681628227233887e-01
3.782093524932861328e-01
7.534633278846740723e-01
5.675017833709716797e-01
3.014973104000091553e-01
3.091512918472290039e-01
6.606103181838989258e-01
3.962572515010833740e-01
6.193629503250122070e-01
5.694254636764526367e-01
4.894086122512817383e-01
2.897114753723144531e-01
5.720592141151428223e-01
3.677343130111694336e-01
3.014815747737884521e-01
3.330204486846923828e-01
4.718301594257354736e-01
5.782399773597717285e-01
5.195968151092529297e-01
3.324711918830871582e-01
5.605322122573852539e-01
4.467624723911285400e-01
5.008400082588195801e-01
5.973138213157653809e-01
4.958708584308624268e-01
7.902293205261230469e-01
3.052915334701538086e-01
6.255120038986206055e-01
2.690351605415344238e-01
2.652227878570556641e-01
4.352284371852874756e-01
3.616823852062225342e-01
5.086137056350708008e-01
6.708642244338989258e-01
4.471934735774993896e-01
5.633083581924438477e-01
5.366404652595520020e-01
4.214167296886444092e-01
1.073929190635681152e+00
4.789678454399108887e-01
6.603084206581115723e-01
4.961416721343994141e-01
2.788466811180114746e-01
6.523589491844177246e-01
5.613607168197631836e-01
2.819565534591674805e-01
6.080093383789062500e-01
3.629187941551208496e-01
2.126431614160537720e-01
1.123105049133300781e+00
3.659001588821411133e-01
1.236154079437255859e+00
5.223987102508544922e-01
2.836363911628723145e-01
4.619107246398925781e-01
2.456343621015548706e-01
2.502814233303070068e-01
4.865646064281463623e-01
2.946780920028686523e-01
4.680243134498596191e-01
3.440030217170715332e-01
5.491055250167846680e-01
2.674695253372192383e-01
5.373004674911499023e-01
2.788662314414978027e-01
6.690238118171691895e-01
3.717762231826782227e-01
4.618058502674102783e-01
2.951428890228271484e-01
2.054941952228546143e-01
6.375386714935302734e-01
4.113408625125885010e-01
4.775913357734680176e-01
4.907757043838500977e-01
5.054777860641479492e-01
1.043355703353881836e+00
4.890780150890350342e-01
3.556869626045227051e-01
4.526550769805908203e-01
3.356873393058776855e-01
4.566134810447692871e-01
4.128775000572204590e-01
1.274444818496704102e+00
7.733638286590576172e-01
2.824184298515319824e-01
1.327719449996948242e+00
3.620529770851135254e-01
2.240561544895172119e-01
2.844674587249755859e-01
5.301060676574707031e-01
4.906375408172607422e-01
5.802270174026489258e-01
4.627606570720672607e-01
4.066367745399475098e-01
6.994533538818359375e-01
4.082570672035217285e-01
2.997223734855651855e-01
5.203876495361328125e-01
5.398655533790588379e-01
4.268657565116882324e-01
4.643406867980957031e-01
5.133317708969116211e-01
2.339582443237304688e-01
2.798551321029663086e-01
3.112959861755371094e-01
6.274003982543945312e-01
4.349626600742340088e-01
5.622227787971496582e-01
1.114999532699584961e+00
4.996722340583801270e-01
2.777563035488128662e-01
4.612222909927368164e-01
4.403228759765625000e-01
5.492109656333923340e-01
6.978570222854614258e-01
5.995553731918334961e-01
4.685077667236328125e-01
2.349929511547088623e-01
6.505693197250366211e-01
7.245129942893981934e-01
7.069649696350097656e-01
5.024083852767944336e-01
5.841227769851684570e-01
1.155315518379211426e+00
3.345652818679809570e-01
3.567880690097808838e-01
3.616122007369995117e-01
4.669760167598724365e-01
5.757441520690917969e-01
3.056539595127105713e-01
3.532668650150299072e-01
4.161451160907745361e-01
5.682454109191894531e-01
5.857158303260803223e-01
1.038315296173095703e+00
6.396005749702453613e-01
3.444097638130187988e-01
3.301594257354736328e-01
2.591455876827239990e-01
1.029337048530578613e+00
