1.172343194484710693e-01
1.240104213356971741e-01
1.215364113450050354e-01
1.275239288806915283e-01
1.152604296803474426e-01
1.413344740867614746e-01
1.219221875071525574e-01
1.182895526289939880e-01
1.251182854175567627e-01
1.242821887135505676e-01
1.226827800273895264e-01
1.165568232536315918e-01
1.189556196331977844e-01
1.269726902246475220e-01
1.244265064597129822e-01
1.221754625439643860e-01
1.144712194800376892e-01
1.097920164465904236e-01
1.125326156616210938e-01
1.234272494912147522e-01
1.135495305061340332e-01
1.180928871035575867e-01
1.135232523083686829e-01
1.201873198151588440e-01
1.116550341248512268e-01
1.165054216980934143e-01
1.227342560887336731e-01
1.147358119487762451e-01
1.152904257178306580e-01
1.177954897284507751e-01
1.121365725994110107e-01
1.192654371261596680e-01
1.189135238528251648e-01
1.169054582715034485e-01
1.223313733935356140e-01
1.129859909415245056e-01
1.290343254804611206e-01
1.105142161250114441e-01
1.211661696434020996e-01
1.754937916994094849e-01
1.132084429264068604e-01
1.120738610625267029e-01
1.145901605486869812e-01
1.169504299759864807e-01
1.132863685488700867e-01
1.244210675358772278e-01
1.222185492515563965e-01
1.127893552184104919e-01
1.161513626575469971e-01
1.177903786301612854e-01
1.264239996671676636e-01
1.189705133438110352e-01
1.168094202876091003e-01
1.087186709046363831e-01
1.185596361756324768e-01
1.192037239670753479e-01
1.149169579148292542e-01
1.053856089711189270e-01
1.257922053337097168e-01
1.121895611286163330e-01
1.233944669365882874e-01
1.163524091243743896e-01
1.148817315697669983e-01
1.128535941243171692e-01
1.182831823825836182e-01
1.232618167996406555e-01
1.098735406994819641e-01
1.196872815489768982e-01
1.183379963040351868e-01
1.218912303447723389e-01
1.194989010691642761e-01
1.184915229678153992e-01
1.246395707130432129e-01
1.169252991676330566e-01
1.186417564749717712e-01
1.226667985320091248e-01
1.214884817600250244e-01
1.132715344429016113e-01
1.166318729519844055e-01
1.131325736641883850e-01
1.177841201424598694e-01
1.294323951005935669e-01
1.131664589047431946e-01
1.189747676253318787e-01
1.220268234610557556e-01
1.152021884918212891e-01
1.316572874784469604e-01
1.186985075473785400e-01
1.124734580516815186e-01
1.439232975244522095e-01
1.259867548942565918e-01
1.141294240951538086e-01
1.249591633677482605e-01
1.263944655656814575e-01
1.187497675418853760e-01
1.222510933876037598e-01
1.147279813885688782e-01
1.441905200481414795e-01
1.245200559496879578e-01
1.133836507797241211e-01
1.265398412942886353e-01
1.218700110912322998e-01
1.204735040664672852e-01
1.117649152874946594e-01
1.164331510663032532e-01
1.228149756789207458e-01
1.292127370834350586e-01
1.245886459946632385e-01
1.130289807915687561e-01
1.283975988626480103e-01
1.168861389160156250e-01
1.128740608692169189e-01
1.282354295253753662e-01
1.053403392434120178e-01
1.188748106360435486e-01
1.202674880623817444e-01
1.180532202124595642e-01
1.187379732728004456e-01
1.144224628806114197e-01
1.078643277287483215e-01
1.200001612305641174e-01
1.202516332268714905e-01
1.114553138613700867e-01
1.216638311743736267e-01
1.157459989190101624e-01
1.124448776245117188e-01
1.110167577862739563e-01
1.248017475008964539e-01
1.123385354876518250e-01
1.256113350391387939e-01
1.222621724009513855e-01
1.156757771968841553e-01
1.128620430827140808e-01
1.170131191611289978e-01
1.127425804734230042e-01
1.182177588343620300e-01
1.216326728463172913e-01
1.184128820896148682e-01
1.172390952706336975e-01
1.175164654850959778e-01
1.163789629936218262e-01
1.155214384198188782e-01
1.176424548029899597e-01
1.175228580832481384e-01
1.207927241921424866e-01
1.226078271865844727e-01
1.193263530731201172e-01
1.149438321590423584e-01
1.236662194132804871e-01
1.215028762817382812e-01
1.334916204214096069e-01
1.299605965614318848e-01
1.124541684985160828e-01
1.467903256416320801e-01
1.182764545083045959e-01
1.233326569199562073e-01
1.182162761688232422e-01
1.177797317504882812e-01
1.294888108968734741e-01
1.195101961493492126e-01
1.142735406756401062e-01
1.075984910130500793e-01
1.139349415898323059e-01
1.150105968117713928e-01
1.393662691116333008e-01
1.191133037209510803e-01
1.191556751728057861e-01
1.468441784381866455e-01
1.237120106816291809e-01
1.235416904091835022e-01
1.223224028944969177e-01
1.174428090453147888e-01
1.176622286438941956e-01
1.149902418255805969e-01
1.196647807955741882e-01
1.130736768245697021e-01
1.244216933846473694e-01
1.148547902703285217e-01
1.270652264356613159e-01
1.192793771624565125e-01
1.210400834679603577e-01
1.248874366283416748e-01
1.181187033653259277e-01
1.138006970286369324e-01
1.129616275429725647e-01
1.213408708572387695e-01
1.172572150826454163e-01
1.183593496680259705e-01
1.183371171355247498e-01
1.179779991507530212e-01
1.118053272366523743e-01
1.127122715115547180e-01
1.164397597312927246e-01
1.302775740623474121e-01
1.202111914753913879e-01
1.172606125473976135e-01
1.175993680953979492e-01
1.096763312816619873e-01
1.088641360402107239e-01
1.159346997737884521e-01
1.206374093890190125e-01
1.240442469716072083e-01
1.175340935587882996e-01
1.176297739148139954e-01
1.195288226008415222e-01
1.124310269951820374e-01
1.182920336723327637e-01
1.195293888449668884e-01
1.129002645611763000e-01
1.259496361017227173e-01
1.306200176477432251e-01
1.205188408493995667e-01
1.200245022773742676e-01
1.250398010015487671e-01
1.215651631355285645e-01
1.217156350612640381e-01
1.131849512457847595e-01
1.201533451676368713e-01
1.204747483134269714e-01
1.241508424282073975e-01
1.166165173053741455e-01
1.102184727787971497e-01
1.201670095324516296e-01
1.270321607589721680e-01
1.277014166116714478e-01
1.154408082365989685e-01
1.229955554008483887e-01
1.132365465164184570e-01
1.176076531410217285e-01
1.198092326521873474e-01
1.122478619217872620e-01
1.177441403269767761e-01
1.052491143345832825e-01
1.201939508318901062e-01
1.412842124700546265e-01
1.189202889800071716e-01
1.162497997283935547e-01
1.088098064064979553e-01
1.214206591248512268e-01
1.192938312888145447e-01
1.220663860440254211e-01
1.168091669678688049e-01
1.203327253460884094e-01
1.111944541335105896e-01
1.116153597831726074e-01
1.172444000840187073e-01
1.337465643882751465e-01
1.198408827185630798e-01
1.128884628415107727e-01
1.242150291800498962e-01
1.390169262886047363e-01
1.226766631007194519e-01
1.165234819054603577e-01
1.151711121201515198e-01
1.260585039854049683e-01
1.193323135375976562e-01
1.197481825947761536e-01
1.180654987692832947e-01
1.160852089524269104e-01
1.180487796664237976e-01
1.242865249514579773e-01
1.212317571043968201e-01
1.166100278496742249e-01
1.141643151640892029e-01
1.207254454493522644e-01
1.177575513720512390e-01
1.227937936782836914e-01
1.211581602692604065e-01
1.193113699555397034e-01
1.170116588473320007e-01
1.152943298220634460e-01
1.093375012278556824e-01
1.226202026009559631e-01
1.152287423610687256e-01
1.204467192292213440e-01
1.130837500095367432e-01
1.141429468989372253e-01
1.121548339724540710e-01
1.154546365141868591e-01
1.156770959496498108e-01
1.102116703987121582e-01
1.188756227493286133e-01
1.303514689207077026e-01
1.193244680762290955e-01
1.256766617298126221e-01
1.372617632150650024e-01
1.167346611618995667e-01
1.145815029740333557e-01
1.342830508947372437e-01
1.138583943247795105e-01
1.175815686583518982e-01
1.206802725791931152e-01
1.240978017449378967e-01
1.344083696603775024e-01
1.164484247565269470e-01
1.162980273365974426e-01
1.174851953983306885e-01
1.165873780846595764e-01
1.115146651864051819e-01
1.240165010094642639e-01
1.361487954854965210e-01
1.196663975715637207e-01
1.207141876220703125e-01
1.208746358752250671e-01
1.229901388287544250e-01
1.155615821480751038e-01
1.143817007541656494e-01
1.243551671504974365e-01
1.207018867135047913e-01
1.200172305107116699e-01
1.179675087332725525e-01
1.249891221523284912e-01
1.105441749095916748e-01
1.519656777381896973e-01
1.217802688479423523e-01
1.159784123301506042e-01
1.167793869972229004e-01
1.279802918434143066e-01
1.198136806488037109e-01
1.029047966003417969e-01
1.189717650413513184e-01
1.287129223346710205e-01
1.056790947914123535e-01
1.110269948840141296e-01
1.158838868141174316e-01
1.185185387730598450e-01
1.179774403572082520e-01
1.239300742745399475e-01
1.047721132636070251e-01
1.103075221180915833e-01
1.146412715315818787e-01
1.160031631588935852e-01
1.186353340744972229e-01
1.160436794161796570e-01
1.231277883052825928e-01
1.134489178657531738e-01
1.120460331439971924e-01
1.528665870428085327e-01
1.137369945645332336e-01
1.137910187244415283e-01
1.200486943125724792e-01
1.176907494664192200e-01
1.046595945954322815e-01
1.239599213004112244e-01
1.232586428523063660e-01
1.199076473712921143e-01
1.156731471419334412e-01
1.213472187519073486e-01
1.211320981383323669e-01
1.198287904262542725e-01
1.163661479949951172e-01
1.102343797683715820e-01
1.254224330186843872e-01
1.140593215823173523e-01
1.236568316817283630e-01
1.245104372501373291e-01
1.153947114944458008e-01
1.131746992468833923e-01
1.189465522766113281e-01
1.206188276410102844e-01
1.180346533656120300e-01
1.122978925704956055e-01
1.203512251377105713e-01
1.283689886331558228e-01
1.126730069518089294e-01
1.195512041449546814e-01
1.194612011313438416e-01
1.209603548049926758e-01
1.140306964516639709e-01
1.066482886672019958e-01
1.179622635245323181e-01
1.185331866145133972e-01
1.189746782183647156e-01
1.167708858847618103e-01
1.201468333601951599e-01
1.179098710417747498e-01
1.164399608969688416e-01
1.229378283023834229e-01
1.134294345974922180e-01
1.149637922644615173e-01
1.239838600158691406e-01
1.278237104415893555e-01
1.222136244177818298e-01
1.211724281311035156e-01
1.148271784186363220e-01
1.054081916809082031e-01
1.189548149704933167e-01
1.180305480957031250e-01
1.098725497722625732e-01
1.158302500844001770e-01
1.233221888542175293e-01
1.132349073886871338e-01
1.144972518086433411e-01
1.121623292565345764e-01
1.489901691675186157e-01
1.143342480063438416e-01
1.203323528170585632e-01
1.123605296015739441e-01
1.065552607178688049e-01
1.164316534996032715e-01
1.210017576813697815e-01
1.257198601961135864e-01
1.222515478730201721e-01
1.138872727751731873e-01
1.140496060252189636e-01
1.144813001155853271e-01
1.198687180876731873e-01
1.194465085864067078e-01
1.514261364936828613e-01
1.138317361474037170e-01
1.180005446076393127e-01
1.293319612741470337e-01
1.276021152734756470e-01
1.227296516299247742e-01
1.195437833666801453e-01
1.121517196297645569e-01
1.161126196384429932e-01
1.225757002830505371e-01
1.241468787193298340e-01
1.110993325710296631e-01
1.176035180687904358e-01
1.298120170831680298e-01
1.163378134369850159e-01
1.287927925586700439e-01
1.340520530939102173e-01
1.113959774374961853e-01
1.110493242740631104e-01
1.196963563561439514e-01
1.184593513607978821e-01
1.231984272599220276e-01
1.251354068517684937e-01
1.317206323146820068e-01
1.209066137671470642e-01
1.188954934477806091e-01
1.160719990730285645e-01
1.203110590577125549e-01
1.149653419852256775e-01
1.117780581116676331e-01
1.302945315837860107e-01
1.133165434002876282e-01
1.355157941579818726e-01
1.147827208042144775e-01
1.192426905035972595e-01
1.296653747558593750e-01
1.185702756047248840e-01
1.052887737751007080e-01
1.189807653427124023e-01
1.190724372863769531e-01
1.194627359509468079e-01
1.261535137891769409e-01
1.121023893356323242e-01
1.255103200674057007e-01
1.110892295837402344e-01
1.201191544532775879e-01
1.112254932522773743e-01
1.212512031197547913e-01
1.196600273251533508e-01
1.063026189804077148e-01
1.263381838798522949e-01
1.176367923617362976e-01
1.113921701908111572e-01
1.264677792787551880e-01
1.147672832012176514e-01
1.301752477884292603e-01
1.220359280705451965e-01
1.213915050029754639e-01
1.144248619675636292e-01
1.320525556802749634e-01
1.153789460659027100e-01
1.150582954287528992e-01
1.214759647846221924e-01
1.191884502768516541e-01
1.153554320335388184e-01
1.135350093245506287e-01
1.283864527940750122e-01
1.231093108654022217e-01
1.203864887356758118e-01
1.236812472343444824e-01
1.192196980118751526e-01
1.289483159780502319e-01
1.190342083573341370e-01
1.282335519790649414e-01
1.297676712274551392e-01
1.217857897281646729e-01
1.244440451264381409e-01
1.170604899525642395e-01
1.111952140927314758e-01
1.152629554271697998e-01
1.144122257828712463e-01
1.189874038100242615e-01
1.113950535655021667e-01
1.168411299586296082e-01
1.141640618443489075e-01
1.192411407828330994e-01
1.185950338840484619e-01
1.227735057473182678e-01
1.169945001602172852e-01
1.106375232338905334e-01
1.090930104255676270e-01
1.189842000603675842e-01
1.158721074461936951e-01
1.209889128804206848e-01
1.152824983000755310e-01
1.159128770232200623e-01
1.122067868709564209e-01
1.239533126354217529e-01
1.223426759243011475e-01
1.191527768969535828e-01
1.101273223757743835e-01
1.135109290480613708e-01
1.202846840023994446e-01
1.060307025909423828e-01
1.271380037069320679e-01
1.175217255949974060e-01
1.176339313387870789e-01
1.150476709008216858e-01
1.154667139053344727e-01
1.177717819809913635e-01
1.172452941536903381e-01
1.218283772468566895e-01
1.341654509305953979e-01
1.151256859302520752e-01
1.320316493511199951e-01
1.216669157147407532e-01
1.105401515960693359e-01
1.191963031888008118e-01
1.167170405387878418e-01
1.182392165064811707e-01
1.234160065650939941e-01
1.193920671939849854e-01
1.194149255752563477e-01
1.503105461597442627e-01
1.273837387561798096e-01
1.202957555651664734e-01
1.100815907120704651e-01
1.180481538176536560e-01
1.184459030628204346e-01
1.170503571629524231e-01
1.191149875521659851e-01
1.204267814755439758e-01
1.155277267098426819e-01
1.155966222286224365e-01
1.197764575481414795e-01
1.214867308735847473e-01
1.200141906738281250e-01
1.140793040394783020e-01
1.242109164595603943e-01
1.055126488208770752e-01
1.157054901123046875e-01
1.302396804094314575e-01
1.098449751734733582e-01
1.143807545304298401e-01
1.073617115616798401e-01
1.182781085371971130e-01
1.095466241240501404e-01
1.241586431860923767e-01
1.226176917552947998e-01
1.193070188164710999e-01
1.180628463625907898e-01
1.252104789018630981e-01
1.217124387621879578e-01
1.170095577836036682e-01
1.174881458282470703e-01
1.259118765592575073e-01
1.213662400841712952e-01
1.167991533875465393e-01
1.261463314294815063e-01
1.181022301316261292e-01
1.149434968829154968e-01
1.228772401809692383e-01
1.237808689475059509e-01
1.115031838417053223e-01
1.178702786564826965e-01
1.328799426555633545e-01
1.218980178236961365e-01
1.186199709773063660e-01
1.200236007571220398e-01
1.254590302705764771e-01
1.181752160191535950e-01
1.159395277500152588e-01
1.229495480656623840e-01
1.114037856459617615e-01
1.109245643019676208e-01
1.119373366236686707e-01
1.178053319454193115e-01
1.195141077041625977e-01
1.227945759892463684e-01
1.134397611021995544e-01
1.158370748162269592e-01
1.207363381981849670e-01
1.189098954200744629e-01
1.193075552582740784e-01
1.182001605629920959e-01
1.265839487314224243e-01
1.235129460692405701e-01
1.151008084416389465e-01
1.275333166122436523e-01
1.208847686648368835e-01
1.184880211949348450e-01
1.184606924653053284e-01
1.239716336131095886e-01
1.069104298949241638e-01
1.230070069432258606e-01
1.185258701443672180e-01
1.186729148030281067e-01
1.198991239070892334e-01
1.171717867255210876e-01
1.227607131004333496e-01
1.255384236574172974e-01
1.194541230797767639e-01
1.126136407256126404e-01
1.095829233527183533e-01
1.114321127533912659e-01
1.146589294075965881e-01
1.152480021119117737e-01
1.101505756378173828e-01
1.160383448004722595e-01
1.235168054699897766e-01
1.155781745910644531e-01
1.137353554368019104e-01
1.085627600550651550e-01
1.183994784951210022e-01
1.146753206849098206e-01
1.154153048992156982e-01
1.102393269538879395e-01
1.117665544152259827e-01
1.231983900070190430e-01
1.133349612355232239e-01
1.090039238333702087e-01
1.255024522542953491e-01
1.132413074374198914e-01
1.106257438659667969e-01
1.211552098393440247e-01
1.117950901389122009e-01
1.199718490242958069e-01
1.156175434589385986e-01
1.232837662100791931e-01
1.181545481085777283e-01
1.288500726222991943e-01
1.057641878724098206e-01
1.061403155326843262e-01
1.182179227471351624e-01
1.212391555309295654e-01
1.166592240333557129e-01
1.151080727577209473e-01
1.193150356411933899e-01
1.154241934418678284e-01
1.191036477684974670e-01
1.149406954646110535e-01
1.259078085422515869e-01
1.228716596961021423e-01
1.166465803980827332e-01
1.129866763949394226e-01
1.146190464496612549e-01
1.359827518463134766e-01
1.197407618165016174e-01
1.367258727550506592e-01
1.185453608632087708e-01
1.295661777257919312e-01
1.207927986979484558e-01
1.113648042082786560e-01
1.118796095252037048e-01
1.170469820499420166e-01
1.177670434117317200e-01
1.131709441542625427e-01
1.158988475799560547e-01
1.152754798531532288e-01
1.177923455834388733e-01
1.150790452957153320e-01
1.095909178256988525e-01
1.327982991933822632e-01
1.155587732791900635e-01
1.076148524880409241e-01
1.223233267664909363e-01
1.169630512595176697e-01
1.167914792895317078e-01
1.139796003699302673e-01
1.147808209061622620e-01
1.200000420212745667e-01
1.188672706484794617e-01
1.128581985831260681e-01
1.195949912071228027e-01
1.155115589499473572e-01
1.280187964439392090e-01
1.179204806685447693e-01
1.167109385132789612e-01
1.137846708297729492e-01
1.164097785949707031e-01
1.194889470934867859e-01
1.176434680819511414e-01
1.130027249455451965e-01
1.283579021692276001e-01
1.248275637626647949e-01
1.159634217619895935e-01
1.213419809937477112e-01
1.307624727487564087e-01
1.180775761604309082e-01
1.113317608833312988e-01
1.374040395021438599e-01
1.188533231616020203e-01
1.366521865129470825e-01
1.229109838604927063e-01
1.410092562437057495e-01
1.166179776191711426e-01
1.149419769644737244e-01
1.306456178426742554e-01
1.265791654586791992e-01
1.120002344250679016e-01
1.168646216392517090e-01
1.062274947762489319e-01
1.122655272483825684e-01
1.227628812193870544e-01
1.210159286856651306e-01
1.223987713456153870e-01
1.126934885978698730e-01
1.269177943468093872e-01
1.169280931353569031e-01
1.268414109945297241e-01
1.182428598403930664e-01
1.323951333761215210e-01
1.111985146999359131e-01
1.216271743178367615e-01
1.219656094908714294e-01
1.202653646469116211e-01
1.199414357542991638e-01
1.121345832943916321e-01
1.197385564446449280e-01
1.114476993680000305e-01
1.152754500508308411e-01
1.120879054069519043e-01
1.133511289954185486e-01
1.227833703160285950e-01
1.125287190079689026e-01
1.195074915885925293e-01
1.145213171839714050e-01
1.204774156212806702e-01
1.146413311362266541e-01
1.107704043388366699e-01
1.176087632775306702e-01
1.286024898290634155e-01
1.172712147235870361e-01
1.166444793343544006e-01
1.091273352503776550e-01
1.129889264702796936e-01
1.228242442011833191e-01
1.198424175381660461e-01
1.222981214523315430e-01
1.140015497803688049e-01
1.222358718514442444e-01
1.167091950774192810e-01
1.141291931271553040e-01
1.120572686195373535e-01
1.234013214707374573e-01
1.233261525630950928e-01
1.143989041447639465e-01
1.140616908669471741e-01
1.139036193490028381e-01
1.302025169134140015e-01
1.099835932254791260e-01
1.187237128615379333e-01
1.156024709343910217e-01
1.202598512172698975e-01
1.205331459641456604e-01
1.166862770915031433e-01
1.329277008771896362e-01
1.237019076943397522e-01
1.122274771332740784e-01
1.135751083493232727e-01
1.138864532113075256e-01
1.145210042595863342e-01
1.151954755187034607e-01
1.138285174965858459e-01
1.156586334109306335e-01
1.305395215749740601e-01
1.348918229341506958e-01
1.186089292168617249e-01
1.149840876460075378e-01
1.329237967729568481e-01
1.160004809498786926e-01
1.407870799303054810e-01
1.160099878907203674e-01
1.141198650002479553e-01
1.192043125629425049e-01
1.218528747558593750e-01
1.155941262841224670e-01
1.257485151290893555e-01
1.111107394099235535e-01
1.516078710556030273e-01
1.255002617835998535e-01
1.175304949283599854e-01
1.245217546820640564e-01
1.210530027747154236e-01
1.299286037683486938e-01
1.185662671923637390e-01
1.130540966987609863e-01
1.172886267304420471e-01
1.156747639179229736e-01
1.156543269753456116e-01
1.208964958786964417e-01
1.476092487573623657e-01
1.188732311129570007e-01
1.148279085755348206e-01
1.187376305460929871e-01
1.212304159998893738e-01
1.218247786164283752e-01
1.112798526883125305e-01
1.272175461053848267e-01
1.269325762987136841e-01
1.131981611251831055e-01
1.663527935743331909e-01
1.176064983010292053e-01
1.100964248180389404e-01
1.225510910153388977e-01
1.237301751971244812e-01
1.232777535915374756e-01
1.261502951383590698e-01
1.274074465036392212e-01
1.108713075518608093e-01
1.108243092894554138e-01
1.189077422022819519e-01
1.293201595544815063e-01
1.605811268091201782e-01
1.258005350828170776e-01
1.237829849123954773e-01
1.215059161186218262e-01
1.149533018469810486e-01
1.126564666628837585e-01
1.175055578351020813e-01
1.122341379523277283e-01
1.224721968173980713e-01
1.110527738928794861e-01
1.234671249985694885e-01
1.325484812259674072e-01
1.200245097279548645e-01
1.284448653459548950e-01
1.090078279376029968e-01
1.166245937347412109e-01
1.211298331618309021e-01
1.191927716135978699e-01
1.113458499312400818e-01
1.140893474221229553e-01
1.171355769038200378e-01
1.392575651407241821e-01
1.238085627555847168e-01
1.198506280779838562e-01
1.203849241137504578e-01
1.174649223685264587e-01
1.117738783359527588e-01
1.141423359513282776e-01
1.145815625786781311e-01
1.102316677570343018e-01
1.165849268436431885e-01
1.235346496105194092e-01
1.245206892490386963e-01
1.122203767299652100e-01
1.249224543571472168e-01
1.171958819031715393e-01
1.189814433455467224e-01
1.180764958262443542e-01
1.225563213229179382e-01
1.158476695418357849e-01
1.101723536849021912e-01
1.074352562427520752e-01
1.532318741083145142e-01
1.153596118092536926e-01
1.152609512209892273e-01
1.135393977165222168e-01
1.108036413788795471e-01
1.182365417480468750e-01
1.177796050906181335e-01
1.131254956126213074e-01
1.155543327331542969e-01
1.169802546501159668e-01
1.109627112746238708e-01
1.176676973700523376e-01
1.085581183433532715e-01
1.093856692314147949e-01
1.130320951342582703e-01
1.255760788917541504e-01
1.291716694831848145e-01
1.230668202042579651e-01
1.230534687638282776e-01
1.181678175926208496e-01
1.192589774727821350e-01
1.229240596294403076e-01
1.093977466225624084e-01
1.156338378787040710e-01
1.185864433646202087e-01
1.261179447174072266e-01
1.198524758219718933e-01
1.090132892131805420e-01
1.155956909060478210e-01
1.199804767966270447e-01
1.132762953639030457e-01
1.319295763969421387e-01
1.238744854927062988e-01
1.139177605509757996e-01
1.244024634361267090e-01
1.390324980020523071e-01
1.356436759233474731e-01
1.198655739426612854e-01
1.118400096893310547e-01
1.236211881041526794e-01
1.552000790834426880e-01
1.233042180538177490e-01
1.292596906423568726e-01
1.148277819156646729e-01
1.248996853828430176e-01
1.224394664168357849e-01
1.304628849029541016e-01
1.198824122548103333e-01
1.288969665765762329e-01
1.276037544012069702e-01
1.206057593226432800e-01
1.162552013993263245e-01
1.293895989656448364e-01
1.089447066187858582e-01
1.219951212406158447e-01
1.201114431023597717e-01
1.109871268272399902e-01
1.113450229167938232e-01
1.162668243050575256e-01
1.134159788489341736e-01
1.091815158724784851e-01
1.171746477484703064e-01
1.235007569193840027e-01
1.234801784157752991e-01
1.147434413433074951e-01
1.186019554734230042e-01
1.145777925848960876e-01
1.193900033831596375e-01
1.185449138283729553e-01
1.206725165247917175e-01
1.201497390866279602e-01
1.170747056603431702e-01
1.127000674605369568e-01
1.179424896836280823e-01
1.160707250237464905e-01
1.132854446768760681e-01
1.178475916385650635e-01
1.179414615035057068e-01
1.158328950405120850e-01
1.212220415472984314e-01
1.160466074943542480e-01
1.159319281578063965e-01
1.155204772949218750e-01
1.161972060799598694e-01
1.235955432057380676e-01
1.128979399800300598e-01
1.295782476663589478e-01
1.167497262358665466e-01
1.169758811593055725e-01
1.228239908814430237e-01
1.229710206389427185e-01
1.156834736466407776e-01
1.164593473076820374e-01
1.164036765694618225e-01
1.115762963891029358e-01
1.148624643683433533e-01
1.240897178649902344e-01
1.121606826782226562e-01
1.100463271141052246e-01
1.235967278480529785e-01
1.108111068606376648e-01
1.146492138504981995e-01
1.185889840126037598e-01
1.292790621519088745e-01
1.153329089283943176e-01
1.139959990978240967e-01
1.179551258683204651e-01
1.131826341152191162e-01
1.197328194975852966e-01
1.225074157118797302e-01
1.114389896392822266e-01
1.218564435839653015e-01
1.181323155760765076e-01
1.118034198880195618e-01
1.150864884257316589e-01
1.169793009757995605e-01
1.340851187705993652e-01
1.149194240570068359e-01
1.167294681072235107e-01
1.145853921771049500e-01
1.264883130788803101e-01
1.208448112010955811e-01
1.146567836403846741e-01
1.282342821359634399e-01
1.238386258482933044e-01
1.200845241546630859e-01
1.192231848835945129e-01
1.068661138415336609e-01
1.200036481022834778e-01
1.137817576527595520e-01
1.200902238488197327e-01
1.191163063049316406e-01
1.202680245041847229e-01
1.076978743076324463e-01
1.262119412422180176e-01
1.128074750304222107e-01
1.135673597455024719e-01
1.137644872069358826e-01
1.224379539489746094e-01
1.223596930503845215e-01
1.122495159506797791e-01
1.454299092292785645e-01
1.286696046590805054e-01
1.101669371128082275e-01
1.258862018585205078e-01
1.156920492649078369e-01
1.156300306320190430e-01
1.164073124527931213e-01
1.194535717368125916e-01
1.133038625121116638e-01
1.157677173614501953e-01
1.201054528355598450e-01
1.145506128668785095e-01
1.225216463208198547e-01
1.206549033522605896e-01
1.159620806574821472e-01
1.286119967699050903e-01
1.110869944095611572e-01
1.123422309756278992e-01
1.172621473670005798e-01
1.118120625615119934e-01
1.242758929729461670e-01
1.131276115775108337e-01
1.102078780531883240e-01
1.200855150818824768e-01
1.078735589981079102e-01
1.103203594684600830e-01
1.182276234030723572e-01
1.188931837677955627e-01
1.231102272868156433e-01
1.091730222105979919e-01
1.083546057343482971e-01
1.204225197434425354e-01
1.116649433970451355e-01
1.156659349799156189e-01
1.141647472977638245e-01
1.201962456107139587e-01
1.157870069146156311e-01
1.129229590296745300e-01
1.246064901351928711e-01
1.162087619304656982e-01
1.303619891405105591e-01
1.248229667544364929e-01
1.186863407492637634e-01
1.144654974341392517e-01
1.205364242196083069e-01
1.193524971604347229e-01
1.202258467674255371e-01
1.139303222298622131e-01
1.219181194901466370e-01
1.135814711451530457e-01
1.422694325447082520e-01
1.260569840669631958e-01
1.115672886371612549e-01
1.144302114844322205e-01
1.192030906677246094e-01
1.181032285094261169e-01
1.150282621383666992e-01
1.138105392456054688e-01
1.170607134699821472e-01
1.100727245211601257e-01
1.104874536395072937e-01
1.128738895058631897e-01
1.171347498893737793e-01
1.226686015725135803e-01
1.237961351871490479e-01
1.201791092753410339e-01
1.312364488840103149e-01
1.160814538598060608e-01
1.233775019645690918e-01
1.316226422786712646e-01
1.091214716434478760e-01
1.260907500982284546e-01
1.167637407779693604e-01
1.116482019424438477e-01
1.188162565231323242e-01
1.253171116113662720e-01
1.375830620527267456e-01
1.267691254615783691e-01
1.198314353823661804e-01
1.194464042782783508e-01
1.357020884752273560e-01
1.156870946288108826e-01
1.207405328750610352e-01
1.153417453169822693e-01
1.156565845012664795e-01
1.291201859712600708e-01
1.388157159090042114e-01
1.323487609624862671e-01
1.130723133683204651e-01
1.213802918791770935e-01
1.194070875644683838e-01
1.078873500227928162e-01
1.773402243852615356e-01
1.241471394896507263e-01
1.154249534010887146e-01
1.242057308554649353e-01
1.156884431838989258e-01
1.159932836890220642e-01
1.177744269371032715e-01
1.213384568691253662e-01
1.167157515883445740e-01
1.324825435876846313e-01
1.183637976646423340e-01
1.089279875159263611e-01
1.088604554533958435e-01
1.122957691550254822e-01
1.132744252681732178e-01
1.139263287186622620e-01
1.197654977440834045e-01
1.119553744792938232e-01
1.154836043715476990e-01
1.239234730601310730e-01
1.217282488942146301e-01
1.229658797383308411e-01
1.191990971565246582e-01
1.209421828389167786e-01
1.145992949604988098e-01
1.180785521864891052e-01
1.159446835517883301e-01
1.125983223319053650e-01
1.087930575013160706e-01
1.231524720788002014e-01
1.114838421344757080e-01
1.155769824981689453e-01
1.199184879660606384e-01
1.099577918648719788e-01
1.188196316361427307e-01
1.158362925052642822e-01
1.139450594782829285e-01
1.109338775277137756e-01
1.236846372485160828e-01
1.170245110988616943e-01
1.138159334659576416e-01
1.118882074952125549e-01
1.065603122115135193e-01
1.140991151332855225e-01
1.215549707412719727e-01
1.116002276539802551e-01
1.165076121687889099e-01
1.074491515755653381e-01
1.186998113989830017e-01
1.245022341609001160e-01
1.165459156036376953e-01
1.164963841438293457e-01
1.213620528578758240e-01
1.169505119323730469e-01
1.210088059306144714e-01
1.074486374855041504e-01
1.180954501032829285e-01
1.173169612884521484e-01
1.119092106819152832e-01
1.270059943199157715e-01
1.169379130005836487e-01
1.117596402764320374e-01
1.259436458349227905e-01
1.134141907095909119e-01
1.208028197288513184e-01
1.151816621422767639e-01
1.197005882859230042e-01
1.255251318216323853e-01
1.225926503539085388e-01
1.231935918331146240e-01
1.136177182197570801e-01
1.140345111489295959e-01
1.262765675783157349e-01
1.238022074103355408e-01
1.197517812252044678e-01
1.193240359425544739e-01
1.111885681748390198e-01
1.223377361893653870e-01
1.131277903914451599e-01
1.171022281050682068e-01
1.208469197154045105e-01
1.140342727303504944e-01
1.167873963713645935e-01
1.169148683547973633e-01
1.213169097900390625e-01
1.329028308391571045e-01
1.135281622409820557e-01
1.167667135596275330e-01
1.407884806394577026e-01
1.101478263735771179e-01
1.228123009204864502e-01
1.270094364881515503e-01
1.185456216335296631e-01
1.170794889330863953e-01
1.287161707878112793e-01
1.227480694651603699e-01
1.110375523567199707e-01
1.203154027462005615e-01
1.562222689390182495e-01
1.348412781953811646e-01
1.151045784354209900e-01
1.205534711480140686e-01
1.224104166030883789e-01
1.201058700680732727e-01
1.261191517114639282e-01
1.191388145089149475e-01
1.190019845962524414e-01
1.224207580089569092e-01
1.138550415635108948e-01
1.222003772854804993e-01
1.173072457313537598e-01
1.151679083704948425e-01
1.190657988190650940e-01
1.134569346904754639e-01
1.156742945313453674e-01
1.232730075716972351e-01
1.165861859917640686e-01
1.275682002305984497e-01
1.175819337368011475e-01
1.260836422443389893e-01
1.116289421916007996e-01
1.128574386239051819e-01
1.233722865581512451e-01
1.241479143500328064e-01
1.141503676772117615e-01
1.140794828534126282e-01
1.224191784858703613e-01
1.232222020626068115e-01
1.789950579404830933e-01
1.258443742990493774e-01
1.168086454272270203e-01
1.067164614796638489e-01
1.274365335702896118e-01
1.247732639312744141e-01
1.226751506328582764e-01
1.147130802273750305e-01
1.220694556832313538e-01
1.277699321508407593e-01
1.150346100330352783e-01
1.177806258201599121e-01
1.150327548384666443e-01
1.269239336252212524e-01
1.087759137153625488e-01
1.333156824111938477e-01
1.121995225548744202e-01
1.193876489996910095e-01
1.187139973044395447e-01
1.185436844825744629e-01
1.167642772197723389e-01
1.240032315254211426e-01
1.113910600543022156e-01
1.194385513663291931e-01
1.061196699738502502e-01
1.159149482846260071e-01
1.150099560618400574e-01
1.177897229790687561e-01
1.181236132979393005e-01
1.187539622187614441e-01
1.129980385303497314e-01
1.194175854325294495e-01
1.101582422852516174e-01
1.083810850977897644e-01
1.222969666123390198e-01
1.113815382122993469e-01
1.117275580763816833e-01
1.217040643095970154e-01
1.071836575865745544e-01
1.168777719140052795e-01
1.079360842704772949e-01
1.204252466559410095e-01
1.190773919224739075e-01
1.144043579697608948e-01
1.187821850180625916e-01
1.207471564412117004e-01
1.170336976647377014e-01
1.129911318421363831e-01
1.221217513084411621e-01
1.215186491608619690e-01
1.522258371114730835e-01
1.157038435339927673e-01
1.096935793757438660e-01
1.217129305005073547e-01
1.179044917225837708e-01
1.207655891776084900e-01
1.124266609549522400e-01
1.118363961577415466e-01
1.149364709854125977e-01
1.079158484935760498e-01
1.240260675549507141e-01
1.206134334206581116e-01
1.306007802486419678e-01
1.176320090889930725e-01
1.170494928956031799e-01
1.221000179648399353e-01
1.165957525372505188e-01
1.204432919621467590e-01
1.099752783775329590e-01
1.201013326644897461e-01
1.214368864893913269e-01
1.125167831778526306e-01
1.381770074367523193e-01
1.294732093811035156e-01
1.202881112694740295e-01
1.163996085524559021e-01
1.174366474151611328e-01
1.105306521058082581e-01
1.171077489852905273e-01
1.294903904199600220e-01
1.119814291596412659e-01
1.125046238303184509e-01
1.389538049697875977e-01
1.174174249172210693e-01
1.066504642367362976e-01
1.306148320436477661e-01
1.165344044566154480e-01
1.147930249571800232e-01
1.150672808289527893e-01
1.224016547203063965e-01
1.034484207630157471e-01
1.140054240822792053e-01
1.197482123970985413e-01
1.202767863869667053e-01
1.162680685520172119e-01
1.279886215925216675e-01
1.242979839444160461e-01
1.396635621786117554e-01
1.113924682140350342e-01
1.118766367435455322e-01
1.207739412784576416e-01
1.134730353951454163e-01
1.138216033577919006e-01
1.144488230347633362e-01
1.200345978140830994e-01
1.197373494505882263e-01
1.082062423229217529e-01
1.151964068412780762e-01
1.163176670670509338e-01
1.154082417488098145e-01
1.078782305121421814e-01
1.138359531760215759e-01
1.134553775191307068e-01
1.211958453059196472e-01
1.216635927557945251e-01
1.231580376625061035e-01
1.079497709870338440e-01
1.196867227554321289e-01
1.499252170324325562e-01
1.156205311417579651e-01
1.117589846253395081e-01
1.104044690728187561e-01
1.182351484894752502e-01
1.109103038907051086e-01
1.135681197047233582e-01
1.131958961486816406e-01
1.327928751707077026e-01
1.145737171173095703e-01
1.078878939151763916e-01
1.146134510636329651e-01
1.158756390213966370e-01
1.163914427161216736e-01
1.173745989799499512e-01
1.191368699073791504e-01
1.171934828162193298e-01
1.179089546203613281e-01
1.195996701717376709e-01
1.313584893941879272e-01
1.215844675898551941e-01
1.143487021327018738e-01
1.295426785945892334e-01
1.106442138552665710e-01
1.215805485844612122e-01
1.153190508484840393e-01
1.225101947784423828e-01
1.161640286445617676e-01
1.139059662818908691e-01
1.233612373471260071e-01
1.185564175248146057e-01
1.245354190468788147e-01
1.190972998738288879e-01
1.183689832687377930e-01
1.214413046836853027e-01
1.224691793322563171e-01
1.263055354356765747e-01
1.138287186622619629e-01
1.126316562294960022e-01
1.097688451409339905e-01
1.186949089169502258e-01
1.217842698097229004e-01
1.109140738844871521e-01
1.234111785888671875e-01
1.113174259662628174e-01
1.164919734001159668e-01
1.169911250472068787e-01
1.242620125412940979e-01
1.492324322462081909e-01
1.143340468406677246e-01
1.044954285025596619e-01
1.198291778564453125e-01
1.095853820443153381e-01
1.274863928556442261e-01
1.158626377582550049e-01
1.110143363475799561e-01
1.183209717273712158e-01
1.160227730870246887e-01
1.144297197461128235e-01
1.194965764880180359e-01
1.159492656588554382e-01
1.214075312018394470e-01
1.117773875594139099e-01
1.194642186164855957e-01
1.137576103210449219e-01
1.166241541504859924e-01
1.189896240830421448e-01
1.253282874822616577e-01
1.183192655444145203e-01
1.126995459198951721e-01
1.138638928532600403e-01
1.088505759835243225e-01
1.089319959282875061e-01
1.124789416790008545e-01
1.214363649487495422e-01
1.101496741175651550e-01
1.251111477613449097e-01
1.193152070045471191e-01
1.147825047373771667e-01
1.216072812676429749e-01
1.144911125302314758e-01
1.184875443577766418e-01
1.168180629611015320e-01
1.175584495067596436e-01
1.237128898501396179e-01
1.091980040073394775e-01
1.182208061218261719e-01
1.185330525040626526e-01
1.134399175643920898e-01
1.140613555908203125e-01
1.151299402117729187e-01
1.158238723874092102e-01
1.096580028533935547e-01
1.180612146854400635e-01
1.165103614330291748e-01
1.204442456364631653e-01
1.121483221650123596e-01
1.264473050832748413e-01
1.262665838003158569e-01
1.084655597805976868e-01
1.172975823283195496e-01
1.155413761734962463e-01
1.171372756361961365e-01
1.202796027064323425e-01
1.185154914855957031e-01
1.292845457792282104e-01
1.155075654387474060e-01
1.184352040290832520e-01
1.093082502484321594e-01
1.213029325008392334e-01
1.185361146926879883e-01
1.223806142807006836e-01
1.134217455983161926e-01
1.195025667548179626e-01
1.187700703740119934e-01
1.119102612137794495e-01
1.143811717629432678e-01
1.145950481295585632e-01
1.132152080535888672e-01
1.156310737133026123e-01
1.151741370558738708e-01
1.132606044411659241e-01
1.159010827541351318e-01
1.170351430773735046e-01
1.153241097927093506e-01
1.292961388826370239e-01
1.183414086699485779e-01
1.258893162012100220e-01
1.257501989603042603e-01
1.220503821969032288e-01
1.123678907752037048e-01
1.203076615929603577e-01
1.117201223969459534e-01
1.113105043768882751e-01
1.197512447834014893e-01
1.183283701539039612e-01
1.170545220375061035e-01
1.166867241263389587e-01
1.098235547542572021e-01
1.206927075982093811e-01
1.143907308578491211e-01
1.222499907016754150e-01
1.143741384148597717e-01
1.117391586303710938e-01
1.193013116717338562e-01
1.158865988254547119e-01
1.285857111215591431e-01
1.270231008529663086e-01
1.265603750944137573e-01
1.178418025374412537e-01
1.187207326292991638e-01
1.101038381457328796e-01
1.135676875710487366e-01
1.095686331391334534e-01
1.194249764084815979e-01
1.192708238959312439e-01
1.152333021163940430e-01
1.406369805335998535e-01
1.182730123400688171e-01
1.175558939576148987e-01
1.221714541316032410e-01
1.139743700623512268e-01
1.193102672696113586e-01
1.110613048076629639e-01
1.096138581633567810e-01
1.260559707880020142e-01
1.309354752302169800e-01
1.064389273524284363e-01
1.121574267745018005e-01
1.121451333165168762e-01
1.140169277787208557e-01
1.362356692552566528e-01
1.140005216002464294e-01
1.152564361691474915e-01
1.152520850300788879e-01
1.135138273239135742e-01
1.056265234947204590e-01
1.079851388931274414e-01
1.203711256384849548e-01
1.253686547279357910e-01
1.130765900015830994e-01
1.173607185482978821e-01
1.137019619345664978e-01
1.206630691885948181e-01
1.302355974912643433e-01
1.177393794059753418e-01
1.302247941493988037e-01
1.122682392597198486e-01
1.160446926951408386e-01
1.133279278874397278e-01
1.127234771847724915e-01
1.084634885191917419e-01
1.098036393523216248e-01
1.118190214037895203e-01
1.088958159089088440e-01
1.157774850726127625e-01
1.133942529559135437e-01
1.270722895860671997e-01
1.127982437610626221e-01
1.151645109057426453e-01
1.081653237342834473e-01
1.166377142071723938e-01
1.201449632644653320e-01
1.137209013104438782e-01
1.113691553473472595e-01
1.144680306315422058e-01
1.138400062918663025e-01
1.168690994381904602e-01
1.131301745772361755e-01
1.171544715762138367e-01
1.158347055315971375e-01
1.234839633107185364e-01
1.117121204733848572e-01
1.227973923087120056e-01
1.092092320322990417e-01
1.168277934193611145e-01
1.191367730498313904e-01
1.274154484272003174e-01
1.135880127549171448e-01
1.148866117000579834e-01
1.171129420399665833e-01
1.207489743828773499e-01
1.088864207267761230e-01
1.216454207897186279e-01
1.210281923413276672e-01
1.090902388095855713e-01
1.145938411355018616e-01
1.471015363931655884e-01
1.315524727106094360e-01
1.218622103333473206e-01
1.086632087826728821e-01
1.226523891091346741e-01
1.294386982917785645e-01
1.151540502905845642e-01
1.155593171715736389e-01
1.180118396878242493e-01
1.045356914401054382e-01
1.105382665991783142e-01
1.082741990685462952e-01
1.201080083847045898e-01
1.179706081748008728e-01
1.119074150919914246e-01
1.063678637146949768e-01
1.173612847924232483e-01
1.132159307599067688e-01
1.104919910430908203e-01
1.264111548662185669e-01
1.090616211295127869e-01
1.179902553558349609e-01
1.121555864810943604e-01
1.186352670192718506e-01
1.148591116070747375e-01
1.113148704171180725e-01
1.202898919582366943e-01
1.130540370941162109e-01
1.145448312163352966e-01
1.149758622050285339e-01
1.091862320899963379e-01
1.116100922226905823e-01
1.082886978983879089e-01
1.207349300384521484e-01
1.159945651888847351e-01
1.189936622977256775e-01
1.122265458106994629e-01
1.278808712959289551e-01
1.099051237106323242e-01
1.130800023674964905e-01
1.139324530959129333e-01
1.180651783943176270e-01
1.186479926109313965e-01
1.118213608860969543e-01
1.179513633251190186e-01
1.152405738830566406e-01
1.066360771656036377e-01
1.159718409180641174e-01
1.142543554306030273e-01
1.153506934642791748e-01
1.148341596126556396e-01
1.101454868912696838e-01
1.201030015945434570e-01
1.129731163382530212e-01
1.104426383972167969e-01
1.138578355312347412e-01
1.126391813158988953e-01
1.165292337536811829e-01
1.115370020270347595e-01
1.139339804649353027e-01
1.134688034653663635e-01
1.140153408050537109e-01
1.187894865870475769e-01
1.146366819739341736e-01
1.134325638413429260e-01
1.106385365128517151e-01
1.104758754372596741e-01
1.142493188381195068e-01
1.215089932084083557e-01
1.160786226391792297e-01
1.144888475537300110e-01
1.168850883841514587e-01
1.152827739715576172e-01
1.223214045166969299e-01
1.205586418509483337e-01
1.125777587294578552e-01
1.104448065161705017e-01
1.298909038305282593e-01
1.165753901004791260e-01
1.281986683607101440e-01
1.121373251080513000e-01
1.442680507898330688e-01
1.139622032642364502e-01
1.165338382124900818e-01
1.175717934966087341e-01
1.903671026229858398e-01
1.177068725228309631e-01
1.252578049898147583e-01
1.246737241744995117e-01
1.271797865629196167e-01
1.239244043827056885e-01
1.049472689628601074e-01
1.083726361393928528e-01
1.114258542656898499e-01
1.143485531210899353e-01
1.123202666640281677e-01
1.112335920333862305e-01
1.233095154166221619e-01
1.100799515843391418e-01
1.210839748382568359e-01
1.227923706173896790e-01
1.100195273756980896e-01
1.088644340634346008e-01
1.269690990447998047e-01
1.048078536987304688e-01
1.125402823090553284e-01
1.059474125504493713e-01
1.151438727974891663e-01
1.061906889081001282e-01
1.192834898829460144e-01
1.155083477497100830e-01
1.173055991530418396e-01
1.189567744731903076e-01
1.109453067183494568e-01
1.304287165403366089e-01
1.151421591639518738e-01
1.154353097081184387e-01
1.277668178081512451e-01
1.117094829678535461e-01
1.225740835070610046e-01
1.169407740235328674e-01
1.162231490015983582e-01
1.101814135909080505e-01
1.184518411755561829e-01
1.129277125000953674e-01
1.123207435011863708e-01
1.341044902801513672e-01
1.153008118271827698e-01
1.150855720043182373e-01
1.162065491080284119e-01
1.154855489730834961e-01
1.187279894948005676e-01
1.100674495100975037e-01
1.177161037921905518e-01
1.236321106553077698e-01
1.263150125741958618e-01
1.205852925777435303e-01
1.105383411049842834e-01
1.206336542963981628e-01
1.353891193866729736e-01
1.156824603676795959e-01
1.119641438126564026e-01
1.070080101490020752e-01
1.148698404431343079e-01
1.117402687668800354e-01
1.130163073539733887e-01
1.111023202538490295e-01
1.080078259110450745e-01
1.189495101571083069e-01
1.195534095168113708e-01
1.293855011463165283e-01
1.226199492812156677e-01
1.147698163986206055e-01
1.201047375798225403e-01
1.411188244819641113e-01
1.190180256962776184e-01
1.087977066636085510e-01
1.126517280936241150e-01
1.151192486286163330e-01
1.158314719796180725e-01
1.090134158730506897e-01
1.239797845482826233e-01
1.059799492359161377e-01
1.248993277549743652e-01
1.170734837651252747e-01
1.157114505767822266e-01
1.146035566926002502e-01
1.194330081343650818e-01
1.267099976539611816e-01
1.107089594006538391e-01
1.256758123636245728e-01
1.188155934214591980e-01
1.235047280788421631e-01
1.227717697620391846e-01
1.242930889129638672e-01
1.185944899916648865e-01
1.252549439668655396e-01
1.077851653099060059e-01
1.137952581048011780e-01
1.170101240277290344e-01
1.280890554189682007e-01
1.132199540734291077e-01
1.203433796763420105e-01
1.291180402040481567e-01
1.189524754881858826e-01
1.124342978000640869e-01
1.425223350524902344e-01
1.189452782273292542e-01
1.130997836589813232e-01
1.152167320251464844e-01
1.143738850951194763e-01
1.161425337195396423e-01
1.103651300072669983e-01
1.170851513743400574e-01
1.224128976464271545e-01
1.638490706682205200e-01
1.136359870433807373e-01
1.194168925285339355e-01
1.172936335206031799e-01
1.275308281183242798e-01
1.146487295627593994e-01
1.157412603497505188e-01
1.202280148863792419e-01
1.200458630919456482e-01
1.117527261376380920e-01
1.364441812038421631e-01
1.200095340609550476e-01
1.146823763847351074e-01
1.206358149647712708e-01
1.183165907859802246e-01
1.217294633388519287e-01
1.210064664483070374e-01
1.146182641386985779e-01
1.108716800808906555e-01
1.067641377449035645e-01
1.136847734451293945e-01
1.150483116507530212e-01
1.213024258613586426e-01
1.172596886754035950e-01
1.242604255676269531e-01
1.162782832980155945e-01
1.236116513609886169e-01
1.138169839978218079e-01
1.183408126235008240e-01
1.061091125011444092e-01
1.112765595316886902e-01
1.121803447604179382e-01
1.116966903209686279e-01
1.087779328227043152e-01
1.163255646824836731e-01
1.150171160697937012e-01
1.207904741168022156e-01
1.264090985059738159e-01
1.071723327040672302e-01
1.188294664025306702e-01
1.224455758929252625e-01
1.083689630031585693e-01
1.159425452351570129e-01
1.116394475102424622e-01
1.161997243762016296e-01
1.089423894882202148e-01
1.166294813156127930e-01
1.162188127636909485e-01
1.191040500998497009e-01
1.209855303168296814e-01
1.193778440356254578e-01
1.143544018268585205e-01
1.222627535462379456e-01
1.184399202466011047e-01
1.093686148524284363e-01
1.136520504951477051e-01
1.166270747780799866e-01
1.378254145383834839e-01
1.214451789855957031e-01
1.087720766663551331e-01
1.267413645982742310e-01
1.138951778411865234e-01
1.282625198364257812e-01
1.218687221407890320e-01
1.224629878997802734e-01
1.084061190485954285e-01
1.175800859928131104e-01
1.275610476732254028e-01
1.085144653916358948e-01
1.168438494205474854e-01
1.143917664885520935e-01
1.101105809211730957e-01
1.195004954934120178e-01
1.113870963454246521e-01
1.131735146045684814e-01
1.187531128525733948e-01
1.184107437729835510e-01
1.096764430403709412e-01
1.148508489131927490e-01
1.145614609122276306e-01
1.232679262757301331e-01
1.221129521727561951e-01
1.112687513232231140e-01
1.146725490689277649e-01
1.096693798899650574e-01
1.174279376864433289e-01
1.135792657732963562e-01
1.130029186606407166e-01
1.142715737223625183e-01
1.147410273551940918e-01
1.141719892621040344e-01
1.389566808938980103e-01
1.135087013244628906e-01
1.161145046353340149e-01
1.197751089930534363e-01
1.208739355206489563e-01
1.183173358440399170e-01
1.152644678950309753e-01
1.160498559474945068e-01
1.083832457661628723e-01
1.393635720014572144e-01
1.180302873253822327e-01
1.102915778756141663e-01
1.131715252995491028e-01
1.200784519314765930e-01
1.221649423241615295e-01
1.266882568597793579e-01
1.116512194275856018e-01
1.211091279983520508e-01
1.207712218165397644e-01
1.208774074912071228e-01
1.176236942410469055e-01
1.099200919270515442e-01
1.250185966491699219e-01
1.210795268416404724e-01
1.076728031039237976e-01
1.229371204972267151e-01
1.132911145687103271e-01
1.150810047984123230e-01
1.112434193491935730e-01
1.141674220561981201e-01
1.246408000588417053e-01
1.257117837667465210e-01
1.106351315975189209e-01
1.212753430008888245e-01
1.173310801386833191e-01
1.133268475532531738e-01
1.170610561966896057e-01
1.208420768380165100e-01
1.230883970856666565e-01
1.189822852611541748e-01
1.294699758291244507e-01
1.095820888876914978e-01
1.159287020564079285e-01
1.143097579479217529e-01
1.258801370859146118e-01
1.153050437569618225e-01
1.151813641190528870e-01
1.126098558306694031e-01
1.176581457257270813e-01
1.152166202664375305e-01
1.205448731780052185e-01
1.139469519257545471e-01
1.134295836091041565e-01
1.150514706969261169e-01
1.126469746232032776e-01
1.142156124114990234e-01
1.110865846276283264e-01
1.104989275336265564e-01
1.164931580424308777e-01
1.436567157506942749e-01
1.182515621185302734e-01
1.129958257079124451e-01
1.216624379158020020e-01
1.318636536598205566e-01
1.245811805129051208e-01
1.234840750694274902e-01
1.120561882853507996e-01
1.329090446233749390e-01
1.130890473723411560e-01
1.127366945147514343e-01
1.176275536417961121e-01
1.196457147598266602e-01
1.139555200934410095e-01
1.316603273153305054e-01
1.202757284045219421e-01
1.187121197581291199e-01
1.226333454251289368e-01
1.284655183553695679e-01
1.190817728638648987e-01
1.193522810935974121e-01
1.155272945761680603e-01
1.221209838986396790e-01
1.158125773072242737e-01
1.142012700438499451e-01
1.084078177809715271e-01
1.238343417644500732e-01
1.127801537513732910e-01
1.162524446845054626e-01
1.148596033453941345e-01
1.097891330718994141e-01
1.138085201382637024e-01
1.115850508213043213e-01
1.162636205554008484e-01
1.153257265686988831e-01
1.190153360366821289e-01
1.156343892216682434e-01
1.202527657151222229e-01
1.171958222985267639e-01
1.158803179860115051e-01
1.253121942281723022e-01
1.113482788205146790e-01
1.196334362030029297e-01
1.166310831904411316e-01
1.236820593476295471e-01
1.223255023360252380e-01
1.326280832290649414e-01
1.169993802905082703e-01
1.065037921071052551e-01
1.165092587471008301e-01
1.184247732162475586e-01
1.138994470238685608e-01
1.113392934203147888e-01
1.203296780586242676e-01
1.185528635978698730e-01
1.186079680919647217e-01
1.227211579680442810e-01
1.158290132880210876e-01
1.160714328289031982e-01
1.276383996009826660e-01
1.153460741043090820e-01
1.138671264052391052e-01
1.176660880446434021e-01
1.217899098992347717e-01
1.198201477527618408e-01
1.121910586953163147e-01
1.150987371802330017e-01
1.150387153029441833e-01
1.150689795613288879e-01
1.168051883578300476e-01
1.183840557932853699e-01
1.203893721103668213e-01
1.241615191102027893e-01
1.098808571696281433e-01
1.262080222368240356e-01
1.136744990944862366e-01
1.324035525321960449e-01
1.245717480778694153e-01
1.192747130990028381e-01
1.230256259441375732e-01
1.228334680199623108e-01
1.209396719932556152e-01
1.251931637525558472e-01
1.147079095244407654e-01
1.084326729178428650e-01
1.239519119262695312e-01
1.157959401607513428e-01
1.191814839839935303e-01
1.203176975250244141e-01
1.085610911250114441e-01
1.221350803971290588e-01
1.249688267707824707e-01
1.248968020081520081e-01
1.121915280818939209e-01
1.188330128788948059e-01
1.173484548926353455e-01
1.223911419510841370e-01
1.173863187432289124e-01
1.138236522674560547e-01
1.221730187535285950e-01
1.118152141571044922e-01
1.100016012787818909e-01
1.157003268599510193e-01
1.319123953580856323e-01
1.233476772904396057e-01
1.272967606782913208e-01
1.207068637013435364e-01
1.298854798078536987e-01
1.114614680409431458e-01
1.139548495411872864e-01
1.177233085036277771e-01
1.185756102204322815e-01
1.224848553538322449e-01
1.257123798131942749e-01
1.287152320146560669e-01
1.162294521927833557e-01
1.164189800620079041e-01
1.184839606285095215e-01
1.244251504540443420e-01
1.231865659356117249e-01
1.143955215811729431e-01
1.173881366848945618e-01
1.183576583862304688e-01
1.174076721072196960e-01
1.104776784777641296e-01
1.098922416567802429e-01
1.123318672180175781e-01
1.423586606979370117e-01
1.162012815475463867e-01
1.128368452191352844e-01
1.360649466514587402e-01
1.175465285778045654e-01
1.164241358637809753e-01
1.135306134819984436e-01
1.200281456112861633e-01
1.227508261799812317e-01
1.100507676601409912e-01
1.101138517260551453e-01
1.136731728911399841e-01
1.211123764514923096e-01
1.183670088648796082e-01
1.174416765570640564e-01
1.142469272017478943e-01
1.073857173323631287e-01
1.162564456462860107e-01
1.087991669774055481e-01
1.169838309288024902e-01
1.189246401190757751e-01
1.144813820719718933e-01
1.181521788239479065e-01
1.221975684165954590e-01
1.221057400107383728e-01
1.140884459018707275e-01
1.211315467953681946e-01
1.133300364017486572e-01
1.177435740828514099e-01
1.117965951561927795e-01
1.200038865208625793e-01
1.167564168572425842e-01
1.134060025215148926e-01
1.261314302682876587e-01
1.150030493736267090e-01
1.165833994746208191e-01
1.173631846904754639e-01
1.167840361595153809e-01
1.178841516375541687e-01
1.055212244391441345e-01
1.132972612977027893e-01
1.490286588668823242e-01
1.133100986480712891e-01
1.317445039749145508e-01
1.134791970252990723e-01
1.230772808194160461e-01
1.194219365715980530e-01
1.120266690850257874e-01
1.152782514691352844e-01
1.162260174751281738e-01
1.181314885616302490e-01
1.187945827841758728e-01
1.160340681672096252e-01
1.239144802093505859e-01
1.162144541740417480e-01
1.120062097907066345e-01
1.457706093788146973e-01
1.207745745778083801e-01
1.189057454466819763e-01
1.183461919426918030e-01
1.238211169838905334e-01
1.112110018730163574e-01
1.200884059071540833e-01
1.216385737061500549e-01
1.170658171176910400e-01
1.147619858384132385e-01
1.171258687973022461e-01
1.238367483019828796e-01
1.078018471598625183e-01
1.216191872954368591e-01
1.124700382351875305e-01
1.195059120655059814e-01
1.133609786629676819e-01
1.218692064285278320e-01
1.167787313461303711e-01
1.166978254914283752e-01
1.159982159733772278e-01
1.258686929941177368e-01
1.173876523971557617e-01
1.164371669292449951e-01
1.331009268760681152e-01
1.117027699947357178e-01
1.158613488078117371e-01
1.239170655608177185e-01
1.193610355257987976e-01
1.187021359801292419e-01
1.409157514572143555e-01
1.090612486004829407e-01
1.173459514975547791e-01
1.094264164566993713e-01
1.179666221141815186e-01
1.107407212257385254e-01
1.183127835392951965e-01
1.181351915001869202e-01
1.238192543387413025e-01
1.193938776850700378e-01
1.154350116848945618e-01
1.195731759071350098e-01
1.193073987960815430e-01
1.116171553730964661e-01
1.228981092572212219e-01
1.194301769137382507e-01
1.266945749521255493e-01
1.215936765074729919e-01
1.164038181304931641e-01
1.193539723753929138e-01
1.065735146403312683e-01
1.160705164074897766e-01
1.156183108687400818e-01
1.076003387570381165e-01
1.164936795830726624e-01
1.177163422107696533e-01
1.222106441855430603e-01
1.141730770468711853e-01
1.082190871238708496e-01
1.217213496565818787e-01
1.072634756565093994e-01
1.083672940731048584e-01
1.208208575844764709e-01
1.170654371380805969e-01
1.136864647269248962e-01
1.163371875882148743e-01
1.098649501800537109e-01
1.143986359238624573e-01
1.125845909118652344e-01
1.200650036334991455e-01
1.126855388283729553e-01
1.220586374402046204e-01
1.302748173475265503e-01
1.116369962692260742e-01
1.154695674777030945e-01
1.067036017775535583e-01
1.206238269805908203e-01
1.098971441388130188e-01
1.155363991856575012e-01
1.163909211754798889e-01
1.150840297341346741e-01
1.184266284108161926e-01
1.172396168112754822e-01
1.132366284728050232e-01
1.350374966859817505e-01
1.215473413467407227e-01
1.117053255438804626e-01
1.157863736152648926e-01
1.134357824921607971e-01
1.147718057036399841e-01
1.136464700102806091e-01
1.196021065115928650e-01
1.118346825242042542e-01
1.155593767762184143e-01
1.103428006172180176e-01
1.098174452781677246e-01
1.224350407719612122e-01
1.125929281115531921e-01
1.192987933754920959e-01
1.230577230453491211e-01
1.239107847213745117e-01
1.251339018344879150e-01
1.186877414584159851e-01
1.071207523345947266e-01
1.136959791183471680e-01
1.160334646701812744e-01
1.213858053088188171e-01
1.227418407797813416e-01
1.154713258147239685e-01
1.113107129931449890e-01
1.187952831387519836e-01
1.231954023241996765e-01
1.395898163318634033e-01
1.146878227591514587e-01
1.065373048186302185e-01
1.097140833735466003e-01
1.159259453415870667e-01
1.104811206459999084e-01
1.168014183640480042e-01
1.153453662991523743e-01
1.132929921150207520e-01
1.136369034647941589e-01
1.161213591694831848e-01
1.228883638978004456e-01
1.170610859990119934e-01
1.313754022121429443e-01
1.186460554599761963e-01
1.144839450716972351e-01
1.172239705920219421e-01
1.122352853417396545e-01
1.133205667138099670e-01
1.093873903155326843e-01
1.143827214837074280e-01
1.151251420378684998e-01
1.134472265839576721e-01
1.190134510397911072e-01
1.164198592305183411e-01
1.175704970955848694e-01
1.145093441009521484e-01
1.078956723213195801e-01
1.167323216795921326e-01
1.076847314834594727e-01
1.134580448269844055e-01
1.257071346044540405e-01
1.161501184105873108e-01
1.261366605758666992e-01
1.163729354739189148e-01
1.083612963557243347e-01
1.086023226380348206e-01
1.080604195594787598e-01
1.137512028217315674e-01
1.128598824143409729e-01
1.210556402802467346e-01
1.117886304855346680e-01
1.135458350181579590e-01
1.097387447953224182e-01
1.357472687959671021e-01
1.130985990166664124e-01
1.139858365058898926e-01
1.156320497393608093e-01
1.186483427882194519e-01
1.153335645794868469e-01
1.117081046104431152e-01
1.158370897173881531e-01
1.321208626031875610e-01
1.187469363212585449e-01
1.157778725028038025e-01
1.202680394053459167e-01
1.151891276240348816e-01
1.052234843373298645e-01
1.181835606694221497e-01
1.215892359614372253e-01
1.150004342198371887e-01
1.089779958128929138e-01
1.275982558727264404e-01
1.255141645669937134e-01
1.248281672596931458e-01
1.074651554226875305e-01
1.185782924294471741e-01
1.188932582736015320e-01
1.340206861495971680e-01
1.127989217638969421e-01
1.113602817058563232e-01
1.069673523306846619e-01
1.227705404162406921e-01
1.134797334671020508e-01
1.353469043970108032e-01
1.155640110373497009e-01
1.196808815002441406e-01
1.169876381754875183e-01
1.108985468745231628e-01
1.146894916892051697e-01
1.242546960711479187e-01
1.158421859145164490e-01
1.195161417126655579e-01
1.240309402346611023e-01
1.276267766952514648e-01
1.091447845101356506e-01
1.079106554388999939e-01
1.113273873925209045e-01
1.053330004215240479e-01
1.213571056723594666e-01
1.174385622143745422e-01
1.145036593079566956e-01
1.162556409835815430e-01
1.235793605446815491e-01
1.260331422090530396e-01
1.189428791403770447e-01
1.171933338046073914e-01
1.064160242676734924e-01
1.127065792679786682e-01
1.200412139296531677e-01
1.193777918815612793e-01
1.108291819691658020e-01
1.113472208380699158e-01
1.205995082855224609e-01
1.134483441710472107e-01
1.175555065274238586e-01
1.181072965264320374e-01
1.154549643397331238e-01
1.130813062191009521e-01
1.145463809370994568e-01
1.267383545637130737e-01
1.143232211470603943e-01
1.102471873164176941e-01
1.216274797916412354e-01
1.072680652141571045e-01
1.118306741118431091e-01
1.117395460605621338e-01
1.143187806010246277e-01
1.172301173210144043e-01
1.182682737708091736e-01
1.085706427693367004e-01
1.260323375463485718e-01
1.110045388340950012e-01
1.150857135653495789e-01
1.284580975770950317e-01
1.252499371767044067e-01
1.201597675681114197e-01
1.169227138161659241e-01
1.163222491741180420e-01
1.257720440626144409e-01
1.509551703929901123e-01
1.227992400527000427e-01
1.142241731286048889e-01
1.175699010491371155e-01
1.247012242674827576e-01
1.125591099262237549e-01
1.189292296767234802e-01
1.213410496711730957e-01
1.153459325432777405e-01
1.117031946778297424e-01
1.247591376304626465e-01
1.172040700912475586e-01
1.078641787171363831e-01
1.276005506515502930e-01
1.218906864523887634e-01
1.120170131325721741e-01
1.137481033802032471e-01
1.187113150954246521e-01
1.086368337273597717e-01
1.135798022150993347e-01
1.061789467930793762e-01
1.168385818600654602e-01
1.263620406389236450e-01
1.334136277437210083e-01
1.144605949521064758e-01
1.308811455965042114e-01
1.183041557669639587e-01
1.247138604521751404e-01
1.101145371794700623e-01
1.217360422015190125e-01
1.228289604187011719e-01
1.226004585623741150e-01
1.101079210638999939e-01
1.184126511216163635e-01
1.162979826331138611e-01
1.119230985641479492e-01
1.136596798896789551e-01
1.135287657380104065e-01
1.318224221467971802e-01
1.244708895683288574e-01
1.123901307582855225e-01
1.245019435882568359e-01
1.165846213698387146e-01
1.129745617508888245e-01
1.151242554187774658e-01
1.165603920817375183e-01
1.224234625697135925e-01
1.109625697135925293e-01
1.180317774415016174e-01
1.133522763848304749e-01
1.155388280749320984e-01
1.142798438668251038e-01
1.115352511405944824e-01
1.079878881573677063e-01
1.165964379906654358e-01
1.164673343300819397e-01
1.224281489849090576e-01
1.200171709060668945e-01
1.209878697991371155e-01
1.182569935917854309e-01
1.249179840087890625e-01
1.134372577071189880e-01
1.175434365868568420e-01
1.253988891839981079e-01
1.203598454594612122e-01
1.099987402558326721e-01
1.081096455454826355e-01
1.162430346012115479e-01
1.072787567973136902e-01
1.154158785939216614e-01
1.175395622849464417e-01
1.170006990432739258e-01
1.164672970771789551e-01
1.239724159240722656e-01
1.265595406293869019e-01
1.162460371851921082e-01
1.324733942747116089e-01
1.272523850202560425e-01
1.159741654992103577e-01
1.128953993320465088e-01
1.160818859934806824e-01
1.176684275269508362e-01
1.202937066555023193e-01
1.169389411807060242e-01
1.077641472220420837e-01
1.230125799775123596e-01
1.288149356842041016e-01
1.143085956573486328e-01
1.188373342156410217e-01
1.133026853203773499e-01
1.301103234291076660e-01
1.249274015426635742e-01
1.231031715869903564e-01
1.249481067061424255e-01
1.120667532086372375e-01
1.123346462845802307e-01
1.213437914848327637e-01
1.157757863402366638e-01
1.115528643131256104e-01
1.321266442537307739e-01
1.093352809548377991e-01
1.333812028169631958e-01
1.269110590219497681e-01
1.227060481905937195e-01
1.083698943257331848e-01
1.168893352150917053e-01
1.175881400704383850e-01
1.116568744182586670e-01
1.137503087520599365e-01
1.151600703597068787e-01
1.167982444167137146e-01
1.170443296432495117e-01
1.179833412170410156e-01
1.188003197312355042e-01
1.106731519103050232e-01
1.104177162051200867e-01
1.170684695243835449e-01
1.175195649266242981e-01
1.669789999723434448e-01
1.205982789397239685e-01
1.225260198116302490e-01
1.088338270783424377e-01
1.120871230959892273e-01
1.139396727085113525e-01
1.172441840171813965e-01
1.071527600288391113e-01
1.199306473135948181e-01
1.149946227669715881e-01
1.213647946715354919e-01
1.110584214329719543e-01
1.751670092344284058e-01
1.095165535807609558e-01
1.228446662425994873e-01
1.165678203105926514e-01
1.184662654995918274e-01
1.237246990203857422e-01
1.149974241852760315e-01
1.082265004515647888e-01
1.281841695308685303e-01
1.176906824111938477e-01
1.257285624742507935e-01
1.245020404458045959e-01
1.609037369489669800e-01
1.181512251496315002e-01
1.176577806472778320e-01
1.126130223274230957e-01
1.168065890669822693e-01
1.191549897193908691e-01
1.098948344588279724e-01
1.112555861473083496e-01
1.161704882979393005e-01
1.148793175816535950e-01
1.141519844532012939e-01
1.258016228675842285e-01
1.127774342894554138e-01
1.151634231209754944e-01
1.140655204653739929e-01
1.159199401736259460e-01
1.181752011179924011e-01
1.173975244164466858e-01
1.103756427764892578e-01
1.256424188613891602e-01
1.075755283236503601e-01
1.217294707894325256e-01
1.220269426703453064e-01
1.206209138035774231e-01
1.192169710993766785e-01
1.185724064707756042e-01
1.170671805739402771e-01
1.211633309721946716e-01
1.127685382962226868e-01
1.166812181472778320e-01
1.110140085220336914e-01
1.124197468161582947e-01
1.149742975831031799e-01
1.259197443723678589e-01
1.146241798996925354e-01
1.259637624025344849e-01
1.390850096940994263e-01
1.206300854682922363e-01
1.161165907979011536e-01
1.255026012659072876e-01
1.199387609958648682e-01
1.142093017697334290e-01
1.253536939620971680e-01
1.080010458827018738e-01
1.198847964406013489e-01
1.170217394828796387e-01
1.149758994579315186e-01
1.069736108183860779e-01
1.164763867855072021e-01
1.247674226760864258e-01
1.104186400771141052e-01
1.118023768067359924e-01
1.170851588249206543e-01
1.088476702570915222e-01
1.154316142201423645e-01
1.225391849875450134e-01
1.234065070748329163e-01
1.107573583722114563e-01
1.142204403877258301e-01
1.190555766224861145e-01
1.196866333484649658e-01
1.199622824788093567e-01
1.198517009615898132e-01
1.127061620354652405e-01
1.179111823439598083e-01
1.128989681601524353e-01
1.204489096999168396e-01
1.224600300192832947e-01
1.115542948246002197e-01
1.219402477145195007e-01
1.113447174429893494e-01
1.141164079308509827e-01
1.090074181556701660e-01
1.190336868166923523e-01
1.378465741872787476e-01
1.219441294670104980e-01
1.160874590277671814e-01
1.146351024508476257e-01
1.884131580591201782e-01
1.272343546152114868e-01
1.331767290830612183e-01
1.144499480724334717e-01
1.385550945997238159e-01
1.108303666114807129e-01
1.186325028538703918e-01
1.232018843293190002e-01
1.220392212271690369e-01
1.139566898345947266e-01
1.077242866158485413e-01
1.204057335853576660e-01
1.213555708527565002e-01
1.241359934210777283e-01
1.215290948748588562e-01
1.342183202505111694e-01
1.171338781714439392e-01
1.270797848701477051e-01
1.164978519082069397e-01
1.703637838363647461e-01
1.098899766802787781e-01
1.140792295336723328e-01
1.116446927189826965e-01
1.150447949767112732e-01
1.201763078570365906e-01
1.180158853530883789e-01
1.239788308739662170e-01
1.086944565176963806e-01
1.189593076705932617e-01
1.138931289315223694e-01
1.142456233501434326e-01
1.184858307242393494e-01
1.167436465620994568e-01
1.105233207345008850e-01
1.241402551531791687e-01
1.178252100944519043e-01
1.162473261356353760e-01
1.120600476861000061e-01
1.165225729346275330e-01
1.074010729789733887e-01
1.181781664490699768e-01
1.210422888398170471e-01
1.501818299293518066e-01
1.177904531359672546e-01
1.101363375782966614e-01
1.165601015090942383e-01
6.057416200637817383e-01
