9.586908668279647827e-02
9.986121207475662231e-02
1.018208488821983337e-01
1.128182336688041687e-01
1.067097187042236328e-01
1.160806193947792053e-01
1.172736212611198425e-01
1.180095076560974121e-01
1.111147403717041016e-01
1.077480688691139221e-01
1.101555749773979187e-01
1.134626567363739014e-01
1.307746917009353638e-01
1.075797975063323975e-01
1.053593531250953674e-01
1.118075773119926453e-01
1.012354493141174316e-01
1.090233549475669861e-01
1.057916507124900818e-01
1.063311025500297546e-01
1.298951804637908936e-01
1.049850806593894958e-01
1.119008585810661316e-01
1.073931679129600525e-01
9.884246438741683960e-02
1.048308536410331726e-01
9.927576780319213867e-02
1.092192903161048889e-01
1.096960604190826416e-01
1.031356528401374817e-01
1.037584021687507629e-01
1.044225320219993591e-01
1.016142144799232483e-01
1.068401634693145752e-01
1.054532229900360107e-01
1.012573763728141785e-01
1.110531166195869446e-01
1.035546660423278809e-01
1.059216335415840149e-01
1.072185114026069641e-01
1.019760370254516602e-01
9.733137488365173340e-02
1.019832119345664978e-01
1.111971735954284668e-01
1.074500307440757751e-01
9.855470061302185059e-02
1.015688851475715637e-01
1.068237125873565674e-01
1.004026532173156738e-01
1.052259579300880432e-01
1.033513620495796204e-01
1.115316823124885559e-01
1.119593605399131775e-01
1.092109084129333496e-01
1.056900620460510254e-01
1.035506948828697205e-01
1.032304167747497559e-01
1.048198267817497253e-01
1.028763353824615479e-01
1.048720851540565491e-01
1.035593971610069275e-01
9.686636179685592651e-02
1.016175448894500732e-01
1.017852649092674255e-01
1.026650667190551758e-01
1.018808111548423767e-01
9.799590706825256348e-02
9.750767797231674194e-02
1.043729111552238464e-01
1.026284992694854736e-01
9.954240173101425171e-02
1.040611192584037781e-01
1.144148409366607666e-01
1.053054332733154297e-01
9.626320004463195801e-02
1.008650660514831543e-01
1.079869195818901062e-01
9.563704580068588257e-02
1.026840806007385254e-01
1.167220398783683777e-01
1.031385734677314758e-01
1.015050783753395081e-01
1.061308905482292175e-01
1.111026629805564880e-01
1.006074249744415283e-01
1.016259193420410156e-01
9.350921958684921265e-02
1.013313755393028259e-01
9.939327836036682129e-02
1.029260158538818359e-01
1.013757511973381042e-01
1.393620222806930542e-01
9.744419902563095093e-02
9.902439266443252563e-02
1.009614691138267517e-01
1.156258806586265564e-01
9.990710020065307617e-02
1.050385162234306335e-01
9.767800569534301758e-02
9.512010216712951660e-02
1.130436658859252930e-01
1.000232324004173279e-01
1.010971739888191223e-01
1.073249652981758118e-01
9.990630298852920532e-02
9.767979383468627930e-02
1.057788506150245667e-01
1.076393797993659973e-01
1.081521734595298767e-01
1.103520169854164124e-01
1.021525189280509949e-01
1.076913401484489441e-01
1.051466539502143860e-01
9.936805814504623413e-02
1.052474603056907654e-01
1.033187806606292725e-01
1.198333799839019775e-01
1.018101498484611511e-01
1.293303966522216797e-01
1.033731922507286072e-01
9.864491224288940430e-02
1.023382917046546936e-01
1.025903150439262390e-01
1.033316776156425476e-01
9.732985496520996094e-02
9.862449765205383301e-02
1.073311343789100647e-01
9.817477315664291382e-02
1.109385415911674500e-01
9.733638912439346313e-02
1.095356270670890808e-01
1.040922924876213074e-01
1.015388295054435730e-01
9.908249974250793457e-02
9.830818325281143188e-02
1.004120707511901855e-01
1.059651449322700500e-01
1.005086004734039307e-01
1.027715802192687988e-01
9.999663382768630981e-02
9.749604016542434692e-02
1.069631800055503845e-01
1.046267151832580566e-01
1.221850439906120300e-01
1.080597266554832458e-01
9.974548965692520142e-02
1.000614166259765625e-01
9.609410166740417480e-02
9.639194607734680176e-02
1.016176715493202209e-01
1.003224477171897888e-01
9.871500730514526367e-02
1.049741208553314209e-01
1.089553833007812500e-01
1.114426851272583008e-01
1.027967706322669983e-01
9.853646159172058105e-02
1.148303076624870300e-01
9.952981024980545044e-02
9.792608022689819336e-02
9.877097606658935547e-02
9.664663672447204590e-02
1.032162085175514221e-01
1.045913621783256531e-01
9.739226102828979492e-02
9.978426247835159302e-02
1.046206131577491760e-01
9.915962070226669312e-02
1.148147806525230408e-01
1.058775559067726135e-01
9.069523960351943970e-02
9.903246909379959106e-02
9.471353888511657715e-02
1.074655428528785706e-01
9.997061640024185181e-02
1.158706769347190857e-01
1.144204139709472656e-01
9.902954846620559692e-02
1.066224798560142517e-01
1.168299093842506409e-01
1.048971340060234070e-01
1.105605438351631165e-01
9.650692343711853027e-02
1.021174192428588867e-01
1.007812917232513428e-01
1.052985265851020813e-01
9.969422966241836548e-02
1.046340242028236389e-01
1.006095409393310547e-01
1.038681268692016602e-01
1.205444708466529846e-01
1.117160096764564514e-01
9.548154473304748535e-02
9.520081430673599243e-02
9.773337841033935547e-02
1.026729717850685120e-01
1.003310903906822205e-01
1.057969629764556885e-01
1.100955903530120850e-01
1.071165576577186584e-01
1.027430519461631775e-01
1.037443950772285461e-01
1.074593067169189453e-01
1.146041229367256165e-01
1.025164723396301270e-01
9.817203879356384277e-02
1.027220860123634338e-01
1.048937812447547913e-01
1.068652272224426270e-01
1.078242957592010498e-01
1.191668286919593811e-01
1.055853590369224548e-01
9.954240173101425171e-02
1.247089877724647522e-01
9.947877377271652222e-02
9.609636664390563965e-02
1.045665219426155090e-01
1.035248935222625732e-01
1.024350747466087341e-01
9.819956868886947632e-02
9.900385886430740356e-02
1.014049127697944641e-01
1.033103987574577332e-01
1.030566170811653137e-01
1.051668524742126465e-01
9.882014244794845581e-02
1.256104707717895508e-01
9.970551729202270508e-02
1.010938361287117004e-01
1.035152971744537354e-01
1.019194349646568298e-01
1.061887666583061218e-01
1.045257970690727234e-01
1.144602894783020020e-01
1.082276627421379089e-01
9.969872981309890747e-02
9.979141503572463989e-02
1.046502068638801575e-01
1.049892902374267578e-01
1.041473373770713806e-01
1.037929281592369080e-01
9.828513860702514648e-02
1.046435013413429260e-01
9.533376246690750122e-02
9.969171881675720215e-02
1.003074571490287781e-01
1.032433509826660156e-01
9.888752549886703491e-02
9.071560949087142944e-02
1.067785993218421936e-01
9.882599115371704102e-02
1.033484041690826416e-01
1.035055741667747498e-01
1.096962764859199524e-01
9.592315554618835449e-02
9.851866960525512695e-02
9.577301889657974243e-02
1.028869971632957458e-01
1.006597504019737244e-01
9.712606668472290039e-02
9.899107366800308228e-02
1.084671542048454285e-01
9.651293605566024780e-02
1.013079285621643066e-01
1.039231345057487488e-01
1.021686494350433350e-01
1.035014092922210693e-01
9.443964809179306030e-02
1.020588204264640808e-01
9.709649533033370972e-02
1.005515232682228088e-01
9.594842046499252319e-02
1.013847813010215759e-01
1.029126420617103577e-01
1.023942008614540100e-01
1.064565852284431458e-01
9.804341942071914673e-02
1.018643155694007874e-01
1.075793728232383728e-01
1.062485277652740479e-01
1.010313555598258972e-01
1.047685965895652771e-01
1.030918061733245850e-01
1.041301712393760681e-01
9.650001674890518188e-02
9.427986294031143188e-02
9.868379682302474976e-02
1.050325259566307068e-01
9.768444299697875977e-02
1.011435687541961670e-01
9.965938329696655273e-02
9.802015870809555054e-02
1.157660260796546936e-01
1.049254760146141052e-01
1.030298843979835510e-01
1.038700118660926819e-01
9.931210428476333618e-02
1.185050234198570251e-01
1.008540466427803040e-01
1.075840219855308533e-01
1.114346310496330261e-01
1.010145843029022217e-01
9.565481543540954590e-02
1.019608378410339355e-01
1.003357842564582825e-01
9.490244835615158081e-02
1.060667932033538818e-01
1.033676490187644958e-01
9.800410270690917969e-02
1.074329242110252380e-01
1.105183437466621399e-01
9.696933627128601074e-02
1.126792207360267639e-01
1.064333245158195496e-01
9.921904653310775757e-02
1.040570363402366638e-01
1.027101874351501465e-01
1.058001592755317688e-01
1.011915430426597595e-01
1.037466004490852356e-01
1.028622165322303772e-01
9.904632717370986938e-02
9.548302739858627319e-02
9.864214807748794556e-02
1.036491319537162781e-01
1.050988212227821350e-01
1.077805459499359131e-01
1.036332920193672180e-01
1.041246354579925537e-01
9.737619757652282715e-02
1.073846220970153809e-01
9.997734427452087402e-02
9.939267486333847046e-02
1.015289127826690674e-01
9.976229071617126465e-02
1.233067214488983154e-01
1.058186516165733337e-01
1.034185960888862610e-01
9.436932951211929321e-02
1.012924984097480774e-01
1.055836379528045654e-01
9.685448557138442993e-02
9.730341285467147827e-02
1.075950786471366882e-01
9.771478176116943359e-02
1.336004585027694702e-01
1.060498058795928955e-01
9.523433446884155273e-02
9.709227830171585083e-02
1.048456802964210510e-01
9.820424765348434448e-02
1.011230051517486572e-01
1.015021875500679016e-01
9.931088238954544067e-02
1.002583280205726624e-01
1.080429553985595703e-01
1.036302819848060608e-01
1.013421341776847839e-01
9.910729527473449707e-02
1.024096980690956116e-01
9.689929336309432983e-02
9.756348282098770142e-02
9.859463572502136230e-02
1.029909551143646240e-01
1.072647944092750549e-01
9.614089876413345337e-02
1.056400761008262634e-01
1.045918539166450500e-01
1.009315773844718933e-01
1.024546846747398376e-01
1.057748273015022278e-01
9.585822373628616333e-02
1.047912463545799255e-01
1.032270267605781555e-01
9.884888678789138794e-02
9.857446700334548950e-02
1.014010310173034668e-01
9.715542942285537720e-02
1.075844243168830872e-01
1.139992475509643555e-01
1.002146303653717041e-01
9.940302371978759766e-02
1.056445464491844177e-01
9.846975654363632202e-02
9.959509223699569702e-02
1.065932735800743103e-01
9.878876060247421265e-02
1.077019870281219482e-01
1.177664622664451599e-01
1.078068986535072327e-01
1.068771108984947205e-01
1.133511364459991455e-01
1.110930666327476501e-01
1.072903499007225037e-01
1.106248870491981506e-01
1.001240089535713196e-01
9.785629063844680786e-02
1.058542355895042419e-01
1.255486458539962769e-01
9.828529506921768188e-02
9.972247481346130371e-02
1.015575006604194641e-01
1.534364223480224609e-01
1.201041862368583679e-01
1.051632389426231384e-01
1.009465232491493225e-01
1.140216886997222900e-01
9.969561547040939331e-02
1.015906706452369690e-01
9.878364205360412598e-02
1.034703552722930908e-01
9.831789880990982056e-02
1.042326688766479492e-01
1.060431376099586487e-01
1.018432378768920898e-01
1.002561748027801514e-01
1.050299406051635742e-01
1.006709113717079163e-01
1.009820699691772461e-01
1.002215966582298279e-01
1.007884070277214050e-01
1.062399074435234070e-01
9.947758913040161133e-02
1.041651368141174316e-01
9.987244009971618652e-02
1.117902621626853943e-01
9.895179420709609985e-02
1.021901667118072510e-01
1.078960523009300232e-01
1.030612960457801819e-01
1.035018935799598694e-01
1.006739437580108643e-01
9.822595119476318359e-02
9.304020553827285767e-02
1.139827594161033630e-01
1.076159179210662842e-01
1.020238623023033142e-01
1.002150103449821472e-01
1.067852601408958435e-01
1.101505383849143982e-01
9.815480560064315796e-02
9.753576666116714478e-02
1.030671596527099609e-01
1.085380539298057556e-01
9.999126940965652466e-02
9.896702319383621216e-02
1.029020622372627258e-01
9.846410155296325684e-02
1.027771756052970886e-01
1.039869710803031921e-01
1.039156541228294373e-01
1.106913983821868896e-01
1.013536453247070312e-01
1.014868542551994324e-01
1.022246703505516052e-01
1.039047166705131531e-01
1.104825735092163086e-01
1.037027910351753235e-01
1.107077673077583313e-01
1.034979447722434998e-01
1.002970412373542786e-01
9.941414743661880493e-02
1.054346263408660889e-01
1.069141402840614319e-01
1.022383347153663635e-01
9.891232848167419434e-02
1.241055130958557129e-01
1.000897362828254700e-01
1.038567423820495605e-01
1.149267479777336121e-01
1.053673550486564636e-01
1.004924401640892029e-01
9.987065196037292480e-02
1.010007187724113464e-01
1.002335324883460999e-01
1.005507037043571472e-01
9.911897778511047363e-02
1.100215390324592590e-01
1.148932576179504395e-01
9.965547174215316772e-02
9.586472064256668091e-02
9.840071201324462891e-02
1.122455969452857971e-01
1.054561957716941833e-01
1.088880375027656555e-01
1.012593731284141541e-01
1.048416122794151306e-01
9.929517656564712524e-02
1.095382049679756165e-01
1.029350385069847107e-01
9.615214914083480835e-02
1.077261790633201599e-01
9.939295798540115356e-02
9.801840037107467651e-02
1.083210930228233337e-01
1.042982116341590881e-01
1.005991324782371521e-01
1.041520908474922180e-01
9.820976108312606812e-02
9.393003582954406738e-02
1.040434464812278748e-01
1.236746311187744141e-01
1.004622653126716614e-01
9.873900562524795532e-02
1.037345528602600098e-01
9.422347694635391235e-02
9.485849738121032715e-02
9.892081469297409058e-02
1.024815216660499573e-01
1.083846688270568848e-01
9.664073586463928223e-02
1.023994758725166321e-01
9.978101402521133423e-02
9.739628434181213379e-02
1.055235937237739563e-01
1.007267758250236511e-01
9.592282772064208984e-02
1.036615371704101562e-01
9.498669952154159546e-02
9.408655762672424316e-02
1.034145876765251160e-01
9.335220605134963989e-02
1.030385121703147888e-01
1.089882031083106995e-01
1.047788932919502258e-01
9.911885112524032593e-02
1.004890203475952148e-01
9.749246388673782349e-02
1.109080687165260315e-01
9.486150741577148438e-02
9.678358584642410278e-02
1.062388718128204346e-01
9.957938641309738159e-02
1.028994545340538025e-01
1.001275256276130676e-01
9.876087307929992676e-02
9.786188602447509766e-02
1.040789708495140076e-01
1.055660918354988098e-01
1.021780297160148621e-01
1.072106361389160156e-01
9.869927167892456055e-02
9.882477670907974243e-02
1.009468734264373779e-01
1.151118651032447815e-01
1.077555641531944275e-01
1.038718447089195251e-01
1.003382727503776550e-01
1.089274808764457703e-01
1.072339788079261780e-01
9.809605032205581665e-02
9.609383344650268555e-02
1.021050810813903809e-01
9.573503583669662476e-02
1.000495478510856628e-01
1.139038428664207458e-01
9.915643930435180664e-02
1.033653840422630310e-01
9.992902725934982300e-02
1.057903394103050232e-01
1.134132146835327148e-01
9.488239884376525879e-02
1.051751375198364258e-01
1.055931076407432556e-01
9.694425016641616821e-02
9.714979678392410278e-02
1.013354733586311340e-01
1.131583452224731445e-01
9.797153621912002563e-02
1.096399500966072083e-01
1.045651733875274658e-01
1.049741581082344055e-01
1.011894121766090393e-01
1.123780086636543274e-01
1.004910245537757874e-01
1.090288683772087097e-01
1.086167022585868835e-01
1.065642908215522766e-01
9.639859199523925781e-02
9.838002175092697144e-02
1.060736402869224548e-01
1.026246622204780579e-01
1.018350049853324890e-01
1.066241189837455750e-01
1.056175008416175842e-01
9.625811129808425903e-02
9.405639022588729858e-02
9.954025596380233765e-02
9.958961606025695801e-02
1.028687581419944763e-01
1.039051115512847900e-01
1.043854057788848877e-01
9.960943460464477539e-02
9.506047517061233521e-02
1.069203242659568787e-01
1.045608744025230408e-01
1.056009307503700256e-01
9.871771931648254395e-02
9.593137353658676147e-02
9.742587059736251831e-02
1.225716695189476013e-01
9.816422313451766968e-02
9.804912656545639038e-02
1.061223968863487244e-01
1.004153788089752197e-01
1.027182415127754211e-01
1.030742600560188293e-01
1.063500121235847473e-01
9.869778156280517578e-02
1.096837297081947327e-01
1.000341400504112244e-01
9.643590450286865234e-02
9.810593724250793457e-02
1.026456430554389954e-01
1.049970760941505432e-01
1.064586639404296875e-01
9.809532761573791504e-02
9.779758006334304810e-02
1.026915684342384338e-01
9.627377986907958984e-02
9.630707651376724243e-02
1.003377810120582581e-01
1.022353172302246094e-01
1.099797412753105164e-01
1.019260883331298828e-01
9.727922081947326660e-02
1.024866923689842224e-01
1.025829091668128967e-01
1.047949418425559998e-01
1.041419208049774170e-01
9.862635284662246704e-02
1.013655737042427063e-01
1.111430227756500244e-01
9.709944576025009155e-02
9.956834465265274048e-02
1.215226650238037109e-01
1.386793106794357300e-01
1.067740693688392639e-01
1.093085631728172302e-01
1.044103130698204041e-01
1.056677997112274170e-01
1.009842455387115479e-01
1.146774217486381531e-01
1.015631556510925293e-01
1.015621721744537354e-01
1.088698506355285645e-01
9.898287057876586914e-02
1.018771603703498840e-01
9.265830367803573608e-02
1.064707562327384949e-01
1.076055541634559631e-01
1.039518937468528748e-01
1.052587330341339111e-01
9.558018296957015991e-02
1.074530109763145447e-01
1.052932664752006531e-01
1.049221828579902649e-01
9.558787196874618530e-02
1.114189550280570984e-01
1.055142879486083984e-01
1.047986149787902832e-01
9.977350383996963501e-02
9.531406313180923462e-02
9.168665856122970581e-02
1.438703685998916626e-01
9.512122720479965210e-02
1.100067719817161560e-01
1.021129786968231201e-01
1.033350303769111633e-01
1.012455224990844727e-01
1.023549810051918030e-01
1.091826632618904114e-01
1.072246357798576355e-01
1.100651621818542480e-01
1.046397686004638672e-01
1.019927784800529480e-01
9.631290286779403687e-02
1.083076074719429016e-01
1.066543459892272949e-01
1.077233925461769104e-01
1.032511368393898010e-01
1.014167070388793945e-01
1.028789803385734558e-01
1.004188731312751770e-01
1.018370911478996277e-01
1.000808402895927429e-01
9.732628613710403442e-02
9.783608466386795044e-02
1.086852326989173889e-01
1.044540479779243469e-01
9.961365908384323120e-02
1.030526459217071533e-01
1.016835346817970276e-01
1.060806810855865479e-01
1.001320481300354004e-01
1.005846261978149414e-01
1.116287931799888611e-01
9.948552399873733521e-02
9.591954201459884644e-02
1.004045605659484863e-01
9.668470174074172974e-02
9.669470787048339844e-02
1.090936735272407532e-01
9.477510303258895874e-02
1.030025780200958252e-01
1.028999984264373779e-01
1.003877520561218262e-01
1.058645620942115784e-01
1.046519279479980469e-01
9.464196115732192993e-02
1.007254943251609802e-01
1.005589142441749573e-01
1.096485629677772522e-01
1.037552580237388611e-01
9.811583906412124634e-02
9.949401021003723145e-02
1.045916303992271423e-01
1.016257181763648987e-01
9.650152921676635742e-02
1.004413738846778870e-01
9.838765114545822144e-02
1.037774011492729187e-01
1.001887097954750061e-01
1.024526655673980713e-01
1.027306690812110901e-01
1.045159772038459778e-01
9.778178483247756958e-02
9.720075875520706177e-02
9.630576521158218384e-02
1.036221385002136230e-01
1.044213771820068359e-01
9.952185302972793579e-02
1.020812466740608215e-01
1.062009856104850769e-01
1.047698259353637695e-01
1.026661172509193420e-01
9.940156340599060059e-02
9.982389211654663086e-02
9.735536575317382812e-02
9.768188744783401489e-02
1.019476950168609619e-01
9.936153888702392578e-02
9.855645149946212769e-02
1.000055596232414246e-01
1.000279709696769714e-01
1.043017506599426270e-01
9.665483236312866211e-02
1.058317497372627258e-01
1.039652600884437561e-01
9.841904789209365845e-02
1.085780635476112366e-01
1.032393947243690491e-01
9.795362502336502075e-02
1.008586809039115906e-01
1.055489256978034973e-01
9.853585809469223022e-02
9.881194680929183960e-02
1.023103073239326477e-01
1.016940474510192871e-01
1.072050929069519043e-01
1.058651432394981384e-01
1.032089516520500183e-01
9.971328824758529663e-02
9.964611381292343140e-02
1.378162950277328491e-01
1.080022752285003662e-01
9.862203150987625122e-02
1.069643273949623108e-01
1.019603237509727478e-01
9.620806574821472168e-02
1.055746898055076599e-01
1.061647236347198486e-01
1.027980372309684753e-01
9.812897443771362305e-02
1.081718578934669495e-01
1.035165786743164062e-01
1.026329696178436279e-01
9.679018706083297729e-02
9.702327102422714233e-02
1.041922867298126221e-01
9.877726435661315918e-02
1.100583970546722412e-01
9.730720520019531250e-02
9.983801096677780151e-02
1.021050736308097839e-01
9.776423126459121704e-02
1.036458611488342285e-01
9.846335649490356445e-02
1.075487807393074036e-01
1.061832085251808167e-01
9.937173873186111450e-02
9.626901894807815552e-02
1.034535840153694153e-01
9.237387031316757202e-02
1.072019413113594055e-01
9.700497239828109741e-02
1.054928526282310486e-01
1.069671735167503357e-01
1.002399548888206482e-01
1.118370890617370605e-01
1.039897799491882324e-01
9.888965636491775513e-02
1.059616282582283020e-01
1.063038334250450134e-01
9.394598752260208130e-02
9.685895591974258423e-02
1.047119572758674622e-01
1.008616089820861816e-01
1.032505258917808533e-01
1.079083383083343506e-01
1.025924980640411377e-01
9.890318661928176880e-02
1.074025332927703857e-01
9.691394120454788208e-02
1.039813980460166931e-01
9.922514110803604126e-02
1.047365963459014893e-01
1.011805161833763123e-01
1.118902191519737244e-01
1.041563153266906738e-01
1.039023101329803467e-01
1.114431694149971008e-01
1.073867008090019226e-01
1.069399416446685791e-01
1.039141640067100525e-01
9.918508678674697876e-02
1.039192602038383484e-01
1.010834649205207825e-01
1.005069017410278320e-01
9.436550736427307129e-02
1.016906276345252991e-01
1.135200783610343933e-01
1.065523996949195862e-01
1.035192236304283142e-01
1.024759784340858459e-01
1.011419892311096191e-01
1.012881770730018616e-01
1.035028100013732910e-01
9.667661041021347046e-02
1.043882146477699280e-01
9.848535060882568359e-02
9.490019083023071289e-02
9.918981790542602539e-02
9.726816415786743164e-02
1.106947734951972961e-01
1.037438288331031799e-01
1.151394024491310120e-01
1.011263504624366760e-01
1.039157435297966003e-01
1.188809499144554138e-01
1.008628606796264648e-01
9.689138084650039673e-02
9.611984342336654663e-02
1.015778109431266785e-01
1.064063608646392822e-01
1.034678742289543152e-01
1.021123528480529785e-01
1.025073751807212830e-01
1.032069846987724304e-01
9.991540759801864624e-02
1.098876073956489563e-01
1.014495864510536194e-01
1.075256243348121643e-01
1.031468287110328674e-01
9.838587045669555664e-02
1.007125452160835266e-01
1.048278287053108215e-01
1.002396345138549805e-01
9.790896624326705933e-02
1.023146510124206543e-01
1.039873734116554260e-01
9.828888624906539917e-02
1.002038642764091492e-01
1.030714511871337891e-01
1.010527983307838440e-01
1.120526567101478577e-01
9.988364577293395996e-02
9.946676343679428101e-02
1.038330569863319397e-01
1.043688431382179260e-01
1.117851138114929199e-01
1.012881398200988770e-01
1.233535036444664001e-01
1.033109799027442932e-01
9.663292765617370605e-02
1.046345606446266174e-01
9.947397559881210327e-02
1.089430749416351318e-01
1.012260913848876953e-01
9.695780277252197266e-02
1.073640808463096619e-01
1.041950806975364685e-01
1.009152531623840332e-01
9.888008981943130493e-02
1.006184145808219910e-01
9.966340661048889160e-02
1.012255623936653137e-01
1.048861742019653320e-01
9.930824488401412964e-02
1.127042099833488464e-01
9.886055439710617065e-02
1.145020201802253723e-01
1.019074544310569763e-01
9.671884775161743164e-02
1.022357419133186340e-01
9.871739149093627930e-02
9.201384335756301880e-02
1.095408797264099121e-01
9.764844179153442383e-02
1.040362119674682617e-01
9.893772751092910767e-02
1.068491861224174500e-01
9.720579534769058228e-02
9.659552574157714844e-02
1.051175519824028015e-01
9.974446147680282593e-02
1.035623177886009216e-01
9.829205274581909180e-02
1.014887690544128418e-01
1.039291247725486755e-01
9.483603388071060181e-02
1.043736860156059265e-01
1.034079566597938538e-01
1.004151776432991028e-01
1.011601760983467102e-01
1.027207151055335999e-01
1.062708422541618347e-01
1.063179075717926025e-01
9.836980700492858887e-02
1.002304926514625549e-01
1.004288122057914734e-01
1.053287610411643982e-01
1.040250658988952637e-01
1.003182232379913330e-01
1.023783385753631592e-01
9.953850507736206055e-02
1.040326058864593506e-01
1.007376909255981445e-01
1.054576709866523743e-01
9.949441999197006226e-02
9.472975134849548340e-02
1.041677668690681458e-01
1.027032211422920227e-01
1.070860549807548523e-01
9.904685616493225098e-02
9.578890353441238403e-02
9.984296560287475586e-02
1.041678190231323242e-01
1.057201400399208069e-01
1.041881367564201355e-01
1.012040302157402039e-01
1.052700877189636230e-01
1.040571033954620361e-01
1.003004238009452820e-01
9.982042759656906128e-02
1.045685783028602600e-01
1.003541573882102966e-01
1.015653833746910095e-01
9.279683232307434082e-02
9.338016062974929810e-02
9.807809442281723022e-02
1.021063551306724548e-01
1.048041582107543945e-01
1.088280975818634033e-01
1.027328670024871826e-01
1.089223921298980713e-01
1.019227504730224609e-01
9.719934314489364624e-02
9.744001179933547974e-02
1.001388728618621826e-01
9.521425515413284302e-02
1.088194772601127625e-01
1.001959070563316345e-01
1.193419769406318665e-01
9.498999267816543579e-02
1.035910323262214661e-01
9.885594993829727173e-02
1.000334993004798889e-01
1.106301546096801758e-01
9.829595685005187988e-02
1.132335290312767029e-01
9.927064925432205200e-02
9.777233004570007324e-02
9.982261061668395996e-02
1.019613146781921387e-01
9.918654710054397583e-02
1.013082042336463928e-01
9.963832050561904907e-02
1.016482412815093994e-01
1.073275804519653320e-01
9.705715626478195190e-02
1.039587482810020447e-01
1.024900451302528381e-01
1.001974567770957947e-01
1.052982434630393982e-01
9.820093959569931030e-02
9.811464697122573853e-02
1.048525050282478333e-01
1.057625412940979004e-01
1.011691093444824219e-01
1.035508289933204651e-01
9.925622493028640747e-02
1.161874458193778992e-01
9.837049990892410278e-02
9.509996324777603149e-02
1.058651581406593323e-01
9.981554001569747925e-02
1.038975119590759277e-01
1.050073578953742981e-01
9.336302429437637329e-02
1.071657910943031311e-01
1.011538729071617126e-01
9.825741499662399292e-02
1.012341901659965515e-01
1.001069769263267517e-01
1.049981340765953064e-01
1.008003130555152893e-01
1.062265112996101379e-01
9.938526898622512817e-02
9.828197211027145386e-02
1.009472981095314026e-01
9.999539703130722046e-02
9.965471178293228149e-02
9.953873604536056519e-02
9.846914559602737427e-02
9.896815568208694458e-02
1.016360744833946228e-01
1.026862263679504395e-01
1.038239523768424988e-01
1.011492088437080383e-01
9.933838993310928345e-02
9.669437259435653687e-02
1.019503250718116760e-01
9.709092974662780762e-02
9.893491119146347046e-02
1.030841469764709473e-01
1.045029759407043457e-01
1.007454320788383484e-01
1.048498526215553284e-01
1.011704802513122559e-01
1.039104238152503967e-01
9.977245330810546875e-02
1.033179089426994324e-01
1.028624251484870911e-01
9.620764106512069702e-02
1.038917973637580872e-01
1.044842675328254700e-01
1.032889485359191895e-01
1.051416769623756409e-01
1.015157923102378845e-01
1.059701368212699890e-01
9.867606312036514282e-02
9.369625896215438843e-02
9.839167445898056030e-02
1.032842397689819336e-01
1.065847948193550110e-01
1.022756174206733704e-01
9.357269853353500366e-02
1.006154045462608337e-01
1.021183505654335022e-01
1.047422885894775391e-01
9.631094336509704590e-02
1.009347438812255859e-01
9.477242082357406616e-02
1.054497957229614258e-01
1.019709780812263489e-01
9.632074087858200073e-02
9.498027712106704712e-02
1.012023314833641052e-01
9.924006462097167969e-02
9.614223241806030273e-02
9.896591305732727051e-02
1.089112758636474609e-01
9.900251775979995728e-02
9.905901551246643066e-02
1.036201044917106628e-01
9.671626240015029907e-02
1.009323894977569580e-01
9.428495168685913086e-02
1.034817397594451904e-01
1.046164557337760925e-01
1.220635697245597839e-01
9.753201156854629517e-02
9.457222372293472290e-02
1.023824736475944519e-01
9.875959157943725586e-02
9.206793457269668579e-02
9.628800302743911743e-02
1.041401848196983337e-01
9.745658189058303833e-02
1.109592244029045105e-01
1.021477505564689636e-01
9.864825010299682617e-02
9.478089958429336548e-02
1.044340804219245911e-01
1.029430031776428223e-01
9.934750199317932129e-02
1.046532019972801208e-01
1.137641072273254395e-01
1.034194454550743103e-01
1.018491685390472412e-01
9.341213852167129517e-02
9.446648508310317993e-02
1.012564301490783691e-01
1.042273119091987610e-01
1.131899058818817139e-01
1.046949848532676697e-01
1.076254025101661682e-01
1.029663980007171631e-01
9.840966016054153442e-02
1.001890599727630615e-01
1.014029383659362793e-01
9.911846369504928589e-02
1.092602536082267761e-01
1.042615547776222229e-01
9.573861956596374512e-02
1.091688498854637146e-01
1.078103184700012207e-01
1.076868548989295959e-01
1.136706247925758362e-01
9.583473205566406250e-02
1.002546250820159912e-01
9.530919790267944336e-02
9.981870651245117188e-02
1.027206704020500183e-01
1.076684370636940002e-01
9.596244245767593384e-02
9.389019757509231567e-02
1.055040583014488220e-01
9.971693903207778931e-02
9.549560397863388062e-02
1.001908481121063232e-01
9.904844313859939575e-02
1.111882701516151428e-01
1.080414578318595886e-01
9.832093864679336548e-02
1.061454936861991882e-01
1.288582533597946167e-01
9.291782230138778687e-02
1.079629883170127869e-01
1.016369834542274475e-01
1.045056656002998352e-01
1.091716662049293518e-01
1.068863272666931152e-01
1.056140586733818054e-01
1.089713647961616516e-01
9.867898374795913696e-02
9.734603762626647949e-02
9.899006038904190063e-02
1.034051552414894104e-01
9.958177059888839722e-02
1.045678481459617615e-01
1.049762591719627380e-01
9.803760051727294922e-02
1.002649068832397461e-01
1.031235232949256897e-01
1.010376140475273132e-01
1.051972508430480957e-01
1.040249839425086975e-01
1.048458740115165710e-01
9.875420480966567993e-02
9.386429190635681152e-02
1.013407036662101746e-01
1.026407182216644287e-01
1.316376775503158569e-01
9.857838600873947144e-02
1.099889650940895081e-01
9.540682286024093628e-02
9.222364425659179688e-02
1.087961718440055847e-01
9.730795770883560181e-02
9.956891089677810669e-02
1.008781120181083679e-01
1.076092347502708435e-01
9.808971732854843140e-02
9.858416765928268433e-02
9.631029516458511353e-02
9.920328855514526367e-02
1.085132062435150146e-01
1.108692809939384460e-01
1.004335209727287292e-01
9.679943323135375977e-02
9.699907898902893066e-02
9.791573137044906616e-02
9.844348579645156860e-02
1.012268662452697754e-01
1.022153198719024658e-01
1.023384034633636475e-01
9.780476242303848267e-02
9.462213516235351562e-02
9.774103015661239624e-02
9.974765032529830933e-02
9.927723556756973267e-02
1.041448935866355896e-01
9.862891584634780884e-02
9.934908151626586914e-02
9.656324982643127441e-02
9.845639020204544067e-02
9.768957644701004028e-02
1.060195639729499817e-01
1.093272045254707336e-01
9.887361526489257812e-02
1.035062894225120544e-01
1.042124256491661072e-01
1.074563935399055481e-01
1.007145121693611145e-01
9.914863109588623047e-02
1.055368408560752869e-01
1.045054495334625244e-01
1.088110208511352539e-01
1.129870340228080750e-01
1.187315508723258972e-01
1.000391244888305664e-01
1.014375314116477966e-01
9.994918107986450195e-02
1.028974652290344238e-01
9.954470396041870117e-02
1.064556241035461426e-01
9.997466206550598145e-02
1.072832122445106506e-01
1.250025779008865356e-01
1.063403859734535217e-01
1.044912338256835938e-01
9.793210029602050781e-02
9.838227182626724243e-02
1.058085784316062927e-01
9.894025325775146484e-02
1.044137403368949890e-01
1.003013327717781067e-01
1.016257777810096741e-01
1.009338200092315674e-01
1.005401387810707092e-01
1.050655767321586609e-01
9.241125732660293579e-02
9.713959693908691406e-02
9.720018506050109863e-02
1.026447638869285583e-01
1.006896272301673889e-01
9.566906094551086426e-02
1.007373034954071045e-01
1.061274036765098572e-01
1.046293973922729492e-01
1.121870204806327820e-01
1.053710207343101501e-01
1.008876040577888489e-01
9.596573561429977417e-02
1.066852807998657227e-01
1.045490279793739319e-01
1.102433428168296814e-01
1.006317511200904846e-01
1.070123612880706787e-01
9.010353684425354004e-02
9.847078472375869751e-02
1.010697111487388611e-01
1.006022319197654724e-01
1.242956444621086121e-01
1.211557462811470032e-01
1.321519613265991211e-01
1.015182361006736755e-01
1.032833531498908997e-01
9.971136599779129028e-02
1.079618930816650391e-01
9.965304285287857056e-02
9.828191995620727539e-02
9.770431369543075562e-02
1.020880714058876038e-01
1.018674746155738831e-01
9.847096353769302368e-02
1.024890840053558350e-01
1.066556870937347412e-01
1.005031093955039978e-01
1.113259792327880859e-01
1.000897288322448730e-01
9.488268941640853882e-02
1.045106723904609680e-01
9.957586973905563354e-02
9.813084453344345093e-02
1.006639078259468079e-01
1.006768420338630676e-01
1.025535240769386292e-01
9.833454340696334839e-02
1.001009643077850342e-01
1.055499091744422913e-01
9.889447689056396484e-02
1.010016277432441711e-01
1.028195247054100037e-01
1.041950210928916931e-01
9.579329937696456909e-02
1.052150353789329529e-01
1.042316779494285583e-01
1.074613109230995178e-01
1.032203957438468933e-01
1.009498536586761475e-01
1.034918725490570068e-01
1.030944362282752991e-01
1.084229424595832825e-01
1.019427850842475891e-01
1.096250638365745544e-01
1.025154590606689453e-01
1.020970046520233154e-01
9.856586903333663940e-02
1.076513752341270447e-01
1.073292717337608337e-01
9.873289614915847778e-02
1.028147861361503601e-01
1.064530983567237854e-01
9.822415560483932495e-02
9.596574306488037109e-02
1.005875244736671448e-01
1.052898466587066650e-01
1.004881635308265686e-01
1.011680886149406433e-01
1.027035042643547058e-01
1.016761958599090576e-01
9.541096538305282593e-02
1.089243069291114807e-01
1.030578017234802246e-01
1.016336604952812195e-01
9.864308685064315796e-02
9.676015377044677734e-02
9.407041221857070923e-02
9.512788802385330200e-02
1.035347282886505127e-01
9.990908950567245483e-02
9.939081221818923950e-02
9.952826052904129028e-02
9.694276005029678345e-02
1.048457026481628418e-01
1.044806316494941711e-01
1.032404899597167969e-01
1.085648015141487122e-01
9.904118627309799194e-02
1.000248715281486511e-01
1.054413989186286926e-01
1.034573242068290710e-01
1.021802723407745361e-01
1.060363128781318665e-01
1.025198772549629211e-01
9.969091415405273438e-02
1.019766852259635925e-01
9.937691688537597656e-02
1.015879288315773010e-01
1.068176031112670898e-01
1.020120307803153992e-01
1.025231853127479553e-01
1.011166870594024658e-01
9.667807817459106445e-02
9.952986240386962891e-02
1.074114665389060974e-01
1.054634451866149902e-01
9.857925027608871460e-02
9.623659402132034302e-02
9.932464361190795898e-02
1.065191328525543213e-01
1.010952666401863098e-01
1.016523614525794983e-01
9.728161245584487915e-02
9.950569272041320801e-02
1.080814078450202942e-01
1.041552424430847168e-01
9.637608379125595093e-02
1.001443192362785339e-01
1.019632592797279358e-01
1.009733080863952637e-01
1.022155508399009705e-01
1.003985479474067688e-01
9.874121099710464478e-02
1.031717583537101746e-01
1.066521033644676208e-01
1.026527062058448792e-01
9.595748037099838257e-02
9.873079508543014526e-02
1.033337339758872986e-01
1.027838960289955139e-01
1.078446581959724426e-01
9.957144409418106079e-02
1.012800931930541992e-01
1.050585806369781494e-01
1.021428927779197693e-01
1.003976985812187195e-01
9.788500517606735229e-02
1.010211408138275146e-01
9.406664967536926270e-02
1.083228886127471924e-01
1.057357788085937500e-01
1.014315709471702576e-01
9.875857830047607422e-02
1.023136898875236511e-01
1.059762835502624512e-01
9.895168989896774292e-02
9.885287284851074219e-02
1.148158907890319824e-01
1.086375117301940918e-01
1.047705486416816711e-01
1.038983985781669617e-01
1.057003960013389587e-01
1.073690652847290039e-01
9.729415923357009888e-02
1.007287502288818359e-01
1.040438190102577209e-01
9.776115417480468750e-02
9.416159987449645996e-02
1.022010147571563721e-01
1.002813875675201416e-01
9.958330541849136353e-02
1.210116744041442871e-01
1.034646928310394287e-01
9.783681482076644897e-02
1.107544675469398499e-01
1.039517000317573547e-01
1.035975143313407898e-01
9.450461715459823608e-02
9.527852386236190796e-02
1.095925495028495789e-01
1.053913757205009460e-01
1.005811318755149841e-01
1.013126969337463379e-01
1.054241582751274109e-01
1.059133410453796387e-01
1.071564257144927979e-01
9.452170878648757935e-02
9.610744565725326538e-02
1.000970080494880676e-01
9.591341763734817505e-02
1.017719432711601257e-01
9.970671683549880981e-02
9.978244453668594360e-02
1.013248264789581299e-01
9.740234166383743286e-02
8.969718962907791138e-02
9.751686453819274902e-02
1.027277633547782898e-01
1.030017510056495667e-01
9.710035473108291626e-02
1.022515222430229187e-01
1.068007126450538635e-01
9.952513128519058228e-02
1.060488820075988770e-01
1.097799614071846008e-01
1.047862693667411804e-01
1.070612743496894836e-01
9.995908290147781372e-02
1.010398641228675842e-01
1.032239571213722229e-01
1.001574471592903137e-01
1.070149764418601990e-01
1.005954667925834656e-01
1.017374396324157715e-01
1.045938357710838318e-01
1.003151535987854004e-01
1.006701365113258362e-01
1.042927801609039307e-01
1.086272224783897400e-01
9.979274868965148926e-02
1.048663258552551270e-01
1.081154718995094299e-01
1.009804978966712952e-01
9.862175583839416504e-02
9.578850865364074707e-02
9.702160209417343140e-02
9.555502980947494507e-02
1.051255390048027039e-01
1.007192432880401611e-01
9.648912400007247925e-02
1.063438877463340759e-01
1.218716725707054138e-01
1.098922565579414368e-01
1.096933484077453613e-01
1.089362427592277527e-01
1.000087857246398926e-01
9.988430887460708618e-02
9.693499654531478882e-02
1.035854816436767578e-01
1.036603525280952454e-01
1.259043961763381958e-01
1.014422774314880371e-01
1.231330633163452148e-01
1.028095260262489319e-01
1.078397408127784729e-01
9.801891446113586426e-02
9.655100852251052856e-02
9.048076719045639038e-02
1.016192436218261719e-01
1.033572182059288025e-01
1.106825843453407288e-01
1.033675894141197205e-01
1.029262021183967590e-01
1.008182391524314880e-01
9.945327043533325195e-02
1.025043502449989319e-01
1.020056679844856262e-01
1.109826043248176575e-01
9.919160604476928711e-02
9.563779830932617188e-02
1.034416854381561279e-01
1.022356823086738586e-01
1.072301566600799561e-01
9.758331626653671265e-02
9.933974593877792358e-02
1.029722169041633606e-01
9.654969722032546997e-02
1.090779975056648254e-01
1.080861315131187439e-01
9.738951921463012695e-02
9.348434209823608398e-02
1.043505370616912842e-01
9.996232390403747559e-02
1.005569323897361755e-01
1.114095151424407959e-01
1.051217690110206604e-01
1.040055379271507263e-01
1.027282550930976868e-01
9.514229744672775269e-02
9.816393256187438965e-02
1.018551364541053772e-01
1.017291471362113953e-01
1.021705865859985352e-01
1.035565808415412903e-01
9.715602546930313110e-02
1.060329973697662354e-01
1.070634201169013977e-01
1.077427342534065247e-01
9.787362813949584961e-02
1.002258136868476868e-01
9.759825468063354492e-02
1.028031408786773682e-01
1.097677573561668396e-01
1.078450605273246765e-01
1.059404313564300537e-01
1.016027256846427917e-01
1.017372012138366699e-01
1.024852171540260315e-01
9.307828545570373535e-02
1.041783094406127930e-01
1.038882434368133545e-01
9.554328769445419312e-02
9.817346930503845215e-02
1.043326854705810547e-01
9.260978549718856812e-02
1.020961701869964600e-01
1.016579195857048035e-01
9.801938384771347046e-02
9.829536825418472290e-02
9.819708019495010376e-02
1.191809996962547302e-01
9.975563734769821167e-02
1.058639511466026306e-01
1.011736690998077393e-01
9.266334772109985352e-02
1.086059287190437317e-01
1.049444004893302917e-01
1.045549437403678894e-01
1.115879192948341370e-01
1.037304699420928955e-01
9.946221113204956055e-02
1.047822162508964539e-01
1.010837852954864502e-01
1.017872989177703857e-01
9.881201386451721191e-02
9.499593824148178101e-02
1.128660142421722412e-01
9.874614328145980835e-02
9.944825619459152222e-02
9.742101281881332397e-02
9.441787004470825195e-02
1.006412506103515625e-01
1.046656966209411621e-01
9.883626550436019897e-02
1.052649691700935364e-01
9.902733564376831055e-02
1.047969162464141846e-01
1.005055233836174011e-01
9.906017035245895386e-02
9.947273880243301392e-02
9.811305999755859375e-02
1.048116385936737061e-01
9.495399147272109985e-02
9.824708849191665649e-02
1.047883629798889160e-01
1.015035510063171387e-01
9.705469757318496704e-02
9.958467632532119751e-02
1.089534983038902283e-01
9.443819522857666016e-02
9.672313928604125977e-02
1.044037342071533203e-01
1.083569005131721497e-01
1.084297299385070801e-01
1.151493713259696960e-01
1.087589487433433533e-01
1.013331636786460876e-01
1.008049547672271729e-01
1.052472218871116638e-01
9.383869171142578125e-02
1.067803204059600830e-01
1.035003364086151123e-01
1.011495813727378845e-01
1.061621084809303284e-01
1.106715723872184753e-01
1.022995784878730774e-01
1.038583591580390930e-01
1.015896871685981750e-01
1.030832752585411072e-01
9.672605991363525391e-02
9.385856240987777710e-02
9.462627768516540527e-02
1.062587425112724304e-01
9.731306880712509155e-02
1.014636531472206116e-01
9.844804555177688599e-02
1.001317426562309265e-01
1.072292849421501160e-01
9.888350963592529297e-02
9.893631935119628906e-02
1.024303510785102844e-01
1.006690040230751038e-01
9.888809919357299805e-02
9.947451204061508179e-02
1.030597090721130371e-01
1.009266674518585205e-01
1.025131717324256897e-01
9.469068050384521484e-02
9.696117043495178223e-02
9.859346598386764526e-02
1.010236218571662903e-01
1.003667339682579041e-01
1.036459505558013916e-01
1.037853956222534180e-01
1.006725654006004333e-01
1.032180562615394592e-01
1.029051318764686584e-01
1.031815931200981140e-01
9.776967018842697144e-02
1.096898019313812256e-01
1.263987869024276733e-01
1.008340790867805481e-01
1.072064340114593506e-01
1.035599634051322937e-01
1.096051409840583801e-01
1.015798076987266541e-01
1.000541523098945618e-01
9.832742810249328613e-02
1.001049876213073730e-01
1.002613008022308350e-01
9.477781504392623901e-02
9.902559965848922729e-02
1.084824278950691223e-01
9.610664099454879761e-02
9.877502918243408203e-02
1.051328480243682861e-01
1.016493663191795349e-01
1.011692062020301819e-01
1.015416160225868225e-01
9.455097466707229614e-02
1.045136749744415283e-01
9.978087991476058960e-02
1.020699813961982727e-01
1.007875576615333557e-01
1.021844670176506042e-01
9.874594211578369141e-02
1.090931668877601624e-01
1.008166596293449402e-01
9.586074203252792358e-02
1.034428104758262634e-01
1.047268435359001160e-01
9.853780269622802734e-02
1.064465865492820740e-01
1.066449880599975586e-01
9.571793675422668457e-02
1.044047176837921143e-01
9.730118513107299805e-02
1.045486703515052795e-01
9.746416658163070679e-02
1.007459461688995361e-01
1.025677919387817383e-01
1.084570959210395813e-01
1.029264852404594421e-01
1.073668971657752991e-01
9.973558038473129272e-02
1.019931510090827942e-01
9.833229333162307739e-02
1.001344919204711914e-01
1.012865900993347168e-01
1.008208394050598145e-01
1.070515885949134827e-01
1.026539728045463562e-01
9.481531381607055664e-02
9.712640196084976196e-02
9.778074175119400024e-02
1.018500402569770813e-01
1.069460436701774597e-01
9.959586709737777710e-02
1.006252393126487732e-01
1.034151092171669006e-01
1.036035716533660889e-01
9.986356645822525024e-02
9.958501905202865601e-02
1.028249636292457581e-01
9.623914957046508789e-02
1.053965613245964050e-01
9.792020916938781738e-02
1.042754277586936951e-01
1.069451197981834412e-01
1.109997406601905823e-01
1.020568981766700745e-01
1.029615923762321472e-01
1.062073484063148499e-01
9.702146798372268677e-02
9.742080420255661011e-02
9.840548783540725708e-02
1.031096801161766052e-01
1.111007556319236755e-01
1.001466587185859680e-01
1.045146808028221130e-01
1.062876284122467041e-01
9.932190179824829102e-02
1.054340228438377380e-01
1.027658283710479736e-01
1.023158431053161621e-01
1.012832224369049072e-01
1.083226501941680908e-01
9.954309463500976562e-02
1.249780580401420593e-01
9.933507442474365234e-02
1.012773811817169189e-01
1.072512045502662659e-01
9.487992525100708008e-02
1.076491251587867737e-01
1.044510602951049805e-01
1.017616614699363708e-01
9.667421132326126099e-02
1.124496459960937500e-01
1.051724031567573547e-01
1.037948131561279297e-01
9.552019089460372925e-02
1.052665933966636658e-01
1.044925227761268616e-01
1.005718111991882324e-01
1.026379689574241638e-01
9.687384963035583496e-02
1.063421070575714111e-01
1.003302931785583496e-01
9.542659670114517212e-02
9.753719717264175415e-02
1.023268997669219971e-01
1.089690253138542175e-01
9.763094782829284668e-02
1.094612404704093933e-01
9.790099412202835083e-02
1.073934733867645264e-01
1.076704189181327820e-01
1.033063530921936035e-01
9.429898858070373535e-02
9.728679060935974121e-02
1.006373390555381775e-01
9.501602500677108765e-02
9.707767516374588013e-02
1.005587205290794373e-01
9.839636832475662231e-02
1.029783263802528381e-01
1.040938273072242737e-01
1.026675105094909668e-01
1.083589270710945129e-01
1.026978194713592529e-01
1.016392186284065247e-01
9.832391887903213501e-02
1.010032817721366882e-01
9.817127138376235962e-02
1.018071845173835754e-01
9.927130490541458130e-02
1.078030690550804138e-01
1.006813123822212219e-01
1.009868606925010681e-01
9.873232245445251465e-02
9.736925363540649414e-02
9.912697225809097290e-02
9.882830828428268433e-02
1.018468365073204041e-01
1.032399237155914307e-01
9.981971979141235352e-02
1.003709211945533752e-01
9.770842641592025757e-02
1.014945283532142639e-01
9.766635298728942871e-02
9.957286715507507324e-02
1.016455888748168945e-01
1.013276576995849609e-01
1.057594493031501770e-01
1.092957854270935059e-01
1.007304564118385315e-01
9.699219465255737305e-02
9.549212455749511719e-02
1.042491197586059570e-01
9.965131431818008423e-02
1.018231138586997986e-01
9.759718924760818481e-02
1.066284403204917908e-01
9.557577967643737793e-02
1.018782630562782288e-01
9.958356618881225586e-02
1.055068746209144592e-01
1.027142032980918884e-01
9.523873776197433472e-02
1.041520908474922180e-01
1.028123721480369568e-01
9.680485725402832031e-02
1.007407680153846741e-01
9.856698662042617798e-02
1.030039265751838684e-01
1.030333638191223145e-01
1.044259667396545410e-01
1.003192067146301270e-01
1.018528565764427185e-01
1.028219461441040039e-01
1.112060025334358215e-01
1.132664084434509277e-01
1.005504503846168518e-01
1.099260970950126648e-01
1.005396768450737000e-01
9.858515113592147827e-02
1.058638393878936768e-01
1.313180774450302124e-01
1.030910909175872803e-01
9.901537746191024780e-02
1.049382761120796204e-01
9.733369201421737671e-02
1.012679934501647949e-01
1.032561957836151123e-01
1.026311218738555908e-01
1.152169182896614075e-01
9.984982013702392578e-02
1.033597812056541443e-01
1.008716002106666565e-01
9.485878795385360718e-02
1.081609502434730530e-01
1.042118743062019348e-01
1.009594425559043884e-01
1.091680303215980530e-01
1.022170186042785645e-01
9.635692089796066284e-02
9.718197584152221680e-02
9.866423159837722778e-02
1.095884665846824646e-01
1.063644960522651672e-01
9.459000825881958008e-02
9.890524297952651978e-02
1.047786176204681396e-01
9.648644179105758667e-02
1.047965362668037415e-01
1.043677553534507751e-01
9.895097464323043823e-02
1.042945161461830139e-01
9.796723723411560059e-02
9.797797352075576782e-02
9.980955719947814941e-02
1.071893349289894104e-01
1.057037040591239929e-01
9.702805429697036743e-02
1.005083322525024414e-01
9.523073583841323853e-02
9.423547238111495972e-02
9.785417467355728149e-02
1.035751178860664368e-01
1.081153675913810730e-01
1.001371964812278748e-01
1.053155139088630676e-01
1.035043969750404358e-01
1.008616387844085693e-01
1.137058958411216736e-01
9.963890910148620605e-02
1.082500889897346497e-01
9.469712525606155396e-02
9.960699826478958130e-02
9.872881323099136353e-02
9.971517324447631836e-02
1.098672673106193542e-01
9.481332451105117798e-02
9.671759605407714844e-02
9.810692071914672852e-02
1.012233570218086243e-01
1.120628118515014648e-01
1.001314595341682434e-01
9.611558169126510620e-02
9.954103827476501465e-02
1.006760969758033752e-01
9.946151822805404663e-02
1.059646010398864746e-01
1.023488566279411316e-01
1.037441194057464600e-01
1.041640415787696838e-01
9.721746295690536499e-02
1.100726649165153503e-01
9.891173243522644043e-02
9.428010135889053345e-02
1.032561659812927246e-01
1.013800129294395447e-01
1.061090305447578430e-01
9.725751727819442749e-02
1.044403687119483948e-01
1.039282381534576416e-01
1.006838008761405945e-01
1.194635629653930664e-01
1.021184250712394714e-01
9.768744558095932007e-02
9.782984107732772827e-02
9.887484461069107056e-02
1.034951880574226379e-01
1.018180027604103088e-01
1.043803170323371887e-01
9.866446256637573242e-02
9.809476137161254883e-02
1.009875461459159851e-01
9.463959187269210815e-02
9.450727701187133789e-02
1.012173518538475037e-01
9.985255450010299683e-02
9.632978588342666626e-02
1.055362746119499207e-01
1.039508804678916931e-01
1.021603569388389587e-01
1.074146702885627747e-01
1.188765838742256165e-01
1.153870224952697754e-01
1.180266514420509338e-01
1.015497818589210510e-01
9.995350241661071777e-02
9.946864843368530273e-02
1.033281683921813965e-01
1.034852638840675354e-01
1.038281545042991638e-01
9.930334240198135376e-02
9.700483083724975586e-02
1.012482047080993652e-01
9.637304395437240601e-02
1.423247009515762329e-01
1.042960509657859802e-01
1.070992648601531982e-01
9.827986359596252441e-02
1.000578999519348145e-01
1.068469062447547913e-01
1.003936156630516052e-01
9.972355514764785767e-02
9.570505470037460327e-02
1.030765175819396973e-01
9.822585433721542358e-02
9.593013674020767212e-02
1.029945239424705505e-01
1.059201583266258240e-01
1.053184345364570618e-01
9.890829771757125854e-02
9.530151635408401489e-02
9.820133447647094727e-02
1.009706258773803711e-01
1.066076979041099548e-01
1.012357696890830994e-01
9.463587403297424316e-02
9.455884248018264771e-02
1.082513704895973206e-01
9.786979109048843384e-02
9.469797462224960327e-02
9.823382645845413208e-02
9.889256954193115234e-02
9.833311289548873901e-02
1.021791100502014160e-01
1.124231591820716858e-01
1.041923388838768005e-01
1.014389693737030029e-01
9.667881578207015991e-02
9.844537824392318726e-02
9.823215007781982422e-02
1.018442139029502869e-01
1.021872982382774353e-01
1.068411841988563538e-01
1.000605896115303040e-01
9.784426540136337280e-02
9.992416948080062866e-02
1.073468253016471863e-01
1.057953462004661560e-01
1.014565005898475647e-01
1.000082269310951233e-01
1.042018607258796692e-01
1.047951802611351013e-01
1.023333594202995300e-01
1.179537773132324219e-01
1.009304150938987732e-01
1.041013076901435852e-01
1.014212146401405334e-01
9.569045156240463257e-02
9.603796154260635376e-02
1.012136116623878479e-01
1.013779267668724060e-01
9.427284449338912964e-02
1.013676524162292480e-01
9.809058159589767456e-02
1.049630567431449890e-01
1.028968617320060730e-01
9.849256277084350586e-02
1.083051934838294983e-01
9.969812631607055664e-02
1.052955016493797302e-01
9.648869186639785767e-02
1.075125560164451599e-01
9.637317806482315063e-02
1.144814491271972656e-01
9.512040019035339355e-02
1.022383347153663635e-01
9.593530744314193726e-02
9.950319677591323853e-02
9.810238331556320190e-02
9.674105048179626465e-02
1.066894531250000000e-01
9.832935780286788940e-02
9.794064611196517944e-02
1.025503501296043396e-01
1.220913007855415344e-01
9.816934913396835327e-02
9.923511743545532227e-02
9.538168460130691528e-02
1.004774570465087891e-01
1.035783067345619202e-01
9.976733475923538208e-02
9.414023160934448242e-02
9.951738268136978149e-02
1.010776832699775696e-01
9.985938668251037598e-02
9.916580468416213989e-02
9.941941499710083008e-02
9.664345532655715942e-02
1.030010059475898743e-01
1.052907630801200867e-01
1.059860810637474060e-01
1.059951186180114746e-01
9.775743633508682251e-02
1.062240228056907654e-01
9.978923946619033813e-02
1.042864546179771423e-01
1.073714420199394226e-01
1.025596931576728821e-01
1.026785969734191895e-01
9.860280901193618774e-02
9.849476069211959839e-02
9.634387493133544922e-02
1.025002822279930115e-01
1.014096438884735107e-01
9.480170160531997681e-02
9.618227928876876831e-02
9.705691784620285034e-02
9.760227799415588379e-02
1.001505330204963684e-01
1.015496477484703064e-01
9.402412176132202148e-02
9.952431917190551758e-02
1.056035533547401428e-01
9.811349958181381226e-02
9.983287006616592407e-02
9.982679039239883423e-02
1.026287376880645752e-01
1.034075096249580383e-01
1.028826758265495300e-01
9.857980161905288696e-02
1.007575988769531250e-01
1.010794639587402344e-01
1.019324660301208496e-01
9.766257554292678833e-02
9.799855202436447144e-02
1.036395952105522156e-01
9.457955509424209595e-02
1.025260314345359802e-01
1.096067726612091064e-01
9.866038709878921509e-02
9.883732348680496216e-02
9.341471642255783081e-02
1.014706715941429138e-01
9.947085380554199219e-02
1.004301384091377258e-01
9.730593115091323853e-02
1.083166524767875671e-01
9.950872510671615601e-02
1.074759066104888916e-01
1.047007814049720764e-01
9.507598727941513062e-02
9.999803453683853149e-02
9.688880294561386108e-02
9.202113002538681030e-02
1.000832021236419678e-01
1.008200719952583313e-01
1.015774309635162354e-01
9.537672251462936401e-02
9.130555391311645508e-02
1.033290997147560120e-01
1.002047955989837646e-01
9.762880951166152954e-02
9.954077005386352539e-02
1.033968701958656311e-01
9.869286417961120605e-02
9.934428334236145020e-02
1.030082926154136658e-01
9.688085317611694336e-02
1.026780977845191956e-01
9.604803472757339478e-02
1.067559346556663513e-01
9.651095420122146606e-02
1.063408628106117249e-01
9.568805247545242310e-02
1.010436117649078369e-01
1.007392629981040955e-01
1.002945899963378906e-01
9.566196799278259277e-02
1.008318960666656494e-01
1.020154058933258057e-01
1.023107990622520447e-01
1.020114645361900330e-01
1.054577454924583435e-01
1.101015284657478333e-01
1.031093299388885498e-01
9.930678457021713257e-02
9.880641102790832520e-02
1.005812361836433411e-01
1.048474535346031189e-01
1.015303134918212891e-01
1.026141643524169922e-01
1.063980534672737122e-01
1.062007918953895569e-01
1.097075939178466797e-01
1.058075204491615295e-01
1.026745215058326721e-01
1.133027151226997375e-01
1.087935939431190491e-01
1.025831699371337891e-01
1.058997437357902527e-01
1.082109585404396057e-01
1.164709925651550293e-01
1.000531017780303955e-01
9.606034308671951294e-02
1.146261915564537048e-01
1.021711453795433044e-01
9.989496320486068726e-02
1.017324328422546387e-01
1.029252335429191589e-01
9.666017442941665649e-02
9.651353210210800171e-02
1.023330390453338623e-01
9.954831004142761230e-02
9.967460483312606812e-02
9.360074251890182495e-02
1.010021269321441650e-01
1.058994531631469727e-01
9.956384450197219849e-02
9.425151348114013672e-02
1.139140650629997253e-01
1.084446534514427185e-01
1.022220849990844727e-01
1.036656498908996582e-01
1.057083606719970703e-01
9.985134750604629517e-02
1.048707142472267151e-01
1.064641252160072327e-01
1.003325358033180237e-01
9.937854856252670288e-02
1.069244816899299622e-01
1.062988415360450745e-01
1.046110764145851135e-01
9.712287783622741699e-02
1.002883091568946838e-01
1.047648191452026367e-01
1.049632057547569275e-01
1.047506928443908691e-01
1.036246791481971741e-01
9.954425692558288574e-02
1.061862930655479431e-01
1.055596396327018738e-01
1.050584688782691956e-01
1.078912690281867981e-01
9.914439916610717773e-02
1.065249070525169373e-01
9.953412413597106934e-02
9.473919123411178589e-02
1.078580543398857117e-01
9.817216545343399048e-02
9.818613529205322266e-02
9.650348871946334839e-02
1.024883091449737549e-01
9.942319244146347046e-02
1.027922257781028748e-01
9.870034456253051758e-02
9.833359718322753906e-02
9.863027930259704590e-02
1.050231456756591797e-01
1.036409810185432434e-01
9.591930359601974487e-02
1.031826213002204895e-01
9.846580028533935547e-02
9.772005677223205566e-02
1.022338271141052246e-01
1.039340496063232422e-01
1.095424816012382507e-01
1.037263050675392151e-01
9.586441516876220703e-02
1.085522100329399109e-01
9.978777170181274414e-02
1.017912402749061584e-01
1.100555732846260071e-01
1.011708006262779236e-01
1.038184389472007751e-01
1.088800132274627686e-01
9.766256809234619141e-02
1.002312898635864258e-01
1.034281924366950989e-01
1.001829802989959717e-01
1.007417514920234680e-01
1.033255979418754578e-01
9.954207390546798706e-02
9.737027436494827271e-02
9.768850356340408325e-02
9.560286253690719604e-02
9.968006610870361328e-02
1.051283776760101318e-01
1.030948832631111145e-01
1.024871692061424255e-01
1.052712574601173401e-01
1.034103408455848694e-01
9.727860242128372192e-02
1.108278557658195496e-01
1.011416614055633545e-01
9.195836633443832397e-02
1.012767478823661804e-01
9.705486148595809937e-02
1.026072278618812561e-01
1.091405376791954041e-01
1.011390611529350281e-01
9.206972271203994751e-02
1.002760231494903564e-01
9.693932533264160156e-02
1.046921908855438232e-01
1.042706891894340515e-01
9.376058727502822876e-02
9.590768814086914062e-02
1.068476736545562744e-01
1.083802580833435059e-01
9.715846925973892212e-02
9.651353210210800171e-02
1.061745360493659973e-01
1.078565940260887146e-01
1.064507067203521729e-01
1.052669286727905273e-01
9.788272529840469360e-02
1.345795691013336182e-01
1.035312786698341370e-01
9.624893218278884888e-02
1.010894253849983215e-01
1.012511849403381348e-01
1.056162491440773010e-01
9.740847349166870117e-02
9.858387708663940430e-02
1.022320017218589783e-01
1.030200719833374023e-01
1.135061308741569519e-01
1.014366820454597473e-01
1.058924421668052673e-01
9.433560818433761597e-02
1.024575233459472656e-01
1.093355640769004822e-01
1.028826832771301270e-01
9.968911856412887573e-02
1.047034859657287598e-01
1.114227175712585449e-01
1.007375121116638184e-01
1.094239875674247742e-01
1.011273339390754700e-01
9.921818971633911133e-02
9.889500588178634644e-02
9.986845403909683228e-02
1.051308438181877136e-01
1.076690927147865295e-01
1.026338636875152588e-01
1.008137464523315430e-01
9.874480962753295898e-02
9.637983888387680054e-02
1.133196055889129639e-01
1.138400062918663025e-01
1.014738008379936218e-01
1.084837391972541809e-01
1.028637662529945374e-01
1.044089272618293762e-01
1.034151241183280945e-01
1.010438427329063416e-01
9.476713091135025024e-02
9.406039863824844360e-02
1.079565361142158508e-01
9.772988408803939819e-02
1.048248484730720520e-01
1.072447970509529114e-01
1.032950505614280701e-01
9.845919162034988403e-02
1.032472848892211914e-01
1.071688756346702576e-01
1.040324568748474121e-01
1.055835261940956116e-01
1.076262816786766052e-01
1.073443889617919922e-01
1.005165353417396545e-01
1.014161780476570129e-01
9.931752085685729980e-02
1.072328016161918640e-01
9.959306567907333374e-02
1.002523973584175110e-01
9.961053729057312012e-02
1.044063791632652283e-01
9.937130659818649292e-02
1.091079190373420715e-01
1.077074110507965088e-01
9.774515032768249512e-02
1.050027534365653992e-01
9.868353605270385742e-02
1.017161235213279724e-01
1.159152388572692871e-01
1.002943143248558044e-01
9.743054956197738647e-02
1.066669002175331116e-01
1.059034168720245361e-01
1.069666966795921326e-01
1.022518053650856018e-01
1.036446318030357361e-01
1.050641611218452454e-01
1.093507707118988037e-01
1.014308035373687744e-01
9.834334999322891235e-02
1.023376807570457458e-01
1.024359837174415588e-01
1.062557920813560486e-01
9.735783189535140991e-02
9.649294614791870117e-02
1.040726900100708008e-01
1.008246168494224548e-01
1.022056937217712402e-01
1.026737913489341736e-01
1.247819662094116211e-01
9.427685290575027466e-02
9.906395524740219116e-02
1.036820337176322937e-01
1.005586609244346619e-01
1.022760793566703796e-01
1.017640456557273865e-01
9.736586362123489380e-02
1.054457202553749084e-01
9.955637902021408081e-02
9.948315471410751343e-02
1.044495105743408203e-01
1.003166437149047852e-01
1.030246615409851074e-01
9.241491556167602539e-02
9.814029932022094727e-02
9.744209796190261841e-02
9.970322251319885254e-02
9.953656047582626343e-02
1.030388548970222473e-01
9.870454668998718262e-02
9.777196496725082397e-02
1.029974445700645447e-01
1.030347123742103577e-01
9.658683091402053833e-02
9.735771268606185913e-02
9.240872412919998169e-02
1.002639755606651306e-01
1.014196053147315979e-01
1.002782359719276428e-01
1.082415208220481873e-01
1.030620709061622620e-01
9.638621658086776733e-02
1.066958680748939514e-01
9.727153927087783813e-02
1.041462421417236328e-01
1.104642525315284729e-01
1.019176617264747620e-01
1.006586924195289612e-01
1.099634245038032532e-01
1.124873533844947815e-01
1.042905077338218689e-01
1.014269664883613586e-01
9.873973578214645386e-02
1.045294702053070068e-01
1.026768684387207031e-01
1.071160659193992615e-01
9.972676634788513184e-02
9.687895327806472778e-02
9.998098760843276978e-02
9.905309230089187622e-02
1.061406955122947693e-01
1.013351306319236755e-01
1.024245545268058777e-01
1.084859371185302734e-01
9.780353307723999023e-02
1.058759018778800964e-01
9.910426288843154907e-02
9.785167127847671509e-02
9.924793988466262817e-02
9.808006882667541504e-02
1.012628898024559021e-01
1.034359857439994812e-01
1.008247658610343933e-01
1.034794673323631287e-01
1.057239994406700134e-01
9.438855201005935669e-02
9.800661355257034302e-02
1.049603596329689026e-01
1.008878052234649658e-01
1.025675833225250244e-01
1.041668429970741272e-01
1.082059815526008606e-01
1.021585538983345032e-01
1.084678843617439270e-01
9.729184955358505249e-02
9.945887327194213867e-02
1.001927554607391357e-01
1.033144518733024597e-01
1.011069342494010925e-01
9.454533457756042480e-02
1.085230708122253418e-01
1.141332387924194336e-01
1.000688299536705017e-01
9.730488806962966919e-02
9.859635680913925171e-02
1.073165759444236755e-01
9.931919723749160767e-02
1.027054712176322937e-01
9.688771516084671021e-02
9.854105114936828613e-02
1.052862107753753662e-01
9.640976041555404663e-02
1.000121161341667175e-01
9.388834238052368164e-02
1.004235371947288513e-01
9.975710511207580566e-02
1.055397465825080872e-01
1.075866445899009705e-01
9.868539124727249146e-02
9.926257282495498657e-02
1.048091650009155273e-01
1.381224393844604492e-01
1.047087311744689941e-01
1.034032404422760010e-01
1.202813982963562012e-01
9.959024190902709961e-02
9.609200805425643921e-02
1.046917513012886047e-01
9.968143701553344727e-02
9.864822030067443848e-02
9.667962044477462769e-02
9.718906134366989136e-02
1.014200672507286072e-01
1.049384549260139465e-01
1.044551506638526917e-01
1.027915552258491516e-01
1.014996394515037537e-01
1.064372062683105469e-01
9.997374564409255981e-02
9.616831690073013306e-02
1.077749952673912048e-01
1.052296459674835205e-01
9.989189356565475464e-02
1.057246029376983643e-01
9.897809475660324097e-02
1.073789596557617188e-01
9.974151849746704102e-02
9.978856891393661499e-02
9.478596597909927368e-02
1.041276082396507263e-01
9.765863418579101562e-02
1.013695895671844482e-01
9.912249445915222168e-02
9.614057093858718872e-02
1.064677610993385315e-01
1.003248691558837891e-01
1.006362661719322205e-01
9.965959191322326660e-02
9.536250680685043335e-02
9.775989502668380737e-02
1.047816649079322815e-01
1.078391671180725098e-01
1.026849523186683655e-01
9.352668374776840210e-02
1.000224351882934570e-01
1.166243553161621094e-01
1.321525126695632935e-01
1.110226511955261230e-01
1.017568930983543396e-01
1.035547852516174316e-01
1.027012988924980164e-01
1.058382093906402588e-01
9.904376417398452759e-02
1.027910187840461731e-01
1.079992577433586121e-01
1.070278659462928772e-01
1.001052260398864746e-01
9.705471992492675781e-02
9.831669926643371582e-02
1.015530005097389221e-01
1.060865223407745361e-01
9.626913815736770630e-02
1.307978928089141846e-01
1.132398024201393127e-01
9.408336132764816284e-02
1.044679358601570129e-01
9.737177938222885132e-02
1.011006906628608704e-01
9.918706864118576050e-02
1.006460487842559814e-01
1.102644503116607666e-01
1.053119897842407227e-01
9.376884251832962036e-02
1.007117107510566711e-01
9.786564111709594727e-02
1.062775030732154846e-01
1.038698554039001465e-01
1.045180559158325195e-01
9.697090834379196167e-02
9.273684024810791016e-02
1.053384914994239807e-01
1.092571914196014404e-01
1.020741835236549377e-01
9.735471010208129883e-02
9.402197599411010742e-02
1.029928028583526611e-01
1.030045077204704285e-01
1.068597435951232910e-01
9.569808840751647949e-02
1.004822775721549988e-01
1.034629642963409424e-01
1.024232208728790283e-01
1.033073738217353821e-01
9.616654366254806519e-02
9.838962554931640625e-02
9.837771207094192505e-02
9.622650593519210815e-02
1.015024185180664062e-01
1.050388440489768982e-01
9.520667046308517456e-02
9.234023094177246094e-02
9.623611718416213989e-02
1.170787215232849121e-01
1.016491875052452087e-01
1.061847880482673645e-01
1.012984439730644226e-01
1.014860272407531738e-01
1.071760952472686768e-01
1.027752235531806946e-01
1.034499630331993103e-01
1.050959601998329163e-01
1.022418439388275146e-01
1.008825525641441345e-01
1.144604682922363281e-01
9.922186285257339478e-02
1.006545424461364746e-01
1.081341132521629333e-01
9.778413921594619751e-02
1.044794842600822449e-01
1.058444902300834656e-01
1.071751937270164490e-01
9.975118190050125122e-02
1.052940115332603455e-01
1.038111522793769836e-01
1.041175648570060730e-01
1.011920273303985596e-01
1.019668504595756531e-01
9.890130907297134399e-02
9.932816028594970703e-02
9.941305965185165405e-02
9.872770309448242188e-02
9.427342563867568970e-02
9.592177718877792358e-02
1.023071035742759705e-01
9.515237808227539062e-02
1.020526066422462463e-01
9.629300981760025024e-02
1.042957082390785217e-01
9.823907166719436646e-02
9.655603021383285522e-02
1.033382713794708252e-01
9.770611673593521118e-02
1.045533418655395508e-01
9.747726470232009888e-02
1.039682850241661072e-01
1.089312657713890076e-01
1.106745973229408264e-01
1.085582002997398376e-01
1.065168604254722595e-01
1.034508720040321350e-01
1.088566780090332031e-01
1.010573878884315491e-01
1.051168739795684814e-01
1.053258404135704041e-01
1.065093949437141418e-01
9.920733422040939331e-02
1.001120135188102722e-01
1.033962070941925049e-01
9.939930588006973267e-02
1.075442433357238770e-01
9.705365449190139771e-02
1.006988957524299622e-01
1.028777584433555603e-01
1.006100997328758240e-01
1.016758680343627930e-01
1.039581969380378723e-01
1.097136810421943665e-01
9.841841459274291992e-02
1.005009561777114868e-01
