3.248279392719268799e-01
2.660826444625854492e-01
2.647092044353485107e-01
3.733830749988555908e-01
3.083933591842651367e-01
3.028417825698852539e-01
3.391776084899902344e-01
3.027706146240234375e-01
3.404480218887329102e-01
4.545095860958099365e-01
2.690700590610504150e-01
3.371226489543914795e-01
3.314741849899291992e-01
3.065694272518157959e-01
3.299021720886230469e-01
3.110344111919403076e-01
5.199686884880065918e-01
2.850965559482574463e-01
3.775077760219573975e-01
4.422294199466705322e-01
2.085415124893188477e-01
3.736769855022430420e-01
2.865882813930511475e-01
3.861865699291229248e-01
3.232786953449249268e-01
4.173986613750457764e-01
3.073820769786834717e-01
3.893682956695556641e-01
3.969326913356781006e-01
3.650852441787719727e-01
3.532642424106597900e-01
3.364741504192352295e-01
3.630636036396026611e-01
4.873835146427154541e-01
3.379153311252593994e-01
3.369113206863403320e-01
7.251798510551452637e-01
2.210025042295455933e-01
2.691976130008697510e-01
2.877818048000335693e-01
3.468036651611328125e-01
5.669773221015930176e-01
4.048061370849609375e-01
3.476181924343109131e-01
3.780434131622314453e-01
3.052487373352050781e-01
4.220755100250244141e-01
7.487521767616271973e-01
4.608779847621917725e-01
3.623941838741302490e-01
5.565698742866516113e-01
3.796725273132324219e-01
3.166380226612091064e-01
4.218739569187164307e-01
4.076787531375885010e-01
5.826895833015441895e-01
4.365239143371582031e-01
3.584469854831695557e-01
4.569989144802093506e-01
3.950279653072357178e-01
4.575923383235931396e-01
3.074741661548614502e-01
2.792023718357086182e-01
7.703757882118225098e-01
3.458112180233001709e-01
9.801273345947265625e-01
8.084864616394042969e-01
3.950079977512359619e-01
3.118189275264739990e-01
4.253266751766204834e-01
5.361270308494567871e-01
4.222377240657806396e-01
4.143284857273101807e-01
4.938843250274658203e-01
3.199689984321594238e-01
3.921562731266021729e-01
4.351586401462554932e-01
4.522693157196044922e-01
1.112999320030212402e+00
3.874799907207489014e-01
6.463909745216369629e-01
4.854004681110382080e-01
4.837279617786407471e-01
5.863804817199707031e-01
4.645930826663970947e-01
3.492793142795562744e-01
4.862521588802337646e-01
5.490897893905639648e-01
3.925612866878509521e-01
4.437391757965087891e-01
4.641888141632080078e-01
6.219869256019592285e-01
3.781092464923858643e-01
4.261105954647064209e-01
2.970597445964813232e-01
3.768625259399414062e-01
3.923420011997222900e-01
3.833593428134918213e-01
2.940847575664520264e-01
3.395909965038299561e-01
4.760573208332061768e-01
3.260602056980133057e-01
6.910912990570068359e-01
3.658964335918426514e-01
4.433853626251220703e-01
3.262567818164825439e-01
3.656737804412841797e-01
4.309055805206298828e-01
3.649253845214843750e-01
3.189582824707031250e-01
4.127613008022308350e-01
2.052988559007644653e-01
3.427620232105255127e-01
5.981436967849731445e-01
4.922295510768890381e-01
3.053219020366668701e-01
5.313842296600341797e-01
3.487971127033233643e-01
3.948956429958343506e-01
4.125719964504241943e-01
2.548760473728179932e-01
3.480441570281982422e-01
3.433143198490142822e-01
3.490281999111175537e-01
3.504470884799957275e-01
3.020446002483367920e-01
3.550850450992584229e-01
4.347931146621704102e-01
3.730998039245605469e-01
3.352130949497222900e-01
5.248972773551940918e-01
3.945190012454986572e-01
2.920169830322265625e-01
3.775331974029541016e-01
3.293718993663787842e-01
4.210498631000518799e-01
2.609778642654418945e-01
3.162211775779724121e-01
3.464122116565704346e-01
2.936183214187622070e-01
3.124074637889862061e-01
4.453212320804595947e-01
3.589220046997070312e-01
3.840772211551666260e-01
4.746745824813842773e-01
3.337122499942779541e-01
3.253346383571624756e-01
3.625119924545288086e-01
3.265040814876556396e-01
2.690839469432830811e-01
3.497110903263092041e-01
6.708437800407409668e-01
2.831544578075408936e-01
3.201782107353210449e-01
4.461078643798828125e-01
3.837634027004241943e-01
3.529526293277740479e-01
3.795162439346313477e-01
2.824780642986297607e-01
4.069949090480804443e-01
2.361174821853637695e-01
2.994732558727264404e-01
3.495306074619293213e-01
3.153996169567108154e-01
3.610651791095733643e-01
3.336732685565948486e-01
3.862360417842864990e-01
3.089580237865447998e-01
3.011476695537567139e-01
3.757598102092742920e-01
2.668607234954833984e-01
4.121781885623931885e-01
2.985325157642364502e-01
2.172182798385620117e-01
4.235526621341705322e-01
6.785113215446472168e-01
3.392301499843597412e-01
3.916170597076416016e-01
7.523501515388488770e-01
4.159637391567230225e-01
3.294893503189086914e-01
5.857484936714172363e-01
3.532427251338958740e-01
3.800188302993774414e-01
3.335445821285247803e-01
3.091144859790802002e-01
2.918582260608673096e-01
2.549471557140350342e-01
2.628871500492095947e-01
3.687493503093719482e-01
3.406290113925933838e-01
2.982743680477142334e-01
4.682109057903289795e-01
3.368305861949920654e-01
3.620076179504394531e-01
3.087781667709350586e-01
2.572966814041137695e-01
4.264538288116455078e-01
3.294025361537933350e-01
3.137673437595367432e-01
2.976714670658111572e-01
3.150903880596160889e-01
3.202539086341857910e-01
6.648529171943664551e-01
3.551634550094604492e-01
3.263436555862426758e-01
3.973691463470458984e-01
4.553371667861938477e-01
4.061214625835418701e-01
2.933412492275238037e-01
4.440580904483795166e-01
4.074909985065460205e-01
3.580287396907806396e-01
2.272362112998962402e-01
4.860149323940277100e-01
4.442376792430877686e-01
3.795556128025054932e-01
2.983092069625854492e-01
3.542970716953277588e-01
4.121784269809722900e-01
4.259151220321655273e-01
4.216223955154418945e-01
3.972024917602539062e-01
4.714201688766479492e-01
3.946896493434906006e-01
3.595823943614959717e-01
2.314672917127609253e-01
4.542569220066070557e-01
2.717527747154235840e-01
2.980014681816101074e-01
4.656858146190643311e-01
4.112039804458618164e-01
3.214069604873657227e-01
3.473960161209106445e-01
3.355374336242675781e-01
3.419142663478851318e-01
4.530630111694335938e-01
2.662048041820526123e-01
2.411816120147705078e-01
5.604550242424011230e-01
3.655779361724853516e-01
3.608729839324951172e-01
3.111642301082611084e-01
4.198745489120483398e-01
7.969138622283935547e-01
3.184544742107391357e-01
2.366056293249130249e-01
2.421509772539138794e-01
3.204134404659271240e-01
7.775866389274597168e-01
4.829228222370147705e-01
4.470674693584442139e-01
2.322908192873001099e-01
2.867161631584167480e-01
4.941658973693847656e-01
4.526049196720123291e-01
3.810904920101165771e-01
4.223881661891937256e-01
3.296486437320709229e-01
2.026532143354415894e-01
2.614759206771850586e-01
4.239684045314788818e-01
4.056929051876068115e-01
3.623682558536529541e-01
4.918580949306488037e-01
3.105274140834808350e-01
4.249360561370849609e-01
2.486594468355178833e-01
4.004133641719818115e-01
4.051803648471832275e-01
4.474813044071197510e-01
3.500994741916656494e-01
4.596115052700042725e-01
5.343445539474487305e-01
4.969094693660736084e-01
3.903691470623016357e-01
3.177295923233032227e-01
5.816999673843383789e-01
3.044810891151428223e-01
3.601872622966766357e-01
4.653300940990447998e-01
4.225475788116455078e-01
5.165888667106628418e-01
4.549642503261566162e-01
4.505925178527832031e-01
3.897501528263092041e-01
3.071397244930267334e-01
3.359466493129730225e-01
4.487097263336181641e-01
2.989221513271331787e-01
3.935484886169433594e-01
4.518177211284637451e-01
6.374652385711669922e-01
3.116174638271331787e-01
3.541961610317230225e-01
4.079639017581939697e-01
5.018860697746276855e-01
3.239094316959381104e-01
3.848709166049957275e-01
3.300423622131347656e-01
3.207982480525970459e-01
4.362650215625762939e-01
3.872071504592895508e-01
3.619537353515625000e-01
2.754581868648529053e-01
3.612287342548370361e-01
3.296685516834259033e-01
3.965380191802978516e-01
3.108113110065460205e-01
2.854790687561035156e-01
3.970055282115936279e-01
3.631236851215362549e-01
3.962989747524261475e-01
5.499616265296936035e-01
4.701992571353912354e-01
3.573321104049682617e-01
4.249025583267211914e-01
3.185855448246002197e-01
2.975208759307861328e-01
3.182078897953033447e-01
4.084471762180328369e-01
3.195318877696990967e-01
2.914444804191589355e-01
2.965921163558959961e-01
2.807728052139282227e-01
3.749982118606567383e-01
3.952067792415618896e-01
2.997974753379821777e-01
3.974924385547637939e-01
2.654024660587310791e-01
3.560520708560943604e-01
2.158982157707214355e-01
3.287740051746368408e-01
4.337195158004760742e-01
3.665938675403594971e-01
3.497338294982910156e-01
4.453226029872894287e-01
4.799261391162872314e-01
2.719647884368896484e-01
3.798626959323883057e-01
4.365094602108001709e-01
2.826694548130035400e-01
2.643206417560577393e-01
3.797677755355834961e-01
2.882279157638549805e-01
2.623016536235809326e-01
3.062113523483276367e-01
4.370020329952239990e-01
2.261745929718017578e-01
3.283347487449645996e-01
3.963582813739776611e-01
3.974994719028472900e-01
2.166984826326370239e-01
3.539161980152130127e-01
3.825387060642242432e-01
4.311145842075347900e-01
4.832620620727539062e-01
2.750111222267150879e-01
3.092159926891326904e-01
5.053277611732482910e-01
3.095742464065551758e-01
2.944399416446685791e-01
4.044550955295562744e-01
3.505774438381195068e-01
3.174345195293426514e-01
4.314620792865753174e-01
2.658757269382476807e-01
4.486032426357269287e-01
4.432311356067657471e-01
4.386737048625946045e-01
4.053815901279449463e-01
2.803615629673004150e-01
4.398281276226043701e-01
3.213847577571868896e-01
3.631411790847778320e-01
3.231308162212371826e-01
4.389359951019287109e-01
2.507070600986480713e-01
3.383741080760955811e-01
3.207407295703887939e-01
3.273897171020507812e-01
5.048782825469970703e-01
4.273381233215332031e-01
3.982630670070648193e-01
2.846426665782928467e-01
3.436161577701568604e-01
3.749581873416900635e-01
3.023689091205596924e-01
2.682233750820159912e-01
3.208293020725250244e-01
2.775525152683258057e-01
3.093591630458831787e-01
3.381014764308929443e-01
4.331276118755340576e-01
4.943892657756805420e-01
2.681384980678558350e-01
3.632991015911102295e-01
5.844164490699768066e-01
3.356150090694427490e-01
3.371306955814361572e-01
3.803527355194091797e-01
2.648164927959442139e-01
1.882255524396896362e-01
2.226050049066543579e-01
2.453162670135498047e-01
3.712843358516693115e-01
3.127239644527435303e-01
3.778256177902221680e-01
3.845496177673339844e-01
3.064482212066650391e-01
2.998770773410797119e-01
2.911779582500457764e-01
4.769594371318817139e-01
2.420135587453842163e-01
2.749404013156890869e-01
4.689532220363616943e-01
2.361419796943664551e-01
5.157901644706726074e-01
2.447190135717391968e-01
4.707223474979400635e-01
4.888603687286376953e-01
4.155503809452056885e-01
3.957757949829101562e-01
3.206461966037750244e-01
2.686487734317779541e-01
2.607101202011108398e-01
3.553798198699951172e-01
4.329910278320312500e-01
4.039835929870605469e-01
4.345819056034088135e-01
3.003549873828887939e-01
3.457603156566619873e-01
3.858010768890380859e-01
3.020611703395843506e-01
2.897085845470428467e-01
2.437675148248672485e-01
3.691872656345367432e-01
4.245848953723907471e-01
2.213645130395889282e-01
1.999851465225219727e-01
4.519444704055786133e-01
3.461863100528717041e-01
5.467114448547363281e-01
3.710842430591583252e-01
3.991865217685699463e-01
4.274791479110717773e-01
3.588587939739227295e-01
3.964498341083526611e-01
2.760510742664337158e-01
3.307342827320098877e-01
2.724018394947052002e-01
3.080678880214691162e-01
3.217643201351165771e-01
5.022154450416564941e-01
3.037778437137603760e-01
5.506104826927185059e-01
3.713071048259735107e-01
4.157609045505523682e-01
4.334226548671722412e-01
3.403917551040649414e-01
4.032997786998748779e-01
4.157510995864868164e-01
5.098167061805725098e-01
3.487139940261840820e-01
2.520420253276824951e-01
4.619666635990142822e-01
3.228942155838012695e-01
3.437408506870269775e-01
4.281329214572906494e-01
4.490935802459716797e-01
2.403781414031982422e-01
3.814137876033782959e-01
2.878227829933166504e-01
4.683471918106079102e-01
6.340320706367492676e-01
3.013850748538970947e-01
3.049003779888153076e-01
4.139649569988250732e-01
2.915785312652587891e-01
3.125926852226257324e-01
2.774809300899505615e-01
3.979481458663940430e-01
4.328989982604980469e-01
3.603934347629547119e-01
3.334960639476776123e-01
4.517245292663574219e-01
3.737041950225830078e-01
3.877019882202148438e-01
3.178750574588775635e-01
3.929911553859710693e-01
2.428609132766723633e-01
2.733443081378936768e-01
3.329880833625793457e-01
3.165054321289062500e-01
3.703031241893768311e-01
3.481329679489135742e-01
4.591752290725708008e-01
3.838964402675628662e-01
4.704951345920562744e-01
2.924459874629974365e-01
2.661221921443939209e-01
2.898595929145812988e-01
4.559157192707061768e-01
3.693957626819610596e-01
3.245930373668670654e-01
3.128572404384613037e-01
2.776642441749572754e-01
3.751085102558135986e-01
3.452679216861724854e-01
3.308299481868743896e-01
2.634092271327972412e-01
4.819445610046386719e-01
2.366537600755691528e-01
2.416777163743972778e-01
3.651397228240966797e-01
3.680160343647003174e-01
2.812454700469970703e-01
3.951955735683441162e-01
4.080653190612792969e-01
2.514722347259521484e-01
3.901529610157012939e-01
3.466019332408905029e-01
3.390712738037109375e-01
3.421305716037750244e-01
3.340400755405426025e-01
3.751385211944580078e-01
4.551097452640533447e-01
3.448639810085296631e-01
3.542574644088745117e-01
3.588068485260009766e-01
3.415727615356445312e-01
3.074735403060913086e-01
3.212246596813201904e-01
7.301214337348937988e-01
2.584989368915557861e-01
3.663672506809234619e-01
3.956979215145111084e-01
3.763717114925384521e-01
4.336745738983154297e-01
3.946185111999511719e-01
4.750514924526214600e-01
2.648066580295562744e-01
3.732892572879791260e-01
2.698832452297210693e-01
3.443415164947509766e-01
3.078025877475738525e-01
3.681935966014862061e-01
2.864722013473510742e-01
2.885062992572784424e-01
2.903363406658172607e-01
5.032258629798889160e-01
2.419276982545852661e-01
3.411196470260620117e-01
3.028349578380584717e-01
4.363881349563598633e-01
3.176812231540679932e-01
2.867810428142547607e-01
2.582796812057495117e-01
3.539990484714508057e-01
3.699209690093994141e-01
2.699172198772430420e-01
2.899290621280670166e-01
6.769128441810607910e-01
4.276939928531646729e-01
3.650021553039550781e-01
2.927410602569580078e-01
3.258599340915679932e-01
3.214204311370849609e-01
2.993001043796539307e-01
3.308369815349578857e-01
4.586118757724761963e-01
3.277464807033538818e-01
3.966484069824218750e-01
3.323457837104797363e-01
3.309599459171295166e-01
4.587279558181762695e-01
2.978507280349731445e-01
4.076159000396728516e-01
3.929028511047363281e-01
3.237679898738861084e-01
3.019587397575378418e-01
4.756294190883636475e-01
3.980142176151275635e-01
3.165833353996276855e-01
2.936848700046539307e-01
4.322139322757720947e-01
3.648729324340820312e-01
4.017603397369384766e-01
4.619041979312896729e-01
3.808338642120361328e-01
3.162274360656738281e-01
3.593200743198394775e-01
2.636511623859405518e-01
3.385037481784820557e-01
3.042266964912414551e-01
5.821160674095153809e-01
2.702358067035675049e-01
7.322496771812438965e-01
3.901639282703399658e-01
4.250747263431549072e-01
4.139848053455352783e-01
3.665114343166351318e-01
2.632545232772827148e-01
2.523794174194335938e-01
4.261196553707122803e-01
3.848033845424652100e-01
3.997524082660675049e-01
5.371865630149841309e-01
2.999211847782135010e-01
4.957814514636993408e-01
4.048678576946258545e-01
2.322894781827926636e-01
3.930937349796295166e-01
4.513881504535675049e-01
3.935490548610687256e-01
3.253456056118011475e-01
2.234750837087631226e-01
2.951774895191192627e-01
3.513297736644744873e-01
4.153106212615966797e-01
2.364168316125869751e-01
4.678388535976409912e-01
4.227660596370697021e-01
3.998180329799652100e-01
3.776410818099975586e-01
2.947829365730285645e-01
2.977251708507537842e-01
3.144469559192657471e-01
3.180050849914550781e-01
3.372054994106292725e-01
4.399646222591400146e-01
3.212521374225616455e-01
2.738359868526458740e-01
3.973712027072906494e-01
2.992777526378631592e-01
4.941962063312530518e-01
4.069270789623260498e-01
2.973241508007049561e-01
4.158321321010589600e-01
2.239329814910888672e-01
1.986943632364273071e-01
3.709007501602172852e-01
3.554698526859283447e-01
5.144106745719909668e-01
3.093992769718170166e-01
3.259879052639007568e-01
4.235413074493408203e-01
4.631731212139129639e-01
3.744232356548309326e-01
2.838602662086486816e-01
3.684118986129760742e-01
3.806867599487304688e-01
2.590857446193695068e-01
4.804319441318511963e-01
4.696301221847534180e-01
3.049215078353881836e-01
3.353370726108551025e-01
2.659876644611358643e-01
2.608164548873901367e-01
4.509282410144805908e-01
4.455463588237762451e-01
3.333697319030761719e-01
3.398304879665374756e-01
2.297965288162231445e-01
4.661214649677276611e-01
3.305325806140899658e-01
3.578708469867706299e-01
2.867539823055267334e-01
3.028185665607452393e-01
3.400282561779022217e-01
2.971782684326171875e-01
4.761485159397125244e-01
3.220510482788085938e-01
3.001765310764312744e-01
3.468960523605346680e-01
3.597392141819000244e-01
7.838249206542968750e-01
2.348100692033767700e-01
2.860690057277679443e-01
4.475964009761810303e-01
3.194297850131988525e-01
3.593862950801849365e-01
4.482440054416656494e-01
2.681755125522613525e-01
4.711092412471771240e-01
2.586742937564849854e-01
4.628863334655761719e-01
4.927510023117065430e-01
4.185597002506256104e-01
4.280485808849334717e-01
3.102702200412750244e-01
5.398978590965270996e-01
3.570258617401123047e-01
3.391246497631072998e-01
4.089369773864746094e-01
4.012516736984252930e-01
4.194231033325195312e-01
3.193196356296539307e-01
2.999845445156097412e-01
5.115670561790466309e-01
2.917009890079498291e-01
4.569613635540008545e-01
3.577100336551666260e-01
3.910418748855590820e-01
6.308913230895996094e-01
2.808731198310852051e-01
3.936978578567504883e-01
4.508728981018066406e-01
3.991196155548095703e-01
3.511172533035278320e-01
3.156579732894897461e-01
3.194794654846191406e-01
4.087547957897186279e-01
3.809362649917602539e-01
2.717433869838714600e-01
2.955099940299987793e-01
3.715939819812774658e-01
3.393007516860961914e-01
2.651161849498748779e-01
4.074832499027252197e-01
2.994809448719024658e-01
2.740059792995452881e-01
3.452135026454925537e-01
3.400424420833587646e-01
4.364513456821441650e-01
3.503267467021942139e-01
3.296754658222198486e-01
2.189679145812988281e-01
3.757084906101226807e-01
2.520164549350738525e-01
3.603290021419525146e-01
3.968612253665924072e-01
2.836571931838989258e-01
3.697197437286376953e-01
7.451251149177551270e-01
4.226942062377929688e-01
4.078971445560455322e-01
4.143288433551788330e-01
2.992078065872192383e-01
3.335189819335937500e-01
3.453888893127441406e-01
3.471616506576538086e-01
3.706956803798675537e-01
2.335770726203918457e-01
4.140770733356475830e-01
4.356286227703094482e-01
3.638299405574798584e-01
3.662997484207153320e-01
4.765400886535644531e-01
4.134829044342041016e-01
3.227821886539459229e-01
3.198313713073730469e-01
5.638942718505859375e-01
2.834711372852325439e-01
3.193117976188659668e-01
3.596924245357513428e-01
4.040706157684326172e-01
3.173208832740783691e-01
4.050427973270416260e-01
3.436536490917205811e-01
3.899244368076324463e-01
3.978772163391113281e-01
3.429781198501586914e-01
3.980961143970489502e-01
5.385968685150146484e-01
4.008689224720001221e-01
3.816367685794830322e-01
3.011972308158874512e-01
3.542562425136566162e-01
3.322225511074066162e-01
3.776698410511016846e-01
2.667756378650665283e-01
5.170132517814636230e-01
3.938466012477874756e-01
4.674777090549468994e-01
3.636029660701751709e-01
3.190540373325347900e-01
3.239582479000091553e-01
4.190278947353363037e-01
3.321096599102020264e-01
2.260530143976211548e-01
2.785112559795379639e-01
3.143109977245330811e-01
2.453139573335647583e-01
3.832614421844482422e-01
2.877175211906433105e-01
3.412878811359405518e-01
3.951370716094970703e-01
3.535269200801849365e-01
2.912065088748931885e-01
2.192382365465164185e-01
4.416617453098297119e-01
2.664358317852020264e-01
2.904667854309082031e-01
3.402519524097442627e-01
3.160828351974487305e-01
4.163423776626586914e-01
3.093678951263427734e-01
3.157618939876556396e-01
3.530125617980957031e-01
3.756543397903442383e-01
2.905436456203460693e-01
3.506481647491455078e-01
4.104188978672027588e-01
3.659174442291259766e-01
2.668102085590362549e-01
3.407620489597320557e-01
2.861997187137603760e-01
2.628675699234008789e-01
3.496092259883880615e-01
5.044078230857849121e-01
2.602939307689666748e-01
4.584184587001800537e-01
4.148941040039062500e-01
3.084918260574340820e-01
3.781870901584625244e-01
1.934945136308670044e-01
3.529987335205078125e-01
2.401169538497924805e-01
4.602470397949218750e-01
3.685166835784912109e-01
3.967673778533935547e-01
3.345442712306976318e-01
3.090182542800903320e-01
2.252467870712280273e-01
3.242994844913482666e-01
3.580625951290130615e-01
1.953228265047073364e-01
3.134773075580596924e-01
2.860755026340484619e-01
3.181586265563964844e-01
3.486143052577972412e-01
4.367178380489349365e-01
3.849226534366607666e-01
2.300351262092590332e-01
2.946052253246307373e-01
3.606286942958831787e-01
4.843618869781494141e-01
3.731770515441894531e-01
4.164433181285858154e-01
3.342878818511962891e-01
2.701907455921173096e-01
3.481864929199218750e-01
3.094243705272674561e-01
2.219115495681762695e-01
3.064413964748382568e-01
3.733850717544555664e-01
2.394020557403564453e-01
2.518521547317504883e-01
2.658841311931610107e-01
4.826512038707733154e-01
4.252195358276367188e-01
2.979457378387451172e-01
3.126100599765777588e-01
2.847284376621246338e-01
4.353064298629760742e-01
3.013029098510742188e-01
2.214214056730270386e-01
2.569547593593597412e-01
3.654569089412689209e-01
4.923132956027984619e-01
3.440153598785400391e-01
3.470093905925750732e-01
3.747135102748870850e-01
3.587290942668914795e-01
3.538645207881927490e-01
2.172433584928512573e-01
3.404091894626617432e-01
3.893349170684814453e-01
2.912236452102661133e-01
3.705563545227050781e-01
3.754614293575286865e-01
2.046717405319213867e-01
2.984685897827148438e-01
3.634109497070312500e-01
2.637009620666503906e-01
2.955829799175262451e-01
2.951585948467254639e-01
2.863658964633941650e-01
3.914071619510650635e-01
3.553650379180908203e-01
4.202331006526947021e-01
2.653997242450714111e-01
2.333542257547378540e-01
3.083137571811676025e-01
3.030877113342285156e-01
4.089450836181640625e-01
2.819134294986724854e-01
4.253040552139282227e-01
3.976446390151977539e-01
3.222460448741912842e-01
3.419791460037231445e-01
2.551179230213165283e-01
2.148409336805343628e-01
4.976675510406494141e-01
3.145320117473602295e-01
3.287059366703033447e-01
3.691435754299163818e-01
3.139022588729858398e-01
2.537219822406768799e-01
4.042648375034332275e-01
2.451436668634414673e-01
3.328224718570709229e-01
4.331997632980346680e-01
3.338026106357574463e-01
3.703227937221527100e-01
2.725265324115753174e-01
3.113679587841033936e-01
4.946358203887939453e-01
4.743338525295257568e-01
4.669874608516693115e-01
3.252948820590972900e-01
3.043426573276519775e-01
3.330998122692108154e-01
3.950181007385253906e-01
2.429492920637130737e-01
3.486553728580474854e-01
5.187976360321044922e-01
3.025252521038055420e-01
4.261505603790283203e-01
4.986249506473541260e-01
3.123444020748138428e-01
4.997594356536865234e-01
3.253128826618194580e-01
2.847443819046020508e-01
2.423913478851318359e-01
3.886421620845794678e-01
2.774237096309661865e-01
3.368486166000366211e-01
2.084061950445175171e-01
2.690583765506744385e-01
4.043476283550262451e-01
4.738539457321166992e-01
4.272598326206207275e-01
2.955946028232574463e-01
3.252531290054321289e-01
3.103273808956146240e-01
3.580162823200225830e-01
3.371795713901519775e-01
2.644973695278167725e-01
4.155885279178619385e-01
5.058214664459228516e-01
2.659128010272979736e-01
3.872126638889312744e-01
2.987580299377441406e-01
2.865171432495117188e-01
3.003900945186614990e-01
3.838065564632415771e-01
3.113324344158172607e-01
2.908058464527130127e-01
5.009576678276062012e-01
3.082447052001953125e-01
4.530686438083648682e-01
2.847839295864105225e-01
3.057275712490081787e-01
3.235991895198822021e-01
2.429934293031692505e-01
3.259126245975494385e-01
2.720893323421478271e-01
3.790098726749420166e-01
2.963850200176239014e-01
8.752892613410949707e-01
3.090009391307830811e-01
3.609724044799804688e-01
2.791442871093750000e-01
4.729112684726715088e-01
2.834858298301696777e-01
3.787027299404144287e-01
4.342168867588043213e-01
3.294244706630706787e-01
4.814369976520538330e-01
3.932549059391021729e-01
3.786102533340454102e-01
4.191763401031494141e-01
4.095442295074462891e-01
3.596447408199310303e-01
4.127433300018310547e-01
2.524507343769073486e-01
3.077845573425292969e-01
3.101822137832641602e-01
2.876554727554321289e-01
4.046864509582519531e-01
3.607042133808135986e-01
3.771140575408935547e-01
2.791800498962402344e-01
3.676139414310455322e-01
3.971627652645111084e-01
3.771913051605224609e-01
2.749240696430206299e-01
2.663938999176025391e-01
2.649299800395965576e-01
4.402154386043548584e-01
4.949243366718292236e-01
3.369975388050079346e-01
3.308608233928680420e-01
4.309096038341522217e-01
3.826894462108612061e-01
3.443584144115447998e-01
2.449266314506530762e-01
4.405893087387084961e-01
2.752839028835296631e-01
4.250922501087188721e-01
6.272848248481750488e-01
2.993158400058746338e-01
3.109495639801025391e-01
2.953379452228546143e-01
2.825405895709991455e-01
3.679316043853759766e-01
3.400133848190307617e-01
2.073180228471755981e-01
2.541991472244262695e-01
2.907635271549224854e-01
3.261083662509918213e-01
3.604031503200531006e-01
3.029787838459014893e-01
3.702542781829833984e-01
2.303570657968521118e-01
3.475227355957031250e-01
2.329436093568801880e-01
3.461805284023284912e-01
4.564157724380493164e-01
3.378143012523651123e-01
3.445449769496917725e-01
2.606902420520782471e-01
3.847775161266326904e-01
3.245123326778411865e-01
3.500181138515472412e-01
3.044297099113464355e-01
3.841799199581146240e-01
3.633004128932952881e-01
4.410736262798309326e-01
4.020143449306488037e-01
2.908978462219238281e-01
3.865730464458465576e-01
3.996423184871673584e-01
3.793412744998931885e-01
2.699319422245025635e-01
2.421760112047195435e-01
2.071165293455123901e-01
3.246478736400604248e-01
2.964840233325958252e-01
3.690166473388671875e-01
3.587123155593872070e-01
2.584904730319976807e-01
2.794901430606842041e-01
3.649580180644989014e-01
5.264983773231506348e-01
3.421757519245147705e-01
3.677989542484283447e-01
4.353315532207489014e-01
3.010241687297821045e-01
4.296195507049560547e-01
3.357722759246826172e-01
2.791989743709564209e-01
3.275817334651947021e-01
4.652035236358642578e-01
3.205944299697875977e-01
3.340602815151214600e-01
3.119314908981323242e-01
3.813993036746978760e-01
3.912636935710906982e-01
3.160103261470794678e-01
3.096469342708587646e-01
3.134893178939819336e-01
4.412128031253814697e-01
4.362678527832031250e-01
3.348100483417510986e-01
3.203257024288177490e-01
3.268668949604034424e-01
3.698906898498535156e-01
4.022931158542633057e-01
2.879162728786468506e-01
2.886289656162261963e-01
3.315936625003814697e-01
4.463154375553131104e-01
2.494587153196334839e-01
3.084545135498046875e-01
3.434776365756988525e-01
3.981769979000091553e-01
2.608747780323028564e-01
3.511067926883697510e-01
2.535148561000823975e-01
2.920102775096893311e-01
2.467407733201980591e-01
4.222956597805023193e-01
3.373310565948486328e-01
3.509110510349273682e-01
2.956578731536865234e-01
3.332301676273345947e-01
3.286163508892059326e-01
3.576344251632690430e-01
4.415199458599090576e-01
2.455529123544692993e-01
3.658721446990966797e-01
2.902195155620574951e-01
5.513827800750732422e-01
3.429527282714843750e-01
3.699162900447845459e-01
3.398280143737792969e-01
4.550852477550506592e-01
3.653029501438140869e-01
2.987903356552124023e-01
3.041992485523223877e-01
3.578700721263885498e-01
2.699917554855346680e-01
3.456473648548126221e-01
3.609981536865234375e-01
3.453327715396881104e-01
3.560379445552825928e-01
2.166820764541625977e-01
3.338690698146820068e-01
2.728462219238281250e-01
3.057060837745666504e-01
2.700871229171752930e-01
3.522790372371673584e-01
2.305539995431900024e-01
5.153743624687194824e-01
2.647579610347747803e-01
4.218598306179046631e-01
3.826187849044799805e-01
4.085958003997802734e-01
3.365693986415863037e-01
2.873896360397338867e-01
3.741621077060699463e-01
2.791896164417266846e-01
3.928205668926239014e-01
2.168086320161819458e-01
4.584674835205078125e-01
3.611268103122711182e-01
3.180527985095977783e-01
3.140441775321960449e-01
3.214233219623565674e-01
3.121627271175384521e-01
4.182432591915130615e-01
4.578219354152679443e-01
3.451543748378753662e-01
2.815599143505096436e-01
1.847573965787887573e-01
3.030926883220672607e-01
3.958158195018768311e-01
2.966941595077514648e-01
3.211061358451843262e-01
3.818951845169067383e-01
3.395674526691436768e-01
2.946560680866241455e-01
2.107183933258056641e-01
2.939594686031341553e-01
3.583780229091644287e-01
3.050949871540069580e-01
2.624915540218353271e-01
3.157922327518463135e-01
3.732593059539794922e-01
3.796602189540863037e-01
2.807301878929138184e-01
3.115841448307037354e-01
2.993014156818389893e-01
3.782489299774169922e-01
3.506269752979278564e-01
3.274758756160736084e-01
5.495621562004089355e-01
5.658283233642578125e-01
3.042096197605133057e-01
4.183135032653808594e-01
4.252822101116180420e-01
2.781731784343719482e-01
3.819083869457244873e-01
3.754097521305084229e-01
3.370479047298431396e-01
3.939277231693267822e-01
2.860608398914337158e-01
3.022618591785430908e-01
4.088507592678070068e-01
3.176898658275604248e-01
2.926642298698425293e-01
4.742307662963867188e-01
4.799770116806030273e-01
3.860992491245269775e-01
3.760035932064056396e-01
2.777347266674041748e-01
2.814570963382720947e-01
3.058544099330902100e-01
3.429484665393829346e-01
3.747639656066894531e-01
3.559488356113433838e-01
2.753639519214630127e-01
3.545943200588226318e-01
2.003670483827590942e-01
3.519742786884307861e-01
3.318270146846771240e-01
3.024405539035797119e-01
3.793346583843231201e-01
3.322332203388214111e-01
2.682109773159027100e-01
3.737342357635498047e-01
4.268061220645904541e-01
3.793842792510986328e-01
3.361679315567016602e-01
3.958890736103057861e-01
3.367288410663604736e-01
2.283150106668472290e-01
4.581371843814849854e-01
2.442853450775146484e-01
3.178827464580535889e-01
2.757207751274108887e-01
3.053500354290008545e-01
3.536704480648040771e-01
3.345522880554199219e-01
2.782217562198638916e-01
2.659042775630950928e-01
2.841062545776367188e-01
3.857486248016357422e-01
4.008529484272003174e-01
2.601953446865081787e-01
3.366264402866363525e-01
2.665412127971649170e-01
3.814619779586791992e-01
3.591705858707427979e-01
3.331837654113769531e-01
4.670643806457519531e-01
3.078020513057708740e-01
3.132497370243072510e-01
4.410610198974609375e-01
2.749172151088714600e-01
2.518083751201629639e-01
3.224296569824218750e-01
2.535953223705291748e-01
3.326152563095092773e-01
3.574045598506927490e-01
7.118148803710937500e-01
2.928517162799835205e-01
3.027302622795104980e-01
2.937573492527008057e-01
3.135346770286560059e-01
4.230857789516448975e-01
3.236534595489501953e-01
3.236706554889678955e-01
3.583847582340240479e-01
4.129146039485931396e-01
3.370858132839202881e-01
3.867920637130737305e-01
3.277706801891326904e-01
3.763150274753570557e-01
3.235979080200195312e-01
2.673266232013702393e-01
4.188505113124847412e-01
3.653296530246734619e-01
2.070460319519042969e-01
2.906318306922912598e-01
3.251827657222747803e-01
3.516169786453247070e-01
3.079781234264373779e-01
2.386062592267990112e-01
3.247867524623870850e-01
2.322062253952026367e-01
3.232620656490325928e-01
3.340981006622314453e-01
3.482613861560821533e-01
3.096418976783752441e-01
3.419272899627685547e-01
3.278319835662841797e-01
2.862896919250488281e-01
3.037562072277069092e-01
3.148080110549926758e-01
3.856287896633148193e-01
2.378727644681930542e-01
2.740978300571441650e-01
4.873295724391937256e-01
3.717419207096099854e-01
3.419210016727447510e-01
3.206357657909393311e-01
2.245604246854782104e-01
2.756612300872802734e-01
2.901523411273956299e-01
4.346052706241607666e-01
2.592355608940124512e-01
3.065542280673980713e-01
2.697151899337768555e-01
4.412796497344970703e-01
2.582872807979583740e-01
3.440588712692260742e-01
3.488416373729705811e-01
3.319652974605560303e-01
3.650530874729156494e-01
4.206713438034057617e-01
2.896564304828643799e-01
4.356012046337127686e-01
3.906159400939941406e-01
3.551899492740631104e-01
2.558818459510803223e-01
4.280420839786529541e-01
3.434439599514007568e-01
5.204933285713195801e-01
3.740156590938568115e-01
2.758789956569671631e-01
2.700654566287994385e-01
3.841483592987060547e-01
2.763706147670745850e-01
3.306209743022918701e-01
2.639788687229156494e-01
3.333648443222045898e-01
3.137905895709991455e-01
3.285459578037261963e-01
3.244771957397460938e-01
4.289506375789642334e-01
3.671422004699707031e-01
4.594098627567291260e-01
3.859840929508209229e-01
3.230302333831787109e-01
1.858070641756057739e-01
3.532529771327972412e-01
3.598617315292358398e-01
2.860467135906219482e-01
2.382005006074905396e-01
2.413981705904006958e-01
2.798779308795928955e-01
4.191303551197052002e-01
2.873658835887908936e-01
3.196796774864196777e-01
5.370218753814697266e-01
2.945684790611267090e-01
2.523274123668670654e-01
4.534326791763305664e-01
3.388782739639282227e-01
3.231645226478576660e-01
4.546121656894683838e-01
2.721216976642608643e-01
3.966356813907623291e-01
3.074432611465454102e-01
3.266550004482269287e-01
2.733841836452484131e-01
4.829371869564056396e-01
4.082528650760650635e-01
2.412672042846679688e-01
3.958412110805511475e-01
4.150821268558502197e-01
3.358748257160186768e-01
2.505293190479278564e-01
3.262380659580230713e-01
3.717605769634246826e-01
3.961386680603027344e-01
3.197349607944488525e-01
3.208304941654205322e-01
2.718977332115173340e-01
3.265694081783294678e-01
3.756464719772338867e-01
3.103488683700561523e-01
3.472429215908050537e-01
2.791658639907836914e-01
3.014391362667083740e-01
3.439528048038482666e-01
2.476423233747482300e-01
3.119933903217315674e-01
2.943076193332672119e-01
3.079911768436431885e-01
2.594660818576812744e-01
2.787499427795410156e-01
3.840133845806121826e-01
3.003863394260406494e-01
2.696418762207031250e-01
3.440272808074951172e-01
2.861786186695098877e-01
3.178960382938385010e-01
2.745746374130249023e-01
3.040378391742706299e-01
3.187850415706634521e-01
3.510781526565551758e-01
3.687528669834136963e-01
3.979264199733734131e-01
5.089089274406433105e-01
2.727375626564025879e-01
3.690775632858276367e-01
4.247587621212005615e-01
2.198681235313415527e-01
3.228558599948883057e-01
3.665655553340911865e-01
3.003905117511749268e-01
2.956291735172271729e-01
3.482611179351806641e-01
2.567626237869262695e-01
3.596022129058837891e-01
3.601384162902832031e-01
3.259065449237823486e-01
5.165299773216247559e-01
3.504638671875000000e-01
3.810785114765167236e-01
3.268972933292388916e-01
2.984730005264282227e-01
3.759511709213256836e-01
2.872846126556396484e-01
3.152077198028564453e-01
3.151009976863861084e-01
2.270065993070602417e-01
3.307261765003204346e-01
2.556710243225097656e-01
2.350258827209472656e-01
4.142735898494720459e-01
2.891687452793121338e-01
2.834855616092681885e-01
3.326461315155029297e-01
3.443105518817901611e-01
4.411985576152801514e-01
4.049538671970367432e-01
4.421662390232086182e-01
3.606512546539306641e-01
3.913653790950775146e-01
2.520043849945068359e-01
3.948323428630828857e-01
4.125925004482269287e-01
3.596160411834716797e-01
3.341723382472991943e-01
5.194796919822692871e-01
4.211494922637939453e-01
3.432442843914031982e-01
3.604187965393066406e-01
4.232185781002044678e-01
3.584043979644775391e-01
2.725502550601959229e-01
4.502940177917480469e-01
3.066647946834564209e-01
2.935470342636108398e-01
4.121008813381195068e-01
4.510595500469207764e-01
3.231922388076782227e-01
4.624129831790924072e-01
4.154115617275238037e-01
2.706788182258605957e-01
4.101004600524902344e-01
4.552665650844573975e-01
3.227932453155517578e-01
4.098297655582427979e-01
3.703821599483489990e-01
2.903404831886291504e-01
2.965203285217285156e+00
3.674132823944091797e-01
4.034626781940460205e-01
5.793190598487854004e-01
4.530802965164184570e-01
4.874291419982910156e-01
7.808852791786193848e-01
1.019048571586608887e+00
7.356260418891906738e-01
6.541746854782104492e-01
6.652382612228393555e-01
5.724802613258361816e-01
6.770312786102294922e-01
7.648097872734069824e-01
7.268641591072082520e-01
5.748531818389892578e-01
1.336078047752380371e+00
9.246253967285156250e-01
6.807017326354980469e-01
6.897074580192565918e-01
5.996068120002746582e-01
6.445749402046203613e-01
6.437658071517944336e-01
5.023892521858215332e-01
9.479005932807922363e-01
4.283377230167388916e-01
7.323040962219238281e-01
4.324859380722045898e-01
7.580663561820983887e-01
4.510145485401153564e-01
3.521369993686676025e-01
5.496602058410644531e-01
6.507578492164611816e-01
4.502462446689605713e-01
6.545846462249755859e-01
7.914931178092956543e-01
5.093061327934265137e-01
5.812175273895263672e-01
5.204638838768005371e-01
4.860172271728515625e-01
6.385939717292785645e-01
7.333596348762512207e-01
8.621136546134948730e-01
3.396976292133331299e-01
4.890465438365936279e-01
6.839395165443420410e-01
5.277475118637084961e-01
4.255569279193878174e-01
5.395687222480773926e-01
4.778403043746948242e-01
6.846573948860168457e-01
5.223779082298278809e-01
6.988029479980468750e-01
5.656934976577758789e-01
5.388686060905456543e-01
4.468780755996704102e-01
5.449342727661132812e-01
3.380819857120513916e-01
4.789613783359527588e-01
4.153417050838470459e-01
5.511140227317810059e-01
2.834943830966949463e-01
5.747160315513610840e-01
3.556015193462371826e-01
4.876843392848968506e-01
4.643100798130035400e-01
5.517243742942810059e-01
3.619360029697418213e-01
4.496351182460784912e-01
4.863167703151702881e-01
3.160143196582794189e-01
4.811046421527862549e-01
4.701504707336425781e-01
3.064142763614654541e-01
4.146665036678314209e-01
3.883179128170013428e-01
4.032109677791595459e-01
4.668285548686981201e-01
6.944313049316406250e-01
4.157962799072265625e-01
4.732097387313842773e-01
5.130810141563415527e-01
4.209040701389312744e-01
4.757610857486724854e-01
3.491634428501129150e-01
3.279796838760375977e-01
4.089193046092987061e-01
3.399244844913482666e-01
4.125096797943115234e-01
3.366284668445587158e-01
3.873840868473052979e-01
2.962849438190460205e-01
5.669254660606384277e-01
4.071802794933319092e-01
4.200458526611328125e-01
4.093920290470123291e-01
5.237610936164855957e-01
4.009760916233062744e-01
3.998876512050628662e-01
5.302810072898864746e-01
4.980723559856414795e-01
3.234684169292449951e-01
4.206654131412506104e-01
6.264277100563049316e-01
4.335722029209136963e-01
5.222695469856262207e-01
5.836907625198364258e-01
3.286692202091217041e-01
3.937106132507324219e-01
3.689258992671966553e-01
7.155575752258300781e-01
4.498381614685058594e-01
3.048931062221527100e-01
6.656519770622253418e-01
4.411567449569702148e-01
3.320029079914093018e-01
6.309515833854675293e-01
4.114155471324920654e-01
3.824876248836517334e-01
4.996596872806549072e-01
3.481446206569671631e-01
4.301975071430206299e-01
2.878355979919433594e-01
4.967264235019683838e-01
3.343168199062347412e-01
5.372886061668395996e-01
5.504528880119323730e-01
3.133677542209625244e-01
4.154592454433441162e-01
2.866866886615753174e-01
3.721123635768890381e-01
4.055646359920501709e-01
3.230386674404144287e-01
3.333872854709625244e-01
3.294985890388488770e-01
3.496141135692596436e-01
4.330350458621978760e-01
5.769345164299011230e-01
4.422100484371185303e-01
2.442970722913742065e-01
3.565919101238250732e-01
4.278118610382080078e-01
5.271487832069396973e-01
3.270991742610931396e-01
3.291848003864288330e-01
5.184379220008850098e-01
4.764549434185028076e-01
4.985195398330688477e-01
5.053296685218811035e-01
4.583300352096557617e-01
5.810145139694213867e-01
4.320313632488250732e-01
4.413425028324127197e-01
5.349262356758117676e-01
3.299365639686584473e-01
3.815496861934661865e-01
7.264373898506164551e-01
3.685906231403350830e-01
3.755713999271392822e-01
3.517938852310180664e-01
3.867267072200775146e-01
4.023371636867523193e-01
3.672831058502197266e-01
5.433468222618103027e-01
5.353739261627197266e-01
3.804986476898193359e-01
3.485037088394165039e-01
6.007792353630065918e-01
4.422215521335601807e-01
3.475090563297271729e-01
5.776175856590270996e-01
4.443685710430145264e-01
4.103747904300689697e-01
2.887647747993469238e-01
3.467107117176055908e-01
3.500897884368896484e-01
4.835531711578369141e-01
4.654936790466308594e-01
4.369860589504241943e-01
3.041796684265136719e-01
2.844131290912628174e-01
4.170167446136474609e-01
3.206806480884552002e-01
2.475906163454055786e-01
3.204511702060699463e-01
3.633230626583099365e-01
3.038518726825714111e-01
2.816286087036132812e-01
3.485572338104248047e-01
3.871433734893798828e-01
4.492911398410797119e-01
2.627025544643402100e-01
5.746346116065979004e-01
3.996685743331909180e-01
3.753983974456787109e-01
4.024519622325897217e-01
3.500362932682037354e-01
3.550911843776702881e-01
4.037565290927886963e-01
4.181986749172210693e-01
3.812645673751831055e-01
4.293901920318603516e-01
4.017048180103302002e-01
5.594488978385925293e-01
4.125137329101562500e-01
4.362984001636505127e-01
3.010013401508331299e-01
5.560589432716369629e-01
3.898169994354248047e-01
3.855544030666351318e-01
3.583890497684478760e-01
4.099587202072143555e-01
3.390717506408691406e-01
2.438231706619262695e-01
3.891669809818267822e-01
4.294095933437347412e-01
3.832896649837493896e-01
2.739492654800415039e-01
2.592909634113311768e-01
3.379049003124237061e-01
2.871572971343994141e-01
3.667691946029663086e-01
5.516113638877868652e-01
4.127733707427978516e-01
4.263730049133300781e-01
3.012040257453918457e-01
4.522198140621185303e-01
2.733361721038818359e-01
3.110584914684295654e-01
3.237378299236297607e-01
2.875606119632720947e-01
3.125900328159332275e-01
2.918064296245574951e-01
3.348295390605926514e-01
3.893088400363922119e-01
3.626859486103057861e-01
2.991642951965332031e-01
3.570520579814910889e-01
3.126067817211151123e-01
3.431557118892669678e-01
3.545363843441009521e-01
3.040000498294830322e-01
2.976075112819671631e-01
4.532786309719085693e-01
3.373697698116302490e-01
3.490010201930999756e-01
3.997643291950225830e-01
3.767689764499664307e-01
3.487326800823211670e-01
2.367175072431564331e-01
4.305100440979003906e-01
3.210080564022064209e-01
3.032717704772949219e-01
4.141643941402435303e-01
3.520925939083099365e-01
4.485237300395965576e-01
3.048813045024871826e-01
2.768354415893554688e-01
3.133960068225860596e-01
4.355933666229248047e-01
2.738060653209686279e-01
4.056938588619232178e-01
2.373058348894119263e-01
2.332102656364440918e-01
3.917109966278076172e-01
3.940291404724121094e-01
4.398122727870941162e-01
4.502357542514801025e-01
3.124466836452484131e-01
3.195041120052337646e-01
3.390563726425170898e-01
3.530355989933013916e-01
3.918701708316802979e-01
3.311798572540283203e-01
4.340948164463043213e-01
4.753450453281402588e-01
5.868796706199645996e-01
3.740944564342498779e-01
4.433276355266571045e-01
3.355700075626373291e-01
2.240955680608749390e-01
3.955682814121246338e-01
7.548984885215759277e-01
2.494371980428695679e-01
3.405046463012695312e-01
3.426796495914459229e-01
4.751049578189849854e-01
4.304294586181640625e-01
3.205305933952331543e-01
3.336847722530364990e-01
3.480528295040130615e-01
4.249722659587860107e-01
3.040051162242889404e-01
3.255159258842468262e-01
4.302576482295989990e-01
2.085688710212707520e-01
2.506745457649230957e-01
4.483778774738311768e-01
5.014564990997314453e-01
3.687191903591156006e-01
3.880718052387237549e-01
3.184199035167694092e-01
2.618245780467987061e-01
3.639341592788696289e-01
4.487552642822265625e-01
2.871462404727935791e-01
4.268099367618560791e-01
4.582642018795013428e-01
3.688442707061767578e-01
3.325154483318328857e-01
6.337724328041076660e-01
3.057698607444763184e-01
4.764252603054046631e-01
2.784505188465118408e-01
2.542687356472015381e-01
3.682898581027984619e-01
3.569937646389007568e-01
3.288855850696563721e-01
3.020055294036865234e-01
2.449432760477066040e-01
2.781935036182403564e-01
4.160145521163940430e-01
3.358260691165924072e-01
3.087407946586608887e-01
4.022074043750762939e-01
3.956973552703857422e-01
2.617001235485076904e-01
4.616721570491790771e-01
3.731669485569000244e-01
3.624074459075927734e-01
3.038007318973541260e-01
4.991513192653656006e-01
2.844631671905517578e-01
3.397581577301025391e-01
2.658195197582244873e-01
3.210530281066894531e-01
3.071546554565429688e-01
3.146111667156219482e-01
2.987501621246337891e-01
3.273931741714477539e-01
3.640578091144561768e-01
3.279211223125457764e-01
3.057133555412292480e-01
2.868791818618774414e-01
3.545838296413421631e-01
3.408030271530151367e-01
3.325249850749969482e-01
3.344559371471405029e-01
2.674860060214996338e-01
5.070396065711975098e-01
2.755399048328399658e-01
3.306310772895812988e-01
2.941796183586120605e-01
3.253073990345001221e-01
2.298588603734970093e-01
5.559277534484863281e-01
3.666677474975585938e-01
4.012009799480438232e-01
4.198212325572967529e-01
2.961122095584869385e-01
4.127725064754486084e-01
3.599300384521484375e-01
2.619270682334899902e-01
2.949948608875274658e-01
3.655041158199310303e-01
3.851543366909027100e-01
3.114000856876373291e-01
3.045153617858886719e-01
4.024069309234619141e-01
2.670905292034149170e-01
3.113802969455718994e-01
3.112735748291015625e-01
3.658800125122070312e-01
3.238254487514495850e-01
3.329404890537261963e-01
4.362432956695556641e-01
2.992379963397979736e-01
2.999307215213775635e-01
4.302601814270019531e-01
3.859637081623077393e-01
3.492319583892822266e-01
2.606511116027832031e-01
3.601205348968505859e-01
2.792555093765258789e-01
3.568372726440429688e-01
6.835885047912597656e-01
2.036613225936889648e-01
2.929105460643768311e-01
2.793136537075042725e-01
3.779659271240234375e-01
3.474917411804199219e-01
4.636597633361816406e-01
3.705817759037017822e-01
4.526351988315582275e-01
3.863918781280517578e-01
4.168310463428497314e-01
3.857150375843048096e-01
4.905780255794525146e-01
4.231638908386230469e-01
3.919308185577392578e-01
2.703408002853393555e-01
4.002729952335357666e-01
3.883612453937530518e-01
3.544335365295410156e-01
4.297339618206024170e-01
3.272824585437774658e-01
2.503924369812011719e-01
2.961907088756561279e-01
3.352103531360626221e-01
3.740371167659759521e-01
2.832233905792236328e-01
3.434986174106597900e-01
2.747983038425445557e-01
2.395679950714111328e-01
3.975011110305786133e-01
3.122507631778717041e-01
2.147607654333114624e-01
3.462859690189361572e-01
1.995908766984939575e-01
3.897299766540527344e-01
3.232133090496063232e-01
3.202280700206756592e-01
2.832884490489959717e-01
2.801401913166046143e-01
3.272712528705596924e-01
3.675208091735839844e-01
2.557621002197265625e-01
3.342985212802886963e-01
3.875516951084136963e-01
3.751269578933715820e-01
2.805472910404205322e-01
3.914026021957397461e-01
3.569943010807037354e-01
3.373331129550933838e-01
3.604345321655273438e-01
2.972507774829864502e-01
3.305815756320953369e-01
3.417877256870269775e-01
2.938537001609802246e-01
3.489075899124145508e-01
2.453588247299194336e-01
4.367837011814117432e-01
3.791142702102661133e-01
4.636359214782714844e-01
3.433732986450195312e-01
2.398940324783325195e-01
3.361473977565765381e-01
2.918203175067901611e-01
3.954268395900726318e-01
2.806615829467773438e-01
3.853339254856109619e-01
3.327202200889587402e-01
2.205079793930053711e-01
2.230690866708755493e-01
2.236428856849670410e-01
3.021936118602752686e-01
2.188219577074050903e-01
2.890093028545379639e-01
3.515008389949798584e-01
3.233366012573242188e-01
2.650545239448547363e-01
3.759782016277313232e-01
3.015031814575195312e-01
3.304285705089569092e-01
4.488792717456817627e-01
3.135848343372344971e-01
3.604752719402313232e-01
2.146705985069274902e-01
3.270733058452606201e-01
4.147157371044158936e-01
3.223213255405426025e-01
3.394000530242919922e-01
3.601613938808441162e-01
3.250963687896728516e-01
2.608378529548645020e-01
3.674364984035491943e-01
4.621473550796508789e-01
3.113922476768493652e-01
3.826123774051666260e-01
3.944400250911712646e-01
3.896541595458984375e-01
2.505082190036773682e-01
3.922916948795318604e-01
3.519937098026275635e-01
3.140907287597656250e-01
2.523908615112304688e-01
4.800281524658203125e-01
3.164783418178558350e-01
3.851805925369262695e-01
2.796501219272613525e-01
2.765608131885528564e-01
3.684356212615966797e-01
2.549729049205780029e-01
4.307714700698852539e-01
3.446667194366455078e-01
2.434851527214050293e-01
3.651750087738037109e-01
3.046010732650756836e-01
3.073121011257171631e-01
3.151605427265167236e-01
3.572897017002105713e-01
5.134804844856262207e-01
3.200581073760986328e-01
1.769301444292068481e-01
3.231860101222991943e-01
2.960459589958190918e-01
3.174636662006378174e-01
4.602359235286712646e-01
3.119740784168243408e-01
2.714000046253204346e-01
2.852870523929595947e-01
2.578018605709075928e-01
4.158936738967895508e-01
1.937757134437561035e-01
3.931070268154144287e-01
3.174211680889129639e-01
4.704235494136810303e-01
4.198292195796966553e-01
2.551235258579254150e-01
3.930881917476654053e-01
3.394539058208465576e-01
3.669278621673583984e-01
2.586874365806579590e-01
3.065000772476196289e-01
4.891065359115600586e-01
2.974060475826263428e-01
3.331406414508819580e-01
2.563229799270629883e-01
3.093754053115844727e-01
2.326122075319290161e-01
5.312207341194152832e-01
3.959465920925140381e-01
3.064875304698944092e-01
3.664172589778900146e-01
2.169359177350997925e-01
3.564577102661132812e-01
5.090398192405700684e-01
3.279571533203125000e-01
3.348906934261322021e-01
2.444434165954589844e-01
3.849796354770660400e-01
4.079903364181518555e-01
3.582389354705810547e-01
3.424045145511627197e-01
2.717663347721099854e-01
5.928504467010498047e-01
3.433199822902679443e-01
4.710774123668670654e-01
3.740110695362091064e-01
5.065038204193115234e-01
2.821724414825439453e-01
3.231998682022094727e-01
7.836492061614990234e-01
4.394741058349609375e-01
3.945651352405548096e-01
3.651857376098632812e-01
4.079794883728027344e-01
3.888830244541168213e-01
3.598992526531219482e-01
3.527970314025878906e-01
3.446358442306518555e-01
2.466983646154403687e-01
2.856589555740356445e-01
2.643766701221466064e-01
3.413449823856353760e-01
3.830396234989166260e-01
4.784615337848663330e-01
3.720247745513916016e-01
4.047259390354156494e-01
3.029170036315917969e-01
2.885822951793670654e-01
3.311727941036224365e-01
2.925945818424224854e-01
2.233498543500900269e-01
4.121047258377075195e-01
2.354647368192672729e-01
4.291057586669921875e-01
3.788044750690460205e-01
3.449080884456634521e-01
2.652901709079742432e-01
5.112437605857849121e-01
3.116080164909362793e-01
2.840567529201507568e-01
2.919070422649383545e-01
4.064166247844696045e-01
4.500468671321868896e-01
3.246375024318695068e-01
2.398236244916915894e-01
3.969570100307464600e-01
2.126499414443969727e-01
5.251075029373168945e-01
2.213243693113327026e-01
6.832983493804931641e-01
2.295726388692855835e-01
4.764506518840789795e-01
2.531357705593109131e-01
3.403868973255157471e-01
2.009836286306381226e-01
4.428387880325317383e-01
3.124705255031585693e-01
3.285380899906158447e-01
3.283428251743316650e-01
3.643646240234375000e-01
2.442716360092163086e-01
4.122990667819976807e-01
4.323668181896209717e-01
2.312292456626892090e-01
3.074757754802703857e-01
2.912361919879913330e-01
2.744268476963043213e-01
3.329968452453613281e-01
5.117588043212890625e-01
2.384519577026367188e-01
2.130346894264221191e-01
4.048541784286499023e-01
4.698097705841064453e-01
4.432684481143951416e-01
2.833226621150970459e-01
3.101837038993835449e-01
3.213405311107635498e-01
3.197383582592010498e-01
2.724016606807708740e-01
4.566088616847991943e-01
3.039470016956329346e-01
7.984635829925537109e-01
4.260936975479125977e-01
3.493487834930419922e-01
3.996012210845947266e-01
3.841983079910278320e-01
2.455655336380004883e-01
9.546207785606384277e-01
3.350009024143218994e-01
3.637474477291107178e-01
4.118688106536865234e-01
3.893706798553466797e-01
6.678517460823059082e-01
2.332233190536499023e-01
2.550465166568756104e-01
5.017092823982238770e-01
5.298216342926025391e-01
4.707396924495697021e-01
3.294956088066101074e-01
3.127929270267486572e-01
4.471547603607177734e-01
3.961204290390014648e-01
2.237750291824340820e-01
3.704927265644073486e-01
4.035318195819854736e-01
7.117445468902587891e-01
6.592621207237243652e-01
2.326980084180831909e-01
3.010743558406829834e-01
3.883725702762603760e-01
7.391521930694580078e-01
3.861410617828369141e-01
5.108296275138854980e-01
7.256097197532653809e-01
3.952889442443847656e-01
2.402833551168441772e-01
3.092305958271026611e-01
2.784441411495208740e-01
8.829959034919738770e-01
2.476492673158645630e-01
4.330694675445556641e-01
3.555336296558380127e-01
3.153446614742279053e-01
3.546960651874542236e-01
2.944290935993194580e-01
8.999101519584655762e-01
3.755657672882080078e-01
3.651820421218872070e-01
2.763838469982147217e-01
4.379706680774688721e-01
3.492022454738616943e-01
3.047739863395690918e-01
2.679437696933746338e-01
2.747801244258880615e-01
2.832466661930084229e-01
2.520810663700103760e-01
3.282406032085418701e-01
3.201584517955780029e-01
3.122102916240692139e-01
3.759963512420654297e-01
2.574820518493652344e-01
3.246747851371765137e-01
3.695530891418457031e-01
3.511018753051757812e-01
3.178102970123291016e-01
2.853416204452514648e-01
3.262629508972167969e-01
2.623117268085479736e-01
3.482756316661834717e-01
2.784266173839569092e-01
4.187551438808441162e-01
4.497300684452056885e-01
3.510410785675048828e-01
4.744106233119964600e-01
2.805300652980804443e-01
2.930738627910614014e-01
3.663591444492340088e-01
3.118798136711120605e-01
3.559060394763946533e-01
2.701052427291870117e-01
3.702517449855804443e-01
3.010429143905639648e-01
3.003743290901184082e-01
3.338427543640136719e-01
3.338792324066162109e-01
2.734182178974151611e-01
3.332582712173461914e-01
2.203192114830017090e-01
3.406231403350830078e-01
3.602079451084136963e-01
2.471020817756652832e-01
1.600373536348342896e-01
2.973655164241790771e-01
3.213562965393066406e-01
3.312591016292572021e-01
3.030729293823242188e-01
4.507320821285247803e-01
3.080974817276000977e-01
3.146734237670898438e-01
2.954298555850982666e-01
2.411181479692459106e-01
2.629511952400207520e-01
2.974187433719635010e-01
3.045020997524261475e-01
3.108578026294708252e-01
2.144624143838882446e-01
4.173948764801025391e-01
2.968910038471221924e-01
2.724669277667999268e-01
2.944033741950988770e-01
5.095133185386657715e-01
3.495087921619415283e-01
3.787269890308380127e-01
4.141957461833953857e-01
3.411916792392730713e-01
4.092754423618316650e-01
3.156577646732330322e-01
2.517430782318115234e-01
4.861090481281280518e-01
2.877943515777587891e-01
4.048280417919158936e-01
2.832593023777008057e-01
3.280286490917205811e-01
4.032019376754760742e-01
2.762512266635894775e-01
4.256621301174163818e-01
3.030501902103424072e-01
2.820367515087127686e-01
3.881221711635589600e-01
3.324970006942749023e-01
2.133396863937377930e-01
5.933545231819152832e-01
3.788875043392181396e-01
2.890212833881378174e-01
3.105052709579467773e-01
3.508586883544921875e-01
3.031537830829620361e-01
3.106647729873657227e-01
4.494870603084564209e-01
2.755266129970550537e-01
2.850724160671234131e-01
3.870306909084320068e-01
4.330007135868072510e-01
3.374764025211334229e-01
3.052220642566680908e-01
3.972477912902832031e-01
3.894245624542236328e-01
3.762822449207305908e-01
4.178016185760498047e-01
3.793208599090576172e-01
3.616706430912017822e-01
2.858017683029174805e-01
2.937863767147064209e-01
2.379363328218460083e-01
3.947552144527435303e-01
2.864437401294708252e-01
2.211231440305709839e-01
3.024412989616394043e-01
3.260896205902099609e-01
2.319846898317337036e-01
3.956668078899383545e-01
2.039893418550491333e-01
3.113453090190887451e-01
3.350906670093536377e-01
3.297142386436462402e-01
3.234184086322784424e-01
5.090460181236267090e-01
4.357045888900756836e-01
4.374646246433258057e-01
3.324327170848846436e-01
2.439942359924316406e-01
3.183189332485198975e-01
3.664665520191192627e-01
4.107711315155029297e-01
2.596877813339233398e-01
3.848973810672760010e-01
2.468925118446350098e-01
2.969175577163696289e-01
3.721340000629425049e-01
2.834388613700866699e-01
3.104231059551239014e-01
3.256735801696777344e-01
3.892789781093597412e-01
3.787272274494171143e-01
2.380359917879104614e-01
2.145034074783325195e-01
4.079192876815795898e-01
3.146036863327026367e-01
3.442117869853973389e-01
3.758126497268676758e-01
4.264039695262908936e-01
2.193101793527603149e-01
2.530145645141601562e-01
2.714654505252838135e-01
4.810062646865844727e-01
2.780055105686187744e-01
3.474526405334472656e-01
3.097543120384216309e-01
4.404635429382324219e-01
3.761209547519683838e-01
3.146865665912628174e-01
3.212832510471343994e-01
2.849666178226470947e-01
2.691782414913177490e-01
3.331743776798248291e-01
2.870445549488067627e-01
4.115453660488128662e-01
2.134992331266403198e-01
3.212741613388061523e-01
2.320095747709274292e-01
3.270333111286163330e-01
3.233138620853424072e-01
2.465951442718505859e-01
3.006552755832672119e-01
3.347003757953643799e-01
2.895506620407104492e-01
3.764702975749969482e-01
3.154823184013366699e-01
2.850374877452850342e-01
2.216881513595581055e-01
3.331254720687866211e-01
2.743959724903106689e-01
3.727968633174896240e-01
3.736876547336578369e-01
4.283249378204345703e-01
3.107757866382598877e-01
4.941761493682861328e-01
3.386631906032562256e-01
2.926230132579803467e-01
3.922598361968994141e-01
2.550702095031738281e-01
3.239192664623260498e-01
2.856843769550323486e-01
3.535507619380950928e-01
3.384995460510253906e-01
3.413183689117431641e-01
3.406443893909454346e-01
4.663653373718261719e-01
2.680594325065612793e-01
3.543869554996490479e-01
2.341415435075759888e-01
3.708992004394531250e-01
2.995210587978363037e-01
3.250494301319122314e-01
3.088733255863189697e-01
2.394066005945205688e-01
2.892563343048095703e-01
3.006959259510040283e-01
3.139377832412719727e-01
3.316318392753601074e-01
2.350324392318725586e-01
3.004108667373657227e-01
3.494653701782226562e-01
2.808510661125183105e-01
3.600060045719146729e-01
1.961438506841659546e-01
3.789316415786743164e-01
2.499543279409408569e-01
2.501688897609710693e-01
2.440297156572341919e-01
2.582512795925140381e-01
6.378123760223388672e-01
2.267908602952957153e-01
3.583384454250335693e-01
4.529910981655120850e-01
4.100266695022583008e-01
4.590366184711456299e-01
3.330843746662139893e-01
2.789172232151031494e-01
3.276173174381256104e-01
3.271304965019226074e-01
2.237719446420669556e-01
2.766750156879425049e-01
3.938967883586883545e-01
3.294164240360260010e-01
2.516973614692687988e-01
2.806600034236907959e-01
2.410893440246582031e-01
3.496697843074798584e-01
3.544124364852905273e-01
3.590053319931030273e-01
3.490717113018035889e-01
2.250327467918395996e-01
2.946087419986724854e-01
3.853852748870849609e-01
2.852391302585601807e-01
2.743557989597320557e-01
3.597706556320190430e-01
2.678685784339904785e-01
3.642632961273193359e-01
4.694260060787200928e-01
3.376346528530120850e-01
3.360395133495330811e-01
3.071658909320831299e-01
3.492250740528106689e-01
4.565305709838867188e-01
2.645417749881744385e-01
3.333767354488372803e-01
2.482331991195678711e-01
3.010377585887908936e-01
3.975802361965179443e-01
2.724893391132354736e-01
2.911334335803985596e-01
3.392638266086578369e-01
2.810651361942291260e-01
2.615493834018707275e-01
3.270072042942047119e-01
2.814360558986663818e-01
4.132565259933471680e-01
2.806834280490875244e-01
3.360443115234375000e-01
2.804710566997528076e-01
3.047977983951568604e-01
2.132694274187088013e-01
2.507866621017456055e-01
2.341769933700561523e-01
4.107688367366790771e-01
3.359452188014984131e-01
2.412392348051071167e-01
2.395435571670532227e-01
3.686311244964599609e-01
4.334050416946411133e-01
3.091570734977722168e-01
3.556076586246490479e-01
2.435545474290847778e-01
4.533976614475250244e-01
3.014270663261413574e-01
3.156550824642181396e-01
3.284859657287597656e-01
3.787957131862640381e-01
2.117882221937179565e-01
5.932182669639587402e-01
3.082248866558074951e-01
3.104366958141326904e-01
4.945127964019775391e-01
4.289794862270355225e-01
5.753993988037109375e-01
2.695682346820831299e-01
3.163559138774871826e-01
3.652971088886260986e-01
3.266635239124298096e-01
3.016594350337982178e-01
3.039093315601348877e-01
3.120182454586029053e-01
4.356309175491333008e-01
2.450198382139205933e-01
2.501222193241119385e-01
3.032091259956359863e-01
3.264717161655426025e-01
3.632907867431640625e-01
2.657614052295684814e-01
2.942679524421691895e-01
2.865291833877563477e-01
3.142720460891723633e-01
3.132995665073394775e-01
3.750817477703094482e-01
2.117619514465332031e-01
9.320192933082580566e-01
3.914366662502288818e-01
3.548408448696136475e-01
3.069351613521575928e-01
3.306035101413726807e-01
3.849856853485107422e-01
3.390282094478607178e-01
3.100396990776062012e-01
3.214704990386962891e-01
3.058921396732330322e-01
2.252606898546218872e-01
3.297449052333831787e-01
3.771986067295074463e-01
2.020517438650131226e-01
3.145596683025360107e-01
2.862815558910369873e-01
2.727725207805633545e-01
4.024952352046966553e-01
3.272471725940704346e-01
2.439332753419876099e-01
5.620351433753967285e-01
2.154930382966995239e-01
3.239291012287139893e-01
2.235811799764633179e-01
1.897639185190200806e-01
2.390742301940917969e-01
8.609992861747741699e-01
3.048082590103149414e-01
2.609081566333770752e-01
2.597456574440002441e-01
3.932096958160400391e-01
3.171890377998352051e-01
4.546909332275390625e-01
2.351978421211242676e-01
3.848463296890258789e-01
3.093571960926055908e-01
2.781134545803070068e-01
4.533858597278594971e-01
2.770695984363555908e-01
2.743410766124725342e-01
1.835228353738784790e-01
3.052776753902435303e-01
2.621043026447296143e-01
3.103140592575073242e-01
2.624131739139556885e-01
3.089199662208557129e-01
3.161279261112213135e-01
3.251816630363464355e-01
3.354943990707397461e-01
3.503677845001220703e-01
3.242717981338500977e-01
3.618783056735992432e-01
4.978600442409515381e-01
4.500292837619781494e-01
2.976177632808685303e-01
2.762678563594818115e-01
3.638223707675933838e-01
3.126609027385711670e-01
2.850095927715301514e-01
3.751420974731445312e-01
3.299542367458343506e-01
2.636089026927947998e-01
3.935312330722808838e-01
3.879092037677764893e-01
3.228349983692169189e-01
3.640167713165283203e-01
3.010315001010894775e-01
2.926640510559082031e-01
3.007183372974395752e-01
2.754015922546386719e-01
4.034470319747924805e-01
4.495521485805511475e-01
3.268748223781585693e-01
3.242919147014617920e-01
3.063535392284393311e-01
3.313549458980560303e-01
4.049526154994964600e-01
1.284999012947082520e+00
4.226066768169403076e-01
6.268935203552246094e-01
5.621006488800048828e-01
4.410900175571441650e-01
3.311553597450256348e-01
4.529431760311126709e-01
5.482132434844970703e-01
3.181891441345214844e-01
3.685515820980072021e-01
3.454385697841644287e-01
3.922519683837890625e-01
5.141168236732482910e-01
4.124660193920135498e-01
4.614293277263641357e-01
2.690877914428710938e-01
4.231998026371002197e-01
3.837398588657379150e-01
3.417988717555999756e-01
3.299857079982757568e-01
5.032773613929748535e-01
3.082404434680938721e-01
3.023473322391510010e-01
3.540072441101074219e-01
2.665514647960662842e-01
2.232900112867355347e-01
3.894676268100738525e-01
3.261570632457733154e-01
4.446407854557037354e-01
3.738209307193756104e-01
5.051831603050231934e-01
3.632931709289550781e-01
6.263528466224670410e-01
3.999349176883697510e-01
4.558570086956024170e-01
2.764191329479217529e-01
2.550567686557769775e-01
2.995921671390533447e-01
3.949221670627593994e-01
2.737173140048980713e-01
3.626829683780670166e-01
3.048688769340515137e-01
2.343381643295288086e-01
3.068951368331909180e-01
2.422922849655151367e-01
2.848509550094604492e-01
3.458937704563140869e-01
2.269817143678665161e-01
2.605947554111480713e-01
2.898561656475067139e-01
3.569566011428833008e-01
3.899901807308197021e-01
2.694460153579711914e-01
2.626270949840545654e-01
3.507012426853179932e-01
2.536228895187377930e-01
2.696860134601593018e-01
2.525047957897186279e-01
4.441343843936920166e-01
3.339493274688720703e-01
2.367307394742965698e-01
3.594000339508056641e-01
3.941053450107574463e-01
2.913180589675903320e-01
2.562215924263000488e-01
3.051947653293609619e-01
3.340486586093902588e-01
2.525592148303985596e-01
5.379926562309265137e-01
2.132903188467025757e-01
4.000319242477416992e-01
3.448524177074432373e-01
3.889804184436798096e-01
3.433940708637237549e-01
3.689221441745758057e-01
2.094330340623855591e-01
3.340871334075927734e-01
3.135608434677124023e-01
2.226807028055191040e-01
2.938169240951538086e-01
2.987152636051177979e-01
3.003132641315460205e-01
3.160903751850128174e-01
3.647259771823883057e-01
3.110041022300720215e-01
2.994924485683441162e-01
2.816481888294219971e-01
5.717661976814270020e-01
2.030446529388427734e-01
3.201805055141448975e-01
3.077481985092163086e-01
3.362619578838348389e-01
3.399676382541656494e-01
3.020241260528564453e-01
5.674489140510559082e-01
5.804299116134643555e-01
5.432374477386474609e-01
2.946339845657348633e-01
3.008567690849304199e-01
3.122048676013946533e-01
3.107430636882781982e-01
2.825316488742828369e-01
2.653744220733642578e-01
2.452023625373840332e-01
2.769372761249542236e-01
2.900831699371337891e-01
3.154163658618927002e-01
3.801521360874176025e-01
3.027308285236358643e-01
3.721886873245239258e-01
2.379043102264404297e-01
4.197058975696563721e-01
3.950868844985961914e-01
3.230227828025817871e-01
2.541432082653045654e-01
4.050099849700927734e-01
2.924092710018157959e-01
