1.038669347763061523e-01
1.088698282837867737e-01
1.157321333885192871e-01
1.030495092272758484e-01
1.071194782853126526e-01
1.002700254321098328e-01
1.081374511122703552e-01
1.124681830406188965e-01
1.071385815739631653e-01
1.148208603262901306e-01
1.117390617728233337e-01
1.045728698372840881e-01
1.116228103637695312e-01
1.078522801399230957e-01
1.092641949653625488e-01
1.081416010856628418e-01
1.037325486540794373e-01
1.018096283078193665e-01
1.206548884510993958e-01
1.096598580479621887e-01
1.061510518193244934e-01
1.076114177703857422e-01
1.096936538815498352e-01
1.164709255099296570e-01
1.082372069358825684e-01
1.148840785026550293e-01
1.013956442475318909e-01
1.055606380105018616e-01
9.857887029647827148e-02
1.083160415291786194e-01
1.156899705529212952e-01
1.058038771152496338e-01
1.003592610359191895e-01
1.111732944846153259e-01
9.970179200172424316e-02
1.159394010901451111e-01
1.030370369553565979e-01
1.096440553665161133e-01
1.061839088797569275e-01
1.136583387851715088e-01
1.081489622592926025e-01
1.061907410621643066e-01
1.268036216497421265e-01
1.099432781338691711e-01
1.022084131836891174e-01
1.243980303406715393e-01
1.089067384600639343e-01
1.034175977110862732e-01
1.100749000906944275e-01
1.242584288120269775e-01
1.069945096969604492e-01
1.082453429698944092e-01
1.112002357840538025e-01
1.131246685981750488e-01
1.083105802536010742e-01
1.046656668186187744e-01
1.050355210900306702e-01
1.025050207972526550e-01
1.101610288023948669e-01
1.074641868472099304e-01
1.090333983302116394e-01
1.128778383135795593e-01
1.092203259468078613e-01
1.140828952193260193e-01
1.172042861580848694e-01
1.142672374844551086e-01
1.114016473293304443e-01
1.030602157115936279e-01
1.046491041779518127e-01
1.042144373059272766e-01
1.080117449164390564e-01
1.124214902520179749e-01
1.150771453976631165e-01
1.194379851222038269e-01
1.085485890507698059e-01
1.117658838629722595e-01
1.102559491991996765e-01
1.084453836083412170e-01
1.095877885818481445e-01
1.114532127976417542e-01
1.127254143357276917e-01
1.173677146434783936e-01
1.105843484401702881e-01
1.138081327080726624e-01
1.001510322093963623e-01
1.184336021542549133e-01
1.100878715515136719e-01
1.029129549860954285e-01
1.132418587803840637e-01
1.106447279453277588e-01
1.088334247469902039e-01
1.157573983073234558e-01
1.076827049255371094e-01
1.023488864302635193e-01
1.068878769874572754e-01
1.092565879225730896e-01
1.060621738433837891e-01
1.028406545519828796e-01
1.038287803530693054e-01
1.090626120567321777e-01
1.045145317912101746e-01
1.048802658915519714e-01
1.049033701419830322e-01
1.048788428306579590e-01
1.025128960609436035e-01
1.109532341361045837e-01
1.191346943378448486e-01
1.061607375741004944e-01
1.034955382347106934e-01
1.058626770973205566e-01
1.115930303931236267e-01
1.110645905137062073e-01
1.044278815388679504e-01
9.985262900590896606e-02
1.106528565287590027e-01
9.896496683359146118e-02
1.116404607892036438e-01
1.090294644236564636e-01
1.127711012959480286e-01
1.028350666165351868e-01
1.084441170096397400e-01
1.095438599586486816e-01
1.056175306439399719e-01
1.115782782435417175e-01
1.182013452053070068e-01
1.039845421910285950e-01
1.066150367259979248e-01
1.028017029166221619e-01
1.094334796071052551e-01
1.152846738696098328e-01
1.076853871345520020e-01
1.121672615408897400e-01
1.053819358348846436e-01
1.425058692693710327e-01
1.123569980263710022e-01
1.041265949606895447e-01
1.209805309772491455e-01
1.135689616203308105e-01
1.055082976818084717e-01
1.236256361007690430e-01
1.134012565016746521e-01
1.140561476349830627e-01
1.122389435768127441e-01
1.103544458746910095e-01
1.047216877341270447e-01
1.102108359336853027e-01
1.083555743098258972e-01
1.134851351380348206e-01
1.095257773995399475e-01
1.117798089981079102e-01
1.021159961819648743e-01
1.083015128970146179e-01
1.218006610870361328e-01
1.113368198275566101e-01
1.106730699539184570e-01
1.084781661629676819e-01
1.098350882530212402e-01
1.080011501908302307e-01
1.172829940915107727e-01
1.000868156552314758e-01
1.054461300373077393e-01
1.081456318497657776e-01
1.023551598191261292e-01
1.201457306742668152e-01
1.138859391212463379e-01
1.310732215642929077e-01
1.121063828468322754e-01
1.065991148352622986e-01
1.165929511189460754e-01
1.035268381237983704e-01
1.094256266951560974e-01
1.109997853636741638e-01
1.074570715427398682e-01
1.085536181926727295e-01
1.053177490830421448e-01
1.006160676479339600e-01
1.096013784408569336e-01
1.171642169356346130e-01
1.045426949858665466e-01
1.123087927699089050e-01
1.070636883378028870e-01
1.098346933722496033e-01
1.109218597412109375e-01
1.286212354898452759e-01
1.119614616036415100e-01
1.107661128044128418e-01
1.082667410373687744e-01
1.112133637070655823e-01
1.118784323334693909e-01
1.095063686370849609e-01
1.082548424601554871e-01
1.423992961645126343e-01
1.076735928654670715e-01
1.061261966824531555e-01
1.106667444109916687e-01
1.111958846449851990e-01
1.142165288329124451e-01
9.911248832941055298e-02
1.021715030074119568e-01
1.043744012713432312e-01
1.092993989586830139e-01
1.128367185592651367e-01
1.012359485030174255e-01
1.020444855093955994e-01
1.119233667850494385e-01
1.098105311393737793e-01
1.152778863906860352e-01
1.102772951126098633e-01
1.048763394355773926e-01
1.024423465132713318e-01
1.094387769699096680e-01
1.100477948784828186e-01
1.189814582467079163e-01
1.072955504059791565e-01
1.060549616813659668e-01
1.173279657959938049e-01
1.089240536093711853e-01
1.120757237076759338e-01
1.108386293053627014e-01
1.082818508148193359e-01
1.128989979624748230e-01
1.103040203452110291e-01
1.046327352523803711e-01
1.149693429470062256e-01
1.039528623223304749e-01
1.058153733611106873e-01
1.097480058670043945e-01
1.143809631466865540e-01
1.084639430046081543e-01
1.097970008850097656e-01
1.058808937668800354e-01
1.266877651214599609e-01
1.034392938017845154e-01
1.136722341179847717e-01
1.123819425702095032e-01
1.048802956938743591e-01
1.007523611187934875e-01
1.047248020768165588e-01
1.112055554986000061e-01
1.464128494262695312e-01
1.194491088390350342e-01
1.086388900876045227e-01
1.219444796442985535e-01
1.205768361687660217e-01
1.223535835742950439e-01
1.167696416378021240e-01
1.200131699442863464e-01
1.116878166794776917e-01
1.305368989706039429e-01
1.169217303395271301e-01
1.113368570804595947e-01
1.164195612072944641e-01
1.180832609534263611e-01
1.156160309910774231e-01
1.134067177772521973e-01
1.202530339360237122e-01
1.228035762906074524e-01
1.139701381325721741e-01
1.160126999020576477e-01
1.184235736727714539e-01
1.149434819817543030e-01
1.101422905921936035e-01
1.270815730094909668e-01
1.100728511810302734e-01
1.224458217620849609e-01
1.109946593642234802e-01
1.203717514872550964e-01
1.149544939398765564e-01
1.171428933739662170e-01
1.077230870723724365e-01
1.056769713759422302e-01
1.076377108693122864e-01
1.160409152507781982e-01
1.162937656044960022e-01
1.200482919812202454e-01
1.112943589687347412e-01
1.145268306136131287e-01
1.017906069755554199e-01
1.108790636062622070e-01
1.112283989787101746e-01
1.183239817619323730e-01
1.066354513168334961e-01
1.063171029090881348e-01
1.027263402938842773e-01
1.037562489509582520e-01
1.121592149138450623e-01
1.323620229959487915e-01
1.329193860292434692e-01
1.064469292759895325e-01
1.147816777229309082e-01
1.072406172752380371e-01
1.076733395457267761e-01
1.290673166513442993e-01
1.066442131996154785e-01
1.103824451565742493e-01
1.147104874253273010e-01
1.134448349475860596e-01
1.106502786278724670e-01
1.080276072025299072e-01
1.094033345580101013e-01
1.207405030727386475e-01
1.198126077651977539e-01
1.120855882763862610e-01
1.135322824120521545e-01
1.052362248301506042e-01
1.112132072448730469e-01
1.085888743400573730e-01
1.189372614026069641e-01
1.140344366431236267e-01
1.101764366030693054e-01
1.134280562400817871e-01
1.303235441446304321e-01
1.106298938393592834e-01
1.116846501827239990e-01
1.081970334053039551e-01
1.091341376304626465e-01
1.131100431084632874e-01
1.116795539855957031e-01
1.206694915890693665e-01
1.123436391353607178e-01
1.129838526248931885e-01
1.031158789992332458e-01
1.110511422157287598e-01
1.025718450546264648e-01
1.168876960873603821e-01
1.080723106861114502e-01
1.018325760960578918e-01
1.078687384724617004e-01
1.082095578312873840e-01
1.135082915425300598e-01
1.064153537154197693e-01
1.096160337328910828e-01
1.114357933402061462e-01
1.271544098854064941e-01
1.198523268103599548e-01
1.068342104554176331e-01
1.058825254440307617e-01
1.074724718928337097e-01
1.098291277885437012e-01
1.098650693893432617e-01
1.145953536033630371e-01
1.072593927383422852e-01
1.085446476936340332e-01
1.073110625147819519e-01
1.108999848365783691e-01
1.073402166366577148e-01
1.130153760313987732e-01
1.030939593911170959e-01
1.142566800117492676e-01
1.075381562113761902e-01
1.152969300746917725e-01
1.108048781752586365e-01
1.215419992804527283e-01
1.109792590141296387e-01
1.109484732151031494e-01
1.105458512902259827e-01
1.123126745223999023e-01
1.048760786652565002e-01
1.090394482016563416e-01
1.212037503719329834e-01
1.137620583176612854e-01
1.082262769341468811e-01
1.087557151913642883e-01
1.066840067505836487e-01
1.361800283193588257e-01
1.059617474675178528e-01
1.118743717670440674e-01
1.083568930625915527e-01
1.066301986575126648e-01
1.051224395632743835e-01
1.152035072445869446e-01
1.101543903350830078e-01
1.097613275051116943e-01
1.171211004257202148e-01
1.099410280585289001e-01
1.062723770737648010e-01
1.143481135368347168e-01
1.097443923354148865e-01
1.151143312454223633e-01
1.033589839935302734e-01
1.111341491341590881e-01
1.114088818430900574e-01
1.050942167639732361e-01
1.154723763465881348e-01
1.144579946994781494e-01
1.166827157139778137e-01
1.086731851100921631e-01
1.059316098690032959e-01
1.033718362450599670e-01
1.015433445572853088e-01
1.180064380168914795e-01
1.046599075198173523e-01
1.201661601662635803e-01
1.141051054000854492e-01
1.254498213529586792e-01
1.061451658606529236e-01
1.121047511696815491e-01
1.100561395287513733e-01
1.125939488410949707e-01
1.154370531439781189e-01
1.060611531138420105e-01
1.445500850677490234e-01
1.096196770668029785e-01
1.112058386206626892e-01
1.325666159391403198e-01
1.076473072171211243e-01
1.102928444743156433e-01
1.076877340674400330e-01
1.137870177626609802e-01
1.128661856055259705e-01
1.064993515610694885e-01
1.060476824641227722e-01
1.108617708086967468e-01
1.041174456477165222e-01
1.099177226424217224e-01
1.050699278712272644e-01
1.075762733817100525e-01
1.227836683392524719e-01
1.082179173827171326e-01
1.154116392135620117e-01
1.107355728745460510e-01
1.010306850075721741e-01
1.116729155182838440e-01
1.118357256054878235e-01
1.168866753578186035e-01
1.149765178561210632e-01
1.045944690704345703e-01
1.102403029799461365e-01
1.035841330885887146e-01
1.124529540538787842e-01
1.056878045201301575e-01
1.188290417194366455e-01
1.043103560805320740e-01
1.131190136075019836e-01
1.093672513961791992e-01
1.091092452406883240e-01
1.108379662036895752e-01
1.046471670269966125e-01
1.032517924904823303e-01
1.111013889312744141e-01
1.111480370163917542e-01
1.022604480385780334e-01
1.118222996592521667e-01
1.073272004723548889e-01
1.093513667583465576e-01
1.027263030409812927e-01
1.185730025172233582e-01
1.099620386958122253e-01
1.005857661366462708e-01
1.074951291084289551e-01
1.611296385526657104e-01
1.116253659129142761e-01
1.113969683647155762e-01
1.157361865043640137e-01
1.084029152989387512e-01
1.154269278049468994e-01
1.167219281196594238e-01
1.091917231678962708e-01
1.093376502394676208e-01
1.165684238076210022e-01
1.066299006342887878e-01
1.095706894993782043e-01
1.069934964179992676e-01
1.141281127929687500e-01
1.005253419280052185e-01
1.155010834336280823e-01
1.097147464752197266e-01
1.163564026355743408e-01
1.086785420775413513e-01
1.049014702439308167e-01
1.050383076071739197e-01
1.042597293853759766e-01
1.423023492097854614e-01
1.055480018258094788e-01
1.041909083724021912e-01
1.047039553523063660e-01
1.035461053252220154e-01
1.124989688396453857e-01
1.029776558279991150e-01
1.102459207177162170e-01
1.124824881553649902e-01
1.012192666530609131e-01
1.166493669152259827e-01
1.154508963227272034e-01
1.136331856250762939e-01
1.115448102355003357e-01
1.266787797212600708e-01
1.129903718829154968e-01
1.202763244509696960e-01
1.110888719558715820e-01
1.028741598129272461e-01
1.148770824074745178e-01
1.128814220428466797e-01
1.027171388268470764e-01
1.061969622969627380e-01
1.117629706859588623e-01
1.094087362289428711e-01
1.087247207760810852e-01
1.113561987876892090e-01
1.035314202308654785e-01
1.024431586265563965e-01
1.121120974421501160e-01
1.058722212910652161e-01
1.104463338851928711e-01
1.108124032616615295e-01
1.069011092185974121e-01
1.021672859787940979e-01
1.083899959921836853e-01
1.071100011467933655e-01
1.049020364880561829e-01
9.935629367828369141e-02
1.042082682251930237e-01
1.067023947834968567e-01
1.115033701062202454e-01
1.061730906367301941e-01
1.022188663482666016e-01
1.301523447036743164e-01
1.034311279654502869e-01
1.088293418288230896e-01
1.387380212545394897e-01
1.088799908757209778e-01
1.102331653237342834e-01
1.106404662132263184e-01
1.200586855411529541e-01
1.022313013672828674e-01
1.150414645671844482e-01
1.260776370763778687e-01
1.436723172664642334e-01
1.095883026719093323e-01
1.117478087544441223e-01
1.145571246743202209e-01
1.055263355374336243e-01
1.071132197976112366e-01
1.113370954990386963e-01
1.088434457778930664e-01
1.128633841872215271e-01
1.108717843890190125e-01
1.038711145520210266e-01
1.049263104796409607e-01
1.084446534514427185e-01
1.055682301521301270e-01
1.100424751639366150e-01
1.098860725760459900e-01
1.150621697306632996e-01
1.253100186586380005e-01
1.101483106613159180e-01
1.078747287392616272e-01
1.121429726481437683e-01
1.112922132015228271e-01
1.093232259154319763e-01
1.224499940872192383e-01
1.024515703320503235e-01
1.133456826210021973e-01
1.073548421263694763e-01
1.108143329620361328e-01
1.231341585516929626e-01
1.170498505234718323e-01
1.130501702427864075e-01
1.351509243249893188e-01
1.053983345627784729e-01
1.087630912661552429e-01
1.099973842501640320e-01
1.093767285346984863e-01
1.149554029107093811e-01
1.053404211997985840e-01
1.130905151367187500e-01
1.079609170556068420e-01
1.169063076376914978e-01
1.099871471524238586e-01
1.060375794768333435e-01
1.149392724037170410e-01
1.115675345063209534e-01
1.194264367222785950e-01
1.157171353697776794e-01
1.173088774085044861e-01
1.094765067100524902e-01
1.234097182750701904e-01
1.103091612458229065e-01
1.061689779162406921e-01
1.060291901230812073e-01
1.047056391835212708e-01
1.300010979175567627e-01
1.151628270745277405e-01
1.127293184399604797e-01
1.018226742744445801e-01
1.134422644972801208e-01
1.066456437110900879e-01
1.065940856933593750e-01
1.070296838879585266e-01
1.044576391577720642e-01
1.335137486457824707e-01
1.119090244174003601e-01
1.033228635787963867e-01
1.054242178797721863e-01
1.108782365918159485e-01
1.171868517994880676e-01
1.043213829398155212e-01
1.021884381771087646e-01
1.081728562712669373e-01
1.079427301883697510e-01
1.178497895598411560e-01
1.073890924453735352e-01
1.102871298789978027e-01
1.012846603989601135e-01
1.118097007274627686e-01
1.047257557511329651e-01
1.007280349731445312e-01
1.041672006249427795e-01
1.278709322214126587e-01
1.087840199470520020e-01
1.093130335211753845e-01
1.051317453384399414e-01
1.129864826798439026e-01
1.201536431908607483e-01
1.083473339676856995e-01
1.111567094922065735e-01
1.123679280281066895e-01
1.024765670299530029e-01
1.055604293942451477e-01
1.100144088268280029e-01
1.143061742186546326e-01
9.929003566503524780e-02
1.110282018780708313e-01
1.026243343949317932e-01
1.089400649070739746e-01
1.055987849831581116e-01
1.047191023826599121e-01
1.200294122099876404e-01
1.109742298722267151e-01
1.080811545252799988e-01
1.070257499814033508e-01
1.054170057177543640e-01
1.073464751243591309e-01
1.094180122017860413e-01
1.014921069145202637e-01
1.141236200928688049e-01
1.068655848503112793e-01
1.171729490160942078e-01
1.097459495067596436e-01
1.108080670237541199e-01
1.072342693805694580e-01
1.109687685966491699e-01
1.155651137232780457e-01
1.043839082121849060e-01
1.178058311343193054e-01
1.059898510575294495e-01
1.053334102034568787e-01
1.073099747300148010e-01
1.041924133896827698e-01
1.071535870432853699e-01
1.071770265698432922e-01
1.085898801684379578e-01
1.882533580064773560e-01
1.036908030509948730e-01
1.139662265777587891e-01
1.132243871688842773e-01
1.163116395473480225e-01
1.315559297800064087e-01
1.263224631547927856e-01
1.063264533877372742e-01
1.068156063556671143e-01
1.140578165650367737e-01
1.141359806060791016e-01
1.258207410573959351e-01
1.247363016009330750e-01
1.383592933416366577e-01
1.146671995520591736e-01
1.240988075733184814e-01
1.132697686553001404e-01
1.188531145453453064e-01
1.084214225411415100e-01
1.155765652656555176e-01
1.100179851055145264e-01
1.432448476552963257e-01
1.143398657441139221e-01
1.079190745949745178e-01
1.181335076689720154e-01
1.127308383584022522e-01
1.149984970688819885e-01
1.118772998452186584e-01
1.085781827569007874e-01
1.089853644371032715e-01
1.170669719576835632e-01
1.193292066454887390e-01
1.047585234045982361e-01
1.103710904717445374e-01
1.200989708304405212e-01
1.224364414811134338e-01
1.099573597311973572e-01
1.198321282863616943e-01
1.158588156104087830e-01
1.109311506152153015e-01
1.061778590083122253e-01
1.180120483040809631e-01
1.057662442326545715e-01
1.122250929474830627e-01
1.057608127593994141e-01
1.064425706863403320e-01
1.085729077458381653e-01
1.083684787154197693e-01
1.110122501850128174e-01
1.130296885967254639e-01
1.142213717103004456e-01
1.117164269089698792e-01
1.173324659466743469e-01
1.039150953292846680e-01
1.027290225028991699e-01
1.089095100760459900e-01
1.107450425624847412e-01
1.171329542994499207e-01
1.108976304531097412e-01
1.032463386654853821e-01
1.051890179514884949e-01
1.059121787548065186e-01
1.055519804358482361e-01
1.028596982359886169e-01
1.089915931224822998e-01
1.037327125668525696e-01
1.087886616587638855e-01
1.093134582042694092e-01
1.195880994200706482e-01
1.121490523219108582e-01
1.108010113239288330e-01
1.070787087082862854e-01
1.222625747323036194e-01
1.056178510189056396e-01
1.190989986062049866e-01
1.002926900982856750e-01
1.122765168547630310e-01
1.093496009707450867e-01
1.033199056982994080e-01
1.058625355362892151e-01
1.121112182736396790e-01
1.147676408290863037e-01
1.101697385311126709e-01
1.160850301384925842e-01
1.078215017914772034e-01
1.083673238754272461e-01
1.084720119833946228e-01
9.986182302236557007e-02
1.112227439880371094e-01
1.094826832413673401e-01
1.080574467778205872e-01
1.065047457814216614e-01
1.009856835007667542e-01
1.023614332079887390e-01
1.019439175724983215e-01
1.095868274569511414e-01
1.163703873753547668e-01
1.304854154586791992e-01
1.060204878449440002e-01
1.051192507147789001e-01
1.105528473854064941e-01
1.110411882400512695e-01
1.021081283688545227e-01
1.049156412482261658e-01
1.114065349102020264e-01
1.151801422238349915e-01
1.011288166046142578e-01
1.064860820770263672e-01
1.046551764011383057e-01
1.122017428278923035e-01
1.075786724686622620e-01
1.035468652844429016e-01
1.071351841092109680e-01
1.110570430755615234e-01
1.113390922546386719e-01
1.067276373505592346e-01
1.101179644465446472e-01
1.082577109336853027e-01
1.078023239970207214e-01
1.101185455918312073e-01
1.211762800812721252e-01
1.069901585578918457e-01
1.082995310425758362e-01
1.020715832710266113e-01
1.119173243641853333e-01
1.130699589848518372e-01
1.085321083664894104e-01
1.096216514706611633e-01
1.088676229119300842e-01
1.106944084167480469e-01
1.169318854808807373e-01
1.191029176115989685e-01
1.046594604849815369e-01
1.056772693991661072e-01
1.045246422290802002e-01
1.048097908496856689e-01
1.089591085910797119e-01
1.094620451331138611e-01
1.002970561385154724e-01
1.101693436503410339e-01
1.097796335816383362e-01
1.040682792663574219e-01
1.053154245018959045e-01
1.029959917068481445e-01
1.084668040275573730e-01
1.067082583904266357e-01
1.024225354194641113e-01
1.048395633697509766e-01
1.109695956110954285e-01
1.045250669121742249e-01
1.037964224815368652e-01
1.110762581229209900e-01
1.104168817400932312e-01
1.156793758273124695e-01
1.170013621449470520e-01
1.053822115063667297e-01
1.040957048535346985e-01
1.090164184570312500e-01
1.077417507767677307e-01
1.074092984199523926e-01
1.077459529042243958e-01
1.282203048467636108e-01
1.177736595273017883e-01
1.062349900603294373e-01
1.071279868483543396e-01
1.165252029895782471e-01
1.103556975722312927e-01
1.176612302660942078e-01
1.080867573618888855e-01
1.092254742980003357e-01
1.096644997596740723e-01
1.143935322761535645e-01
1.229769363999366760e-01
1.072932481765747070e-01
1.035150960087776184e-01
1.078670993447303772e-01
1.151832863688468933e-01
1.091942414641380310e-01
1.062576398253440857e-01
1.093768700957298279e-01
1.111153289675712585e-01
1.087609007954597473e-01
1.108173206448554993e-01
1.077094748616218567e-01
1.074056252837181091e-01
1.108958646655082703e-01
1.011898145079612732e-01
1.047420278191566467e-01
1.131818071007728577e-01
1.158634200692176819e-01
1.132604554295539856e-01
1.062959507107734680e-01
1.072655692696571350e-01
1.056361496448516846e-01
1.070283427834510803e-01
1.118408218026161194e-01
1.060573235154151917e-01
1.016804054379463196e-01
1.086541637778282166e-01
1.165964379906654358e-01
1.060940623283386230e-01
1.028288975358009338e-01
9.840204566717147827e-02
1.059537753462791443e-01
1.125046908855438232e-01
1.049054563045501709e-01
1.056943610310554504e-01
1.034117713570594788e-01
1.144447326660156250e-01
1.141793131828308105e-01
1.018322482705116272e-01
1.061041951179504395e-01
1.031150594353675842e-01
1.103513613343238831e-01
1.080115735530853271e-01
1.129644587635993958e-01
1.064198091626167297e-01
1.051275208592414856e-01
1.117715165019035339e-01
1.105917468667030334e-01
1.101538166403770447e-01
1.061498448252677917e-01
1.015760302543640137e-01
1.076114401221275330e-01
1.039634048938751221e-01
1.305519938468933105e-01
1.042806282639503479e-01
1.045367494225502014e-01
1.083215177059173584e-01
1.032771691679954529e-01
1.143195256590843201e-01
1.085412278771400452e-01
1.061538234353065491e-01
1.062367558479309082e-01
1.169820800423622131e-01
1.011374592781066895e-01
1.047084927558898926e-01
1.072955131530761719e-01
1.137838587164878845e-01
1.074384078383445740e-01
1.094557866454124451e-01
1.105224192142486572e-01
1.057200208306312561e-01
1.134464144706726074e-01
1.068583950400352478e-01
1.093423292040824890e-01
1.161933317780494690e-01
1.047343090176582336e-01
1.128195151686668396e-01
1.088615581393241882e-01
1.088871732354164124e-01
1.062717065215110779e-01
1.216152310371398926e-01
1.128076910972595215e-01
1.079056337475776672e-01
1.086005792021751404e-01
1.115782558917999268e-01
1.127488836646080017e-01
1.020485386252403259e-01
1.009312868118286133e-01
1.039467453956604004e-01
1.225235164165496826e-01
1.128135845065116882e-01
1.144341155886650085e-01
1.029419600963592529e-01
1.191589236259460449e-01
1.042922213673591614e-01
1.057626828551292419e-01
1.039865911006927490e-01
1.133104637265205383e-01
1.041231229901313782e-01
1.077727451920509338e-01
1.055688858032226562e-01
1.066226363182067871e-01
1.116336211562156677e-01
1.135539710521697998e-01
1.085867211222648621e-01
1.080299615859985352e-01
1.059191897511482239e-01
9.829788655042648315e-02
1.068743243813514709e-01
1.134553626179695129e-01
1.088946759700775146e-01
1.101747155189514160e-01
1.044353321194648743e-01
1.035054028034210205e-01
1.044979691505432129e-01
1.004605889320373535e-01
1.076304018497467041e-01
1.176150143146514893e-01
1.082723513245582581e-01
1.042855754494667053e-01
1.119706258177757263e-01
1.146760880947113037e-01
1.086902841925621033e-01
1.234570220112800598e-01
1.088025197386741638e-01
1.084892153739929199e-01
1.059785261750221252e-01
1.251729577779769897e-01
1.172797158360481262e-01
1.068728640675544739e-01
1.149572655558586121e-01
1.073584333062171936e-01
1.081832051277160645e-01
1.058310642838478088e-01
1.103263795375823975e-01
9.962286800146102905e-02
1.021351516246795654e-01
1.046793684363365173e-01
1.022025123238563538e-01
1.063232794404029846e-01
1.062723025679588318e-01
1.072095036506652832e-01
1.095598414540290833e-01
1.143422350287437439e-01
1.125673949718475342e-01
1.109947934746742249e-01
1.461320072412490845e-01
1.075131371617317200e-01
1.319190710783004761e-01
1.031748875975608826e-01
1.173992678523063660e-01
1.072724759578704834e-01
1.200596466660499573e-01
1.213099882006645203e-01
1.137095019221305847e-01
1.077776625752449036e-01
1.147421374917030334e-01
1.087955012917518616e-01
1.136291101574897766e-01
1.021813079714775085e-01
1.259301453828811646e-01
1.047759428620338440e-01
1.080993413925170898e-01
1.056435778737068176e-01
1.116760596632957458e-01
1.070425510406494141e-01
1.068120375275611877e-01
9.735824912786483765e-02
1.016027852892875671e-01
1.076728701591491699e-01
1.037695631384849548e-01
1.123669371008872986e-01
1.139438748359680176e-01
1.096960306167602539e-01
1.220227181911468506e-01
1.095059886574745178e-01
1.049693822860717773e-01
9.728676825761795044e-02
1.138351783156394958e-01
1.017142608761787415e-01
1.151314005255699158e-01
1.074799299240112305e-01
1.035928502678871155e-01
1.081576943397521973e-01
1.059816703200340271e-01
1.041002795100212097e-01
1.023369953036308289e-01
1.045794188976287842e-01
1.069804131984710693e-01
1.051673293113708496e-01
1.142932772636413574e-01
1.086187139153480530e-01
1.154809594154357910e-01
1.021359339356422424e-01
1.062023416161537170e-01
1.136933341622352600e-01
1.105528250336647034e-01
1.155365109443664551e-01
1.060997471213340759e-01
1.156322360038757324e-01
1.040756329894065857e-01
1.080264076590538025e-01
9.946188330650329590e-02
1.060048341751098633e-01
1.043325662612915039e-01
1.077041625976562500e-01
1.092014387249946594e-01
1.130486950278282166e-01
1.074621975421905518e-01
1.036009714007377625e-01
1.145452633500099182e-01
1.090301051735877991e-01
1.061511635780334473e-01
1.122145354747772217e-01
1.082622632384300232e-01
1.088722348213195801e-01
1.140614375472068787e-01
1.099305823445320129e-01
1.058813333511352539e-01
1.101187691092491150e-01
1.095453724265098572e-01
1.093773320317268372e-01
1.045835018157958984e-01
1.161420345306396484e-01
1.081776246428489685e-01
1.094573810696601868e-01
1.059806644916534424e-01
1.071799993515014648e-01
1.015718504786491394e-01
1.034283265471458435e-01
1.051132380962371826e-01
1.033191606402397156e-01
1.142989024519920349e-01
1.104974970221519470e-01
1.059456691145896912e-01
1.102549508213996887e-01
1.028107479214668274e-01
1.073805317282676697e-01
1.073458194732666016e-01
1.095828711986541748e-01
1.034667491912841797e-01
1.168687269091606140e-01
1.173460856080055237e-01
1.115200445055961609e-01
1.082262918353080750e-01
1.075634956359863281e-01
1.084951236844062805e-01
1.067563295364379883e-01
1.166896596550941467e-01
1.092189326882362366e-01
1.168791577219963074e-01
1.045778617262840271e-01
1.174282804131507874e-01
1.084727719426155090e-01
1.106253936886787415e-01
1.127045080065727234e-01
1.085438057780265808e-01
1.129979714751243591e-01
1.030024662613868713e-01
1.097768321633338928e-01
1.044996306300163269e-01
1.078656688332557678e-01
1.054520830512046814e-01
1.057124361395835876e-01
1.077293381094932556e-01
1.054834723472595215e-01
1.015695407986640930e-01
1.114068329334259033e-01
1.084438487887382507e-01
1.076580062508583069e-01
1.102871298789978027e-01
1.110520735383033752e-01
1.015660762786865234e-01
1.079189851880073547e-01
1.036517024040222168e-01
1.091465577483177185e-01
1.061270236968994141e-01
1.053919717669487000e-01
1.067352890968322754e-01
1.052441224455833435e-01
1.152041777968406677e-01
1.104625090956687927e-01
1.027454063296318054e-01
1.088243946433067322e-01
1.054565683007240295e-01
1.048021316528320312e-01
1.035831868648529053e-01
1.015523299574851990e-01
1.041158437728881836e-01
1.063574254512786865e-01
1.104809418320655823e-01
1.104364991188049316e-01
1.069143489003181458e-01
1.094398498535156250e-01
1.144985184073448181e-01
1.080367565155029297e-01
1.052342727780342102e-01
1.091706082224845886e-01
1.127937138080596924e-01
1.127548813819885254e-01
1.103007569909095764e-01
1.072492897510528564e-01
1.126198992133140564e-01
1.072035804390907288e-01
1.204654499888420105e-01
1.038606241345405579e-01
1.067872121930122375e-01
1.132358238101005554e-01
1.061991974711418152e-01
1.094579696655273438e-01
1.128220781683921814e-01
1.105909645557403564e-01
1.153790950775146484e-01
1.012281179428100586e-01
1.120653823018074036e-01
1.182640790939331055e-01
1.150310635566711426e-01
1.053939461708068848e-01
1.244261860847473145e-01
1.147247329354286194e-01
1.055125892162322998e-01
1.068544611334800720e-01
1.084606274962425232e-01
1.119999364018440247e-01
1.106452047824859619e-01
1.091093719005584717e-01
1.056567728519439697e-01
1.091699525713920593e-01
1.091808676719665527e-01
1.074305474758148193e-01
1.157784163951873779e-01
1.071669459342956543e-01
1.015337109565734863e-01
1.138551458716392517e-01
1.103334799408912659e-01
1.237538382411003113e-01
1.137114688754081726e-01
1.112359836697578430e-01
1.184492632746696472e-01
1.115066409111022949e-01
1.506081372499465942e-01
1.240420639514923096e-01
1.092705428600311279e-01
1.034773066639900208e-01
1.147327199578285217e-01
1.122869178652763367e-01
1.121664941310882568e-01
1.034304872155189514e-01
1.157307922840118408e-01
1.109497472643852234e-01
1.068088039755821228e-01
1.124200522899627686e-01
1.100986599922180176e-01
1.064770147204399109e-01
1.126790344715118408e-01
1.090598329901695251e-01
1.366854906082153320e-01
1.053649261593818665e-01
1.101241707801818848e-01
1.175335720181465149e-01
1.084831431508064270e-01
1.097845435142517090e-01
1.005790010094642639e-01
1.114888414740562439e-01
1.054114401340484619e-01
1.084249690175056458e-01
1.125856563448905945e-01
1.160794124007225037e-01
1.066216602921485901e-01
1.061701253056526184e-01
1.091966405510902405e-01
1.047516390681266785e-01
1.069170013070106506e-01
1.006210520863533020e-01
1.120985075831413269e-01
1.093421354889869690e-01
1.021361276507377625e-01
1.133665964007377625e-01
1.064808070659637451e-01
1.121708676218986511e-01
1.123021543025970459e-01
1.123296320438385010e-01
1.109912171959877014e-01
1.131302043795585632e-01
1.105267629027366638e-01
1.037295162677764893e-01
1.137741282582283020e-01
1.041776835918426514e-01
1.197885051369667053e-01
1.027112379670143127e-01
1.043648421764373779e-01
1.159570887684822083e-01
1.118704155087471008e-01
1.141424775123596191e-01
1.047222837805747986e-01
1.063329204916954041e-01
1.058776453137397766e-01
1.062703505158424377e-01
1.184010431170463562e-01
1.078509315848350525e-01
1.083991825580596924e-01
1.003767848014831543e-01
1.086055263876914978e-01
1.134879514575004578e-01
1.073044463992118835e-01
1.086775436997413635e-01
1.031712591648101807e-01
1.113907322287559509e-01
1.034657135605812073e-01
1.194103062152862549e-01
1.166451871395111084e-01
1.103127673268318176e-01
1.221272870898246765e-01
1.018734574317932129e-01
1.077016517519950867e-01
1.182931661605834961e-01
1.056447550654411316e-01
1.122148856520652771e-01
1.132804527878761292e-01
1.011628434062004089e-01
1.102958247065544128e-01
1.040424630045890808e-01
1.097990497946739197e-01
1.190083622932434082e-01
1.103449389338493347e-01
1.066978946328163147e-01
1.040321514010429382e-01
1.009326279163360596e-01
1.063153073191642761e-01
1.029411032795906067e-01
1.124980226159095764e-01
1.079325005412101746e-01
1.076607778668403625e-01
1.034630462527275085e-01
1.097443327307701111e-01
1.054467484354972839e-01
1.048220694065093994e-01
1.053320840001106262e-01
1.021587178111076355e-01
1.116502508521080017e-01
1.103566884994506836e-01
1.284764260053634644e-01
1.119738593697547913e-01
1.092409864068031311e-01
1.135587319731712341e-01
1.143487095832824707e-01
1.082523837685585022e-01
1.570674180984497070e-01
1.129086688160896301e-01
1.021394655108451843e-01
1.135630011558532715e-01
1.140353456139564514e-01
1.051342263817787170e-01
1.122429594397544861e-01
1.101240143179893494e-01
1.088956594467163086e-01
1.239545866847038269e-01
1.017474234104156494e-01
1.018480136990547180e-01
1.073562502861022949e-01
1.047122254967689514e-01
1.064006686210632324e-01
1.030751690268516541e-01
1.206393912434577942e-01
1.128531694412231445e-01
1.157319173216819763e-01
1.533455103635787964e-01
1.059345230460166931e-01
1.110052093863487244e-01
1.014284566044807434e-01
1.133497282862663269e-01
1.076947748661041260e-01
1.049978807568550110e-01
1.156490147113800049e-01
1.168068125844001770e-01
1.138497665524482727e-01
1.059502288699150085e-01
1.250126212835311890e-01
1.122519373893737793e-01
1.193889975547790527e-01
1.191959381103515625e-01
1.085163056850433350e-01
1.141447052359580994e-01
1.030147150158882141e-01
1.095260381698608398e-01
1.133621409535408020e-01
1.019447445869445801e-01
1.140087619423866272e-01
1.081149354577064514e-01
1.213276311755180359e-01
1.085037365555763245e-01
1.131327226758003235e-01
1.057915464043617249e-01
1.016824841499328613e-01
1.038701608777046204e-01
1.086996868252754211e-01
1.118445023894309998e-01
1.066745743155479431e-01
1.117956712841987610e-01
1.104365214705467224e-01
1.131718754768371582e-01
1.113769635558128357e-01
1.156780347228050232e-01
1.063262522220611572e-01
1.156182959675788879e-01
1.127423718571662903e-01
1.140302345156669617e-01
1.114614233374595642e-01
1.089919582009315491e-01
1.090223714709281921e-01
1.058254316449165344e-01
1.059661507606506348e-01
1.185054853558540344e-01
1.171511411666870117e-01
1.135431528091430664e-01
1.044860780239105225e-01
1.055201664566993713e-01
1.091679334640502930e-01
1.070105507969856262e-01
1.029299125075340271e-01
1.030543074011802673e-01
1.036242917180061340e-01
1.530180126428604126e-01
1.182931661605834961e-01
1.099400222301483154e-01
1.110988780856132507e-01
1.045701727271080017e-01
1.070149317383766174e-01
1.074415072798728943e-01
1.048180162906646729e-01
1.047712564468383789e-01
1.116270720958709717e-01
1.087297201156616211e-01
1.191874071955680847e-01
1.107410490512847900e-01
1.105135753750801086e-01
1.007197722792625427e-01
1.098521351814270020e-01
1.204364523291587830e-01
1.244142651557922363e-01
1.099976301193237305e-01
1.081778183579444885e-01
1.044239103794097900e-01
1.143420562148094177e-01
1.092332527041435242e-01
1.062414646148681641e-01
1.228155121207237244e-01
1.031880304217338562e-01
1.017956733703613281e-01
1.138180866837501526e-01
1.019160747528076172e-01
1.119549646973609924e-01
1.082101985812187195e-01
1.052785515785217285e-01
1.075759902596473694e-01
1.079471930861473083e-01
1.053342297673225403e-01
1.061140671372413635e-01
1.082574203610420227e-01
1.136062964797019958e-01
1.067387536168098450e-01
1.110476180911064148e-01
1.184416040778160095e-01
1.035008057951927185e-01
1.034228801727294922e-01
1.037025451660156250e-01
1.089923903346061707e-01
1.060273423790931702e-01
1.166078671813011169e-01
1.049705073237419128e-01
9.724063426256179810e-02
1.113426908850669861e-01
1.062772274017333984e-01
1.070437133312225342e-01
1.190632507205009460e-01
1.221152767539024353e-01
1.294692605733871460e-01
1.115555390715599060e-01
1.080619916319847107e-01
1.058599576354026794e-01
1.105715110898017883e-01
1.103529408574104309e-01
1.038939878344535828e-01
1.078309491276741028e-01
1.056210473179817200e-01
1.160415336489677429e-01
1.075689792633056641e-01
1.026843562722206116e-01
1.112417802214622498e-01
1.124930754303932190e-01
1.172361597418785095e-01
1.084779277443885803e-01
1.050685346126556396e-01
1.023534163832664490e-01
1.043530702590942383e-01
1.047132611274719238e-01
1.069608107209205627e-01
1.100318729877471924e-01
1.058118566870689392e-01
1.000564694404602051e-01
1.134748458862304688e-01
1.081218644976615906e-01
1.146950721740722656e-01
1.071034148335456848e-01
1.066408753395080566e-01
1.143274307250976562e-01
1.026124358177185059e-01
1.146074458956718445e-01
1.086219921708106995e-01
1.041512116789817810e-01
1.079752221703529358e-01
1.091779768466949463e-01
1.070800423622131348e-01
1.128368899226188660e-01
1.064416170120239258e-01
1.053464114665985107e-01
1.134117320179939270e-01
1.028416380286216736e-01
1.079083904623985291e-01
1.272026002407073975e-01
1.095007061958312988e-01
1.066399589180946350e-01
1.031999960541725159e-01
1.141498908400535583e-01
1.059309616684913635e-01
1.021292209625244141e-01
1.125293672084808350e-01
1.044403836131095886e-01
1.102603301405906677e-01
1.036039292812347412e-01
1.048244014382362366e-01
1.079612448811531067e-01
1.010720804333686829e-01
1.038078591227531433e-01
1.088082268834114075e-01
1.173127591609954834e-01
1.148201748728752136e-01
1.120697483420372009e-01
1.077779531478881836e-01
1.086106002330780029e-01
1.134814023971557617e-01
1.079465374350547791e-01
9.671700745820999146e-02
1.060733199119567871e-01
1.145107448101043701e-01
1.049981713294982910e-01
1.050405427813529968e-01
1.061067804694175720e-01
1.154275313019752502e-01
1.350314319133758545e-01
1.039913892745971680e-01
1.009349748492240906e-01
1.122811436653137207e-01
1.079167649149894714e-01
1.042124032974243164e-01
1.113463714718818665e-01
1.178351864218711853e-01
1.125699654221534729e-01
1.085821166634559631e-01
1.042479574680328369e-01
1.075336560606956482e-01
1.126849129796028137e-01
1.137106418609619141e-01
1.058996319770812988e-01
1.071127876639366150e-01
1.119423508644104004e-01
1.079605594277381897e-01
1.036122962832450867e-01
1.002018377184867859e-01
1.043192148208618164e-01
1.081968545913696289e-01
1.109941601753234863e-01
1.110536828637123108e-01
1.413554400205612183e-01
1.169598102569580078e-01
1.032379567623138428e-01
1.058293655514717102e-01
1.063576266169548035e-01
1.151006594300270081e-01
1.051969006657600403e-01
1.057115271687507629e-01
1.047282889485359192e-01
1.112313196063041687e-01
1.047872006893157959e-01
1.028339490294456482e-01
1.040443703532218933e-01
1.069678068161010742e-01
1.137831583619117737e-01
1.121247112751007080e-01
1.094808056950569153e-01
1.229286119341850281e-01
1.072728335857391357e-01
1.135428845882415771e-01
1.072808727622032166e-01
1.113463342189788818e-01
1.196737512946128845e-01
1.031725332140922546e-01
1.105166077613830566e-01
1.090554296970367432e-01
1.149682998657226562e-01
1.035698950290679932e-01
1.088974699378013611e-01
1.072461828589439392e-01
1.086341515183448792e-01
1.281548887491226196e-01
1.123275458812713623e-01
9.831670671701431274e-02
1.284880787134170532e-01
1.080231741070747375e-01
1.040931940078735352e-01
1.074092015624046326e-01
1.014942154288291931e-01
1.121956110000610352e-01
1.077155470848083496e-01
1.061609983444213867e-01
1.061682179570198059e-01
1.027513369917869568e-01
1.152689233422279358e-01
1.058908626437187195e-01
1.047450602054595947e-01
1.030001342296600342e-01
1.101380810141563416e-01
1.169760525226593018e-01
1.046487689018249512e-01
1.078888252377510071e-01
9.848601371049880981e-02
1.162828207015991211e-01
9.656193107366561890e-02
1.107737049460411072e-01
1.173033490777015686e-01
1.149665787816047668e-01
1.062086746096611023e-01
1.101069673895835876e-01
1.057407632470130920e-01
1.068734601140022278e-01
1.082599684596061707e-01
1.075129806995391846e-01
1.096616089344024658e-01
1.095882877707481384e-01
1.077645793557167053e-01
1.160813644528388977e-01
1.064307391643524170e-01
1.070280075073242188e-01
1.068333312869071960e-01
1.125495433807373047e-01
1.014208197593688965e-01
1.090181991457939148e-01
1.004878357052803040e-01
1.047817245125770569e-01
1.101770699024200439e-01
1.109508052468299866e-01
1.066027581691741943e-01
1.068940237164497375e-01
1.125877276062965393e-01
1.309441030025482178e-01
1.134598478674888611e-01
1.052058041095733643e-01
1.213349774479866028e-01
1.103601232171058655e-01
1.093936637043952942e-01
1.150203123688697815e-01
1.051376163959503174e-01
1.027951464056968689e-01
1.058119311928749084e-01
1.084732487797737122e-01
1.062331274151802063e-01
1.169869080185890198e-01
1.011568903923034668e-01
1.195588484406471252e-01
1.081575229763984680e-01
9.986043721437454224e-02
1.124988719820976257e-01
1.070972457528114319e-01
1.078711152076721191e-01
1.056224033236503601e-01
1.186457276344299316e-01
1.161739826202392578e-01
1.066493168473243713e-01
1.003584265708923340e-01
1.059575155377388000e-01
1.070396527647972107e-01
1.097247079014778137e-01
1.063380017876625061e-01
1.080774590373039246e-01
1.055044531822204590e-01
1.067829951643943787e-01
1.095791533589363098e-01
1.056858301162719727e-01
1.132127568125724792e-01
1.123247519135475159e-01
1.115656569600105286e-01
1.082166209816932678e-01
9.818580001592636108e-02
1.060468256473541260e-01
1.014003083109855652e-01
9.994518011808395386e-02
1.022721230983734131e-01
1.071050763130187988e-01
1.061147451400756836e-01
1.228360831737518311e-01
1.108978390693664551e-01
1.024659946560859680e-01
1.064856871962547302e-01
1.060601249337196350e-01
1.097857877612113953e-01
1.115022823214530945e-01
1.093611717224121094e-01
1.058677956461906433e-01
1.119490265846252441e-01
1.147370114922523499e-01
1.087953373789787292e-01
1.119303405284881592e-01
1.053960025310516357e-01
1.078254207968711853e-01
1.034478545188903809e-01
1.116101667284965515e-01
1.045878753066062927e-01
1.016541793942451477e-01
1.128162741661071777e-01
1.103342697024345398e-01
1.072313785552978516e-01
1.139277815818786621e-01
1.122955679893493652e-01
1.071147546172142029e-01
1.053680554032325745e-01
1.121456101536750793e-01
1.074360609054565430e-01
1.109798923134803772e-01
9.919039160013198853e-02
1.128632053732872009e-01
1.060013547539710999e-01
1.071831881999969482e-01
1.067612543702125549e-01
1.078352332115173340e-01
1.042134761810302734e-01
1.155395805835723877e-01
1.043237075209617615e-01
1.104854941368103027e-01
1.068591699004173279e-01
1.075220704078674316e-01
1.063271462917327881e-01
1.125877425074577332e-01
1.129179596900939941e-01
1.111156269907951355e-01
1.043438240885734558e-01
1.102466508746147156e-01
1.021665334701538086e-01
1.123113110661506653e-01
1.078406050801277161e-01
1.068998053669929504e-01
1.020702421665191650e-01
1.076053157448768616e-01
1.084092557430267334e-01
1.093003973364830017e-01
1.088212206959724426e-01
1.069108843803405762e-01
1.104731187224388123e-01
1.016347333788871765e-01
1.137720569968223572e-01
1.106228008866310120e-01
1.062411069869995117e-01
1.092676594853401184e-01
1.070477142930030823e-01
1.121062636375427246e-01
1.048858836293220520e-01
1.160324290394783020e-01
1.052835211157798767e-01
1.110878065228462219e-01
1.291435807943344116e-01
1.084949001669883728e-01
9.871458262205123901e-02
1.075831279158592224e-01
1.029587686061859131e-01
1.032718494534492493e-01
1.039876639842987061e-01
1.024745106697082520e-01
1.015134826302528381e-01
1.074986159801483154e-01
1.073996350169181824e-01
1.070163026452064514e-01
1.019557118415832520e-01
1.045435294508934021e-01
1.127280890941619873e-01
1.008772850036621094e-01
1.089114919304847717e-01
1.066198050975799561e-01
1.159347817301750183e-01
1.070015802979469299e-01
1.127325221896171570e-01
1.087858155369758606e-01
1.080760881304740906e-01
1.146161034703254700e-01
1.060261502861976624e-01
1.144731119275093079e-01
1.025012359023094177e-01
1.063153147697448730e-01
1.110362783074378967e-01
1.034378111362457275e-01
1.052440181374549866e-01
1.071217283606529236e-01
1.095378771424293518e-01
1.334661394357681274e-01
1.071623265743255615e-01
1.004461050033569336e-01
1.054092049598693848e-01
1.160591840744018555e-01
1.084076687693595886e-01
1.069740951061248779e-01
1.048976182937622070e-01
1.072047874331474304e-01
1.131451055407524109e-01
1.060847342014312744e-01
9.846474975347518921e-02
1.101805493235588074e-01
1.106797233223915100e-01
1.040070876479148865e-01
1.073373556137084961e-01
1.056931987404823303e-01
1.088230386376380920e-01
1.108800768852233887e-01
1.111798658967018127e-01
1.053294315934181213e-01
1.119497418403625488e-01
1.053432822227478027e-01
1.023601591587066650e-01
1.095480099320411682e-01
1.091821715235710144e-01
1.032112464308738708e-01
1.087767407298088074e-01
1.136602535843849182e-01
1.041153967380523682e-01
1.105729937553405762e-01
9.735649824142456055e-02
1.090437993407249451e-01
1.085625067353248596e-01
1.086414232850074768e-01
1.081794574856758118e-01
1.048904433846473694e-01
1.061990484595298767e-01
1.060922369360923767e-01
1.108823344111442566e-01
1.041606664657592773e-01
1.061963513493537903e-01
1.001848354935646057e-01
1.043466106057167053e-01
1.091926097869873047e-01
1.046410799026489258e-01
1.141563057899475098e-01
1.011676415801048279e-01
1.007743701338768005e-01
1.138497591018676758e-01
1.002808436751365662e-01
1.184941008687019348e-01
1.081502810120582581e-01
1.132813468575477600e-01
1.078122928738594055e-01
1.006439998745918274e-01
1.065656244754791260e-01
1.053994297981262207e-01
1.083208322525024414e-01
1.077763810753822327e-01
1.069823801517486572e-01
1.090988516807556152e-01
1.181318834424018860e-01
1.053194701671600342e-01
1.126906275749206543e-01
1.093573197722434998e-01
1.044296994805335999e-01
1.104550659656524658e-01
1.059005260467529297e-01
1.042554751038551331e-01
1.510899215936660767e-01
9.957212209701538086e-02
1.068463549017906189e-01
1.106004491448402405e-01
1.075424924492835999e-01
1.092143431305885315e-01
1.047078594565391541e-01
1.202434301376342773e-01
1.087473407387733459e-01
1.071495786309242249e-01
9.905743598937988281e-02
1.069989129900932312e-01
1.118047013878822327e-01
1.070109084248542786e-01
1.040986254811286926e-01
1.030896976590156555e-01
1.108646616339683533e-01
1.032093688845634460e-01
1.073824539780616760e-01
1.077248081564903259e-01
9.782060235738754272e-02
1.055363044142723083e-01
1.042645573616027832e-01
1.034447178244590759e-01
1.039040163159370422e-01
1.114732027053833008e-01
1.138183251023292542e-01
1.058517172932624817e-01
1.295615434646606445e-01
1.103049889206886292e-01
1.066827476024627686e-01
1.098140180110931396e-01
1.178591325879096985e-01
1.042093411087989807e-01
1.018263325095176697e-01
1.116078197956085205e-01
1.154311969876289368e-01
1.092859730124473572e-01
1.027169823646545410e-01
1.114189699292182922e-01
1.005613207817077637e-01
1.027597412467002869e-01
1.188727840781211853e-01
1.106799542903900146e-01
1.151662990450859070e-01
1.048691645264625549e-01
1.066413894295692444e-01
1.026927009224891663e-01
1.087201610207557678e-01
1.031282246112823486e-01
1.052148938179016113e-01
1.030847504734992981e-01
9.698101878166198730e-02
1.142854765057563782e-01
1.208725050091743469e-01
1.047515198588371277e-01
1.315017789602279663e-01
1.126141548156738281e-01
1.115466058254241943e-01
1.164533868432044983e-01
1.111298501491546631e-01
1.000514850020408630e-01
1.048294976353645325e-01
1.080926358699798584e-01
1.176250949501991272e-01
1.096339821815490723e-01
1.056081429123878479e-01
1.238093897700309753e-01
1.048753634095191956e-01
1.076473891735076904e-01
1.069899201393127441e-01
1.070404425263404846e-01
1.068238615989685059e-01
1.042448878288269043e-01
1.048060283064842224e-01
1.116498112678527832e-01
1.067820861935615540e-01
1.130144372582435608e-01
1.065549477934837341e-01
1.070547327399253845e-01
1.039081439375877380e-01
1.045055612921714783e-01
1.060224473476409912e-01
1.074857413768768311e-01
1.108823642134666443e-01
1.115291193127632141e-01
9.854554384946823120e-02
1.063572764396667480e-01
1.067143306136131287e-01
1.057715043425559998e-01
9.961814433336257935e-02
1.106289625167846680e-01
1.058534458279609680e-01
1.130695417523384094e-01
1.027071997523307800e-01
1.152800545096397400e-01
1.119859144091606140e-01
1.132615432143211365e-01
1.333145797252655029e-01
1.152500733733177185e-01
1.092820391058921814e-01
1.141845285892486572e-01
1.095238253474235535e-01
1.076291799545288086e-01
1.122324690222740173e-01
1.062290295958518982e-01
1.073574721813201904e-01
1.109529137611389160e-01
1.095090508460998535e-01
1.112301722168922424e-01
1.098206043243408203e-01
1.337000429630279541e-01
1.124996840953826904e-01
1.058734133839607239e-01
1.131848469376564026e-01
1.009809970855712891e-01
1.129109188914299011e-01
1.102629378437995911e-01
1.000061854720115662e-01
1.171104535460472107e-01
1.045950427651405334e-01
1.044947132468223572e-01
1.116438433527946472e-01
1.117269918322563171e-01
1.071089506149291992e-01
1.125710681080818176e-01
1.118867918848991394e-01
1.107138320803642273e-01
1.175406351685523987e-01
1.071163192391395569e-01
1.034421324729919434e-01
1.135400459170341492e-01
1.094540357589721680e-01
1.069880723953247070e-01
1.152360439300537109e-01
1.048425137996673584e-01
1.063453927636146545e-01
1.029495075345039368e-01
1.118422448635101318e-01
1.027881503105163574e-01
1.069166660308837891e-01
1.136440560221672058e-01
9.942158311605453491e-02
1.069337949156761169e-01
1.020841225981712341e-01
1.181513667106628418e-01
1.055768653750419617e-01
1.082985401153564453e-01
1.025834009051322937e-01
1.065656617283821106e-01
9.758520126342773438e-02
1.030556559562683105e-01
1.103601381182670593e-01
1.090717911720275879e-01
1.058214679360389709e-01
1.072308197617530823e-01
1.049310043454170227e-01
1.053996682167053223e-01
1.171760857105255127e-01
1.089560389518737793e-01
1.126578971743583679e-01
1.063864156603813171e-01
1.096742972731590271e-01
1.079047694802284241e-01
9.896248579025268555e-02
1.095348820090293884e-01
1.099672541022300720e-01
1.155193448066711426e-01
9.863853454589843750e-02
1.021497473120689392e-01
9.611979126930236816e-02
1.079657375812530518e-01
9.740891307592391968e-02
1.041289940476417542e-01
9.863132238388061523e-02
1.064737215638160706e-01
1.154752448201179504e-01
1.048110425472259521e-01
1.126196384429931641e-01
1.063619777560234070e-01
1.119691357016563416e-01
1.075640395283699036e-01
1.013371720910072327e-01
1.128702163696289062e-01
1.196787133812904358e-01
1.085760220885276794e-01
1.136666834354400635e-01
1.143803223967552185e-01
1.291819214820861816e-01
1.024984121322631836e-01
1.051112785935401917e-01
1.099576726555824280e-01
1.094728112220764160e-01
1.032668873667716980e-01
1.132658720016479492e-01
1.126089319586753845e-01
1.005432829260826111e-01
1.078132763504981995e-01
1.023703217506408691e-01
1.081320568919181824e-01
1.253927797079086304e-01
1.161111593246459961e-01
1.008565351366996765e-01
1.110242828726768494e-01
1.042929366230964661e-01
1.195078194141387939e-01
1.054984554648399353e-01
1.059586480259895325e-01
1.081186905503273010e-01
1.170409917831420898e-01
1.035859063267707825e-01
1.108472719788551331e-01
1.053828820586204529e-01
1.030759587883949280e-01
1.151078715920448303e-01
1.106895431876182556e-01
1.108576431870460510e-01
1.059335693717002869e-01
1.115271970629692078e-01
1.065448522567749023e-01
1.081913933157920837e-01
1.142573952674865723e-01
1.047263965010643005e-01
1.034208312630653381e-01
1.189476028084754944e-01
1.117274463176727295e-01
1.087323799729347229e-01
1.187166199088096619e-01
1.053963527083396912e-01
1.147674098610877991e-01
1.084665432572364807e-01
1.078381016850471497e-01
9.977998584508895874e-02
1.041905358433723450e-01
1.051192656159400940e-01
1.033834815025329590e-01
1.018215790390968323e-01
1.091195642948150635e-01
1.074013933539390564e-01
1.086187586188316345e-01
1.051621213555335999e-01
1.068767383694648743e-01
1.044846996665000916e-01
1.113467141985893250e-01
1.073966845870018005e-01
1.041152477264404297e-01
1.099083349108695984e-01
1.199519336223602295e-01
1.022650375962257385e-01
1.179165616631507874e-01
1.128196343779563904e-01
1.121325492858886719e-01
1.012755259871482849e-01
1.095350384712219238e-01
1.083066835999488831e-01
1.080020293593406677e-01
1.085681393742561340e-01
1.026550233364105225e-01
1.110241636633872986e-01
1.091750338673591614e-01
1.075657904148101807e-01
1.064399406313896179e-01
1.010260805487632751e-01
1.507258862257003784e-01
1.076734289526939392e-01
1.059025749564170837e-01
1.125210821628570557e-01
1.066434010863304138e-01
1.073386296629905701e-01
1.180242523550987244e-01
1.168242692947387695e-01
1.108144298195838928e-01
1.111181154847145081e-01
1.130727604031562805e-01
1.025833562016487122e-01
1.148073449730873108e-01
1.070946976542472839e-01
1.047042384743690491e-01
1.092870160937309265e-01
1.086455956101417542e-01
1.154712215065956116e-01
1.039367690682411194e-01
1.036321818828582764e-01
1.053178235888481140e-01
1.057081818580627441e-01
1.060011982917785645e-01
1.019827648997306824e-01
1.173588559031486511e-01
1.099411845207214355e-01
1.135912835597991943e-01
1.020263656973838806e-01
1.175896301865577698e-01
1.106537207961082458e-01
1.003442332148551941e-01
1.050025001168251038e-01
1.056174561381340027e-01
1.101315990090370178e-01
1.051257327198982239e-01
1.135720610618591309e-01
1.070166528224945068e-01
1.110954955220222473e-01
1.060690060257911682e-01
1.032860800623893738e-01
1.124318018555641174e-01
1.046688035130500793e-01
1.069973707199096680e-01
1.032336056232452393e-01
1.057083606719970703e-01
1.198805198073387146e-01
1.080899611115455627e-01
1.131785511970520020e-01
1.063548028469085693e-01
1.139677390456199646e-01
1.054066047072410583e-01
1.073599085211753845e-01
1.050760671496391296e-01
1.132266893982887268e-01
1.052810177206993103e-01
1.080607846379280090e-01
1.061522364616394043e-01
1.136219874024391174e-01
1.104175671935081482e-01
1.056344732642173767e-01
1.037189364433288574e-01
1.040114536881446838e-01
1.126098409295082092e-01
1.147458329796791077e-01
1.122775003314018250e-01
1.049469634890556335e-01
1.083791553974151611e-01
1.084153428673744202e-01
1.102187111973762512e-01
9.997097402811050415e-02
1.208802983164787292e-01
1.023773178458213806e-01
1.055761352181434631e-01
1.078413948416709900e-01
1.086862981319427490e-01
9.818073362112045288e-02
1.121586859226226807e-01
1.092974320054054260e-01
1.145130619406700134e-01
1.178841069340705872e-01
1.173120215535163879e-01
1.111749708652496338e-01
1.065552607178688049e-01
1.048451289534568787e-01
1.093775853514671326e-01
1.040113270282745361e-01
1.161999031901359558e-01
1.115243732929229736e-01
1.093992888927459717e-01
1.104216277599334717e-01
1.180541515350341797e-01
1.377968639135360718e-01
1.070288047194480896e-01
1.180845871567726135e-01
1.055650413036346436e-01
1.024224683642387390e-01
1.123562827706336975e-01
1.139417067170143127e-01
1.110150739550590515e-01
1.034124493598937988e-01
1.096172332763671875e-01
1.049065366387367249e-01
1.093210205435752869e-01
1.110364273190498352e-01
1.101909652352333069e-01
1.087391451001167297e-01
1.096681356430053711e-01
1.242872402071952820e-01
1.131522655487060547e-01
1.027138233184814453e-01
1.118132099509239197e-01
1.051463708281517029e-01
1.056237593293190002e-01
1.104411557316780090e-01
1.082740426063537598e-01
1.098548248410224915e-01
1.082451567053794861e-01
1.105062663555145264e-01
1.102376654744148254e-01
1.090916693210601807e-01
1.113249659538269043e-01
1.145600676536560059e-01
1.205646991729736328e-01
1.072092056274414062e-01
1.115025356411933899e-01
1.072777509689331055e-01
1.095588505268096924e-01
1.091359630227088928e-01
1.104129627346992493e-01
1.130002513527870178e-01
1.184546947479248047e-01
1.119809150695800781e-01
1.003329977393150330e-01
1.019153892993927002e-01
1.069447621703147888e-01
1.035260930657386780e-01
9.696906059980392456e-02
1.057356670498847961e-01
1.003423556685447693e-01
9.974262863397598267e-02
1.109754443168640137e-01
1.054532304406166077e-01
1.216142550110816956e-01
1.140308976173400879e-01
1.139968708157539368e-01
1.051447689533233643e-01
1.162554994225502014e-01
1.155307665467262268e-01
1.030890345573425293e-01
1.083827540278434753e-01
1.050707623362541199e-01
1.080944836139678955e-01
1.090289726853370667e-01
1.036670580506324768e-01
1.100292876362800598e-01
1.004879847168922424e-01
1.000135615468025208e-01
1.070443987846374512e-01
1.062750592827796936e-01
1.191715300083160400e-01
1.144132688641548157e-01
1.005681827664375305e-01
1.066610217094421387e-01
1.106901764869689941e-01
1.050357520580291748e-01
1.095411553978919983e-01
1.069488152861595154e-01
9.903892129659652710e-02
1.160776242613792419e-01
1.031944677233695984e-01
1.095986440777778625e-01
1.130517721176147461e-01
1.010598912835121155e-01
1.056426689028739929e-01
1.184053495526313782e-01
1.000968515872955322e-01
1.135452911257743835e-01
1.145071312785148621e-01
1.079908832907676697e-01
1.073815822601318359e-01
1.067217066884040833e-01
1.008428707718849182e-01
1.093048676848411560e-01
1.070967912673950195e-01
1.070239916443824768e-01
1.157932803034782410e-01
1.050645485520362854e-01
1.098489090800285339e-01
1.017071902751922607e-01
1.045809015631675720e-01
1.006999313831329346e-01
1.036262288689613342e-01
1.067334339022636414e-01
1.019032001495361328e-01
1.094069853425025940e-01
1.082060635089874268e-01
1.041002199053764343e-01
1.347097903490066528e-01
1.067902520298957825e-01
1.025327667593955994e-01
1.024174913763999939e-01
1.071799024939537048e-01
1.124279722571372986e-01
1.110345646739006042e-01
1.113773062825202942e-01
1.110770478844642639e-01
1.124707534909248352e-01
1.061988472938537598e-01
1.033683717250823975e-01
1.191817149519920349e-01
1.063478216528892517e-01
1.049485206604003906e-01
1.093148961663246155e-01
1.018837168812751770e-01
1.095268130302429199e-01
1.094663143157958984e-01
1.024724841117858887e-01
1.036388650536537170e-01
1.132405325770378113e-01
1.163541749119758606e-01
1.042960882186889648e-01
1.077888980507850647e-01
1.013610139489173889e-01
1.076332256197929382e-01
1.248049661517143250e-01
1.088633015751838684e-01
1.095826327800750732e-01
1.076588332653045654e-01
1.081729531288146973e-01
1.078270748257637024e-01
1.200405731797218323e-01
1.048624813556671143e-01
1.229090467095375061e-01
1.102150902152061462e-01
1.031305864453315735e-01
1.084042564034461975e-01
1.078110560774803162e-01
1.023183763027191162e-01
1.045487597584724426e-01
1.101214885711669922e-01
1.044901385903358459e-01
9.821807593107223511e-02
1.043760403990745544e-01
1.095948889851570129e-01
1.025225520133972168e-01
1.022135615348815918e-01
1.075324714183807373e-01
1.052627786993980408e-01
1.010942682623863220e-01
1.030778214335441589e-01
1.150564849376678467e-01
1.070012152194976807e-01
1.060175970196723938e-01
1.035031899809837341e-01
1.058501005172729492e-01
1.150832176208496094e-01
1.005134209990501404e-01
1.242709159851074219e-01
1.010478138923645020e-01
1.074600741267204285e-01
1.096962764859199524e-01
1.021921336650848389e-01
1.019063219428062439e-01
1.049344912171363831e-01
1.046436801552772522e-01
1.032225713133811951e-01
1.071946695446968079e-01
1.041421815752983093e-01
1.100991144776344299e-01
1.044761314988136292e-01
1.045478805899620056e-01
1.082051172852516174e-01
1.049329340457916260e-01
1.007419824600219727e-01
1.084344461560249329e-01
1.284686923027038574e-01
1.133620515465736389e-01
1.145550087094306946e-01
1.012340560555458069e-01
1.107806339859962463e-01
1.098129451274871826e-01
1.096942052245140076e-01
1.124777570366859436e-01
1.066017672419548035e-01
1.142385527491569519e-01
1.060931906104087830e-01
1.097872778773307800e-01
1.087247803807258606e-01
1.071058511734008789e-01
1.159821152687072754e-01
1.057309135794639587e-01
1.150172576308250427e-01
1.130509972572326660e-01
1.099373996257781982e-01
1.104802116751670837e-01
1.061718836426734924e-01
1.393236815929412842e-01
1.059219017624855042e-01
1.221123710274696350e-01
1.046267151832580566e-01
1.103304550051689148e-01
1.061927601695060730e-01
1.264618933200836182e-01
1.128266155719757080e-01
1.160405799746513367e-01
1.079794093966484070e-01
1.098038852214813232e-01
1.118037998676300049e-01
1.196497678756713867e-01
1.121024489402770996e-01
1.036292016506195068e-01
1.070077717304229736e-01
1.072909608483314514e-01
1.102179065346717834e-01
1.179655715823173523e-01
1.047757044434547424e-01
1.087287962436676025e-01
1.042248681187629700e-01
1.194254532456398010e-01
1.045593544840812683e-01
1.090443059802055359e-01
1.143263876438140869e-01
1.016093492507934570e-01
1.078830361366271973e-01
1.147784292697906494e-01
1.091699227690696716e-01
1.175628677010536194e-01
9.767394512891769409e-02
1.060259640216827393e-01
1.080277860164642334e-01
1.057874634861946106e-01
1.021599099040031433e-01
1.297301799058914185e-01
1.031455099582672119e-01
1.081619858741760254e-01
1.033375188708305359e-01
1.085951998829841614e-01
1.030873283743858337e-01
1.070843115448951721e-01
1.152641475200653076e-01
9.818504005670547485e-02
1.007078066468238831e-01
1.097976267337799072e-01
1.109910607337951660e-01
1.121396049857139587e-01
1.044841334223747253e-01
1.096259281039237976e-01
1.074865534901618958e-01
1.118319332599639893e-01
1.139971241354942322e-01
1.038292273879051208e-01
1.087089776992797852e-01
1.084026098251342773e-01
1.030421480536460876e-01
1.078594699501991272e-01
1.001226305961608887e-01
1.090783476829528809e-01
9.688403457403182983e-02
1.148618534207344055e-01
1.050455868244171143e-01
1.057404354214668274e-01
1.096568927168846130e-01
1.014680862426757812e-01
1.171160638332366943e-01
1.169677600264549255e-01
1.130168735980987549e-01
1.008493080735206604e-01
1.087362840771675110e-01
1.138387992978096008e-01
1.031953394412994385e-01
1.077110171318054199e-01
1.049597561359405518e-01
1.127377822995185852e-01
1.101194247603416443e-01
1.097052916884422302e-01
1.065105870366096497e-01
1.081622615456581116e-01
1.079177781939506531e-01
1.096146926283836365e-01
1.144447848200798035e-01
1.131962910294532776e-01
1.098622605204582214e-01
1.106351912021636963e-01
1.031383350491523743e-01
1.105579733848571777e-01
1.044253781437873840e-01
1.045266389846801758e-01
1.127713397145271301e-01
1.031525507569313049e-01
1.047801002860069275e-01
1.020838618278503418e-01
1.050722599029541016e-01
1.083381175994873047e-01
1.162970960140228271e-01
1.080918237566947937e-01
1.043702140450477600e-01
1.036711558699607849e-01
1.128127798438072205e-01
1.039390191435813904e-01
1.067857146263122559e-01
1.089785918593406677e-01
1.053262352943420410e-01
1.064205765724182129e-01
1.069260239601135254e-01
1.112876757979393005e-01
1.314615458250045776e-01
1.032910570502281189e-01
1.053597405552864075e-01
1.071844622492790222e-01
1.006760373711585999e-01
1.059140861034393311e-01
1.133148297667503357e-01
1.085788235068321228e-01
1.090798899531364441e-01
1.093845590949058533e-01
1.057181879878044128e-01
1.098160743713378906e-01
1.050624251365661621e-01
1.057455018162727356e-01
1.077026203274726868e-01
1.066186353564262390e-01
1.073396876454353333e-01
1.069514676928520203e-01
1.041501685976982117e-01
1.011896952986717224e-01
1.052933409810066223e-01
1.145596504211425781e-01
1.108626797795295715e-01
1.086698845028877258e-01
1.031863093376159668e-01
1.128303632140159607e-01
1.094911396503448486e-01
9.969577938318252563e-02
1.026150882244110107e-01
1.003341674804687500e-01
1.071962341666221619e-01
1.099232956767082214e-01
1.079911291599273682e-01
1.833239048719406128e-01
1.002424731850624084e-01
1.084304451942443848e-01
1.052911505103111267e-01
1.431103348731994629e-01
1.014408543705940247e-01
1.078428104519844055e-01
1.079960241913795471e-01
1.098762750625610352e-01
1.103958263993263245e-01
1.117374673485755920e-01
1.035747751593589783e-01
1.084237918257713318e-01
1.166574582457542419e-01
1.163957938551902771e-01
1.068908944725990295e-01
1.020887270569801331e-01
1.096761226654052734e-01
1.104652881622314453e-01
1.079219356179237366e-01
1.058512926101684570e-01
1.041429266333580017e-01
1.119172945618629456e-01
1.273716837167739868e-01
1.369611173868179321e-01
1.116239055991172791e-01
1.080507114529609680e-01
1.072527393698692322e-01
1.079686507582664490e-01
1.137417182326316833e-01
1.033531129360198975e-01
1.115192770957946777e-01
1.075403168797492981e-01
1.097822487354278564e-01
1.089057102799415588e-01
1.222789585590362549e-01
9.558019042015075684e-02
1.239800676703453064e-01
1.029732823371887207e-01
1.105898842215538025e-01
1.084726676344871521e-01
9.943626075983047485e-02
1.093255802989006042e-01
1.174861192703247070e-01
9.939333051443099976e-02
1.047748997807502747e-01
1.177354454994201660e-01
1.136555597186088562e-01
1.115879192948341370e-01
1.045018658041954041e-01
1.105070710182189941e-01
1.103569045662879944e-01
1.027651503682136536e-01
1.019482687115669250e-01
1.019316837191581726e-01
1.002999544143676758e-01
9.680185467004776001e-02
1.154680922627449036e-01
1.082602739334106445e-01
1.150729879736900330e-01
1.009662449359893799e-01
1.106294393539428711e-01
1.095956042408943176e-01
1.006476655602455139e-01
1.059546172618865967e-01
1.096566542983055115e-01
1.083989441394805908e-01
1.052116975188255310e-01
1.004210337996482849e-01
1.066312193870544434e-01
9.978258609771728516e-02
1.098993122577667236e-01
1.117443218827247620e-01
1.109242662787437439e-01
1.056457981467247009e-01
1.012198105454444885e-01
1.060804352164268494e-01
1.150922402739524841e-01
1.039753034710884094e-01
1.005774810910224915e-01
1.066910028457641602e-01
1.028686463832855225e-01
1.062965020537376404e-01
1.046690866351127625e-01
1.041195616126060486e-01
1.070036292076110840e-01
1.098536550998687744e-01
1.174943968653678894e-01
1.061481833457946777e-01
1.083065792918205261e-01
1.099819242954254150e-01
1.032636463642120361e-01
1.104507669806480408e-01
9.855242818593978882e-02
1.124206557869911194e-01
9.985826164484024048e-02
1.034816727042198181e-01
1.122865900397300720e-01
1.124227270483970642e-01
1.014575958251953125e-01
1.082278117537498474e-01
1.085235550999641418e-01
1.013083979487419128e-01
1.076022386550903320e-01
1.124957799911499023e-01
1.112812459468841553e-01
1.130683198571205139e-01
1.113456115126609802e-01
1.096900925040245056e-01
1.236421838402748108e-01
