1.799730211496353149e-01
1.934207528829574585e-01
1.996177583932876587e-01
2.058571726083755493e-01
2.189770489931106567e-01
2.079946249723434448e-01
2.037640661001205444e-01
2.095845490694046021e-01
2.035114020109176636e-01
2.107895016670227051e-01
1.852109432220458984e-01
1.978029161691665649e-01
2.227193564176559448e-01
2.116020917892456055e-01
2.075662463903427124e-01
2.105993777513504028e-01
2.061639428138732910e-01
1.827860325574874878e-01
1.867810934782028198e-01
2.032558917999267578e-01
1.967103034257888794e-01
1.985571533441543579e-01
2.025364190340042114e-01
2.072526216506958008e-01
2.075355052947998047e-01
1.984298229217529297e-01
2.023428231477737427e-01
2.026345729827880859e-01
2.309958785772323608e-01
2.140686959028244019e-01
1.965096145868301392e-01
2.269311100244522095e-01
1.778636425733566284e-01
1.708119064569473267e-01
1.871926039457321167e-01
2.001413106918334961e-01
1.859153509140014648e-01
1.969049423933029175e-01
2.158570140600204468e-01
1.866446286439895630e-01
2.101619243621826172e-01
2.011685818433761597e-01
1.761147975921630859e-01
1.954940110445022583e-01
2.420532703399658203e-01
2.006417065858840942e-01
1.916553974151611328e-01
2.206283658742904663e-01
2.529121637344360352e-01
1.892871856689453125e-01
2.012927383184432983e-01
2.035480737686157227e-01
2.141661196947097778e-01
2.138584107160568237e-01
2.100125104188919067e-01
1.762962341308593750e-01
1.844335794448852539e-01
2.327391058206558228e-01
1.949342340230941772e-01
1.997477561235427856e-01
1.970795392990112305e-01
2.356724590063095093e-01
1.886660605669021606e-01
2.038539201021194458e-01
2.191326469182968140e-01
2.200790643692016602e-01
2.053318619728088379e-01
2.314478904008865356e-01
1.903357058763504028e-01
1.999665945768356323e-01
1.853641420602798462e-01
1.920590996742248535e-01
2.041909843683242798e-01
2.265052050352096558e-01
2.105026394128799438e-01
2.021789401769638062e-01
2.165904492139816284e-01
2.444868534803390503e-01
2.006845623254776001e-01
1.920684128999710083e-01
1.957862526178359985e-01
2.527441680431365967e-01
1.949132829904556274e-01
1.945478469133377075e-01
2.031248956918716431e-01
2.102629989385604858e-01
1.873790770769119263e-01
1.969225853681564331e-01
2.219794988632202148e-01
1.976094692945480347e-01
2.050626128911972046e-01
2.162954807281494141e-01
2.036240845918655396e-01
1.857401281595230103e-01
2.066554576158523560e-01
2.116812318563461304e-01
1.975427865982055664e-01
1.891618520021438599e-01
2.206146270036697388e-01
2.576839625835418701e-01
1.900740712881088257e-01
1.981024295091629028e-01
2.041341811418533325e-01
1.798088103532791138e-01
2.104584127664566040e-01
1.922805160284042358e-01
1.851323097944259644e-01
2.014353424310684204e-01
1.837829500436782837e-01
2.290097922086715698e-01
2.124431878328323364e-01
2.028289288282394409e-01
2.083696275949478149e-01
1.926168650388717651e-01
1.781229525804519653e-01
1.990497559309005737e-01
2.518495917320251465e-01
2.026447802782058716e-01
2.224551588296890259e-01
1.779913306236267090e-01
1.677379161119461060e-01
2.032824754714965820e-01
2.097882777452468872e-01
2.014217227697372437e-01
2.093800157308578491e-01
2.043216377496719360e-01
2.062140256166458130e-01
1.865607947111129761e-01
2.261167615652084351e-01
2.210835367441177368e-01
2.190599441528320312e-01
2.019307762384414673e-01
2.069847583770751953e-01
2.156492918729782104e-01
2.053739428520202637e-01
2.066610306501388550e-01
2.307713478803634644e-01
2.088034898042678833e-01
2.025070190429687500e-01
1.816422492265701294e-01
2.151276022195816040e-01
1.962506324052810669e-01
2.234239727258682251e-01
1.807048171758651733e-01
1.811391711235046387e-01
2.085400372743606567e-01
1.937437504529953003e-01
2.223776131868362427e-01
2.018560022115707397e-01
1.834388822317123413e-01
2.217404842376708984e-01
2.434497326612472534e-01
1.956958919763565063e-01
1.941847950220108032e-01
2.079449146986007690e-01
2.140437960624694824e-01
2.114343792200088501e-01
1.891769766807556152e-01
1.956419199705123901e-01
2.019370794296264648e-01
2.093741148710250854e-01
2.038090825080871582e-01
2.304635047912597656e-01
2.126584202051162720e-01
2.086880654096603394e-01
2.259805947542190552e-01
2.181772589683532715e-01
1.851669996976852417e-01
2.014595270156860352e-01
2.147543579339981079e-01
1.888505369424819946e-01
2.136316448450088501e-01
2.017693966627120972e-01
1.814916580915451050e-01
1.962067335844039917e-01
1.939466744661331177e-01
1.952953189611434937e-01
1.937382370233535767e-01
2.151195406913757324e-01
2.138488739728927612e-01
2.023028582334518433e-01
1.893960237503051758e-01
2.002645730972290039e-01
1.770038753747940063e-01
2.029530405998229980e-01
1.897548884153366089e-01
2.000529170036315918e-01
2.031095027923583984e-01
2.074391990900039673e-01
2.069011181592941284e-01
2.082415074110031128e-01
1.923270225524902344e-01
2.034620493650436401e-01
1.773116439580917358e-01
1.974555701017379761e-01
1.962940841913223267e-01
2.076693922281265259e-01
1.851154565811157227e-01
1.955265998840332031e-01
2.239215224981307983e-01
1.960333734750747681e-01
2.051817923784255981e-01
1.977426558732986450e-01
1.918881088495254517e-01
2.387973815202713013e-01
2.025480717420578003e-01
2.056207060813903809e-01
1.957211345434188843e-01
1.967708468437194824e-01
2.018622606992721558e-01
1.949131041765213013e-01
2.145763784646987915e-01
1.938184946775436401e-01
2.392027974128723145e-01
1.960456520318984985e-01
2.006569355726242065e-01
2.036728858947753906e-01
1.868385523557662964e-01
1.739835292100906372e-01
1.758483648300170898e-01
1.940040588378906250e-01
2.069364041090011597e-01
2.109090834856033325e-01
1.884948760271072388e-01
2.073698490858078003e-01
2.211612910032272339e-01
1.937970370054244995e-01
2.027849107980728149e-01
2.030377238988876343e-01
2.091394215822219849e-01
2.201408594846725464e-01
2.316192239522933960e-01
1.828384846448898315e-01
2.675238251686096191e-01
1.798845678567886353e-01
2.205951958894729614e-01
2.267507463693618774e-01
2.136584371328353882e-01
1.896252483129501343e-01
2.231636643409729004e-01
2.065897583961486816e-01
1.717531234025955200e-01
2.210606783628463745e-01
2.096101641654968262e-01
1.989163011312484741e-01
2.332948297262191772e-01
1.968675851821899414e-01
2.056930810213088989e-01
2.088191658258438110e-01
2.027347087860107422e-01
1.761923581361770630e-01
2.236119955778121948e-01
1.956271529197692871e-01
2.029239684343338013e-01
2.039987444877624512e-01
2.047058492898941040e-01
2.230781912803649902e-01
2.045743912458419800e-01
1.924997419118881226e-01
1.929342001676559448e-01
2.070903033018112183e-01
2.106900066137313843e-01
2.067749351263046265e-01
2.066462188959121704e-01
2.182701081037521362e-01
1.815223842859268188e-01
2.032833844423294067e-01
2.337201386690139771e-01
1.959492117166519165e-01
2.050907015800476074e-01
1.933255791664123535e-01
2.014186382293701172e-01
2.184878587722778320e-01
2.054754346609115601e-01
1.993384212255477905e-01
1.855482459068298340e-01
1.826376765966415405e-01
2.214873284101486206e-01
1.875252276659011841e-01
2.339592725038528442e-01
1.971661001443862915e-01
2.019418627023696899e-01
2.089545279741287231e-01
1.930372565984725952e-01
1.987193375825881958e-01
1.901515722274780273e-01
1.999038457870483398e-01
2.011000514030456543e-01
2.200054675340652466e-01
1.694105863571166992e-01
2.495352178812026978e-01
2.278916686773300171e-01
2.252981066703796387e-01
2.059915810823440552e-01
2.083950042724609375e-01
1.887513846158981323e-01
2.152767926454544067e-01
1.974011808633804321e-01
2.215600162744522095e-01
1.977070420980453491e-01
2.212559133768081665e-01
2.195713520050048828e-01
1.927241533994674683e-01
1.933684200048446655e-01
2.185833305120468140e-01
2.118220478296279907e-01
2.006088644266128540e-01
1.858177930116653442e-01
2.064505815505981445e-01
2.066624909639358521e-01
1.998548656702041626e-01
1.940927505493164062e-01
2.197519540786743164e-01
2.297841310501098633e-01
2.237174510955810547e-01
2.294088155031204224e-01
1.771616488695144653e-01
1.980731040239334106e-01
1.927626729011535645e-01
2.217031866312026978e-01
1.907513737678527832e-01
1.827282458543777466e-01
1.887759417295455933e-01
1.851605772972106934e-01
1.908069401979446411e-01
2.087848931550979614e-01
1.890804171562194824e-01
2.088162750005722046e-01
2.342196106910705566e-01
2.263564467430114746e-01
1.769669204950332642e-01
1.966779083013534546e-01
2.120093554258346558e-01
2.108184546232223511e-01
2.212232798337936401e-01
1.950533241033554077e-01
2.064858675003051758e-01
2.005219906568527222e-01
1.918460130691528320e-01
2.050469666719436646e-01
2.128860354423522949e-01
2.298717945814132690e-01
2.147235423326492310e-01
2.078648358583450317e-01
2.110323458909988403e-01
2.171778678894042969e-01
1.902567893266677856e-01
2.143737077713012695e-01
2.069974988698959351e-01
2.189211994409561157e-01
1.978320628404617310e-01
2.259309440851211548e-01
2.011510729789733887e-01
1.904810816049575806e-01
1.767287850379943848e-01
1.802112311124801636e-01
2.175226658582687378e-01
2.449811846017837524e-01
1.847483962774276733e-01
2.029718160629272461e-01
2.031190395355224609e-01
2.333546280860900879e-01
1.882439255714416504e-01
2.099397182464599609e-01
2.107046395540237427e-01
1.981064826250076294e-01
1.915798336267471313e-01
2.210532277822494507e-01
1.986059397459030151e-01
2.030998617410659790e-01
1.955829858779907227e-01
1.781181693077087402e-01
1.905028223991394043e-01
1.899990588426589966e-01
2.043988555669784546e-01
1.846121549606323242e-01
1.894830912351608276e-01
2.065817862749099731e-01
1.897250413894653320e-01
2.293946593999862671e-01
1.959460973739624023e-01
1.902768462896347046e-01
1.980857402086257935e-01
2.053439170122146606e-01
1.950908750295639038e-01
2.079520076513290405e-01
1.973379701375961304e-01
1.969350427389144897e-01
1.998482793569564819e-01
1.874967366456985474e-01
2.092565298080444336e-01
2.342582941055297852e-01
1.674033403396606445e-01
1.872024387121200562e-01
2.035040408372879028e-01
1.891684383153915405e-01
2.251199334859848022e-01
2.019039839506149292e-01
2.141813188791275024e-01
2.124984413385391235e-01
2.169867008924484253e-01
1.924784928560256958e-01
2.197949886322021484e-01
2.043583542108535767e-01
2.395460754632949829e-01
1.907999962568283081e-01
2.307079434394836426e-01
1.987858414649963379e-01
2.240883260965347290e-01
1.893302947282791138e-01
2.293854355812072754e-01
1.970446854829788208e-01
2.011913806200027466e-01
1.799362152814865112e-01
2.397553473711013794e-01
2.328660041093826294e-01
2.082863450050354004e-01
1.946573704481124878e-01
2.495260685682296753e-01
1.968314200639724731e-01
1.892901211977005005e-01
2.051478624343872070e-01
2.125969678163528442e-01
1.985155791044235229e-01
2.145828753709793091e-01
2.204814553260803223e-01
2.134906053543090820e-01
1.933278590440750122e-01
1.883690804243087769e-01
1.898034214973449707e-01
1.979981511831283569e-01
1.832826882600784302e-01
2.128673195838928223e-01
2.010211795568466187e-01
2.076162099838256836e-01
2.143999487161636353e-01
2.369421571493148804e-01
2.179349660873413086e-01
1.787151694297790527e-01
2.067780941724777222e-01
2.158661633729934692e-01
2.245611995458602905e-01
1.874590665102005005e-01
2.163221687078475952e-01
2.047433108091354370e-01
1.708198934793472290e-01
1.960572451353073120e-01
2.016025930643081665e-01
2.028024792671203613e-01
2.103151679039001465e-01
2.072663903236389160e-01
2.020351290702819824e-01
2.638664841651916504e-01
2.065636366605758667e-01
2.362479567527770996e-01
2.180286198854446411e-01
2.134679555892944336e-01
2.194701582193374634e-01
2.057783007621765137e-01
1.970049291849136353e-01
2.032896280288696289e-01
2.049855440855026245e-01
1.958777755498886108e-01
2.038937658071517944e-01
2.134977728128433228e-01
2.004701346158981323e-01
1.983157247304916382e-01
1.908265799283981323e-01
2.128533571958541870e-01
1.871374100446701050e-01
1.799929887056350708e-01
2.318478226661682129e-01
1.898380666971206665e-01
1.847822666168212891e-01
2.208550125360488892e-01
1.835188865661621094e-01
1.948561072349548340e-01
2.029537707567214966e-01
1.862046718597412109e-01
1.797285526990890503e-01
1.965953856706619263e-01
2.939160764217376709e-01
1.920788884162902832e-01
2.103542238473892212e-01
1.874915510416030884e-01
1.832280308008193970e-01
1.727579385042190552e-01
1.921535134315490723e-01
1.783884018659591675e-01
1.927921175956726074e-01
2.056112885475158691e-01
2.107137888669967651e-01
1.873943954706192017e-01
1.978060454130172729e-01
2.005763500928878784e-01
2.074143886566162109e-01
2.230556160211563110e-01
1.809701472520828247e-01
2.147586196660995483e-01
2.175039201974868774e-01
1.967366188764572144e-01
1.952676773071289062e-01
1.935884356498718262e-01
1.980980038642883301e-01
2.575865387916564941e-01
2.286600619554519653e-01
2.100262194871902466e-01
2.228658944368362427e-01
2.101348638534545898e-01
1.947927474975585938e-01
1.858387738466262817e-01
2.269034385681152344e-01
1.983139067888259888e-01
2.065872699022293091e-01
1.939072161912918091e-01
2.057764977216720581e-01
2.009747177362442017e-01
2.283777743577957153e-01
2.087771743535995483e-01
1.966688781976699829e-01
2.236589044332504272e-01
2.021708637475967407e-01
1.747800260782241821e-01
2.015653103590011597e-01
2.049628943204879761e-01
1.896172165870666504e-01
2.063161879777908325e-01
1.750562936067581177e-01
2.169649004936218262e-01
2.618316709995269775e-01
2.130591422319412231e-01
2.203864604234695435e-01
2.148213833570480347e-01
1.935245990753173828e-01
2.042745500802993774e-01
2.111216187477111816e-01
1.936683505773544312e-01
1.904825717210769653e-01
1.907524615526199341e-01
2.060458511114120483e-01
2.014476507902145386e-01
1.810299158096313477e-01
1.861260980367660522e-01
2.513139247894287109e-01
1.795529276132583618e-01
2.141624540090560913e-01
1.851224750280380249e-01
1.870085000991821289e-01
2.370038181543350220e-01
2.335121482610702515e-01
2.174449712038040161e-01
2.362892627716064453e-01
2.326461672782897949e-01
2.108130902051925659e-01
2.078473120927810669e-01
2.036099880933761597e-01
2.105913758277893066e-01
2.248497456312179565e-01
2.066604942083358765e-01
1.880220025777816772e-01
1.863297373056411743e-01
2.189345806837081909e-01
2.122383862733840942e-01
2.081414610147476196e-01
2.025602906942367554e-01
1.981282830238342285e-01
1.870486885309219360e-01
1.955769211053848267e-01
2.082958966493606567e-01
2.112880498170852661e-01
2.113042622804641724e-01
2.064213305711746216e-01
2.080550789833068848e-01
1.936054229736328125e-01
2.021064162254333496e-01
2.141277790069580078e-01
2.028540223836898804e-01
2.022807598114013672e-01
2.012128382921218872e-01
1.918949037790298462e-01
2.014469057321548462e-01
2.207365781068801880e-01
2.095260173082351685e-01
2.038044333457946777e-01
2.343644499778747559e-01
2.206792980432510376e-01
1.835464686155319214e-01
1.827505975961685181e-01
2.153653353452682495e-01
2.060127258300781250e-01
1.984368115663528442e-01
1.952695250511169434e-01
2.042970210313796997e-01
2.424695491790771484e-01
1.939596086740493774e-01
2.370788604021072388e-01
2.048927694559097290e-01
2.299742847681045532e-01
1.950298696756362915e-01
1.953080445528030396e-01
2.168275266885757446e-01
2.188873142004013062e-01
1.921955347061157227e-01
1.914989203214645386e-01
1.939433366060256958e-01
2.119547873735427856e-01
2.114799022674560547e-01
2.027490288019180298e-01
2.031331211328506470e-01
2.009267061948776245e-01
2.082437425851821899e-01
2.189484983682632446e-01
1.892691403627395630e-01
1.831782013177871704e-01
2.132864743471145630e-01
2.170964330434799194e-01
1.807970553636550903e-01
1.975115984678268433e-01
2.205280065536499023e-01
1.885709911584854126e-01
2.115452885627746582e-01
2.094421237707138062e-01
2.047001868486404419e-01
2.162463515996932983e-01
2.000101655721664429e-01
1.959889382123947144e-01
2.082797735929489136e-01
2.319740802049636841e-01
2.194330692291259766e-01
1.934572309255599976e-01
1.960788220167160034e-01
1.874576359987258911e-01
2.202841490507125854e-01
2.145884782075881958e-01
2.089001089334487915e-01
2.128269225358963013e-01
2.232887297868728638e-01
1.873281002044677734e-01
1.949933916330337524e-01
1.851724535226821899e-01
2.241060882806777954e-01
2.207268327474594116e-01
2.024922370910644531e-01
1.972483843564987183e-01
2.033660262823104858e-01
1.994572281837463379e-01
1.999930590391159058e-01
2.058982104063034058e-01
1.972907632589340210e-01
1.867544203996658325e-01
1.783693432807922363e-01
2.001761943101882935e-01
2.352010756731033325e-01
1.875512152910232544e-01
2.080429792404174805e-01
2.038423866033554077e-01
1.950555443763732910e-01
1.799401193857192993e-01
2.126613855361938477e-01
2.240515351295471191e-01
2.096083164215087891e-01
1.885390430688858032e-01
2.246290594339370728e-01
1.920690089464187622e-01
2.101378887891769409e-01
1.836573928594589233e-01
2.038911581039428711e-01
1.813444346189498901e-01
1.987071782350540161e-01
1.992138624191284180e-01
2.321800440549850464e-01
1.890503913164138794e-01
2.251518815755844116e-01
2.183604687452316284e-01
2.144097089767456055e-01
2.012920826673507690e-01
2.326241135597229004e-01
1.993248015642166138e-01
1.895089894533157349e-01
1.892470717430114746e-01
1.810052394866943359e-01
2.068386077880859375e-01
1.930120438337326050e-01
1.999838501214981079e-01
2.439314574003219604e-01
2.176400870084762573e-01
2.023510187864303589e-01
2.010779380798339844e-01
1.956518739461898804e-01
1.985453218221664429e-01
2.308827489614486694e-01
1.804443150758743286e-01
2.240027636289596558e-01
2.046104222536087036e-01
2.071479558944702148e-01
2.215204983949661255e-01
2.090483754873275757e-01
1.916551142930984497e-01
2.193135768175125122e-01
2.323868721723556519e-01
2.438351362943649292e-01
1.885401457548141479e-01
1.835633367300033569e-01
2.014503031969070435e-01
2.105883210897445679e-01
1.748608797788619995e-01
2.075115293264389038e-01
1.942282915115356445e-01
2.229976207017898560e-01
2.185968160629272461e-01
2.084026485681533813e-01
2.012773007154464722e-01
2.112917155027389526e-01
2.043317705392837524e-01
2.170410156250000000e-01
2.027236670255661011e-01
1.956099867820739746e-01
1.872833818197250366e-01
2.042146921157836914e-01
2.208833545446395874e-01
2.145311236381530762e-01
1.921066641807556152e-01
1.974511742591857910e-01
2.228292226791381836e-01
2.077938765287399292e-01
2.060962170362472534e-01
1.791117638349533081e-01
1.976314783096313477e-01
1.905842572450637817e-01
2.128058075904846191e-01
2.038328796625137329e-01
1.990077942609786987e-01
2.536378204822540283e-01
1.910606175661087036e-01
1.952301263809204102e-01
1.978707760572433472e-01
1.874013692140579224e-01
2.000591158866882324e-01
1.996405571699142456e-01
1.976671963930130005e-01
2.101010680198669434e-01
1.906398981809616089e-01
2.133163660764694214e-01
1.803641766309738159e-01
2.000328153371810913e-01
1.925464123487472534e-01
2.081665843725204468e-01
2.072896957397460938e-01
2.248883396387100220e-01
2.111160308122634888e-01
1.903076916933059692e-01
1.928598880767822266e-01
2.279430180788040161e-01
2.082158178091049194e-01
2.339314073324203491e-01
1.961007565259933472e-01
2.039265185594558716e-01
1.761608868837356567e-01
1.899579018354415894e-01
1.990983933210372925e-01
1.845056861639022827e-01
1.713038533926010132e-01
2.318809479475021362e-01
1.953681707382202148e-01
2.313650995492935181e-01
1.983933299779891968e-01
1.747755408287048340e-01
2.061237841844558716e-01
2.092918157577514648e-01
2.109574228525161743e-01
2.067462950944900513e-01
2.251745015382766724e-01
2.049049884080886841e-01
1.712261587381362915e-01
1.999944448471069336e-01
2.096278816461563110e-01
2.070613354444503784e-01
1.932001709938049316e-01
1.830121725797653198e-01
2.024794965982437134e-01
2.153762727975845337e-01
1.929314136505126953e-01
2.239858508110046387e-01
2.246696949005126953e-01
2.007482498884201050e-01
1.923392564058303833e-01
1.967640072107315063e-01
1.748889088630676270e-01
2.210319191217422485e-01
2.197622060775756836e-01
2.159905880689620972e-01
2.085129618644714355e-01
2.164812684059143066e-01
2.237524837255477905e-01
1.865791827440261841e-01
2.274918705224990845e-01
2.037321925163269043e-01
2.032023817300796509e-01
1.974061727523803711e-01
2.204977273941040039e-01
2.171638011932373047e-01
2.023719996213912964e-01
2.102342247962951660e-01
2.027012854814529419e-01
2.084743380546569824e-01
1.928995400667190552e-01
2.708226740360260010e-01
1.916417926549911499e-01
1.902602165937423706e-01
2.142755538225173950e-01
1.938554495573043823e-01
1.891644001007080078e-01
1.918606311082839966e-01
2.097108215093612671e-01
1.980284303426742554e-01
2.086289376020431519e-01
2.027478665113449097e-01
2.135760039091110229e-01
1.973276138305664062e-01
2.009238153696060181e-01
2.161080241203308105e-01
2.061269283294677734e-01
2.377951145172119141e-01
2.131308466196060181e-01
1.933388262987136841e-01
2.611144781112670898e-01
2.144094109535217285e-01
2.128212898969650269e-01
2.046763300895690918e-01
1.980178803205490112e-01
2.236922979354858398e-01
2.133999317884445190e-01
2.101493924856185913e-01
2.714737355709075928e-01
1.850641220808029175e-01
2.065443545579910278e-01
2.217947840690612793e-01
2.112786173820495605e-01
1.946516185998916626e-01
1.977376341819763184e-01
1.955312341451644897e-01
2.011335641145706177e-01
1.942134052515029907e-01
2.019288390874862671e-01
1.911483854055404663e-01
1.912008076906204224e-01
1.780335307121276855e-01
2.100283652544021606e-01
1.814300864934921265e-01
2.143448442220687866e-01
2.251717001199722290e-01
2.053043395280838013e-01
2.198505401611328125e-01
1.917540282011032104e-01
1.867284029722213745e-01
2.115209698677062988e-01
2.099734991788864136e-01
1.951720714569091797e-01
2.004170864820480347e-01
2.010141164064407349e-01
1.858370900154113770e-01
1.784057766199111938e-01
1.872118860483169556e-01
2.005323022603988647e-01
2.061457037925720215e-01
1.861832588911056519e-01
1.931628435850143433e-01
1.953994035720825195e-01
1.975431442260742188e-01
1.814993768930435181e-01
2.033299803733825684e-01
1.938662081956863403e-01
2.285656183958053589e-01
2.250952273607254028e-01
2.089192718267440796e-01
2.229600101709365845e-01
2.125252932310104370e-01
2.015180140733718872e-01
2.243034988641738892e-01
1.811853647232055664e-01
1.832758933305740356e-01
1.985195726156234741e-01
2.234620898962020874e-01
2.082063108682632446e-01
2.096045017242431641e-01
1.872955113649368286e-01
2.166456431150436401e-01
2.024942785501480103e-01
2.113840132951736450e-01
1.827604621648788452e-01
2.188930660486221313e-01
2.383895516395568848e-01
2.085175663232803345e-01
1.710251420736312866e-01
2.025731652975082397e-01
1.988699883222579956e-01
1.961715668439865112e-01
1.984834522008895874e-01
1.815619468688964844e-01
2.341443151235580444e-01
2.149559408426284790e-01
2.263028174638748169e-01
2.157533168792724609e-01
2.214190959930419922e-01
1.855878382921218872e-01
2.073302268981933594e-01
1.825938373804092407e-01
1.915303021669387817e-01
2.110895961523056030e-01
2.180360406637191772e-01
1.919775009155273438e-01
2.081396579742431641e-01
1.864425688982009888e-01
1.855349391698837280e-01
2.019560337066650391e-01
2.036830931901931763e-01
2.170780301094055176e-01
2.320603877305984497e-01
1.997493058443069458e-01
1.879298537969589233e-01
1.866707801818847656e-01
2.033528238534927368e-01
2.091563194990158081e-01
1.817629784345626831e-01
2.003083080053329468e-01
1.890961378812789917e-01
1.898989528417587280e-01
2.141959071159362793e-01
2.011252492666244507e-01
2.185828536748886108e-01
1.803007572889328003e-01
2.092004567384719849e-01
2.057287096977233887e-01
2.048679143190383911e-01
2.036326676607131958e-01
2.064093798398971558e-01
2.308396250009536743e-01
1.894115954637527466e-01
2.015746831893920898e-01
2.019875049591064453e-01
1.956021785736083984e-01
2.135444432497024536e-01
1.908823400735855103e-01
2.104720622301101685e-01
1.977233439683914185e-01
1.924282163381576538e-01
2.179663926362991333e-01
2.187776714563369751e-01
1.867148429155349731e-01
1.980344802141189575e-01
2.275501936674118042e-01
1.886803358793258667e-01
2.195665389299392700e-01
1.924428343772888184e-01
1.982811838388442993e-01
1.967197060585021973e-01
2.077494263648986816e-01
1.945537775754928589e-01
2.376248091459274292e-01
1.836977750062942505e-01
2.070406079292297363e-01
2.479377239942550659e-01
1.959921121597290039e-01
2.114334553480148315e-01
2.326005697250366211e-01
1.954223364591598511e-01
1.889862567186355591e-01
1.918788552284240723e-01
2.154114693403244019e-01
2.078903168439865112e-01
1.885854601860046387e-01
1.922314763069152832e-01
1.921650916337966919e-01
2.036269158124923706e-01
2.175675779581069946e-01
2.459255605936050415e-01
2.030639201402664185e-01
1.837290078401565552e-01
1.852862089872360229e-01
1.874613910913467407e-01
1.982311755418777466e-01
2.277123183012008667e-01
2.026932984590530396e-01
2.059728354215621948e-01
1.987633258104324341e-01
2.274336963891983032e-01
2.100437730550765991e-01
1.989198923110961914e-01
2.254520505666732788e-01
2.244359403848648071e-01
2.152381986379623413e-01
1.933704614639282227e-01
1.974935978651046753e-01
2.042565941810607910e-01
2.068296074867248535e-01
1.990904361009597778e-01
2.095838040113449097e-01
2.351367324590682983e-01
1.775028109550476074e-01
1.997641772031784058e-01
2.002522945404052734e-01
1.941173523664474487e-01
2.116706967353820801e-01
2.034751027822494507e-01
1.946256905794143677e-01
2.202081829309463501e-01
1.868414133787155151e-01
2.067902833223342896e-01
2.033727765083312988e-01
2.068856507539749146e-01
1.882618218660354614e-01
1.985203027725219727e-01
1.935408115386962891e-01
1.843387633562088013e-01
2.058387249708175659e-01
1.769945621490478516e-01
1.996244192123413086e-01
1.994722038507461548e-01
2.038478404283523560e-01
2.069609165191650391e-01
2.073259502649307251e-01
1.861423701047897339e-01
1.861374527215957642e-01
2.026414275169372559e-01
1.978898793458938599e-01
2.087706327438354492e-01
1.762592792510986328e-01
1.922975033521652222e-01
2.118607759475708008e-01
1.933411210775375366e-01
1.806529909372329712e-01
1.993786543607711792e-01
1.953754425048828125e-01
1.931853741407394409e-01
1.878765374422073364e-01
1.929126530885696411e-01
2.118099927902221680e-01
1.905798166990280151e-01
2.116785049438476562e-01
2.012563794851303101e-01
1.916719228029251099e-01
2.066872119903564453e-01
2.125970274209976196e-01
2.106526046991348267e-01
2.158865332603454590e-01
2.089076787233352661e-01
1.843199282884597778e-01
1.854343861341476440e-01
2.053829431533813477e-01
2.024264186620712280e-01
2.215209603309631348e-01
2.067263126373291016e-01
1.860289722681045532e-01
1.989157199859619141e-01
1.923280805349349976e-01
2.236572504043579102e-01
2.434202432632446289e-01
2.023557424545288086e-01
2.022662609815597534e-01
2.188247591257095337e-01
2.079904526472091675e-01
2.213810533285140991e-01
1.840760707855224609e-01
2.059863358736038208e-01
1.999182254076004028e-01
1.985243409872055054e-01
2.042003273963928223e-01
2.201887220144271851e-01
1.901174038648605347e-01
2.033546715974807739e-01
2.375202625989913940e-01
1.940224319696426392e-01
1.931928396224975586e-01
1.901812702417373657e-01
2.020833045244216919e-01
1.925360560417175293e-01
2.142647951841354370e-01
2.026001065969467163e-01
2.356650084257125854e-01
2.032989859580993652e-01
2.063281983137130737e-01
2.115420252084732056e-01
2.016346901655197144e-01
2.131954878568649292e-01
2.049658298492431641e-01
2.116787880659103394e-01
2.369989901781082153e-01
2.100438326597213745e-01
2.168887257575988770e-01
2.185577750205993652e-01
2.039935439825057983e-01
2.104927152395248413e-01
2.348306030035018921e-01
1.981778144836425781e-01
2.072111219167709351e-01
2.193387746810913086e-01
2.038263678550720215e-01
1.859049648046493530e-01
1.921888738870620728e-01
2.288649529218673706e-01
2.025672644376754761e-01
2.098888903856277466e-01
1.992102116346359253e-01
2.096315622329711914e-01
1.903765797615051270e-01
1.902509182691574097e-01
1.876875162124633789e-01
2.159687727689743042e-01
1.721856445074081421e-01
1.863807588815689087e-01
2.151428461074829102e-01
2.054978460073471069e-01
1.942853778600692749e-01
1.902375966310501099e-01
2.070946097373962402e-01
1.900386214256286621e-01
1.857730001211166382e-01
1.867721527814865112e-01
2.044808715581893921e-01
2.007073611021041870e-01
2.161154299974441528e-01
1.785027831792831421e-01
2.407531291246414185e-01
2.092364281415939331e-01
1.950952261686325073e-01
2.413185387849807739e-01
1.993096321821212769e-01
2.241060733795166016e-01
1.854872852563858032e-01
2.036553621292114258e-01
2.080726623535156250e-01
1.991629451513290405e-01
1.895551681518554688e-01
2.293572425842285156e-01
1.922763586044311523e-01
1.919931620359420776e-01
2.174851894378662109e-01
1.954535990953445435e-01
1.960008591413497925e-01
1.928217560052871704e-01
2.016363888978958130e-01
1.912019252777099609e-01
1.917371749877929688e-01
1.986023783683776855e-01
2.011723518371582031e-01
2.623909413814544678e-01
2.153624892234802246e-01
2.117377370595932007e-01
1.903671175241470337e-01
1.957547813653945923e-01
1.954357177019119263e-01
2.044355273246765137e-01
2.065142840147018433e-01
1.987874358892440796e-01
1.991410404443740845e-01
2.435148954391479492e-01
1.770463436841964722e-01
2.018843293190002441e-01
1.885924339294433594e-01
2.012514322996139526e-01
1.910641640424728394e-01
2.407839149236679077e-01
2.423740178346633911e-01
2.084106802940368652e-01
2.150526642799377441e-01
1.796875745058059692e-01
2.142165452241897583e-01
1.744379997253417969e-01
1.945548057556152344e-01
1.681745201349258423e-01
1.821642518043518066e-01
2.082086354494094849e-01
1.942981332540512085e-01
1.980437189340591431e-01
1.779180765151977539e-01
1.869295984506607056e-01
1.873989850282669067e-01
1.868746876716613770e-01
1.832317262887954712e-01
1.954067349433898926e-01
1.896913796663284302e-01
2.042512744665145874e-01
2.078002244234085083e-01
2.018518894910812378e-01
2.121798843145370483e-01
2.068694978952407837e-01
2.128580361604690552e-01
2.049614340066909790e-01
1.755120009183883667e-01
1.934498548507690430e-01
1.915425062179565430e-01
1.757401823997497559e-01
2.034467309713363647e-01
2.234317809343338013e-01
2.151090651750564575e-01
1.732679754495620728e-01
2.035726159811019897e-01
2.035027742385864258e-01
2.355479449033737183e-01
1.911262720823287964e-01
1.758094578981399536e-01
1.913474351167678833e-01
1.670203655958175659e-01
1.871262639760971069e-01
1.996802240610122681e-01
1.849206686019897461e-01
1.763990372419357300e-01
2.038358449935913086e-01
2.140891999006271362e-01
2.772455513477325439e-01
2.091557383537292480e-01
1.978863477706909180e-01
1.942018717527389526e-01
1.869836598634719849e-01
2.093982696533203125e-01
2.149834185838699341e-01
1.897556632757186890e-01
1.785459667444229126e-01
2.340914458036422729e-01
1.880814880132675171e-01
1.752182394266128540e-01
2.464794516563415527e-01
1.847449094057083130e-01
2.191166132688522339e-01
1.877822875976562500e-01
2.351511567831039429e-01
1.964575201272964478e-01
1.873649805784225464e-01
1.945238858461380005e-01
1.957824826240539551e-01
2.074835151433944702e-01
1.891465336084365845e-01
2.156244069337844849e-01
2.004908919334411621e-01
1.899324655532836914e-01
2.432827949523925781e-01
2.271343618631362915e-01
2.237917780876159668e-01
1.935588121414184570e-01
1.950405985116958618e-01
1.898664087057113647e-01
2.257600575685501099e-01
2.097349613904953003e-01
2.227719575166702271e-01
1.776612251996994019e-01
2.376030236482620239e-01
1.877367496490478516e-01
2.859555482864379883e-01
2.284206897020339966e-01
2.231715470552444458e-01
1.755821704864501953e-01
2.135442048311233521e-01
2.043982893228530884e-01
1.980117559432983398e-01
2.102700620889663696e-01
2.045478224754333496e-01
2.100532203912734985e-01
1.784476190805435181e-01
2.213477939367294312e-01
2.011780738830566406e-01
2.223578095436096191e-01
2.111668735742568970e-01
2.390005588531494141e-01
2.247706651687622070e-01
1.857919842004776001e-01
2.882545888423919678e-01
1.943989545106887817e-01
2.461190223693847656e-01
1.906412243843078613e-01
1.972499489784240723e-01
1.947757154703140259e-01
2.049977332353591919e-01
2.235617786645889282e-01
1.966520994901657104e-01
2.040887326002120972e-01
2.103861123323440552e-01
1.950466036796569824e-01
1.837106794118881226e-01
1.764965057373046875e-01
1.772147268056869507e-01
2.277451902627944946e-01
1.979387998580932617e-01
1.962233781814575195e-01
2.188582271337509155e-01
1.946107596158981323e-01
2.192981988191604614e-01
2.079635113477706909e-01
1.884849071502685547e-01
1.974865645170211792e-01
2.040837556123733521e-01
1.781036406755447388e-01
1.890641897916793823e-01
1.872062236070632935e-01
2.071070671081542969e-01
2.179567068815231323e-01
1.986198425292968750e-01
1.990224868059158325e-01
1.920918822288513184e-01
2.136215120553970337e-01
2.484690546989440918e-01
2.011758089065551758e-01
2.092787176370620728e-01
1.978653222322463989e-01
