3.317572772502899170e-01
2.757142484188079834e-01
2.634383141994476318e-01
3.420167267322540283e-01
3.291272521018981934e-01
2.768695056438446045e-01
2.885972559452056885e-01
3.763824999332427979e-01
3.193913698196411133e-01
2.845945954322814941e-01
2.950974702835083008e-01
2.738898992538452148e-01
2.656487524509429932e-01
2.986849844455718994e-01
3.239719569683074951e-01
3.006199896335601807e-01
2.899818122386932373e-01
2.955053448677062988e-01
2.747708261013031006e-01
3.110770285129547119e-01
2.965039610862731934e-01
2.730589807033538818e-01
3.155760467052459717e-01
2.954485118389129639e-01
3.210784792900085449e-01
3.062309920787811279e-01
3.078082799911499023e-01
3.035927712917327881e-01
3.136452138423919678e-01
2.961263954639434814e-01
3.108215630054473877e-01
2.882156670093536377e-01
2.890464961528778076e-01
2.977673709392547607e-01
3.111086189746856689e-01
2.877613604068756104e-01
2.743418216705322266e-01
3.124358952045440674e-01
3.067964017391204834e-01
3.044445216655731201e-01
2.564448416233062744e-01
2.847588658332824707e-01
3.021649420261383057e-01
3.146789968013763428e-01
2.888430655002593994e-01
2.890848815441131592e-01
3.080440759658813477e-01
3.455518186092376709e-01
2.717210352420806885e-01
2.890720367431640625e-01
2.489119917154312134e-01
2.914842069149017334e-01
2.571812868118286133e-01
2.686515152454376221e-01
2.823608219623565674e-01
3.093380033969879150e-01
2.664827406406402588e-01
3.052376508712768555e-01
2.928327620029449463e-01
2.957984507083892822e-01
2.938953042030334473e-01
2.783662378787994385e-01
3.341424763202667236e-01
2.926757633686065674e-01
2.872420847415924072e-01
2.767866551876068115e-01
2.903502285480499268e-01
2.819350063800811768e-01
2.830328643321990967e-01
2.457503527402877808e-01
2.801528871059417725e-01
3.263548910617828369e-01
3.050103783607482910e-01
3.000393509864807129e-01
3.072025477886199951e-01
2.954309880733489990e-01
2.803510725498199463e-01
2.719777524471282959e-01
2.834087312221527100e-01
2.672932446002960205e-01
2.636931538581848145e-01
3.150196671485900879e-01
3.008719980716705322e-01
3.374494016170501709e-01
2.905916273593902588e-01
2.774249017238616943e-01
3.429916203022003174e-01
2.821640670299530029e-01
2.831324934959411621e-01
2.829892933368682861e-01
3.485670089721679688e-01
2.748997509479522705e-01
2.855405509471893311e-01
3.018876016139984131e-01
2.659675776958465576e-01
2.740634977817535400e-01
2.543537914752960205e-01
3.100570440292358398e-01
2.799496948719024658e-01
2.691999375820159912e-01
2.503865957260131836e-01
2.764640152454376221e-01
2.675728499889373779e-01
2.713526189327239990e-01
2.862215638160705566e-01
2.831265628337860107e-01
2.833710014820098877e-01
3.156357705593109131e-01
3.111960887908935547e-01
2.783218324184417725e-01
2.805792987346649170e-01
2.705906331539154053e-01
2.790023386478424072e-01
3.740328550338745117e-01
3.156799077987670898e-01
3.119116127490997314e-01
2.743160128593444824e-01
2.873398363590240479e-01
3.342702090740203857e-01
3.029481470584869385e-01
2.907525300979614258e-01
2.873620986938476562e-01
3.083973824977874756e-01
2.846431136131286621e-01
2.638317942619323730e-01
3.041920959949493408e-01
2.650639712810516357e-01
2.825415432453155518e-01
3.095524907112121582e-01
2.811870872974395752e-01
3.058664798736572266e-01
2.975707948207855225e-01
2.980670034885406494e-01
3.410868346691131592e-01
2.705778181552886963e-01
3.201388418674468994e-01
2.749583125114440918e-01
3.020011782646179199e-01
2.864363789558410645e-01
2.750538289546966553e-01
2.588701546192169189e-01
2.860056161880493164e-01
2.446532249450683594e-01
3.106414377689361572e-01
2.676550745964050293e-01
2.815133631229400635e-01
2.861748039722442627e-01
2.898730933666229248e-01
3.383499085903167725e-01
2.847763597965240479e-01
3.049764037132263184e-01
2.516355812549591064e-01
3.390962779521942139e-01
2.807167470455169678e-01
3.079251348972320557e-01
2.679319083690643311e-01
2.607145905494689941e-01
2.921930551528930664e-01
2.910996079444885254e-01
2.929282486438751221e-01
3.128433823585510254e-01
3.232263326644897461e-01
2.871350347995758057e-01
2.910666167736053467e-01
2.874045968055725098e-01
2.681459486484527588e-01
2.957980334758758545e-01
2.706373333930969238e-01
3.082867860794067383e-01
2.889458835124969482e-01
2.953362762928009033e-01
2.892661392688751221e-01
3.209108412265777588e-01
3.129638433456420898e-01
2.840339541435241699e-01
2.607060968875885010e-01
2.928016781806945801e-01
3.316279351711273193e-01
2.860472500324249268e-01
2.861199975013732910e-01
2.699846923351287842e-01
2.878598570823669434e-01
2.669322192668914795e-01
2.636400759220123291e-01
2.944140136241912842e-01
2.493370324373245239e-01
2.893097102642059326e-01
2.947725951671600342e-01
3.174598217010498047e-01
2.716521918773651123e-01
3.447741568088531494e-01
2.744670808315277100e-01
3.110881745815277100e-01
2.739597260951995850e-01
3.213418722152709961e-01
2.730395495891571045e-01
3.216387331485748291e-01
2.846020758152008057e-01
2.677730619907379150e-01
2.870327532291412354e-01
2.654747664928436279e-01
2.713301479816436768e-01
3.040882647037506104e-01
2.962516844272613525e-01
2.773324549198150635e-01
3.191637694835662842e-01
3.179771602153778076e-01
2.659882009029388428e-01
2.884368896484375000e-01
2.858873307704925537e-01
3.117739856243133545e-01
3.150105178356170654e-01
2.724986374378204346e-01
2.726570367813110352e-01
2.743878364562988281e-01
3.155187368392944336e-01
2.809171676635742188e-01
2.896605432033538818e-01
2.618747651576995850e-01
3.546046912670135498e-01
2.843387126922607422e-01
2.875884175300598145e-01
3.379829227924346924e-01
3.323439359664916992e-01
2.876636683940887451e-01
3.558463156223297119e-01
3.019500970840454102e-01
2.673935592174530029e-01
2.413311153650283813e-01
3.246356546878814697e-01
3.025396764278411865e-01
3.310056626796722412e-01
3.201396465301513672e-01
3.103311359882354736e-01
2.741021811962127686e-01
2.877708375453948975e-01
3.242751061916351318e-01
2.942055165767669678e-01
2.920178472995758057e-01
2.724590599536895752e-01
2.758913934230804443e-01
2.889674007892608643e-01
3.091267943382263184e-01
2.740501165390014648e-01
3.061421215534210205e-01
2.769718170166015625e-01
3.153758347034454346e-01
2.988861501216888428e-01
2.577765882015228271e-01
2.887922227382659912e-01
3.406899273395538330e-01
3.284218609333038330e-01
3.106532096862792969e-01
3.187414407730102539e-01
3.372550904750823975e-01
3.053062558174133301e-01
2.778814435005187988e-01
2.865017652511596680e-01
2.860716283321380615e-01
2.933391034603118896e-01
3.370795547962188721e-01
2.781220078468322754e-01
2.745409309864044189e-01
3.189184665679931641e-01
2.973281145095825195e-01
2.695328891277313232e-01
2.798872888088226318e-01
2.717212736606597900e-01
2.664408385753631592e-01
2.830439507961273193e-01
3.663121163845062256e-01
2.781019210815429688e-01
3.020883798599243164e-01
3.038436174392700195e-01
2.555088102817535400e-01
2.702189087867736816e-01
2.808939516544342041e-01
3.321976959705352783e-01
2.916754484176635742e-01
2.892098724842071533e-01
2.822948098182678223e-01
2.761986255645751953e-01
2.866091430187225342e-01
2.798289954662322998e-01
2.989093363285064697e-01
3.029204905033111572e-01
2.924757301807403564e-01
2.900021076202392578e-01
3.039871752262115479e-01
2.986958324909210205e-01
3.299351036548614502e-01
2.840602397918701172e-01
3.254941403865814209e-01
2.641057670116424561e-01
2.673221528530120850e-01
2.857250273227691650e-01
2.863118946552276611e-01
3.119979202747344971e-01
2.822735309600830078e-01
2.749704420566558838e-01
2.950550317764282227e-01
2.615351378917694092e-01
2.997609972953796387e-01
3.087415993213653564e-01
2.711511850357055664e-01
2.575325667858123779e-01
2.553497254848480225e-01
2.929493188858032227e-01
2.801499664783477783e-01
2.636417150497436523e-01
3.582668304443359375e-01
3.075291216373443604e-01
2.569883763790130615e-01
2.470710724592208862e-01
2.930292189121246338e-01
3.019526302814483643e-01
2.709079980850219727e-01
3.029068708419799805e-01
3.409149348735809326e-01
3.393327295780181885e-01
2.814227938652038574e-01
2.832997143268585205e-01
3.034442067146301270e-01
2.936587631702423096e-01
3.101060092449188232e-01
3.207070827484130859e-01
2.745561003684997559e-01
3.041983544826507568e-01
2.905502319335937500e-01
3.241582810878753662e-01
3.195345699787139893e-01
2.963913381099700928e-01
2.969665229320526123e-01
2.786360681056976318e-01
3.618622720241546631e-01
3.261323869228363037e-01
2.984424531459808350e-01
2.839015126228332520e-01
3.236590921878814697e-01
3.836352825164794922e-01
3.130309879779815674e-01
2.653730809688568115e-01
2.934195697307586670e-01
3.138376474380493164e-01
3.116239607334136963e-01
2.707615792751312256e-01
2.654217481613159180e-01
2.931424677371978760e-01
3.011499345302581787e-01
2.872639000415802002e-01
3.155718743801116943e-01
2.910300791263580322e-01
3.148865103721618652e-01
2.981739044189453125e-01
3.239223062992095947e-01
2.539992332458496094e-01
2.889730632305145264e-01
2.719463407993316650e-01
3.385264575481414795e-01
2.589927315711975098e-01
2.705972492694854736e-01
3.126193284988403320e-01
3.112915754318237305e-01
3.318237066268920898e-01
2.933541238307952881e-01
2.718789577484130859e-01
2.884364724159240723e-01
3.279151618480682373e-01
3.568523824214935303e-01
3.032518923282623291e-01
2.994961440563201904e-01
3.139294087886810303e-01
2.622861564159393311e-01
2.851954400539398193e-01
2.834557890892028809e-01
3.342170715332031250e-01
2.778033912181854248e-01
3.042142391204833984e-01
3.072284162044525146e-01
2.878893613815307617e-01
3.110320568084716797e-01
2.645021378993988037e-01
2.596838176250457764e-01
2.987447082996368408e-01
2.814331352710723877e-01
2.991140782833099365e-01
2.875939905643463135e-01
2.768409550189971924e-01
3.048199415206909180e-01
3.115289509296417236e-01
3.041118681430816650e-01
2.903325259685516357e-01
2.952992618083953857e-01
2.681579291820526123e-01
3.228490352630615234e-01
2.793343365192413330e-01
2.616418600082397461e-01
2.794847786426544189e-01
2.553806900978088379e-01
2.983371019363403320e-01
3.471686542034149170e-01
2.820848524570465088e-01
2.908156216144561768e-01
2.944444119930267334e-01
2.770354449748992920e-01
2.774392366409301758e-01
2.738003432750701904e-01
2.706457674503326416e-01
2.743591368198394775e-01
2.925558984279632568e-01
3.062770068645477295e-01
2.916651070117950439e-01
3.124644458293914795e-01
3.097843825817108154e-01
2.774683535099029541e-01
2.708087861537933350e-01
2.760306298732757568e-01
2.803283035755157471e-01
3.152748048305511475e-01
2.765846550464630127e-01
3.030449450016021729e-01
2.945199310779571533e-01
2.788496017456054688e-01
2.989726066589355469e-01
2.928332388401031494e-01
3.179286122322082520e-01
2.388429194688796997e-01
2.600890398025512695e-01
2.643985748291015625e-01
2.537533342838287354e-01
3.198821246623992920e-01
2.735696732997894287e-01
2.687391638755798340e-01
3.102037608623504639e-01
2.635242044925689697e-01
2.681686282157897949e-01
2.545818686485290527e-01
2.671854794025421143e-01
2.534132301807403564e-01
2.727098464965820312e-01
2.668543159961700439e-01
2.524372041225433350e-01
3.307805359363555908e-01
3.330645263195037842e-01
2.831103205680847168e-01
2.926138341426849365e-01
3.213272988796234131e-01
2.906821668148040771e-01
3.130606412887573242e-01
3.255282342433929443e-01
2.901322543621063232e-01
2.510915696620941162e-01
3.012018203735351562e-01
3.212618231773376465e-01
2.801760733127593994e-01
2.949779033660888672e-01
2.791384160518646240e-01
3.014338016510009766e-01
3.444139063358306885e-01
2.508347332477569580e-01
2.613513469696044922e-01
3.173259794712066650e-01
2.596448361873626709e-01
2.572143375873565674e-01
2.844365537166595459e-01
2.923654913902282715e-01
3.337054252624511719e-01
2.802779376506805420e-01
2.705328166484832764e-01
2.649080455303192139e-01
2.702715098857879639e-01
3.055954277515411377e-01
2.781830728054046631e-01
2.592706978321075439e-01
2.786558866500854492e-01
2.662073671817779541e-01
3.004793822765350342e-01
2.673503458499908447e-01
3.142335414886474609e-01
2.678343355655670166e-01
2.417141646146774292e-01
2.623885571956634521e-01
2.664197981357574463e-01
2.800395786762237549e-01
2.785910964012145996e-01
2.909978628158569336e-01
2.622612118721008301e-01
2.605355083942413330e-01
2.763024270534515381e-01
3.441474139690399170e-01
3.137799203395843506e-01
3.015673160552978516e-01
2.835287153720855713e-01
3.054428100585937500e-01
3.029901087284088135e-01
2.980275154113769531e-01
2.728625833988189697e-01
3.285726308822631836e-01
3.107854425907135010e-01
3.028663396835327148e-01
2.866310775279998779e-01
3.281119763851165771e-01
2.800882756710052490e-01
3.063110113143920898e-01
2.973097860813140869e-01
2.915889620780944824e-01
2.596606910228729248e-01
2.878145277500152588e-01
2.778425812721252441e-01
2.772201895713806152e-01
2.761298418045043945e-01
3.007862567901611328e-01
3.223286569118499756e-01
2.930475771427154541e-01
2.862572073936462402e-01
2.990159392356872559e-01
2.860440909862518311e-01
2.666430473327636719e-01
2.856934964656829834e-01
2.902380228042602539e-01
2.557776272296905518e-01
2.665716707706451416e-01
2.858164906501770020e-01
2.925395667552947998e-01
2.608509957790374756e-01
2.529692947864532471e-01
2.589124739170074463e-01
2.452692538499832153e-01
2.509270012378692627e-01
3.099682629108428955e-01
3.184129893779754639e-01
2.481801509857177734e-01
2.794433534145355225e-01
2.881050407886505127e-01
3.039132654666900635e-01
2.522332072257995605e-01
2.668615579605102539e-01
2.863273918628692627e-01
2.849817276000976562e-01
3.026899695396423340e-01
2.718170881271362305e-01
2.643146812915802002e-01
3.064491748809814453e-01
3.014243543148040771e-01
2.698311507701873779e-01
2.803312838077545166e-01
2.825058996677398682e-01
2.878426909446716309e-01
2.980221211910247803e-01
2.927215993404388428e-01
2.775965631008148193e-01
2.697106897830963135e-01
3.149586021900177002e-01
2.791094183921813965e-01
2.620907425880432129e-01
3.195884525775909424e-01
2.828316688537597656e-01
2.539565563201904297e-01
2.803212106227874756e-01
2.810535132884979248e-01
2.756868004798889160e-01
3.185140192508697510e-01
2.824382483959197998e-01
2.670240104198455811e-01
3.221958577632904053e-01
2.819255590438842773e-01
2.925407290458679199e-01
3.226396739482879639e-01
2.781803905963897705e-01
2.654096782207489014e-01
2.757045328617095947e-01
2.675864398479461670e-01
2.779067158699035645e-01
2.880614101886749268e-01
2.808559536933898926e-01
2.698201835155487061e-01
2.719952166080474854e-01
2.682887017726898193e-01
2.840193808078765869e-01
3.299245834350585938e-01
3.265297412872314453e-01
2.884991466999053955e-01
3.421427309513092041e-01
2.949152290821075439e-01
3.037928044795989990e-01
3.112304508686065674e-01
2.958249449729919434e-01
3.828664720058441162e-01
2.585149705410003662e-01
2.803043127059936523e-01
3.016074895858764648e-01
3.268052637577056885e-01
2.795995771884918213e-01
2.754674255847930908e-01
2.778760492801666260e-01
2.903265357017517090e-01
2.753247320652008057e-01
2.545520067214965820e-01
2.714243233203887939e-01
2.690646350383758545e-01
2.707583010196685791e-01
2.958695590496063232e-01
2.699447870254516602e-01
2.716588079929351807e-01
3.225954473018646240e-01
3.074472844600677490e-01
2.667265832424163818e-01
2.817074954509735107e-01
2.821728885173797607e-01
2.914331853389739990e-01
2.792231738567352295e-01
2.963267266750335693e-01
2.861724495887756348e-01
3.146433830261230469e-01
2.741642892360687256e-01
2.753146290779113770e-01
2.904977500438690186e-01
2.502200007438659668e-01
3.087445795536041260e-01
2.328547984361648560e-01
2.866075038909912109e-01
2.778032720088958740e-01
3.022191822528839111e-01
2.902608215808868408e-01
2.515568137168884277e-01
2.550520002841949463e-01
2.786977887153625488e-01
2.720134556293487549e-01
2.616727054119110107e-01
2.532866001129150391e-01
2.618806064128875732e-01
3.082227706909179688e-01
2.696275115013122559e-01
2.985176742076873779e-01
2.949273288249969482e-01
2.503022849559783936e-01
2.880288660526275635e-01
3.044726848602294922e-01
2.985361516475677490e-01
3.083071708679199219e-01
2.884495854377746582e-01
2.876311838626861572e-01
3.120586276054382324e-01
2.975552082061767578e-01
2.890811860561370850e-01
2.879635989665985107e-01
2.666941285133361816e-01
2.371591925621032715e-01
2.682850658893585205e-01
2.927549779415130615e-01
2.817267179489135742e-01
3.282369375228881836e-01
2.951733171939849854e-01
3.103937208652496338e-01
2.560409903526306152e-01
2.786968946456909180e-01
2.770491540431976318e-01
2.608233988285064697e-01
2.998763620853424072e-01
3.044461309909820557e-01
3.129794597625732422e-01
3.266666233539581299e-01
3.302197754383087158e-01
2.772046327590942383e-01
2.674272060394287109e-01
3.010078966617584229e-01
2.823394834995269775e-01
3.121043145656585693e-01
2.895294725894927979e-01
2.895155549049377441e-01
2.796372771263122559e-01
2.834423482418060303e-01
2.756813168525695801e-01
2.714002430438995361e-01
2.954198122024536133e-01
3.060082197189331055e-01
2.791558504104614258e-01
2.851743400096893311e-01
2.859513461589813232e-01
2.764925360679626465e-01
2.550363838672637939e-01
2.624118626117706299e-01
2.551470696926116943e-01
3.195160329341888428e-01
2.922675907611846924e-01
3.000513613224029541e-01
2.735733985900878906e-01
2.926142215728759766e-01
2.543542683124542236e-01
2.672823667526245117e-01
2.966668307781219482e-01
3.153291642665863037e-01
2.992231547832489014e-01
2.774688005447387695e-01
2.715666592121124268e-01
3.002211153507232666e-01
2.891602218151092529e-01
2.975550889968872070e-01
2.923337817192077637e-01
2.740587890148162842e-01
2.982118129730224609e-01
2.777010202407836914e-01
2.785848975181579590e-01
2.805292308330535889e-01
2.959850132465362549e-01
2.529346644878387451e-01
2.703793942928314209e-01
2.600471377372741699e-01
2.801367342472076416e-01
3.026109337806701660e-01
3.632739782333374023e-01
2.862324714660644531e-01
2.680471837520599365e-01
2.675154805183410645e-01
2.686373591423034668e-01
2.944298088550567627e-01
2.949285805225372314e-01
3.138099312782287598e-01
3.025003075599670410e-01
2.969866096973419189e-01
2.672942578792572021e-01
2.571671903133392334e-01
3.550064861774444580e-01
2.757714092731475830e-01
3.558366596698760986e-01
2.715101242065429688e-01
2.883522510528564453e-01
3.569684028625488281e-01
3.546667098999023438e-01
3.018316030502319336e-01
3.865681588649749756e-01
3.013750612735748291e-01
2.953959107398986816e-01
2.892786264419555664e-01
3.135028183460235596e-01
3.488715887069702148e-01
2.863294780254364014e-01
2.998930215835571289e-01
3.029825985431671143e-01
3.064776062965393066e-01
2.726271152496337891e-01
3.593384325504302979e-01
3.036423027515411377e-01
2.715056240558624268e-01
2.968946993350982666e-01
2.818488776683807373e-01
3.800865113735198975e-01
3.069210052490234375e-01
2.572955489158630371e-01
2.903580367565155029e-01
2.758153080940246582e-01
2.852418422698974609e-01
2.957071959972381592e-01
2.970569729804992676e-01
2.949689924716949463e-01
3.025481998920440674e-01
2.656872570514678955e-01
2.741160094738006592e-01
2.702465057373046875e-01
2.618105709552764893e-01
3.129397332668304443e-01
2.868961393833160400e-01
3.072223365306854248e-01
2.744745910167694092e-01
2.984884083271026611e-01
3.166181445121765137e-01
3.380287587642669678e-01
2.779408991336822510e-01
2.879915535449981689e-01
2.864143252372741699e-01
2.757732868194580078e-01
2.968256175518035889e-01
2.866501510143280029e-01
2.869721651077270508e-01
2.716626822948455811e-01
2.659442722797393799e-01
2.501955032348632812e-01
3.008989989757537842e-01
3.422679007053375244e-01
2.761785984039306641e-01
2.724360525608062744e-01
2.763743698596954346e-01
2.774311900138854980e-01
2.877878844738006592e-01
2.919507920742034912e-01
2.591889500617980957e-01
2.924366295337677002e-01
2.869856655597686768e-01
2.863154113292694092e-01
2.692257165908813477e-01
3.170649409294128418e-01
2.775224745273590088e-01
3.248015344142913818e-01
2.644349634647369385e-01
2.657421529293060303e-01
2.635540664196014404e-01
2.446696907281875610e-01
2.704813778400421143e-01
3.116704225540161133e-01
2.864825427532196045e-01
2.856918871402740479e-01
2.838572263717651367e-01
3.270286321640014648e-01
2.850926816463470459e-01
2.669604420661926270e-01
2.423817515373229980e-01
3.173983991146087646e-01
3.136469125747680664e-01
2.664563953876495361e-01
2.749119699001312256e-01
2.957405745983123779e-01
2.504242956638336182e-01
2.859972417354583740e-01
2.891296744346618652e-01
3.014448285102844238e-01
3.504764139652252197e-01
2.619905769824981689e-01
3.123891651630401611e-01
3.277407586574554443e-01
2.815169990062713623e-01
2.698577046394348145e-01
3.178244829177856445e-01
3.228745758533477783e-01
2.719578444957733154e-01
3.390110433101654053e-01
2.498042732477188110e-01
2.939241826534271240e-01
2.982580959796905518e-01
2.944983839988708496e-01
2.722903788089752197e-01
2.889802455902099609e-01
2.756543457508087158e-01
2.769517004489898682e-01
2.948648631572723389e-01
3.175284862518310547e-01
3.175170421600341797e-01
2.967199385166168213e-01
2.997636497020721436e-01
2.598018944263458252e-01
2.744145393371582031e-01
2.595223784446716309e-01
2.864626049995422363e-01
2.480759620666503906e-01
2.717120647430419922e-01
2.538891136646270752e-01
2.802834212779998779e-01
2.928966581821441650e-01
2.841350734233856201e-01
3.244949877262115479e-01
2.889973223209381104e-01
2.867659032344818115e-01
3.194292783737182617e-01
2.856366336345672607e-01
2.881117761135101318e-01
2.739138007164001465e-01
2.794720828533172607e-01
2.812085449695587158e-01
2.472295016050338745e-01
2.886236608028411865e-01
3.062680661678314209e-01
2.674773633480072021e-01
2.778371870517730713e-01
2.711700201034545898e-01
3.028709888458251953e-01
3.034605085849761963e-01
2.704719603061676025e-01
2.997243702411651611e-01
2.844665944576263428e-01
2.563892602920532227e-01
2.854525744915008545e-01
3.067217171192169189e-01
3.012638986110687256e-01
2.960203588008880615e-01
2.821926772594451904e-01
3.048417270183563232e-01
2.899768948554992676e-01
3.016314208507537842e-01
2.570905089378356934e-01
2.951186001300811768e-01
2.836797535419464111e-01
2.555962502956390381e-01
2.809749543666839600e-01
2.887522578239440918e-01
2.886910140514373779e-01
2.579717338085174561e-01
2.728318870067596436e-01
3.034413158893585205e-01
2.479535192251205444e-01
2.702228128910064697e-01
2.545051276683807373e-01
2.707694470882415771e-01
3.256334066390991211e-01
2.533130943775177002e-01
2.733267247676849365e-01
2.688367664813995361e-01
2.987210452556610107e-01
3.256742656230926514e-01
3.062147498130798340e-01
2.969121038913726807e-01
2.886038124561309814e-01
3.316678702831268311e-01
2.810269296169281006e-01
2.869832813739776611e-01
2.792552709579467773e-01
2.669380605220794678e-01
3.367352783679962158e-01
2.814748883247375488e-01
2.563099563121795654e-01
2.517005503177642822e-01
3.014070689678192139e-01
2.990666925907135010e-01
2.884280681610107422e-01
2.682287991046905518e-01
2.887207865715026855e-01
2.666176259517669678e-01
2.645001113414764404e-01
2.786379158496856689e-01
2.553817927837371826e-01
2.683758437633514404e-01
3.074969649314880371e-01
2.891120016574859619e-01
2.845382392406463623e-01
2.687577605247497559e-01
2.684538066387176514e-01
2.972148954868316650e-01
2.863612473011016846e-01
2.778337299823760986e-01
2.870047986507415771e-01
2.758987843990325928e-01
2.855242490768432617e-01
3.223606050014495850e-01
2.933025658130645752e-01
2.961736619472503662e-01
2.612103223800659180e-01
2.879596650600433350e-01
2.929846346378326416e-01
2.816998064517974854e-01
2.646929025650024414e-01
3.106639683246612549e-01
2.642248272895812988e-01
3.038878142833709717e-01
3.131223618984222412e-01
2.815325260162353516e-01
2.840429246425628662e-01
3.189737796783447266e-01
2.490522861480712891e-01
2.550334036350250244e-01
2.755763828754425049e-01
3.166070580482482910e-01
2.561381161212921143e-01
2.971345484256744385e-01
3.181251585483551025e-01
2.654505372047424316e-01
2.921807467937469482e-01
2.491971701383590698e-01
2.731248140335083008e-01
2.831668257713317871e-01
2.567603290081024170e-01
2.624121606349945068e-01
2.842210829257965088e-01
2.649567425251007080e-01
3.007672727108001709e-01
2.724949419498443604e-01
2.933645248413085938e-01
2.815148532390594482e-01
3.107767701148986816e-01
2.705550193786621094e-01
2.618614733219146729e-01
3.288376927375793457e-01
2.626268267631530762e-01
2.603674232959747314e-01
2.602263689041137695e-01
2.997317016124725342e-01
2.898274958133697510e-01
2.944242954254150391e-01
2.551604807376861572e-01
2.833947241306304932e-01
2.712768912315368652e-01
2.555854618549346924e-01
2.669883370399475098e-01
3.066724240779876709e-01
2.814483046531677246e-01
2.722923457622528076e-01
3.012198209762573242e-01
2.961497008800506592e-01
2.591874599456787109e-01
2.731001675128936768e-01
2.942009568214416504e-01
2.669180333614349365e-01
2.624821364879608154e-01
2.952559888362884521e-01
2.763900458812713623e-01
2.747355699539184570e-01
2.379574626684188843e-01
2.920951843261718750e-01
2.571007907390594482e-01
2.811971604824066162e-01
3.034606873989105225e-01
2.543365061283111572e-01
3.354876339435577393e-01
2.675292193889617920e-01
2.887544929981231689e-01
2.732408344745635986e-01
2.719238400459289551e-01
3.386834561824798584e-01
2.594011723995208740e-01
2.790583074092864990e-01
2.929024994373321533e-01
2.576700747013092041e-01
2.641808688640594482e-01
2.925213873386383057e-01
2.546777427196502686e-01
2.337267249822616577e-01
2.522380352020263672e-01
2.865253388881683350e-01
2.867603003978729248e-01
2.798167467117309570e-01
2.769542038440704346e-01
2.819772660732269287e-01
3.187554180622100830e-01
3.084946572780609131e-01
2.829234600067138672e-01
2.707848846912384033e-01
2.753911912441253662e-01
2.808921039104461670e-01
2.929161489009857178e-01
2.874782383441925049e-01
2.674185335636138916e-01
2.647776305675506592e-01
3.032895624637603760e-01
2.600038349628448486e-01
2.509320378303527832e-01
2.790866792201995850e-01
2.544251084327697754e-01
2.679102718830108643e-01
2.557223141193389893e-01
3.095220923423767090e-01
2.674482166767120361e-01
2.774611115455627441e-01
2.687567770481109619e-01
2.865689098834991455e-01
2.856163084506988525e-01
2.962636947631835938e-01
2.798099219799041748e-01
2.509101927280426025e-01
2.610876560211181641e-01
2.637524008750915527e-01
2.630417048931121826e-01
3.041979968547821045e-01
2.841406762599945068e-01
3.303523063659667969e-01
3.124788105487823486e-01
3.110198974609375000e-01
3.320222198963165283e-01
2.934803068637847900e-01
2.612201273441314697e-01
2.874426543712615967e-01
2.621372640132904053e-01
2.404796332120895386e-01
2.508806884288787842e-01
2.673099935054779053e-01
2.773225605487823486e-01
2.730498611927032471e-01
2.751237452030181885e-01
2.827752530574798584e-01
2.730543911457061768e-01
2.803786695003509521e-01
2.531219720840454102e-01
2.904548943042755127e-01
3.040172755718231201e-01
2.504692077636718750e-01
2.871557474136352539e-01
2.827278971672058105e-01
2.771768867969512939e-01
2.997874915599822998e-01
2.850520312786102295e-01
2.509895563125610352e-01
2.831277251243591309e-01
2.643802464008331299e-01
2.502134740352630615e-01
2.585268914699554443e-01
2.549483776092529297e-01
2.955477237701416016e-01
2.677114009857177734e-01
2.650105357170104980e-01
2.963750660419464111e-01
3.335851132869720459e-01
2.491188049316406250e-01
3.185091316699981689e-01
2.695155441761016846e-01
2.918579578399658203e-01
2.894828319549560547e-01
2.575555741786956787e-01
2.719101011753082275e-01
2.585782110691070557e-01
2.645629346370697021e-01
2.696064412593841553e-01
3.111630678176879883e-01
2.936600446701049805e-01
2.594724595546722412e-01
2.798170149326324463e-01
3.083969950675964355e-01
2.757422626018524170e-01
2.623474895954132080e-01
3.380281031131744385e-01
2.898460328578948975e-01
2.858075797557830811e-01
2.786549925804138184e-01
3.088134527206420898e-01
2.972324788570404053e-01
2.949563562870025635e-01
2.800653576850891113e-01
2.508179843425750732e-01
3.216297924518585205e-01
2.561918795108795166e-01
2.840376794338226318e-01
2.898187935352325439e-01
2.769459486007690430e-01
3.082375228404998779e-01
2.741776406764984131e-01
2.910670936107635498e-01
2.579753696918487549e-01
2.683387398719787598e-01
2.508517801761627197e-01
2.965835034847259521e-01
2.918560504913330078e-01
3.135737478733062744e-01
2.924325168132781982e-01
2.663610577583312988e-01
2.727907598018646240e-01
2.925354838371276855e-01
2.840586900711059570e-01
2.940207719802856445e-01
2.555718123912811279e-01
2.592938244342803955e-01
2.578000426292419434e-01
2.813683748245239258e-01
2.528491914272308350e-01
2.577766180038452148e-01
2.375401854515075684e-01
2.396662086248397827e-01
2.774766683578491211e-01
2.230250388383865356e-01
2.744488120079040527e-01
2.697286307811737061e-01
2.408186644315719604e-01
2.694096863269805908e-01
2.438657730817794800e-01
2.658403813838958740e-01
2.745310366153717041e-01
2.850204706192016602e-01
2.644449472427368164e-01
2.622567713260650635e-01
2.764849960803985596e-01
2.730729579925537109e-01
2.664778530597686768e-01
3.013365268707275391e-01
2.819615602493286133e-01
2.780581712722778320e-01
3.300834894180297852e-01
3.085045814514160156e-01
2.958976030349731445e-01
2.508285045623779297e-01
3.359105885028839111e-01
2.631894946098327637e-01
2.597031295299530029e-01
2.830437123775482178e-01
2.902426123619079590e-01
2.986861765384674072e-01
2.522354722023010254e-01
2.751283347606658936e-01
2.616005539894104004e-01
2.548332214355468750e-01
2.628400623798370361e-01
2.906825542449951172e-01
2.801475822925567627e-01
3.128606975078582764e-01
3.744061887264251709e-01
3.104192316532135010e-01
2.751821577548980713e-01
3.115985989570617676e-01
2.467529773712158203e-01
3.074285686016082764e-01
3.148717880249023438e-01
2.923009097576141357e-01
3.231472671031951904e-01
2.389674335718154907e-01
2.822423279285430908e-01
2.884944975376129150e-01
2.868030369281768799e-01
2.751032412052154541e-01
2.755359411239624023e-01
3.030544221401214600e-01
3.117345869541168213e-01
2.844264507293701172e-01
3.040679693222045898e-01
2.445428818464279175e-01
2.862277030944824219e-01
3.048521876335144043e-01
2.925358712673187256e-01
2.742157876491546631e-01
3.351008892059326172e-01
2.516780793666839600e-01
3.166579306125640869e-01
3.036953508853912354e-01
2.950030267238616943e-01
2.737044990062713623e-01
2.763130068778991699e-01
2.756141722202301025e-01
3.087799847126007080e-01
2.576308548450469971e-01
3.032749295234680176e-01
2.970634400844573975e-01
2.908746302127838135e-01
3.134501874446868896e-01
2.495932728052139282e-01
2.716442048549652100e-01
2.479268312454223633e-01
3.106954991817474365e-01
2.817226350307464600e-01
2.634366452693939209e-01
2.733320295810699463e-01
3.029377162456512451e-01
2.496327012777328491e-01
2.740446031093597412e-01
2.567737996578216553e-01
2.497823983430862427e-01
2.869358956813812256e-01
3.073422610759735107e-01
2.511893808841705322e-01
2.479527443647384644e-01
2.702320516109466553e-01
2.666308283805847168e-01
2.771362066268920898e-01
3.050104379653930664e-01
2.778930366039276123e-01
2.631147801876068115e-01
2.694530189037322998e-01
2.620346248149871826e-01
2.845070958137512207e-01
2.923727035522460938e-01
2.788690924644470215e-01
2.802913486957550049e-01
2.818278968334197998e-01
2.686055898666381836e-01
2.814867198467254639e-01
3.168813288211822510e-01
2.860663831233978271e-01
2.951101064682006836e-01
2.673592567443847656e-01
2.921042442321777344e-01
2.782884538173675537e-01
2.647657990455627441e-01
2.729341983795166016e-01
2.704087495803833008e-01
2.879928946495056152e-01
2.488052248954772949e-01
2.540517449378967285e-01
2.704223692417144775e-01
2.742092609405517578e-01
2.730873227119445801e-01
2.824865877628326416e-01
2.644859850406646729e-01
2.641865611076354980e-01
3.026210069656372070e-01
2.596916258335113525e-01
2.772510647773742676e-01
2.826313674449920654e-01
2.697596549987792969e-01
2.599998414516448975e-01
2.744604647159576416e-01
2.905303835868835449e-01
2.817671000957489014e-01
2.826392054557800293e-01
2.814045846462249756e-01
2.952812910079956055e-01
2.672192454338073730e-01
2.883207798004150391e-01
2.947373688220977783e-01
2.461711764335632324e-01
2.972877025604248047e-01
2.813204824924468994e-01
2.745877504348754883e-01
2.613060772418975830e-01
2.878015339374542236e-01
2.518365681171417236e-01
2.836439311504364014e-01
3.251901268959045410e-01
2.859529554843902588e-01
3.040190637111663818e-01
2.671345770359039307e-01
2.891155779361724854e-01
2.872257530689239502e-01
2.665500938892364502e-01
2.654509246349334717e-01
3.157087862491607666e-01
2.828541100025177002e-01
2.661844789981842041e-01
2.738291919231414795e-01
2.492766827344894409e-01
2.760062813758850098e-01
2.942754030227661133e-01
2.647010982036590576e-01
