1.687868684530258179e-01
1.423374265432357788e-01
1.677703112363815308e-01
1.652949601411819458e-01
1.479025483131408691e-01
2.262829095125198364e-01
2.106280773878097534e-01
1.417086869478225708e-01
1.559077054262161255e-01
2.438612729310989380e-01
1.409329473972320557e-01
1.967552155256271362e-01
1.828928440809249878e-01
1.788612008094787598e-01
1.392277032136917114e-01
2.157727628946304321e-01
1.561822742223739624e-01
2.224396467208862305e-01
1.635411977767944336e-01
2.291079610586166382e-01
1.968303173780441284e-01
1.887441426515579224e-01
1.928746253252029419e-01
2.713574469089508057e-01
1.589428782463073730e-01
1.880054026842117310e-01
1.753360033035278320e-01
1.632202416658401489e-01
1.175621971487998962e-01
3.758508265018463135e-01
2.149224281311035156e-01
1.578181087970733643e-01
2.001420706510543823e-01
1.568719893693923950e-01
2.345852255821228027e-01
2.046093195676803589e-01
1.288029402494430542e-01
1.472769826650619507e-01
1.818097084760665894e-01
1.679031997919082642e-01
2.260918170213699341e-01
1.790020018815994263e-01
1.701840311288833618e-01
1.521655321121215820e-01
1.767999380826950073e-01
1.199545636773109436e-01
3.785210549831390381e-01
2.200283557176589966e-01
1.823542565107345581e-01
1.755697131156921387e-01
1.842389702796936035e-01
1.574706286191940308e-01
1.530787050724029541e-01
1.871747225522994995e-01
1.610446870326995850e-01
2.028614878654479980e-01
1.723930686712265015e-01
1.786603927612304688e-01
2.239975482225418091e-01
2.063127756118774414e-01
1.750358790159225464e-01
2.087481766939163208e-01
2.134821861982345581e-01
2.101661115884780884e-01
1.361824721097946167e-01
1.898543685674667358e-01
1.817207336425781250e-01
1.692691594362258911e-01
2.004442811012268066e-01
1.976398229598999023e-01
1.730440706014633179e-01
3.372974693775177002e-01
1.578357815742492676e-01
1.551221013069152832e-01
1.786093562841415405e-01
2.288933992385864258e-01
1.697824448347091675e-01
1.517865061759948730e-01
2.220096588134765625e-01
1.793874651193618774e-01
1.750018745660781860e-01
2.099947482347488403e-01
1.833753138780593872e-01
1.921574622392654419e-01
1.469570994377136230e-01
1.860573291778564453e-01
2.003123760223388672e-01
1.909843534231185913e-01
2.193529456853866577e-01
1.597224324941635132e-01
1.293524056673049927e-01
1.937907934188842773e-01
1.476330757141113281e-01
1.661380380392074585e-01
1.624440997838973999e-01
1.442490071058273315e-01
1.975020617246627808e-01
1.934900879859924316e-01
1.910284310579299927e-01
1.609891802072525024e-01
1.622331589460372925e-01
1.998875737190246582e-01
1.148391142487525940e-01
1.796674579381942749e-01
2.431080788373947144e-01
1.697458475828170776e-01
1.647775620222091675e-01
1.323408335447311401e-01
1.218125894665718079e-01
2.003188729286193848e-01
1.512039154767990112e-01
2.338983416557312012e-01
1.342512816190719604e-01
1.695225983858108521e-01
1.598377674818038940e-01
1.714254021644592285e-01
2.113655060529708862e-01
2.239878773689270020e-01
2.151639461517333984e-01
2.376796603202819824e-01
2.294867485761642456e-01
1.624182313680648804e-01
1.529826670885086060e-01
1.657596826553344727e-01
1.605775207281112671e-01
2.166795730590820312e-01
1.608936488628387451e-01
1.894258111715316772e-01
1.633976995944976807e-01
1.532639116048812866e-01
1.728744357824325562e-01
1.601612120866775513e-01
1.672963052988052368e-01
1.991890668869018555e-01
2.602636814117431641e-01
2.039453536272048950e-01
1.317222565412521362e-01
1.427125781774520874e-01
1.244926080107688904e-01
1.871155053377151489e-01
2.368925213813781738e-01
1.608508229255676270e-01
1.654527932405471802e-01
1.473667472600936890e-01
2.063100188970565796e-01
1.603048294782638550e-01
1.124583482742309570e-01
1.624426990747451782e-01
2.033630162477493286e-01
1.582634896039962769e-01
1.927632540464401245e-01
2.415681332349777222e-01
1.771717667579650879e-01
1.208322420716285706e-01
1.777808815240859985e-01
2.298734188079833984e-01
1.548505127429962158e-01
1.725783944129943848e-01
1.595310568809509277e-01
1.427893489599227905e-01
1.672846674919128418e-01
1.836262196302413940e-01
1.787416189908981323e-01
1.797309368848800659e-01
1.929812878370285034e-01
1.862061172723770142e-01
1.598364561796188354e-01
2.417638748884201050e-01
1.617498248815536499e-01
2.296560257673263550e-01
1.877343803644180298e-01
1.499014496803283691e-01
1.854922771453857422e-01
2.045160382986068726e-01
1.135115250945091248e-01
1.268298625946044922e-01
2.660218179225921631e-01
1.772575378417968750e-01
2.130722552537918091e-01
1.248471140861511230e-01
1.815834790468215942e-01
2.951871454715728760e-01
1.352375298738479614e-01
1.582620143890380859e-01
2.670132219791412354e-01
1.524417251348495483e-01
2.008313685655593872e-01
2.118155360221862793e-01
1.404926627874374390e-01
1.586865782737731934e-01
1.974125355482101440e-01
1.335210949182510376e-01
3.252853155136108398e-01
1.839497834444046021e-01
1.867735385894775391e-01
2.122466415166854858e-01
1.854979991912841797e-01
1.722540110349655151e-01
1.725487262010574341e-01
1.617066413164138794e-01
1.548526436090469360e-01
1.659379452466964722e-01
1.820657700300216675e-01
2.581077516078948975e-01
2.152942419052124023e-01
1.479866355657577515e-01
1.593028455972671509e-01
2.110353857278823853e-01
1.755697578191757202e-01
1.629946827888488770e-01
1.537804156541824341e-01
1.773405820131301880e-01
5.745756030082702637e-01
1.562052369117736816e-01
1.601087599992752075e-01
1.253783553838729858e-01
1.728412508964538574e-01
1.532820314168930054e-01
1.513646245002746582e-01
1.690294295549392700e-01
1.861840933561325073e-01
1.509161889553070068e-01
1.692303568124771118e-01
1.379863321781158447e-01
2.430367022752761841e-01
1.596459299325942993e-01
1.292452067136764526e-01
1.430543661117553711e-01
1.549021601676940918e-01
1.971642225980758667e-01
1.887084692716598511e-01
1.745674163103103638e-01
1.752382963895797729e-01
1.830389499664306641e-01
1.453282684087753296e-01
1.769502162933349609e-01
1.657045036554336548e-01
2.188593149185180664e-01
2.680376172065734863e-01
1.572459936141967773e-01
1.616329103708267212e-01
1.435481011867523193e-01
1.725947707891464233e-01
1.729571372270584106e-01
4.267461299896240234e-01
1.995878666639328003e-01
1.457297950983047485e-01
1.261048465967178345e-01
2.270593494176864624e-01
1.577207148075103760e-01
1.589135527610778809e-01
1.942624002695083618e-01
1.780971735715866089e-01
1.558157354593276978e-01
1.843099594116210938e-01
1.982356756925582886e-01
1.681300401687622070e-01
1.383361071348190308e-01
2.008986026048660278e-01
1.363138705492019653e-01
1.620343029499053955e-01
1.918688565492630005e-01
1.428689360618591309e-01
1.234907731413841248e-01
2.223585098981857300e-01
1.641394048929214478e-01
2.608512639999389648e-01
1.765421479940414429e-01
1.700859665870666504e-01
1.375606507062911987e-01
1.959358900785446167e-01
1.888585090637207031e-01
1.765798330307006836e-01
1.629311740398406982e-01
1.395673006772994995e-01
1.653301417827606201e-01
1.588840484619140625e-01
1.728989034891128540e-01
1.416881233453750610e-01
1.438358426094055176e-01
2.778392136096954346e-01
2.107958793640136719e-01
1.735232323408126831e-01
2.354088574647903442e-01
2.369956821203231812e-01
1.620082557201385498e-01
1.535243839025497437e-01
1.443661004304885864e-01
2.537281215190887451e-01
2.066635638475418091e-01
1.981952786445617676e-01
3.511855602264404297e-01
2.109581232070922852e-01
2.023322135210037231e-01
1.425143182277679443e-01
1.131149232387542725e-01
2.070732116699218750e-01
2.330986261367797852e-01
1.666271537542343140e-01
2.049817591905593872e-01
1.899190396070480347e-01
1.513059288263320923e-01
2.427351474761962891e-01
1.576079875230789185e-01
1.701148152351379395e-01
1.554702371358871460e-01
1.743558049201965332e-01
1.411265283823013306e-01
2.010466605424880981e-01
1.199812293052673340e-01
1.618984043598175049e-01
1.616961210966110229e-01
1.362990140914916992e-01
1.937809586524963379e-01
1.652956455945968628e-01
1.780683994293212891e-01
2.037123292684555054e-01
1.767183393239974976e-01
1.466536670923233032e-01
1.854785233736038208e-01
2.251260280609130859e-01
1.643588393926620483e-01
2.263160198926925659e-01
1.885605454444885254e-01
1.522781252861022949e-01
1.279305070638656616e-01
2.349545210599899292e-01
1.383694410324096680e-01
1.623710244894027710e-01
1.755762845277786255e-01
5.445713400840759277e-01
1.514171957969665527e-01
1.515332460403442383e-01
1.998764723539352417e-01
1.878942102193832397e-01
2.360190004110336304e-01
2.138439565896987915e-01
1.610646992921829224e-01
1.378947645425796509e-01
2.031347006559371948e-01
1.862562298774719238e-01
1.348766386508941650e-01
2.055290490388870239e-01
1.861404627561569214e-01
1.261603385210037231e-01
1.955747157335281372e-01
2.586484253406524658e-01
1.585536152124404907e-01
1.551963835954666138e-01
1.666606515645980835e-01
2.922102212905883789e-01
1.522535085678100586e-01
1.613029837608337402e-01
1.549796462059020996e-01
1.511302739381790161e-01
1.629475206136703491e-01
1.358660608530044556e-01
1.955593377351760864e-01
2.275717705488204956e-01
1.660792976617813110e-01
1.391113549470901489e-01
2.995120584964752197e-01
1.726080328226089478e-01
1.863718628883361816e-01
1.386325210332870483e-01
1.556632667779922485e-01
2.042648047208786011e-01
1.108306348323822021e-01
1.353834122419357300e-01
1.968579292297363281e-01
2.407287806272506714e-01
1.414639502763748169e-01
1.363184154033660889e-01
1.448918133974075317e-01
1.989061683416366577e-01
2.264534235000610352e-01
1.459652781486511230e-01
2.292730361223220825e-01
2.086498290300369263e-01
1.519944518804550171e-01
2.980366349220275879e-01
1.876121163368225098e-01
1.584367454051971436e-01
2.003812789916992188e-01
2.386508435010910034e-01
1.975745558738708496e-01
1.398819535970687866e-01
1.137843430042266846e-01
1.844562739133834839e-01
2.473795861005783081e-01
1.451112180948257446e-01
1.652105301618576050e-01
1.765397936105728149e-01
2.121821641921997070e-01
1.708032339811325073e-01
1.498720645904541016e-01
1.622822135686874390e-01
2.259628772735595703e-01
1.419180184602737427e-01
1.831337362527847290e-01
1.037806272506713867e-01
1.430647373199462891e-01
1.849123239517211914e-01
2.486737221479415894e-01
1.788458377122879028e-01
2.029675841331481934e-01
1.670192033052444458e-01
1.766223311424255371e-01
1.412127017974853516e-01
1.707976311445236206e-01
1.509914547204971313e-01
1.585908085107803345e-01
1.333451420068740845e-01
2.298971861600875854e-01
1.452113240957260132e-01
1.780342906713485718e-01
2.091669291257858276e-01
1.663634479045867920e-01
3.578680455684661865e-01
2.136576026678085327e-01
1.510008871555328369e-01
3.935050964355468750e-01
1.744949072599411011e-01
1.611389219760894775e-01
1.538252234458923340e-01
2.803891003131866455e-01
1.619967669248580933e-01
2.226610928773880005e-01
1.863343715667724609e-01
1.633953005075454712e-01
1.751304417848587036e-01
1.432849019765853882e-01
1.755121201276779175e-01
1.429225355386734009e-01
1.565685570240020752e-01
1.673352867364883423e-01
3.559395372867584229e-01
3.947608470916748047e-01
1.601410508155822754e-01
2.461611032485961914e-01
1.781020164489746094e-01
1.433926969766616821e-01
1.516137272119522095e-01
1.651854068040847778e-01
2.141200453042984009e-01
1.547659039497375488e-01
1.546892076730728149e-01
1.857841759920120239e-01
1.661680936813354492e-01
1.884896159172058105e-01
1.757442504167556763e-01
1.610843390226364136e-01
1.791038364171981812e-01
2.209639549255371094e-01
2.117226868867874146e-01
1.500702947378158569e-01
1.440023630857467651e-01
2.310944944620132446e-01
2.573737800121307373e-01
1.643917262554168701e-01
1.219738721847534180e-01
2.356627732515335083e-01
1.906180828809738159e-01
1.502052694559097290e-01
1.959341764450073242e-01
2.263392210006713867e-01
1.379959434270858765e-01
1.895492076873779297e-01
1.823379546403884888e-01
3.008534908294677734e-01
2.506399452686309814e-01
1.751076728105545044e-01
3.294523060321807861e-01
1.822522878646850586e-01
2.800352275371551514e-01
1.564359515905380249e-01
2.239235043525695801e-01
1.362523883581161499e-01
1.853356212377548218e-01
1.876468211412429810e-01
1.647710055112838745e-01
1.582571119070053101e-01
2.280341386795043945e-01
1.440581828355789185e-01
2.026558369398117065e-01
1.867554187774658203e-01
2.801659703254699707e-01
1.687231808900833130e-01
1.747254282236099243e-01
1.728382855653762817e-01
1.554435938596725464e-01
1.424166262149810791e-01
1.724849790334701538e-01
1.337423473596572876e-01
1.651445329189300537e-01
1.513809710741043091e-01
1.788143068552017212e-01
1.569210439920425415e-01
3.627940714359283447e-01
2.000120878219604492e-01
2.137177437543869019e-01
1.582662463188171387e-01
3.620993793010711670e-01
1.892340630292892456e-01
1.529966145753860474e-01
1.777848005294799805e-01
1.511697620153427124e-01
1.775044947862625122e-01
1.804457157850265503e-01
1.389029473066329956e-01
2.136545777320861816e-01
1.452397853136062622e-01
2.041848897933959961e-01
1.297140568494796753e-01
1.535169333219528198e-01
2.077124565839767456e-01
1.832579821348190308e-01
1.689652949571609497e-01
1.444600075483322144e-01
6.072443723678588867e-01
1.459575146436691284e-01
2.132102996110916138e-01
1.811396926641464233e-01
1.547854095697402954e-01
1.382514983415603638e-01
7.279849648475646973e-01
1.984864920377731323e-01
1.943060904741287231e-01
1.965305358171463013e-01
1.691554784774780273e-01
1.999989748001098633e-01
1.871194988489151001e-01
2.136281132698059082e-01
1.771017760038375854e-01
1.706300377845764160e-01
1.430387943983078003e-01
2.132760733366012573e-01
1.500247716903686523e-01
1.688823848962783813e-01
1.148015558719635010e-01
2.048317790031433105e-01
1.465494781732559204e-01
1.988472789525985718e-01
1.583023220300674438e-01
1.670731157064437866e-01
2.052560448646545410e-01
1.232767477631568909e-01
2.169162780046463013e-01
2.453240901231765747e-01
1.950079798698425293e-01
2.217326611280441284e-01
1.977816969156265259e-01
2.139780670404434204e-01
1.613736003637313843e-01
1.542548984289169312e-01
1.613056212663650513e-01
1.244447752833366394e-01
1.980665326118469238e-01
1.745248883962631226e-01
1.709456443786621094e-01
1.361147314310073853e-01
2.051957845687866211e-01
1.713146418333053589e-01
2.534156739711761475e-01
2.009185999631881714e-01
2.940942049026489258e-01
1.626637130975723267e-01
1.865837723016738892e-01
1.695367842912673950e-01
1.328489333391189575e-01
3.057185709476470947e-01
1.948377341032028198e-01
1.630768924951553345e-01
2.265157252550125122e-01
1.160587891936302185e-01
1.997807770967483521e-01
1.890986412763595581e-01
2.078934460878372192e-01
1.290870755910873413e-01
1.906616091728210449e-01
1.329003274440765381e-01
1.656488776206970215e-01
1.325364261865615845e-01
1.153631806373596191e-01
1.355819851160049438e-01
1.848426461219787598e-01
1.462290138006210327e-01
2.215062379837036133e-01
2.183640003204345703e-01
1.419757753610610962e-01
2.363981604576110840e-01
1.690913885831832886e-01
1.732207536697387695e-01
1.696195751428604126e-01
1.381229162216186523e-01
1.702648997306823730e-01
2.184575945138931274e-01
1.367374807596206665e-01
1.948232650756835938e-01
1.753880530595779419e-01
2.485787421464920044e-01
2.331459075212478638e-01
2.213754653930664062e-01
1.637078523635864258e-01
1.731044054031372070e-01
2.888118922710418701e-01
1.476731449365615845e-01
1.765219420194625854e-01
1.567350775003433228e-01
1.712933629751205444e-01
1.593812257051467896e-01
1.097952350974082947e-01
1.740200668573379517e-01
1.497274041175842285e-01
1.794539690017700195e-01
1.594363003969192505e-01
2.100360840559005737e-01
1.615196615457534790e-01
1.332450062036514282e-01
5.732809901237487793e-01
1.704068928956985474e-01
2.039972543716430664e-01
1.316699832677841187e-01
2.759096026420593262e-01
2.210295349359512329e-01
1.594972163438796997e-01
1.610884070396423340e-01
1.478177905082702637e-01
1.786229461431503296e-01
1.867375373840332031e-01
1.330835670232772827e-01
2.394275218248367310e-01
1.827734559774398804e-01
1.611186116933822632e-01
1.482925713062286377e-01
1.965788602828979492e-01
2.216864973306655884e-01
1.535672843456268311e-01
1.542608141899108887e-01
1.649878174066543579e-01
1.628771275281906128e-01
1.359085291624069214e-01
1.583955436944961548e-01
1.554757356643676758e-01
1.924871206283569336e-01
1.888406723737716675e-01
1.344074010848999023e-01
1.760573387145996094e-01
2.082151919603347778e-01
1.815665215253829956e-01
1.438909918069839478e-01
1.720200777053833008e-01
1.510783731937408447e-01
1.557554751634597778e-01
1.659500449895858765e-01
1.719931364059448242e-01
1.720538139343261719e-01
1.944138407707214355e-01
2.426299452781677246e-01
1.840529441833496094e-01
1.590306907892227173e-01
1.547841578722000122e-01
1.562025398015975952e-01
2.314581423997879028e-01
1.678290963172912598e-01
1.681120395660400391e-01
1.572296321392059326e-01
1.813530921936035156e-01
1.628666073083877563e-01
1.668594628572463989e-01
1.863803416490554810e-01
1.747055798768997192e-01
1.648568063974380493e-01
1.725869923830032349e-01
2.110627889633178711e-01
2.334681004285812378e-01
1.202761828899383545e-01
3.348549306392669678e-01
1.301639825105667114e-01
1.350358426570892334e-01
1.982601881027221680e-01
2.204966992139816284e-01
1.736713200807571411e-01
1.440503746271133423e-01
1.788609772920608521e-01
2.047449797391891479e-01
1.274524778127670288e-01
1.625274270772933960e-01
2.162816375494003296e-01
1.344857960939407349e-01
1.945159584283828735e-01
1.607609242200851440e-01
1.819788217544555664e-01
1.724408119916915894e-01
1.279363483190536499e-01
1.769024729728698730e-01
1.428376138210296631e-01
1.189732328057289124e-01
2.069621831178665161e-01
1.362036168575286865e-01
2.979959249496459961e-01
2.502374351024627686e-01
1.721516698598861694e-01
1.509435921907424927e-01
1.504828333854675293e-01
2.268957644701004028e-01
2.048474997282028198e-01
1.081321462988853455e-01
5.665492415428161621e-01
1.424425989389419556e-01
2.595297694206237793e-01
1.709212809801101685e-01
1.486591994762420654e-01
1.855125576257705688e-01
1.197320222854614258e-01
2.192612737417221069e-01
1.337138265371322632e-01
1.523015350103378296e-01
1.548646837472915649e-01
1.581353247165679932e-01
2.872241437435150146e-01
2.909155786037445068e-01
1.862425357103347778e-01
2.000336647033691406e-01
1.374498754739761353e-01
1.603225916624069214e-01
1.462090462446212769e-01
1.694250702857971191e-01
1.862133294343948364e-01
2.100487500429153442e-01
2.004350423812866211e-01
1.488355994224548340e-01
2.371141463518142700e-01
1.557920426130294800e-01
6.124981045722961426e-01
1.615434288978576660e-01
2.059171199798583984e-01
1.901840716600418091e-01
1.687472909688949585e-01
1.570891588926315308e-01
2.273558527231216431e-01
3.966369926929473877e-01
1.749148815870285034e-01
1.641534864902496338e-01
1.937056928873062134e-01
1.837559491395950317e-01
1.573277413845062256e-01
1.581676006317138672e-01
2.510130703449249268e-01
2.162328511476516724e-01
1.413305252790451050e-01
1.484982967376708984e-01
1.616445630788803101e-01
1.704117506742477417e-01
1.228974834084510803e-01
1.819800585508346558e-01
1.804553419351577759e-01
1.809127777814865112e-01
1.227601692080497742e-01
1.917432546615600586e-01
1.846484988927841187e-01
1.699359863996505737e-01
1.769499033689498901e-01
1.416193544864654541e-01
1.742621660232543945e-01
3.396317958831787109e-01
1.574740558862686157e-01
1.660004258155822754e-01
2.103880047798156738e-01
1.271260529756546021e-01
1.864757388830184937e-01
1.574401259422302246e-01
1.685599088668823242e-01
1.519797444343566895e-01
1.343633532524108887e-01
1.631075590848922729e-01
1.694890260696411133e-01
2.588819861412048340e-01
1.973221898078918457e-01
2.279068380594253540e-01
1.773989200592041016e-01
1.632041782140731812e-01
1.910145133733749390e-01
1.621830463409423828e-01
2.121972292661666870e-01
1.673385053873062134e-01
1.537523418664932251e-01
3.770709037780761719e-01
1.765259355306625366e-01
1.795818805694580078e-01
4.131755828857421875e-01
1.583894342184066772e-01
1.886981129646301270e-01
1.708787232637405396e-01
1.859277039766311646e-01
2.595742642879486084e-01
2.163081616163253784e-01
1.675161868333816528e-01
1.568133831024169922e-01
1.713528633117675781e-01
2.407542467117309570e-01
1.703168898820877075e-01
1.643305569887161255e-01
1.976103782653808594e-01
2.087707966566085815e-01
3.864034116268157959e-01
1.181762591004371643e-01
2.165775448083877563e-01
1.810240000486373901e-01
1.921447366476058960e-01
1.515241712331771851e-01
1.755170077085494995e-01
1.550797224044799805e-01
2.404796630144119263e-01
1.571399718523025513e-01
1.315774768590927124e-01
1.669953316450119019e-01
1.690304130315780640e-01
1.882230639457702637e-01
1.767351180315017700e-01
2.016166895627975464e-01
1.396171450614929199e-01
4.284625947475433350e-01
2.498449087142944336e-01
2.240564078092575073e-01
1.806395053863525391e-01
1.947147101163864136e-01
1.935818791389465332e-01
1.985760182142257690e-01
1.723013371229171753e-01
1.590412706136703491e-01
1.501149833202362061e-01
2.258494645357131958e-01
1.464722454547882080e-01
1.402900516986846924e-01
1.532096564769744873e-01
1.865113973617553711e-01
1.698718667030334473e-01
1.795109063386917114e-01
1.756118983030319214e-01
1.308448463678359985e-01
1.344631165266036987e-01
1.604362875223159790e-01
1.343915462493896484e-01
1.704930812120437622e-01
1.645817160606384277e-01
1.889294385910034180e-01
1.613108962774276733e-01
2.131506204605102539e-01
1.020791158080101013e-01
1.715824007987976074e-01
3.282672166824340820e-01
1.922724246978759766e-01
1.703742146492004395e-01
1.513846367597579956e-01
1.546693891286849976e-01
1.648904532194137573e-01
1.667418330907821655e-01
2.033895999193191528e-01
1.565661132335662842e-01
1.666923910379409790e-01
1.258974075317382812e-01
2.015379518270492554e-01
1.678460240364074707e-01
1.447641700506210327e-01
1.534286141395568848e-01
1.334549635648727417e-01
1.728224307298660278e-01
1.899776309728622437e-01
1.756494790315628052e-01
2.281001210212707520e-01
2.330534011125564575e-01
1.502695679664611816e-01
1.375829726457595825e-01
1.743630617856979370e-01
2.725618779659271240e-01
5.948121547698974609e-01
1.707416027784347534e-01
1.912429332733154297e-01
1.481505483388900757e-01
1.556950360536575317e-01
2.192699164152145386e-01
1.427007317543029785e-01
1.848125308752059937e-01
1.517099589109420776e-01
3.095112144947052002e-01
4.466036856174468994e-01
1.421373635530471802e-01
1.617587506771087646e-01
1.599130481481552124e-01
1.553263515233993530e-01
1.591097861528396606e-01
1.891688853502273560e-01
1.683086901903152466e-01
1.336420923471450806e-01
1.418709903955459595e-01
4.353369176387786865e-01
2.084229737520217896e-01
1.696384698152542114e-01
1.487713456153869629e-01
1.606852561235427856e-01
2.209986001253128052e-01
2.129687219858169556e-01
2.573460638523101807e-01
1.574456989765167236e-01
1.733136177062988281e-01
1.821982413530349731e-01
1.688937693834304810e-01
1.507788300514221191e-01
1.654680967330932617e-01
2.018450945615768433e-01
1.743685752153396606e-01
2.406367063522338867e-01
1.463661193847656250e-01
1.444333046674728394e-01
1.869391202926635742e-01
1.615375727415084839e-01
1.304193884134292603e-01
1.635557264089584351e-01
1.487176120281219482e-01
1.552586704492568970e-01
2.023061513900756836e-01
1.129167452454566956e-01
1.886715441942214966e-01
1.471199691295623779e-01
2.876787781715393066e-01
3.106426894664764404e-01
1.407825499773025513e-01
1.430643647909164429e-01
1.650114953517913818e-01
1.196416392922401428e-01
1.833799034357070923e-01
1.961718201637268066e-01
1.472293734550476074e-01
2.491353899240493774e-01
1.775644272565841675e-01
2.285412102937698364e-01
1.859729886054992676e-01
1.355779916048049927e-01
1.407365202903747559e-01
1.712156087160110474e-01
1.500583738088607788e-01
2.240164726972579956e-01
1.871564388275146484e-01
1.927630454301834106e-01
1.990335732698440552e-01
1.998628377914428711e-01
1.394734829664230347e-01
1.771074980497360229e-01
1.213301792740821838e-01
2.049470096826553345e-01
1.458092480897903442e-01
1.526577919721603394e-01
2.262958735227584839e-01
1.697915047407150269e-01
1.632031947374343872e-01
1.478044688701629639e-01
1.656550616025924683e-01
1.745735406875610352e-01
1.772950142621994019e-01
1.661465764045715332e-01
1.736753731966018677e-01
1.313062757253646851e-01
2.159901410341262817e-01
1.759545803070068359e-01
1.548836529254913330e-01
1.832808852195739746e-01
1.835462450981140137e-01
1.739275008440017700e-01
1.438587456941604614e-01
1.849730759859085083e-01
2.533451616764068604e-01
2.090382725000381470e-01
1.521494239568710327e-01
1.919808536767959595e-01
1.954334378242492676e-01
1.652278602123260498e-01
1.690477877855300903e-01
1.547139436006546021e-01
2.072611898183822632e-01
1.361758261919021606e-01
1.531868726015090942e-01
1.568833887577056885e-01
2.545145750045776367e-01
1.645860522985458374e-01
1.350615769624710083e-01
1.784497648477554321e-01
1.941027194261550903e-01
2.507531046867370605e-01
1.520461440086364746e-01
1.755042076110839844e-01
1.781255453824996948e-01
1.791873425245285034e-01
1.615427881479263306e-01
1.562460213899612427e-01
1.544478684663772583e-01
2.091402262449264526e-01
1.860781908035278320e-01
1.379480808973312378e-01
1.963381171226501465e-01
1.695328503847122192e-01
2.124398499727249146e-01
1.256556063890457153e-01
1.728083640336990356e-01
2.754493951797485352e-01
1.650824695825576782e-01
1.675428897142410278e-01
2.072481662034988403e-01
1.976909637451171875e-01
1.570007055997848511e-01
1.949878185987472534e-01
1.564977765083312988e-01
1.772923469543457031e-01
1.779739111661911011e-01
1.082968339323997498e-01
1.204515323042869568e-01
1.627140939235687256e-01
1.625559329986572266e-01
1.076536700129508972e-01
2.110146731138229370e-01
1.536884754896163940e-01
1.355346888303756714e-01
1.275952607393264771e-01
1.661118865013122559e-01
1.446832269430160522e-01
1.671973913908004761e-01
1.903178691864013672e-01
2.900393307209014893e-01
1.144511327147483826e-01
1.788258403539657593e-01
1.436392664909362793e-01
1.706613898277282715e-01
1.689804792404174805e-01
1.517524868249893188e-01
2.138296365737915039e-01
1.705357432365417480e-01
1.787209510803222656e-01
3.384639024734497070e-01
1.341415196657180786e-01
1.492606848478317261e-01
1.862160563468933105e-01
1.640143543481826782e-01
1.584480553865432739e-01
1.367606371641159058e-01
1.779727786779403687e-01
1.691519469022750854e-01
1.455598473548889160e-01
1.353186815977096558e-01
1.435374021530151367e-01
1.251300722360610962e-01
1.603932231664657593e-01
1.322658807039260864e-01
1.874348372220993042e-01
1.853230744600296021e-01
1.368908286094665527e-01
1.615635603666305542e-01
1.687012165784835815e-01
1.593255549669265747e-01
1.504470556974411011e-01
1.773202419281005859e-01
1.733231693506240845e-01
1.334664970636367798e-01
2.400195598602294922e-01
1.786863058805465698e-01
2.000243067741394043e-01
1.947519332170486450e-01
2.410454005002975464e-01
1.571008712053298950e-01
1.666386276483535767e-01
1.466229557991027832e-01
1.535594314336776733e-01
2.128059118986129761e-01
1.765720844268798828e-01
1.368392854928970337e-01
1.575203090906143188e-01
1.995609998703002930e-01
1.208194270730018616e-01
1.660081297159194946e-01
1.931737214326858521e-01
1.709537357091903687e-01
1.825058907270431519e-01
1.668443083763122559e-01
1.498516798019409180e-01
2.244044989347457886e-01
2.382600307464599609e-01
1.216685995459556580e-01
1.979624032974243164e-01
2.764871120452880859e-01
1.335549652576446533e-01
1.495425254106521606e-01
2.285675555467605591e-01
2.498170137405395508e-01
1.935472041368484497e-01
1.844689399003982544e-01
1.972604840993881226e-01
1.632139533758163452e-01
1.875052452087402344e-01
1.832406371831893921e-01
1.669143438339233398e-01
3.064418435096740723e-01
1.293758600950241089e-01
1.440770328044891357e-01
1.368382573127746582e-01
1.265104562044143677e-01
1.645113825798034668e-01
1.629485934972763062e-01
5.426517128944396973e-01
1.866463422775268555e-01
2.378873378038406372e-01
1.570907384157180786e-01
1.483984589576721191e-01
1.513000428676605225e-01
4.006158411502838135e-01
1.764140129089355469e-01
1.081971153616905212e-01
1.512880176305770874e-01
1.453575938940048218e-01
2.039334774017333984e-01
1.819691061973571777e-01
2.078603655099868774e-01
2.109730243682861328e-01
1.133586391806602478e-01
2.115570753812789917e-01
1.272074580192565918e-01
1.515759378671646118e-01
2.049279212951660156e-01
1.691498309373855591e-01
2.674519717693328857e-01
2.145283818244934082e-01
1.894582957029342651e-01
1.500469297170639038e-01
1.712264567613601685e-01
1.598591953516006470e-01
1.408393085002899170e-01
1.264539510011672974e-01
2.070055454969406128e-01
1.791700720787048340e-01
1.500812917947769165e-01
1.563351601362228394e-01
2.015489935874938965e-01
1.328753978013992310e-01
1.784297227859497070e-01
3.640479147434234619e-01
1.770315766334533691e-01
1.764835715293884277e-01
1.327401846647262573e-01
1.601928621530532837e-01
1.428386270999908447e-01
2.053987532854080200e-01
1.396679431200027466e-01
1.665386557579040527e-01
1.364131271839141846e-01
1.501195430755615234e-01
3.370907008647918701e-01
1.813020706176757812e-01
1.371279656887054443e-01
1.934361457824707031e-01
1.362733393907546997e-01
1.910815089941024780e-01
1.916825771331787109e-01
1.679270416498184204e-01
1.708505004644393921e-01
1.562813967466354370e-01
1.536547988653182983e-01
1.441199034452438354e-01
2.633897960186004639e-01
1.921414583921432495e-01
3.105255365371704102e-01
1.533402055501937866e-01
1.765283793210983276e-01
1.750898510217666626e-01
1.965932399034500122e-01
1.676107496023178101e-01
2.063848227262496948e-01
2.416609525680541992e-01
1.811837106943130493e-01
1.628918349742889404e-01
1.378026753664016724e-01
1.682425290346145630e-01
1.587160378694534302e-01
1.784569472074508667e-01
1.545942872762680054e-01
1.852097064256668091e-01
1.506140679121017456e-01
1.352327764034271240e-01
1.445736289024353027e-01
1.598930954933166504e-01
2.046842128038406372e-01
2.265471071004867554e-01
1.676888465881347656e-01
2.008144110441207886e-01
1.601422280073165894e-01
1.738399267196655273e-01
1.763615161180496216e-01
1.336427330970764160e-01
2.159347385168075562e-01
1.941054612398147583e-01
1.457748562097549438e-01
1.631555408239364624e-01
1.507406085729598999e-01
3.336442708969116211e-01
2.134979367256164551e-01
1.343341022729873657e-01
1.962650269269943237e-01
1.669785827398300171e-01
1.044345125555992126e-01
1.987192630767822266e-01
2.053263634443283081e-01
1.062136664986610413e-01
1.616469323635101318e-01
1.593609303236007690e-01
4.828741848468780518e-01
1.404496580362319946e-01
1.440027207136154175e-01
1.502812057733535767e-01
1.275457590818405151e-01
1.224428489804267883e-01
1.489486098289489746e-01
2.458082884550094604e-01
1.414547711610794067e-01
2.034924179315567017e-01
1.545613557100296021e-01
1.648172289133071899e-01
1.933799386024475098e-01
2.000424116849899292e-01
1.562110185623168945e-01
1.472586840391159058e-01
1.296088099479675293e-01
2.281725853681564331e-01
1.332620233297348022e-01
1.655916869640350342e-01
1.488343328237533569e-01
2.454375624656677246e-01
2.006540894508361816e-01
1.268551200628280640e-01
1.640125662088394165e-01
1.894565224647521973e-01
1.270747333765029907e-01
1.736439466476440430e-01
1.636146157979965210e-01
1.329366117715835571e-01
1.271245479583740234e-01
2.964572012424468994e-01
1.570557355880737305e-01
1.658358424901962280e-01
1.517092436552047729e-01
1.521426439285278320e-01
1.392888426780700684e-01
1.915200203657150269e-01
1.529817581176757812e-01
2.086423039436340332e-01
1.746208667755126953e-01
1.618804931640625000e-01
1.329504698514938354e-01
1.685855388641357422e-01
1.052733361721038818e-01
1.643861085176467896e-01
2.578229606151580811e-01
1.645579487085342407e-01
1.532121747732162476e-01
1.751737594604492188e-01
1.723736077547073364e-01
1.608310192823410034e-01
1.944497227668762207e-01
1.699491143226623535e-01
1.656120866537094116e-01
1.939398199319839478e-01
1.443594694137573242e-01
1.437657028436660767e-01
1.326497644186019897e-01
1.246126517653465271e-01
2.173262387514114380e-01
1.703652292490005493e-01
1.450819224119186401e-01
1.762790828943252563e-01
1.506635248661041260e-01
1.697834730148315430e-01
2.186951637268066406e-01
1.463286429643630981e-01
1.903589218854904175e-01
6.304867267608642578e-01
1.423272788524627686e-01
1.740802377462387085e-01
2.507028281688690186e-01
1.961040049791336060e-01
1.617304682731628418e-01
1.641410142183303833e-01
1.772024631500244141e-01
1.763627082109451294e-01
1.459849327802658081e-01
1.428566128015518188e-01
1.537748724222183228e-01
1.776794940233230591e-01
1.367954462766647339e-01
1.324716657400131226e-01
1.331561505794525146e-01
1.423537880182266235e-01
1.722429245710372925e-01
1.409788280725479126e-01
1.724254637956619263e-01
1.738178282976150513e-01
1.411181241273880005e-01
1.450734287500381470e-01
