2.386644333600997925e-01
4.093527197837829590e-01
4.596364498138427734e-01
4.147113561630249023e-01
6.624339222908020020e-01
3.445835709571838379e-01
5.633515119552612305e-01
4.919473230838775635e-01
4.567589759826660156e-01
3.534502387046813965e-01
4.525232315063476562e-01
2.857522964477539062e-01
4.266323149204254150e-01
4.956592619419097900e-01
4.378559887409210205e-01
4.642367064952850342e-01
3.199055790901184082e-01
4.815900325775146484e-01
3.536799848079681396e-01
4.632213115692138672e-01
4.980233311653137207e-01
6.157840490341186523e-01
2.445430159568786621e-01
5.326584577560424805e-01
2.775455117225646973e-01
5.102466344833374023e-01
7.118343114852905273e-01
3.013985753059387207e-01
5.952963829040527344e-01
3.662875890731811523e-01
5.201547741889953613e-01
4.420284926891326904e-01
3.770266771316528320e-01
4.270327091217041016e-01
2.168257832527160645e-01
3.527111709117889404e-01
2.483318746089935303e-01
2.464601248502731323e-01
1.918404102325439453e-01
4.029804170131683350e-01
4.603092968463897705e-01
2.731854915618896484e-01
2.840095162391662598e-01
3.165160119533538818e-01
3.933524191379547119e-01
5.024100542068481445e-01
2.965247631072998047e-01
2.522042393684387207e-01
4.666168987751007080e-01
4.585639536380767822e-01
4.534664452075958252e-01
4.748493432998657227e-01
4.071178734302520752e-01
2.796841859817504883e-01
3.338207602500915527e-01
2.284604758024215698e-01
3.995449542999267578e-01
4.568043649196624756e-01
4.231662154197692871e-01
4.402780532836914062e-01
2.894608378410339355e-01
3.821133375167846680e-01
4.458142817020416260e-01
5.295056104660034180e-01
2.799036502838134766e-01
5.593584775924682617e-01
3.717594742774963379e-01
2.607467174530029297e-01
5.272873640060424805e-01
2.607824802398681641e-01
2.354170978069305420e-01
3.107956647872924805e-01
4.988399147987365723e-01
5.563395619392395020e-01
3.658671379089355469e-01
3.301543295383453369e-01
2.235108911991119385e-01
2.548580467700958252e-01
4.413701295852661133e-01
5.441801548004150391e-01
2.264083474874496460e-01
7.568912506103515625e-01
4.455495476722717285e-01
4.062504768371582031e-01
4.698538184165954590e-01
6.438574194908142090e-01
4.441083669662475586e-01
2.356542497873306274e-01
3.015767931938171387e-01
4.354041516780853271e-01
4.813522696495056152e-01
2.170630544424057007e-01
5.720652341842651367e-01
4.099456369876861572e-01
2.678533792495727539e-01
2.735136747360229492e-01
4.361787438392639160e-01
3.572601974010467529e-01
3.888488411903381348e-01
4.416456222534179688e-01
4.996095895767211914e-01
3.801819682121276855e-01
2.530711889266967773e-01
4.963914155960083008e-01
3.852390646934509277e-01
2.343469113111495972e-01
4.093283414840698242e-01
3.140186071395874023e-01
4.441958665847778320e-01
4.669269025325775146e-01
2.809678912162780762e-01
4.622697532176971436e-01
2.522569298744201660e-01
5.678900480270385742e-01
2.627053558826446533e-01
3.627774417400360107e-01
4.780125319957733154e-01
6.967077851295471191e-01
4.659956693649291992e-01
4.755100309848785400e-01
3.089209794998168945e-01
4.459466636180877686e-01
3.446750044822692871e-01
6.875874400138854980e-01
2.464739084243774414e-01
2.523320317268371582e-01
3.622079491615295410e-01
3.395535051822662354e-01
7.832852005958557129e-01
4.909193813800811768e-01
3.893032073974609375e-01
2.474566996097564697e-01
4.178104102611541748e-01
7.152488231658935547e-01
6.638826131820678711e-01
4.045366644859313965e-01
5.216657519340515137e-01
7.590213418006896973e-01
4.783744812011718750e-01
3.226484656333923340e-01
2.583847343921661377e-01
4.693534374237060547e-01
3.443042933940887451e-01
4.478159546852111816e-01
7.003787159919738770e-01
2.451112568378448486e-01
4.743793308734893799e-01
4.615393280982971191e-01
4.810875952243804932e-01
4.355789422988891602e-01
8.494743704795837402e-01
3.021351397037506104e-01
5.217528343200683594e-01
4.429244995117187500e-01
5.254039764404296875e-01
2.835265696048736572e-01
2.849212288856506348e-01
4.023028016090393066e-01
4.525989294052124023e-01
3.916620612144470215e-01
2.476921230554580688e-01
3.827906548976898193e-01
2.668167948722839355e-01
6.745969057083129883e-01
4.954710006713867188e-01
4.807338118553161621e-01
6.755509376525878906e-01
3.306282162666320801e-01
4.542393088340759277e-01
4.646658003330230713e-01
4.243912696838378906e-01
4.214417934417724609e-01
5.010662674903869629e-01
5.771104097366333008e-01
4.697396159172058105e-01
4.834511876106262207e-01
2.878021001815795898e-01
5.623003840446472168e-01
3.702870607376098633e-01
2.895018160343170166e-01
6.188181638717651367e-01
4.109674692153930664e-01
5.673706531524658203e-01
4.768876135349273682e-01
5.104098916053771973e-01
2.777189016342163086e-01
2.750163674354553223e-01
2.207807302474975586e-01
3.300924599170684814e-01
4.435555338859558105e-01
3.354363441467285156e-01
3.437476158142089844e-01
4.001141786575317383e-01
2.018571943044662476e-01
3.789531886577606201e-01
4.040864109992980957e-01
5.631223917007446289e-01
2.617244720458984375e-01
3.917769789695739746e-01
4.680700898170471191e-01
2.494995892047882080e-01
5.020012855529785156e-01
2.073370218276977539e-01
2.347906231880187988e-01
2.244467139244079590e-01
3.570250272750854492e-01
6.832575798034667969e-01
2.327751070261001587e-01
2.644785046577453613e-01
4.479160904884338379e-01
5.259047746658325195e-01
3.680561482906341553e-01
4.468758702278137207e-01
4.122855663299560547e-01
3.060272336006164551e-01
4.471127390861511230e-01
4.525969028472900391e-01
2.275202274322509766e-01
2.668680548667907715e-01
2.783190608024597168e-01
3.034470975399017334e-01
2.948431968688964844e-01
7.812077999114990234e-01
4.152098596096038818e-01
3.350410461425781250e-01
4.235281348228454590e-01
8.864268660545349121e-01
5.630075931549072266e-01
1.990439593791961670e-01
4.072293341159820557e-01
2.821863293647766113e-01
2.830602526664733887e-01
4.344995617866516113e-01
4.323429763317108154e-01
4.252414703369140625e-01
4.265244305133819580e-01
2.638486921787261963e-01
4.232673645019531250e-01
2.634593546390533447e-01
2.559562325477600098e-01
4.495472908020019531e-01
3.496722579002380371e-01
3.988226056098937988e-01
3.563237786293029785e-01
3.258669972419738770e-01
2.318239957094192505e-01
3.004415631294250488e-01
4.489378333091735840e-01
2.400809973478317261e-01
4.069637060165405273e-01
4.025724530220031738e-01
5.440540313720703125e-01
2.487092912197113037e-01
4.352067112922668457e-01
4.468871355056762695e-01
2.309702187776565552e-01
3.967624306678771973e-01
4.657116234302520752e-01
3.465921878814697266e-01
2.563431262969970703e-01
4.283323884010314941e-01
4.778893589973449707e-01
4.957988262176513672e-01
3.103862404823303223e-01
4.414264559745788574e-01
4.005705714225769043e-01
4.414803087711334229e-01
4.051218330860137939e-01
1.925669908523559570e-01
3.590553998947143555e-01
6.516490578651428223e-01
5.966594219207763672e-01
6.802676320075988770e-01
3.998888134956359863e-01
3.560392856597900391e-01
3.085976243019104004e-01
4.703801870346069336e-01
4.335077404975891113e-01
5.953078866004943848e-01
4.445710182189941406e-01
5.468256473541259766e-01
4.285849928855895996e-01
3.700741827487945557e-01
4.590876698493957520e-01
4.134500920772552490e-01
3.876374363899230957e-01
4.582824707031250000e-01
3.861789107322692871e-01
4.337459206581115723e-01
4.371739923954010010e-01
3.779358863830566406e-01
4.704881012439727783e-01
4.680279791355133057e-01
4.140048027038574219e-01
2.514936029911041260e-01
5.814086794853210449e-01
4.147298932075500488e-01
4.693692922592163086e-01
4.850824475288391113e-01
4.244661331176757812e-01
3.426153957843780518e-01
4.949721097946166992e-01
2.319049239158630371e-01
5.421319603919982910e-01
3.724033236503601074e-01
4.424703121185302734e-01
3.414227664470672607e-01
6.814060807228088379e-01
6.891695857048034668e-01
5.064688920974731445e-01
6.172484159469604492e-01
4.275269508361816406e-01
2.905941903591156006e-01
3.526627421379089355e-01
1.965659856796264648e-01
2.618883848190307617e-01
4.199431538581848145e-01
2.268985509872436523e-01
3.066152334213256836e-01
1.814829409122467041e-01
4.131319224834442139e-01
3.203380107879638672e-01
5.052933096885681152e-01
2.449268847703933716e-01
2.340241074562072754e-01
4.342395961284637451e-01
7.138850688934326172e-01
4.172560572624206543e-01
2.639973461627960205e-01
4.382490515708923340e-01
4.324016869068145752e-01
3.784914016723632812e-01
2.809034287929534912e-01
4.582262635231018066e-01
4.218269586563110352e-01
2.619363069534301758e-01
4.445473849773406982e-01
4.123363196849822998e-01
5.089912414550781250e-01
5.568653941154479980e-01
4.627779126167297363e-01
5.723132491111755371e-01
4.181530475616455078e-01
4.807945489883422852e-01
7.119404673576354980e-01
3.929364979267120361e-01
4.496177136898040771e-01
3.505601882934570312e-01
4.313926696777343750e-01
2.659693658351898193e-01
4.970735609531402588e-01
5.511424541473388672e-01
5.383921861648559570e-01
4.157918989658355713e-01
2.261281013488769531e-01
4.539846181869506836e-01
2.081388831138610840e-01
3.555573225021362305e-01
4.239555001258850098e-01
3.727344870567321777e-01
5.592408180236816406e-01
4.383399188518524170e-01
2.356779873371124268e-01
4.718740582466125488e-01
5.820639133453369141e-01
4.833236336708068848e-01
4.291633367538452148e-01
2.192009389400482178e-01
3.737822175025939941e-01
2.564775943756103516e-01
4.230650663375854492e-01
2.385601401329040527e-01
2.729181051254272461e-01
8.978130817413330078e-01
4.360298514366149902e-01
4.342177510261535645e-01
5.275476574897766113e-01
4.357011914253234863e-01
4.448089301586151123e-01
3.761907517910003662e-01
4.262234866619110107e-01
2.768573164939880371e-01
3.904422819614410400e-01
4.479776918888092041e-01
4.211452305316925049e-01
2.320112287998199463e-01
2.365019023418426514e-01
4.275678396224975586e-01
4.385899007320404053e-01
4.818497300148010254e-01
4.749838113784790039e-01
4.597509503364562988e-01
5.999559164047241211e-01
2.934465110301971436e-01
4.989582896232604980e-01
2.279087007045745850e-01
4.638863205909729004e-01
4.959198832511901855e-01
3.004232347011566162e-01
3.798762857913970947e-01
2.226495444774627686e-01
4.112610220909118652e-01
4.664188623428344727e-01
3.376543521881103516e-01
2.862134575843811035e-01
4.266164898872375488e-01
4.083007574081420898e-01
2.266173511743545532e-01
4.568426907062530518e-01
5.592083930969238281e-01
3.275351226329803467e-01
6.257381439208984375e-01
2.429555952548980713e-01
4.865673184394836426e-01
2.938496470451354980e-01
4.981351494789123535e-01
4.310763776302337646e-01
4.298933744430541992e-01
5.726944208145141602e-01
2.892857193946838379e-01
2.303422987461090088e-01
5.470761656761169434e-01
3.725025653839111328e-01
4.702470302581787109e-01
2.585681676864624023e-01
2.659527957439422607e-01
4.017858803272247314e-01
5.919991135597229004e-01
4.436172842979431152e-01
3.703507781028747559e-01
2.359315901994705200e-01
4.434675574302673340e-01
3.810166418552398682e-01
2.750401496887207031e-01
3.982481956481933594e-01
4.220339953899383545e-01
2.343563139438629150e-01
5.173088908195495605e-01
2.096449136734008789e-01
4.155352115631103516e-01
4.365842044353485107e-01
4.924102127552032471e-01
3.922876119613647461e-01
4.456784427165985107e-01
2.380461543798446655e-01
2.626347541809082031e-01
3.674986958503723145e-01
3.085588216781616211e-01
3.392522931098937988e-01
3.429270982742309570e-01
4.617992043495178223e-01
4.023695886135101318e-01
3.298171758651733398e-01
4.820730686187744141e-01
2.457017302513122559e-01
4.168674945831298828e-01
6.259189844131469727e-01
3.722256422042846680e-01
3.618032932281494141e-01
3.468387722969055176e-01
4.080226421356201172e-01
4.267748594284057617e-01
3.693277835845947266e-01
2.915272414684295654e-01
4.504091739654541016e-01
4.260461628437042236e-01
3.658264279365539551e-01
4.866289496421813965e-01
4.568099379539489746e-01
2.888918817043304443e-01
4.754790067672729492e-01
2.644802331924438477e-01
2.229778766632080078e-01
2.476950585842132568e-01
4.951328933238983154e-01
4.086717963218688965e-01
5.096751451492309570e-01
3.131884336471557617e-01
4.231275916099548340e-01
5.132002830505371094e-01
3.909682631492614746e-01
5.521824359893798828e-01
5.389416217803955078e-01
4.195721447467803955e-01
4.573731720447540283e-01
4.542073905467987061e-01
5.507220625877380371e-01
5.885014533996582031e-01
7.481782436370849609e-01
3.290298879146575928e-01
6.541299819946289062e-01
2.222696244716644287e-01
4.906405806541442871e-01
4.021909832954406738e-01
4.410807490348815918e-01
2.356584519147872925e-01
4.089632332324981689e-01
2.728355824947357178e-01
4.092803597450256348e-01
3.799310922622680664e-01
2.322798669338226318e-01
3.432367444038391113e-01
2.733670473098754883e-01
4.224252402782440186e-01
4.359820187091827393e-01
3.022797107696533203e-01
7.890514731407165527e-01
4.755885303020477295e-01
2.318613529205322266e-01
3.862024843692779541e-01
4.934330284595489502e-01
2.369029670953750610e-01
4.037257432937622070e-01
4.563392996788024902e-01
4.136891365051269531e-01
4.401123523712158203e-01
7.838876247406005859e-01
4.576545655727386475e-01
3.999321460723876953e-01
4.129320979118347168e-01
6.638734936714172363e-01
6.561934947967529297e-01
4.353115260601043701e-01
5.157126784324645996e-01
2.531889677047729492e-01
4.345411956310272217e-01
8.611751794815063477e-01
2.801838517189025879e-01
3.580226898193359375e-01
5.462097525596618652e-01
6.133856773376464844e-01
2.428442239761352539e-01
3.811627626419067383e-01
4.770205318927764893e-01
1.863538622856140137e-01
4.431100487709045410e-01
4.669923186302185059e-01
3.171396851539611816e-01
2.229334861040115356e-01
2.548243105411529541e-01
7.767189145088195801e-01
4.150239527225494385e-01
2.332435846328735352e-01
4.880009293556213379e-01
5.615795254707336426e-01
4.525755345821380615e-01
4.446232914924621582e-01
5.432860851287841797e-01
4.783533513545989990e-01
5.832002162933349609e-01
4.251944422721862793e-01
6.241756677627563477e-01
4.951559901237487793e-01
4.443875849246978760e-01
2.998751103878021240e-01
3.935791552066802979e-01
2.819758951663970947e-01
5.052131414413452148e-01
2.819930911064147949e-01
3.584206402301788330e-01
4.436100125312805176e-01
6.530461311340332031e-01
3.082041740417480469e-01
4.263473153114318848e-01
2.181042730808258057e-01
4.665673971176147461e-01
2.516772747039794922e-01
4.202100038528442383e-01
4.287427663803100586e-01
2.134293615818023682e-01
4.729474484920501709e-01
4.009335637092590332e-01
6.224616765975952148e-01
8.615713715553283691e-01
3.796128034591674805e-01
2.496467530727386475e-01
3.865319490432739258e-01
2.211358547210693359e-01
3.606461584568023682e-01
3.722603023052215576e-01
4.311211407184600830e-01
4.528490900993347168e-01
4.221554398536682129e-01
2.673651278018951416e-01
3.478442728519439697e-01
7.647858858108520508e-01
2.830779850482940674e-01
2.175659537315368652e-01
3.901540935039520264e-01
4.371585249900817871e-01
2.805122435092926025e-01
3.450912237167358398e-01
3.254198133945465088e-01
5.992931127548217773e-01
5.069763064384460449e-01
4.636331200599670410e-01
2.369557023048400879e-01
3.753545284271240234e-01
4.077224731445312500e-01
4.246186912059783936e-01
4.084097743034362793e-01
3.701800704002380371e-01
4.461648464202880859e-01
2.334710508584976196e-01
4.755388498306274414e-01
3.015399575233459473e-01
6.554753184318542480e-01
4.500744938850402832e-01
2.377106845378875732e-01
4.853519499301910400e-01
4.438752532005310059e-01
2.443161755800247192e-01
3.867214322090148926e-01
4.060259163379669189e-01
2.416031360626220703e-01
4.041563570499420166e-01
2.351841926574707031e-01
6.740130186080932617e-01
4.086388647556304932e-01
4.029491543769836426e-01
4.281249642372131348e-01
3.731518983840942383e-01
3.770766556262969971e-01
3.836707174777984619e-01
5.908623933792114258e-01
2.659136056900024414e-01
5.218863487243652344e-01
4.875767230987548828e-01
2.478278577327728271e-01
4.237363636493682861e-01
4.988493919372558594e-01
4.026420116424560547e-01
6.291130185127258301e-01
2.707432508468627930e-01
4.586719870567321777e-01
4.359459877014160156e-01
2.121001183986663818e-01
3.616154789924621582e-01
4.520381391048431396e-01
4.526161849498748779e-01
5.579855442047119141e-01
4.385301470756530762e-01
2.977210581302642822e-01
2.397300004959106445e-01
3.911254405975341797e-01
4.119849205017089844e-01
2.524285018444061279e-01
4.086911976337432861e-01
2.605470418930053711e-01
4.706591367721557617e-01
4.460655152797698975e-01
5.835111737251281738e-01
