1.638447195291519165e-01
9.323722124099731445e-01
1.907329857349395752e-01
3.118427693843841553e-01
3.497602939605712891e-01
1.711824685335159302e-01
1.777054369449615479e-01
1.722771227359771729e-01
2.085681855678558350e-01
6.238658428192138672e-01
2.995088398456573486e-01
1.512330174446105957e-01
3.619898259639739990e-01
2.986133396625518799e-01
7.515056133270263672e-01
6.246632933616638184e-01
3.722699284553527832e-01
3.280231654644012451e-01
1.485169976949691772e-01
2.673901319503784180e-01
3.154521584510803223e-01
3.367522954940795898e-01
1.767055541276931763e-01
3.698282837867736816e-01
4.122608900070190430e-01
2.753530144691467285e-01
3.219489753246307373e-01
2.373947352170944214e-01
6.744326949119567871e-01
1.785299479961395264e-01
5.144634842872619629e-01
2.304073870182037354e-01
1.494081169366836548e-01
2.591826915740966797e-01
2.207678556442260742e-01
1.781981587409973145e-01
2.601329982280731201e-01
1.594548970460891724e-01
2.963700294494628906e-01
3.040329515933990479e-01
5.574913024902343750e-01
2.995848953723907471e-01
1.628690212965011597e-01
1.081822037696838379e+00
2.865315675735473633e-01
4.755895137786865234e-01
1.728603839874267578e-01
3.005692958831787109e-01
2.903686761856079102e-01
1.718541383743286133e-01
3.889153003692626953e-01
1.610192805528640747e-01
2.303507924079895020e-01
3.030928969383239746e-01
1.807210147380828857e-01
3.165334761142730713e-01
2.993516325950622559e-01
4.040064215660095215e-01
3.096086978912353516e-01
1.691654920578002930e-01
1.717089563608169556e-01
4.957055449485778809e-01
9.168318510055541992e-01
3.509823083877563477e-01
1.578645259141921997e-01
1.944743990898132324e-01
1.822878718376159668e-01
6.317042708396911621e-01
3.748216927051544189e-01
7.925472855567932129e-01
3.611307144165039062e-01
2.729430198669433594e-01
7.863756418228149414e-01
1.142498731613159180e+00
2.990199923515319824e-01
1.753575801849365234e-01
7.313845157623291016e-01
3.350174129009246826e-01
5.532734394073486328e-01
1.768000572919845581e-01
1.927978992462158203e-01
1.662960052490234375e-01
5.770890712738037109e-01
3.604404926300048828e-01
1.841483861207962036e-01
1.967625468969345093e-01
3.498824834823608398e-01
2.485407888889312744e-01
3.265575170516967773e-01
2.931435704231262207e-01
3.747315406799316406e-01
1.639204472303390503e-01
1.791918873786926270e-01
2.259968072175979614e-01
1.677300333976745605e-01
1.713913828134536743e-01
1.600602418184280396e-01
3.011962771415710449e-01
1.311971545219421387e-01
1.675869524478912354e-01
3.360989689826965332e-01
2.510634958744049072e-01
1.741725802421569824e-01
5.153739452362060547e-01
2.511177659034729004e-01
1.628023684024810791e-01
3.142672181129455566e-01
1.654312312602996826e-01
2.476039975881576538e-01
1.281944811344146729e-01
1.553978323936462402e-01
3.492943644523620605e-01
4.954825341701507568e-01
2.710476517677307129e-01
4.147251844406127930e-01
1.874267160892486572e-01
3.022887110710144043e-01
5.745804309844970703e-01
2.345171719789505005e-01
2.607210874557495117e-01
2.692023515701293945e-01
4.434701800346374512e-01
4.353963732719421387e-01
2.819968760013580322e-01
3.252472281455993652e-01
3.874101042747497559e-01
3.428583741188049316e-01
2.755059599876403809e-01
1.689794361591339111e-01
6.795635223388671875e-01
3.134304285049438477e-01
5.745811462402343750e-01
2.772065401077270508e-01
3.048708736896514893e-01
3.780483603477478027e-01
2.411593496799468994e-01
1.584172546863555908e-01
2.936008572578430176e-01
1.749034821987152100e-01
3.104803562164306641e-01
1.610461473464965820e-01
3.829919695854187012e-01
4.217761754989624023e-01
6.566230058670043945e-01
4.049438536167144775e-01
4.237398207187652588e-01
1.230911239981651306e-01
2.983968257904052734e-01
2.815926074981689453e-01
1.484836041927337646e-01
2.886196374893188477e-01
4.095126390457153320e-01
6.439929008483886719e-01
1.393125653266906738e-01
3.707793354988098145e-01
1.706458181142807007e-01
2.814028263092041016e-01
6.584800481796264648e-01
2.635965347290039062e-01
8.750818967819213867e-01
2.733973860740661621e-01
3.710118532180786133e-01
2.059806287288665771e-01
1.602496504783630371e-01
1.551023721694946289e-01
1.296128183603286743e-01
2.701598107814788818e-01
4.718945920467376709e-01
1.344739943742752075e-01
1.478615403175354004e-01
2.640531361103057861e-01
4.262168705463409424e-01
2.834332883358001709e-01
1.734033375978469849e-01
2.756920456886291504e-01
1.647537499666213989e-01
3.186236619949340820e-01
1.970310211181640625e-01
1.482483446598052979e-01
3.001283407211303711e-01
4.210156798362731934e-01
1.927264630794525146e-01
2.705786526203155518e-01
2.941373288631439209e-01
2.881553471088409424e-01
1.748406440019607544e-01
3.294115364551544189e-01
1.443670094013214111e-01
3.248619437217712402e-01
4.076516628265380859e-01
4.862694144248962402e-01
4.165434837341308594e-01
2.169974893331527710e-01
5.280804634094238281e-01
1.619179546833038330e-01
4.838056266307830811e-01
3.616986572742462158e-01
2.170079052448272705e-01
2.393628507852554321e-01
2.774376869201660156e-01
2.825898528099060059e-01
1.806915402412414551e-01
1.994322389364242554e-01
1.949837058782577515e-01
2.514389157295227051e-01
2.965407073497772217e-01
4.054120182991027832e-01
2.503955960273742676e-01
2.954624593257904053e-01
1.657132506370544434e-01
3.486497402191162109e-01
1.869929581880569458e-01
2.097675949335098267e-01
3.127735257148742676e-01
1.334369182586669922e-01
2.873776555061340332e-01
1.870928406715393066e-01
1.795375347137451172e-01
2.552517652511596680e-01
1.295655965805053711e-01
7.936049699783325195e-01
1.708551347255706787e-01
2.850371599197387695e-01
2.960166633129119873e-01
1.225386857986450195e-01
3.384954333305358887e-01
2.915212213993072510e-01
2.942058145999908447e-01
2.739074826240539551e-01
2.937157154083251953e-01
1.575552821159362793e-01
2.759292721748352051e-01
3.236984014511108398e-01
2.922950387001037598e-01
1.387176811695098877e-01
3.658600151538848877e-01
3.357268571853637695e-01
3.917420506477355957e-01
2.616251409053802490e-01
2.829169332981109619e-01
5.019958019256591797e-01
1.908157169818878174e-01
2.878679037094116211e-01
1.584019660949707031e-01
3.479955792427062988e-01
2.697692513465881348e-01
1.607302278280258179e-01
1.526834368705749512e-01
2.925858497619628906e-01
2.066352963447570801e-01
3.036800622940063477e-01
1.559265851974487305e-01
2.891404628753662109e-01
6.528759002685546875e-01
1.264089941978454590e-01
3.044875562191009521e-01
2.539943754673004150e-01
4.716561138629913330e-01
4.509875178337097168e-01
1.644515246152877808e-01
1.636577844619750977e-01
4.141315519809722900e-01
4.116597771644592285e-01
4.618049263954162598e-01
2.290456444025039673e-01
3.462495505809783936e-01
2.204061597585678101e-01
2.650138139724731445e-01
4.126527905464172363e-01
2.809612751007080078e-01
2.367618381977081299e-01
1.936765015125274658e-01
8.927544355392456055e-01
1.656898707151412964e-01
2.186597436666488647e-01
3.481710255146026611e-01
9.196265339851379395e-01
1.885085999965667725e-01
2.775003612041473389e-01
4.124792218208312988e-01
1.358666568994522095e-01
3.478206396102905273e-01
2.190691828727722168e-01
4.479074478149414062e-01
2.950292229652404785e-01
3.196339309215545654e-01
1.750185042619705200e-01
1.413192003965377808e-01
4.398904442787170410e-01
1.863251775503158569e-01
1.525806188583374023e-01
1.701979935169219971e-01
5.287827253341674805e-01
1.576811075210571289e-01
1.940417289733886719e-01
3.186916708946228027e-01
1.207509338855743408e-01
1.949410438537597656e-01
1.801850944757461548e-01
2.936887741088867188e-01
3.027497529983520508e-01
2.046445310115814209e-01
2.505177855491638184e-01
4.342363774776458740e-01
3.045734167098999023e-01
3.192900419235229492e-01
2.344781160354614258e-01
1.123892217874526978e-01
1.507684737443923950e-01
1.609842181205749512e-01
4.029374718666076660e-01
1.675883084535598755e-01
2.939916253089904785e-01
3.332163989543914795e-01
4.268745183944702148e-01
1.910966634750366211e-01
1.573578715324401855e-01
2.416629195213317871e-01
1.750165224075317383e-01
2.762795984745025635e-01
1.722279787063598633e-01
2.963547110557556152e-01
2.822982668876647949e-01
4.500906467437744141e-01
1.758431196212768555e-01
1.422974467277526855e-01
4.644685983657836914e-01
1.520643234252929688e-01
2.459012866020202637e-01
2.063196003437042236e-01
1.525605916976928711e-01
1.405068039894104004e-01
3.094010949134826660e-01
3.468232750892639160e-01
2.549996674060821533e-01
3.176093697547912598e-01
3.051684498786926270e-01
1.596025228500366211e-01
3.941507041454315186e-01
3.343587815761566162e-01
2.857543230056762695e-01
2.948884367942810059e-01
1.499533951282501221e-01
5.340155363082885742e-01
1.679892987012863159e-01
2.672193348407745361e-01
2.605804204940795898e-01
2.542024552822113037e-01
2.329861819744110107e-01
1.460228711366653442e-01
3.303700983524322510e-01
2.286173999309539795e-01
3.463552594184875488e-01
2.049025297164916992e-01
3.580711483955383301e-01
1.438483595848083496e-01
1.772184222936630249e-01
1.464066207408905029e-01
2.433916330337524414e-01
2.306025028228759766e-01
2.445275932550430298e-01
2.568718791007995605e-01
4.246538579463958740e-01
5.528048872947692871e-01
1.588262617588043213e-01
4.795789122581481934e-01
1.748519688844680786e-01
2.882949113845825195e-01
6.072576045989990234e-01
1.509240716695785522e-01
1.643741428852081299e-01
4.248385131359100342e-01
1.201966926455497742e-01
3.543729484081268311e-01
1.918973177671432495e-01
1.338599622249603271e-01
1.970235556364059448e-01
3.508954644203186035e-01
5.626428127288818359e-01
1.474920809268951416e-01
1.604601889848709106e-01
3.279584050178527832e-01
1.814119219779968262e-01
1.444820910692214966e-01
2.410061508417129517e-01
1.816575527191162109e-01
2.224284112453460693e-01
1.547753661870956421e-01
3.422942459583282471e-01
3.587010800838470459e-01
1.409143358469009399e-01
1.175451725721359253e-01
1.731359362602233887e-01
3.840643465518951416e-01
2.486660927534103394e-01
2.348687052726745605e-01
1.208397671580314636e-01
2.902198433876037598e-01
3.367834985256195068e-01
1.921039819717407227e-01
4.063470959663391113e-01
3.334987759590148926e-01
1.640995591878890991e-01
7.028067708015441895e-01
1.896242648363113403e-01
1.215787902474403381e-01
2.370980829000473022e-01
2.402061372995376587e-01
1.787801235914230347e-01
3.141477108001708984e-01
3.715042471885681152e-01
4.184884727001190186e-01
1.519999355077743530e-01
1.650338023900985718e-01
3.042597174644470215e-01
2.244589626789093018e-01
1.226744800806045532e-01
1.801770925521850586e-01
1.678758710622787476e-01
3.614841401576995850e-01
2.536062598228454590e-01
3.601637780666351318e-01
2.394289076328277588e-01
6.104409098625183105e-01
1.340856105089187622e-01
4.127012789249420166e-01
3.626220226287841797e-01
5.159939527511596680e-01
2.525714039802551270e-01
2.652669548988342285e-01
1.803817600011825562e-01
7.060812711715698242e-01
3.195742368698120117e-01
1.479588449001312256e-01
4.979835450649261475e-01
1.553595364093780518e-01
2.644917666912078857e-01
2.490929812192916870e-01
1.380000710487365723e-01
1.645007431507110596e-01
3.623691797256469727e-01
1.607475280761718750e-01
2.013409882783889771e-01
3.219900429248809814e-01
5.727810859680175781e-01
5.914899110794067383e-01
3.522340357303619385e-01
1.124200224876403809e-01
1.598410606384277344e-01
3.489161729812622070e-01
1.113512068986892700e-01
2.282351106405258179e-01
3.255335092544555664e-01
1.331695020198822021e-01
4.566231667995452881e-01
1.663242727518081665e-01
2.376120388507843018e-01
2.066218554973602295e-01
3.774052858352661133e-01
1.154264509677886963e-01
3.449298143386840820e-01
1.350485384464263916e-01
2.474052608013153076e-01
2.634525299072265625e-01
3.080274462699890137e-01
2.252687811851501465e-01
2.588489651679992676e-01
4.896382689476013184e-01
2.973643243312835693e-01
1.485816240310668945e-01
2.203957289457321167e-01
1.239965334534645081e-01
1.579515933990478516e-01
2.888998985290527344e-01
2.791485786437988281e-01
4.203857183456420898e-01
1.435559540987014771e-01
2.602617144584655762e-01
2.572944164276123047e-01
4.399947524070739746e-01
2.700822949409484863e-01
1.486748158931732178e-01
2.940127849578857422e-01
2.890711426734924316e-01
3.724140226840972900e-01
2.942413091659545898e-01
1.697596907615661621e-01
2.379099130630493164e-01
1.908068805932998657e-01
3.480038046836853027e-01
2.482823729515075684e-01
2.769784927368164062e-01
1.522280424833297729e-01
2.792255282402038574e-01
3.143501281738281250e-01
5.775254964828491211e-01
4.503774046897888184e-01
1.847534477710723877e-01
1.509907394647598267e-01
3.055763244628906250e-01
3.720492422580718994e-01
1.161053925752639771e-01
2.488251030445098877e-01
3.279354274272918701e-01
1.394105255603790283e-01
4.470567405223846436e-01
1.506874561309814453e-01
1.632528454065322876e-01
3.146224617958068848e-01
1.167357712984085083e-01
1.890711486339569092e-01
2.813407182693481445e-01
3.008872270584106445e-01
1.500543653964996338e-01
3.483642339706420898e-01
3.150073289871215820e-01
2.887782752513885498e-01
3.259029388427734375e-01
3.081865608692169189e-01
3.797118663787841797e-01
1.139035969972610474e-01
2.382002025842666626e-01
4.558758735656738281e-01
2.786245942115783691e-01
3.310760855674743652e-01
2.252595275640487671e-01
4.695026874542236328e-01
1.551507115364074707e-01
6.506527662277221680e-01
4.921813309192657471e-01
3.593811392784118652e-01
1.581935286521911621e-01
1.635276228189468384e-01
1.841534972190856934e-01
1.542963981628417969e-01
3.345183134078979492e-01
1.222788989543914795e-01
2.880177795886993408e-01
2.376738637685775757e-01
2.208721339702606201e-01
2.505564987659454346e-01
3.300662636756896973e-01
1.558089554309844971e-01
1.235915496945381165e-01
3.200441598892211914e-01
2.697626948356628418e-01
4.030297994613647461e-01
1.263158023357391357e-01
1.516533046960830688e-01
1.400434076786041260e-01
3.217329680919647217e-01
1.934754997491836548e-01
3.030214309692382812e-01
2.429832220077514648e-01
2.226855158805847168e-01
2.833220362663269043e-01
2.360024452209472656e-01
1.812055408954620361e-01
1.226198151707649231e-01
2.386955916881561279e-01
2.744138538837432861e-01
2.043662965297698975e-01
3.444896936416625977e-01
3.527697920799255371e-01
5.843260288238525391e-01
6.018675565719604492e-01
2.563899159431457520e-01
2.782780230045318604e-01
2.520655095577239990e-01
3.632966279983520508e-01
2.880434095859527588e-01
3.309622406959533691e-01
1.531340777873992920e-01
2.181220352649688721e-01
3.564506471157073975e-01
5.074925422668457031e-01
3.051140308380126953e-01
3.321851193904876709e-01
6.178613305091857910e-01
1.592506468296051025e-01
2.301419973373413086e-01
1.881009936332702637e-01
6.165208816528320312e-01
1.686488240957260132e-01
3.996388614177703857e-01
2.745010554790496826e-01
1.688995659351348877e-01
2.719644904136657715e-01
3.190578818321228027e-01
4.402362108230590820e-01
1.248254999518394470e-01
3.099910914897918701e-01
2.533242106437683105e-01
2.590842247009277344e-01
2.638513445854187012e-01
2.189868688583374023e-01
2.650462687015533447e-01
3.652814030647277832e-01
1.804736256599426270e-01
3.298858106136322021e-01
3.166067004203796387e-01
1.958286166191101074e-01
6.066359281539916992e-01
1.730864793062210083e-01
2.226044237613677979e-01
1.587945818901062012e-01
1.602938771247863770e-01
5.285710096359252930e-01
4.964705705642700195e-01
1.366990357637405396e-01
2.875232696533203125e-01
3.393224477767944336e-01
3.268789350986480713e-01
1.328232288360595703e-01
3.606066107749938965e-01
2.913610339164733887e-01
3.841402232646942139e-01
1.974698901176452637e-01
3.357927799224853516e-01
1.612265259027481079e-01
2.381176799535751343e-01
3.927844166755676270e-01
3.737398087978363037e-01
3.389343917369842529e-01
2.569694817066192627e-01
1.747766733169555664e-01
2.513358294963836670e-01
3.001960217952728271e-01
1.579860448837280273e-01
2.049153894186019897e-01
4.338808655738830566e-01
6.352900266647338867e-01
3.029738664627075195e-01
3.191755414009094238e-01
3.670388460159301758e-01
2.685732543468475342e-01
1.848118901252746582e-01
1.618851423263549805e-01
2.519651353359222412e-01
1.487859636545181274e-01
3.408119678497314453e-01
2.631189227104187012e-01
3.411981761455535889e-01
2.472745627164840698e-01
3.068166673183441162e-01
1.175069138407707214e-01
2.736602425575256348e-01
2.855819463729858398e-01
2.261509001255035400e-01
2.119881808757781982e-01
3.425651490688323975e-01
2.696310877799987793e-01
1.569892466068267822e-01
1.761343926191329956e-01
2.716743946075439453e-01
2.548213005065917969e-01
5.102669000625610352e-01
1.832552552223205566e-01
4.482768177986145020e-01
1.633314341306686401e-01
1.377757936716079712e-01
3.716563880443572998e-01
1.211250782012939453e+00
2.467386573553085327e-01
2.615057229995727539e-01
1.680695414543151855e-01
2.173132151365280151e-01
2.073884904384613037e-01
2.928286194801330566e-01
2.780543267726898193e-01
2.980195879936218262e-01
3.848892450332641602e-01
3.324544429779052734e-01
2.614688277244567871e-01
5.350999236106872559e-01
4.382078349590301514e-01
2.857606410980224609e-01
2.381038069725036621e-01
2.809352874755859375e-01
3.611016273498535156e-01
1.699403971433639526e-01
1.878982484340667725e-01
2.624673843383789062e-01
2.518426179885864258e-01
1.709530651569366455e-01
2.845082283020019531e-01
3.029187917709350586e-01
1.515718102455139160e-01
2.174069285392761230e-01
8.010258674621582031e-01
3.062555491924285889e-01
2.694483995437622070e-01
2.643007636070251465e-01
1.589732021093368530e-01
3.274376988410949707e-01
1.607677042484283447e-01
2.237769365310668945e-01
1.663310974836349487e-01
6.251417398452758789e-01
2.446205317974090576e-01
4.780972599983215332e-01
1.444519311189651489e-01
2.663889527320861816e-01
2.972638010978698730e-01
2.793455719947814941e-01
3.451498746871948242e-01
1.918781995773315430e-01
2.150250077247619629e-01
4.504144787788391113e-01
4.558828175067901611e-01
1.711633503437042236e-01
2.404242753982543945e-01
9.377291798591613770e-01
2.842181622982025146e-01
2.070848047733306885e-01
1.687802672386169434e-01
2.223388701677322388e-01
3.215021491050720215e-01
4.626050889492034912e-01
1.881947219371795654e-01
1.589034646749496460e-01
3.049418032169342041e-01
2.995989322662353516e-01
2.968775331974029541e-01
2.370812147855758667e-01
4.939057528972625732e-01
2.447978407144546509e-01
2.935951948165893555e-01
2.761135101318359375e-01
1.509019434452056885e-01
1.723511815071105957e-01
3.747868537902832031e-01
3.390025496482849121e-01
2.567557096481323242e-01
1.887839436531066895e-01
2.074111998081207275e-01
1.507940888404846191e-01
3.413431644439697266e-01
3.543765544891357422e-01
3.419227600097656250e-01
2.355309724807739258e-01
5.815930366516113281e-01
1.423748731613159180e-01
3.334963917732238770e-01
1.663040071725845337e-01
1.668174117803573608e-01
3.237878680229187012e-01
3.484889566898345947e-01
3.263663351535797119e-01
3.596256375312805176e-01
3.074556589126586914e-01
2.467407137155532837e-01
2.144021242856979370e-01
2.035747915506362915e-01
1.493156105279922485e-01
1.543099284172058105e-01
1.770887076854705811e-01
3.530047535896301270e-01
1.569326221942901611e-01
2.562453448772430420e-01
1.818109899759292603e-01
1.912429630756378174e-01
1.865534186363220215e-01
2.355089485645294189e-01
1.539442241191864014e-01
2.895284295082092285e-01
3.779956102371215820e-01
1.786044239997863770e-01
1.840434372425079346e-01
2.312652170658111572e-01
2.662820219993591309e-01
6.570923328399658203e-01
2.940498292446136475e-01
1.564046442508697510e-01
3.184507489204406738e-01
1.533220857381820679e-01
2.785030603408813477e-01
1.864118129014968872e-01
3.201880156993865967e-01
2.214917540550231934e-01
3.726162016391754150e-01
1.920969933271408081e-01
2.634415626525878906e-01
2.943220734596252441e-01
4.650633931159973145e-01
3.090238571166992188e-01
3.565482497215270996e-01
3.261283934116363525e-01
2.945057451725006104e-01
1.697336286306381226e-01
1.476773023605346680e-01
2.882834672927856445e-01
1.591167747974395752e-01
2.111674547195434570e-01
2.772726416587829590e-01
3.223168253898620605e-01
2.053605318069458008e-01
1.985324621200561523e-01
3.305438160896301270e-01
1.645686030387878418e-01
4.881730079650878906e-01
2.210157811641693115e-01
1.507931947708129883e-01
1.735828518867492676e-01
1.694101989269256592e-01
3.230422139167785645e-01
3.270928263664245605e-01
4.794592857360839844e-01
2.917464077472686768e-01
3.323680758476257324e-01
1.753593087196350098e-01
2.491809427738189697e-01
1.579665541648864746e-01
2.055768221616744995e-01
1.378080844879150391e-01
3.715995848178863525e-01
1.441522538661956787e-01
4.230935573577880859e-01
2.659227252006530762e-01
2.586703896522521973e-01
2.629200220108032227e-01
4.067983925342559814e-01
1.283044517040252686e-01
3.411821722984313965e-01
4.178856909275054932e-01
1.479788124561309814e-01
1.967975646257400513e-01
2.365075647830963135e-01
2.480260431766510010e-01
2.936050891876220703e-01
4.501399993896484375e-01
2.675743103027343750e-01
1.625221371650695801e-01
1.475383043289184570e-01
6.363475322723388672e-01
1.514821648597717285e-01
2.487757951021194458e-01
2.857634425163269043e-01
3.405436873435974121e-01
1.658682823181152344e-01
6.418058276176452637e-01
2.196769863367080688e-01
5.870761871337890625e-01
2.419811785221099854e-01
1.812641471624374390e-01
3.155889809131622314e-01
2.751225233078002930e-01
2.948464751243591309e-01
5.785436630249023438e-01
2.748644053936004639e-01
2.974062561988830566e-01
3.259086012840270996e-01
3.386939764022827148e-01
3.260083794593811035e-01
2.792358994483947754e-01
2.582992017269134521e-01
1.739437431097030640e-01
3.261913657188415527e-01
1.816278398036956787e-01
1.434183716773986816e-01
3.645895719528198242e-01
3.921645581722259521e-01
1.737958639860153198e-01
2.218094319105148315e-01
4.049685597419738770e-01
2.849330306053161621e-01
2.687406539916992188e-01
3.289727866649627686e-01
1.777800023555755615e-01
1.548345983028411865e-01
3.231042325496673584e-01
3.221509158611297607e-01
1.590227633714675903e-01
4.539038538932800293e-01
3.641831874847412109e-01
1.505180448293685913e-01
2.581841945648193359e-01
1.894506961107254028e-01
1.510763764381408691e-01
2.798736691474914551e-01
2.746794521808624268e-01
1.744452565908432007e-01
4.353577494621276855e-01
2.184833735227584839e-01
3.135833442211151123e-01
2.448339164257049561e-01
2.271719276905059814e-01
6.186541914939880371e-01
2.235727906227111816e-01
2.755728363990783691e-01
1.498681604862213135e-01
2.382773160934448242e-01
2.666738927364349365e-01
1.537562012672424316e-01
5.621427893638610840e-01
5.998313426971435547e-01
2.265524417161941528e-01
3.272268772125244141e-01
3.005796670913696289e-01
2.753746509552001953e-01
3.194041252136230469e-01
8.703683018684387207e-01
2.166365087032318115e-01
6.285750269889831543e-01
3.885551691055297852e-01
2.261428982019424438e-01
1.572781205177307129e-01
1.765774786472320557e-01
1.993194818496704102e-01
5.893409848213195801e-01
1.215996295213699341e-01
3.096162080764770508e-01
3.941119015216827393e-01
5.441756248474121094e-01
3.270020782947540283e-01
1.269543766975402832e-01
4.623989164829254150e-01
2.641373276710510254e-01
1.700792163610458374e-01
2.909823656082153320e-01
2.903181910514831543e-01
4.719130992889404297e-01
1.568496078252792358e-01
2.688602209091186523e-01
2.481354475021362305e-01
1.833500117063522339e-01
6.452742218971252441e-01
1.342504620552062988e-01
5.662628412246704102e-01
1.658687293529510498e-01
3.141394257545471191e-01
1.349141299724578857e-01
1.508077979087829590e-01
6.457633376121520996e-01
3.023224472999572754e-01
1.843443512916564941e-01
4.946519136428833008e-01
1.495683193206787109e-01
4.084985256195068359e-01
1.386851072311401367e-01
5.747569203376770020e-01
2.567204833030700684e-01
3.127513527870178223e-01
2.605727016925811768e-01
3.092693984508514404e-01
5.875670313835144043e-01
1.616411507129669189e-01
2.799874544143676758e-01
3.964804112911224365e-01
2.971008419990539551e-01
3.040320277214050293e-01
1.780713945627212524e-01
2.384550273418426514e-01
2.783814668655395508e-01
1.990356147289276123e-01
4.534304738044738770e-01
1.697446107864379883e-01
1.721764355897903442e-01
1.592033952474594116e-01
2.715097963809967041e-01
1.352476328611373901e-01
1.353655904531478882e-01
2.845863699913024902e-01
1.345306932926177979e-01
4.774641096591949463e-01
3.363682925701141357e-01
1.304388344287872314e-01
2.714151144027709961e-01
2.301007658243179321e-01
1.247279271483421326e-01
2.370277643203735352e-01
5.422561168670654297e-01
1.681587100028991699e-01
4.270921945571899414e-01
1.305200159549713135e-01
3.088228702545166016e-01
1.704096794128417969e-01
2.084948569536209106e-01
1.559046506881713867e-01
2.405492216348648071e-01
2.198790907859802246e-01
3.232472538948059082e-01
3.553420305252075195e-01
1.564775407314300537e-01
1.790228039026260376e-01
1.985899806022644043e-01
2.645789086818695068e-01
2.903186082839965820e-01
5.477840900421142578e-01
1.555179655551910400e-01
1.544480025768280029e-01
6.061935424804687500e-01
5.681611299514770508e-01
7.493433952331542969e-01
5.005759596824645996e-01
2.977249324321746826e-01
3.222425282001495361e-01
2.519510984420776367e-01
1.383129209280014038e-01
4.001057147979736328e-01
1.808495968580245972e-01
1.500157713890075684e-01
6.004056930541992188e-01
2.576412558555603027e-01
1.665400862693786621e-01
1.940512806177139282e-01
1.565674841403961182e-01
3.366920948028564453e-01
1.544871777296066284e-01
1.579049676656723022e-01
2.463081777095794678e-01
2.891131937503814697e-01
1.630738079547882080e-01
2.066056132316589355e-01
4.235459566116333008e-01
3.412810266017913818e-01
5.126650333404541016e-01
2.222598493099212646e-01
3.891122639179229736e-01
3.434970378875732422e-01
2.716311216354370117e-01
3.602542877197265625e-01
1.622629165649414062e-01
3.897854685783386230e-01
1.468846350908279419e-01
3.366249203681945801e-01
2.821286320686340332e-01
3.169477581977844238e-01
1.527459025382995605e-01
2.664871811866760254e-01
2.673153579235076904e-01
5.665665864944458008e-01
2.391303777694702148e-01
3.157583773136138916e-01
1.752564013004302979e-01
3.475120663642883301e-01
1.530535370111465454e-01
3.240113854408264160e-01
2.343252003192901611e-01
2.666442990303039551e-01
1.453538388013839722e-01
2.474482357501983643e-01
2.462289184331893921e-01
4.171212315559387207e-01
1.440709382295608521e-01
1.667468249797821045e-01
2.471521496772766113e-01
1.192572414875030518e-01
2.905033528804779053e-01
1.495151221752166748e-01
1.611362844705581665e-01
1.470564305782318115e-01
2.495064288377761841e-01
1.173406466841697693e-01
2.813663482666015625e-01
2.706857919692993164e-01
5.782928466796875000e-01
4.472360014915466309e-01
2.831359207630157471e-01
4.231186509132385254e-01
2.567204236984252930e-01
1.761427223682403564e-01
1.436090469360351562e-01
5.313411951065063477e-01
3.011138141155242920e-01
3.362109661102294922e-01
4.223100543022155762e-01
1.335838437080383301e-01
2.646687626838684082e-01
1.547050476074218750e-01
4.871236681938171387e-01
1.681108325719833374e-01
5.274325609207153320e-01
2.713739275932312012e-01
2.685933709144592285e-01
3.752580285072326660e-01
2.202925831079483032e-01
3.057651519775390625e-01
1.555223912000656128e-01
1.704003363847732544e-01
2.934890389442443848e-01
2.436881363391876221e-01
3.394244611263275146e-01
5.815737247467041016e-01
2.821144461631774902e-01
2.378738969564437866e-01
3.578997850418090820e-01
4.567732512950897217e-01
1.319253295660018921e-01
1.332672536373138428e-01
2.933657169342041016e-01
1.726845353841781616e-01
2.630442380905151367e-01
3.577713370323181152e-01
4.575669467449188232e-01
2.254972904920578003e-01
3.448031842708587646e-01
3.023288846015930176e-01
1.643576025962829590e-01
1.910566389560699463e-01
2.180907130241394043e-01
2.833974063396453857e-01
2.924376130104064941e-01
2.714864909648895264e-01
1.774091869592666626e-01
3.228379189968109131e-01
3.300485312938690186e-01
2.833839058876037598e-01
2.117143422365188599e-01
2.838905751705169678e-01
3.204176425933837891e-01
1.442435532808303833e-01
1.756675392389297485e-01
1.374517381191253662e-01
3.991978764533996582e-01
1.455858349800109863e-01
3.489036858081817627e-01
5.924318432807922363e-01
1.491359472274780273e-01
2.847754657268524170e-01
2.569237351417541504e-01
3.350195586681365967e-01
3.124219179153442383e-01
2.698298692703247070e-01
3.031390011310577393e-01
4.351770281791687012e-01
1.328243464231491089e-01
2.553883790969848633e-01
2.360868155956268311e-01
2.879699170589447021e-01
1.658587753772735596e-01
3.996678590774536133e-01
3.478611111640930176e-01
1.366179287433624268e-01
3.665213286876678467e-01
3.490906357765197754e-01
1.648651659488677979e-01
2.898653745651245117e-01
2.527343630790710449e-01
2.659637331962585449e-01
2.257302701473236084e-01
4.235472083091735840e-01
7.363601326942443848e-01
1.494826674461364746e-01
1.841302663087844849e-01
3.330536186695098877e-01
5.419936180114746094e-01
1.779727488756179810e-01
4.102412164211273193e-01
1.890675425529479980e-01
2.093916237354278564e-01
4.695603251457214355e-01
2.637242376804351807e-01
2.231674641370773315e-01
2.385955899953842163e-01
3.019687831401824951e-01
1.572684198617935181e-01
2.180186510086059570e-01
5.862124562263488770e-01
3.187806308269500732e-01
2.280795276165008545e-01
1.217423900961875916e-01
1.537778675556182861e-01
4.015760421752929688e-01
2.680675387382507324e-01
1.404082477092742920e-01
2.375847846269607544e-01
1.605737656354904175e-01
3.429687023162841797e-01
2.177865058183670044e-01
6.604630351066589355e-01
1.614153534173965454e-01
1.914734542369842529e-01
4.394796788692474365e-01
1.963397413492202759e-01
2.598332166671752930e-01
4.549420773983001709e-01
4.901705086231231689e-01
2.041441202163696289e-01
1.403737366199493408e-01
1.451849937438964844e-01
2.905325293540954590e-01
3.343821763992309570e-01
1.598253846168518066e-01
1.468129456043243408e-01
1.998783349990844727e-01
4.173942506313323975e-01
3.034865856170654297e-01
1.753386557102203369e-01
1.192669123411178589e-01
3.221710920333862305e-01
3.215666711330413818e-01
5.488376617431640625e-01
4.765252172946929932e-01
1.504103094339370728e-01
3.357923626899719238e-01
3.465141057968139648e-01
2.711084485054016113e-01
2.607012689113616943e-01
1.306770443916320801e-01
2.933244109153747559e-01
1.459819078445434570e-01
3.349860012531280518e-01
2.825716435909271240e-01
6.054905652999877930e-01
3.287838995456695557e-01
2.695417106151580811e-01
5.248392820358276367e-01
3.666773438453674316e-01
2.949494123458862305e-01
2.392002344131469727e-01
1.875407099723815918e-01
1.782095730304718018e-01
1.590102314949035645e-01
1.787869930267333984e-01
1.906322091817855835e-01
2.669494450092315674e-01
3.220932781696319580e-01
1.791769862174987793e-01
4.452715516090393066e-01
2.284267097711563110e-01
5.412167310714721680e-01
2.643671035766601562e-01
6.805066466331481934e-01
1.431794166564941406e-01
3.077639937400817871e-01
4.116162955760955811e-01
2.373785078525543213e-01
2.152329385280609131e-01
1.693018525838851929e-01
2.678172588348388672e-01
1.452475637197494507e-01
2.471099346876144409e-01
2.885189950466156006e-01
1.461996734142303467e-01
1.573197245597839355e-01
2.190636992454528809e-01
3.090474605560302734e-01
2.825307250022888184e-01
2.613371014595031738e-01
4.384296536445617676e-01
2.153285145759582520e-01
2.072076052427291870e-01
1.576788425445556641e-01
1.617987453937530518e-01
1.701510399580001831e-01
2.925523221492767334e-01
2.845233678817749023e-01
3.275671303272247314e-01
2.666486203670501709e-01
2.206991016864776611e-01
9.284003973007202148e-01
1.705407202243804932e-01
2.240444719791412354e-01
3.282089829444885254e-01
3.675805330276489258e-01
2.957741022109985352e-01
2.711308002471923828e-01
1.987708806991577148e-01
6.360166072845458984e-01
1.701538562774658203e-01
3.121613264083862305e-01
1.669876724481582642e-01
1.273694485425949097e-01
3.198083043098449707e-01
2.115584313869476318e-01
2.533612549304962158e-01
5.997644662857055664e-01
2.382063120603561401e-01
1.480398178100585938e-01
1.401647031307220459e-01
1.649845093488693237e-01
2.475656718015670776e-01
1.994707584381103516e-01
1.544725298881530762e-01
2.648245096206665039e-01
1.369582265615463257e-01
5.648195743560791016e-01
1.703175008296966553e-01
2.597113549709320068e-01
2.019301205873489380e-01
6.040601730346679688e-01
3.148339986801147461e-01
1.351249217987060547e-01
2.573593258857727051e-01
1.419088244438171387e-01
2.412495613098144531e-01
1.471492946147918701e-01
1.835319697856903076e-01
6.125468015670776367e-01
2.918388843536376953e-01
2.439225465059280396e-01
3.129191994667053223e-01
3.651923537254333496e-01
3.453226685523986816e-01
3.915796279907226562e-01
2.750771343708038330e-01
1.405755281448364258e-01
3.020272254943847656e-01
2.437722533941268921e-01
3.193387091159820557e-01
1.756883859634399414e-01
2.875401079654693604e-01
