1.120406687259674072e-01
1.136882677674293518e-01
1.221946477890014648e-01
1.170801743865013123e-01
1.206834688782691956e-01
1.371002346277236938e-01
1.183095350861549377e-01
1.318272501230239868e-01
1.299366205930709839e-01
1.235818490386009216e-01
1.250265687704086304e-01
1.254305094480514526e-01
1.185828745365142822e-01
1.189500018954277039e-01
1.352472752332687378e-01
1.377016454935073853e-01
1.311775892972946167e-01
1.184753701090812683e-01
1.093858107924461365e-01
1.189452707767486572e-01
1.243113875389099121e-01
1.143363937735557556e-01
1.164590939879417419e-01
1.185162663459777832e-01
1.172898784279823303e-01
1.210975721478462219e-01
1.310541927814483643e-01
1.232064142823219299e-01
1.183736398816108704e-01
1.151946261525154114e-01
1.162709295749664307e-01
1.175019741058349609e-01
1.092489585280418396e-01
1.187526360154151917e-01
1.276606768369674683e-01
1.320253610610961914e-01
1.385395079851150513e-01
1.204089149832725525e-01
1.474632471799850464e-01
1.210345253348350525e-01
1.262845396995544434e-01
1.169620379805564880e-01
1.228750348091125488e-01
1.141283288598060608e-01
1.191310063004493713e-01
1.253371536731719971e-01
1.252958774566650391e-01
1.177084669470787048e-01
1.125965490937232971e-01
1.177804470062255859e-01
1.220285668969154358e-01
1.195327341556549072e-01
1.169969215989112854e-01
1.151384189724922180e-01
1.291643977165222168e-01
1.224524751305580139e-01
1.226876974105834961e-01
1.230677142739295959e-01
1.199382022023200989e-01
1.189898848533630371e-01
1.205070391297340393e-01
1.403017193078994751e-01
1.132128164172172546e-01
1.238117814064025879e-01
1.288316845893859863e-01
1.218358501791954041e-01
1.185635700821876526e-01
1.194440498948097229e-01
1.228609606623649597e-01
1.175585165619850159e-01
1.205497384071350098e-01
1.242491975426673889e-01
1.180000081658363342e-01
1.265994310379028320e-01
1.152587160468101501e-01
1.296759247779846191e-01
1.168246269226074219e-01
1.225932464003562927e-01
1.144617199897766113e-01
1.260897368192672729e-01
1.177597045898437500e-01
1.276323795318603516e-01
1.252287626266479492e-01
1.228180006146430969e-01
1.159245148301124573e-01
1.189099177718162537e-01
1.296043545007705688e-01
1.265075355768203735e-01
1.639999300241470337e-01
1.304540485143661499e-01
1.323332935571670532e-01
1.251053363084793091e-01
1.169430017471313477e-01
1.218341961503028870e-01
1.179996654391288757e-01
1.263301372528076172e-01
1.181829646229743958e-01
1.233966648578643799e-01
1.477871984243392944e-01
1.188175305724143982e-01
1.872938424348831177e-01
1.178478375077247620e-01
1.162973269820213318e-01
1.303992420434951782e-01
1.265605688095092773e-01
1.305136829614639282e-01
1.188612952828407288e-01
1.256669312715530396e-01
1.434369832277297974e-01
1.227935180068016052e-01
1.248570904135704041e-01
1.322760879993438721e-01
1.314035207033157349e-01
1.195443272590637207e-01
1.241148710250854492e-01
1.171559616923332214e-01
1.149058714509010315e-01
1.142264232039451599e-01
1.176306977868080139e-01
1.129083260893821716e-01
1.311684995889663696e-01
1.175986006855964661e-01
1.157531216740608215e-01
1.323774307966232300e-01
1.135405078530311584e-01
1.284497231245040894e-01
1.245152354240417480e-01
1.174892559647560120e-01
1.229718551039695740e-01
1.393664628267288208e-01
1.301700025796890259e-01
1.160545349121093750e-01
1.227883100509643555e-01
1.374673843383789062e-01
1.182131171226501465e-01
1.274978369474411011e-01
1.219243481755256653e-01
1.193255484104156494e-01
1.182593405246734619e-01
1.221061274409294128e-01
1.367188543081283569e-01
1.246263310313224792e-01
1.383955478668212891e-01
1.093886271119117737e-01
1.142796277999877930e-01
1.198278665542602539e-01
1.210318207740783691e-01
1.303708106279373169e-01
1.206681132316589355e-01
1.191474199295043945e-01
1.189842894673347473e-01
1.213043928146362305e-01
1.191287934780120850e-01
1.183082386851310730e-01
1.186741366982460022e-01
1.166058778762817383e-01
1.241790652275085449e-01
1.271325349807739258e-01
1.177774369716644287e-01
1.212154850363731384e-01
1.225124076008796692e-01
1.300863325595855713e-01
1.283957511186599731e-01
1.314919143915176392e-01
1.231333538889884949e-01
1.286006569862365723e-01
1.147577539086341858e-01
1.118034943938255310e-01
1.123317107558250427e-01
1.204054728150367737e-01
1.247217878699302673e-01
1.214349344372749329e-01
1.186624094843864441e-01
1.285628378391265869e-01
1.274254173040390015e-01
1.392355859279632568e-01
1.280978471040725708e-01
1.462597995996475220e-01
1.277494579553604126e-01
1.198816895484924316e-01
1.321779787540435791e-01
1.197666898369789124e-01
1.176306530833244324e-01
1.197468563914299011e-01
1.207103729248046875e-01
1.202910318970680237e-01
1.246148720383644104e-01
1.384810358285903931e-01
1.209737434983253479e-01
1.456636339426040649e-01
1.454324722290039062e-01
1.303839832544326782e-01
1.181308627128601074e-01
1.287789493799209595e-01
1.223873868584632874e-01
1.240495443344116211e-01
1.172387301921844482e-01
1.185062155127525330e-01
1.290599256753921509e-01
1.196905672550201416e-01
1.115800365805625916e-01
1.238558366894721985e-01
1.150917038321495056e-01
1.227685809135437012e-01
1.347573399543762207e-01
1.178002730011940002e-01
1.189920008182525635e-01
1.183371245861053467e-01
1.245623603463172913e-01
1.157693341374397278e-01
1.213373616337776184e-01
1.283759176731109619e-01
1.166759803891181946e-01
1.148562431335449219e-01
1.230420693755149841e-01
1.191099807620048523e-01
1.143701300024986267e-01
1.286083906888961792e-01
1.199378967285156250e-01
1.195233687758445740e-01
1.199660077691078186e-01
1.179942712187767029e-01
1.128205284476280212e-01
1.398719996213912964e-01
1.273511648178100586e-01
1.145391240715980530e-01
1.193237826228141785e-01
1.264183670282363892e-01
1.220209598541259766e-01
1.189992800354957581e-01
1.154440417885780334e-01
1.232857927680015564e-01
1.265729516744613647e-01
1.099654510617256165e-01
1.263548880815505981e-01
1.176865473389625549e-01
1.281480789184570312e-01
1.212886273860931396e-01
1.141569390892982483e-01
1.149764657020568848e-01
1.276187449693679810e-01
1.221797093749046326e-01
1.245673000812530518e-01
1.214550435543060303e-01
1.178247928619384766e-01
1.150364503264427185e-01
1.243774667382240295e-01
1.196809113025665283e-01
1.264280527830123901e-01
1.189580485224723816e-01
1.188437566161155701e-01
1.235821545124053955e-01
1.174839362502098083e-01
1.341813653707504272e-01
1.228727325797080994e-01
1.166521981358528137e-01
1.430130153894424438e-01
1.175808906555175781e-01
1.154425740242004395e-01
1.205242648720741272e-01
1.252978593111038208e-01
1.299501061439514160e-01
1.254937499761581421e-01
1.225584968924522400e-01
1.133381724357604980e-01
1.194210052490234375e-01
1.249750778079032898e-01
1.183861121535301208e-01
1.285854279994964600e-01
1.116590872406959534e-01
1.240743026137351990e-01
1.196311488747596741e-01
1.221485510468482971e-01
1.215861514210700989e-01
1.222193464636802673e-01
1.510538905858993530e-01
1.252776980400085449e-01
1.226458847522735596e-01
1.260090619325637817e-01
1.171294748783111572e-01
1.142890453338623047e-01
1.189681068062782288e-01
1.147287115454673767e-01
1.318219304084777832e-01
1.178382262587547302e-01
1.216822341084480286e-01
1.210709735751152039e-01
1.315981745719909668e-01
1.244354248046875000e-01
1.118236407637596130e-01
1.237968429923057556e-01
1.161338686943054199e-01
1.184886097908020020e-01
1.351600736379623413e-01
1.151899769902229309e-01
1.294476538896560669e-01
1.374982744455337524e-01
1.266402155160903931e-01
1.156532168388366699e-01
1.401858180761337280e-01
1.157207861542701721e-01
1.191357374191284180e-01
1.184329763054847717e-01
1.179110035300254822e-01
1.186579838395118713e-01
1.133436188101768494e-01
1.209812834858894348e-01
1.171656474471092224e-01
1.202639341354370117e-01
1.223117709159851074e-01
1.179655194282531738e-01
1.214034482836723328e-01
1.401825249195098877e-01
1.196231320500373840e-01
1.195763945579528809e-01
1.236869171261787415e-01
1.218142285943031311e-01
1.167451962828636169e-01
1.166198626160621643e-01
1.306098848581314087e-01
1.140732169151306152e-01
1.249166131019592285e-01
1.143474653363227844e-01
1.240872368216514587e-01
1.122271344065666199e-01
1.283558756113052368e-01
1.207586154341697693e-01
1.313379555940628052e-01
1.233465746045112610e-01
1.225078478455543518e-01
1.211493387818336487e-01
1.130922511219978333e-01
1.129537001252174377e-01
1.293474286794662476e-01
1.228420808911323547e-01
1.267330497503280640e-01
1.168723478913307190e-01
1.182394996285438538e-01
1.161831915378570557e-01
1.124190092086791992e-01
1.237220168113708496e-01
1.165506318211555481e-01
1.231061816215515137e-01
1.083907112479209900e-01
1.434532850980758667e-01
1.158611252903938293e-01
1.184502840042114258e-01
1.147780418395996094e-01
1.170265600085258484e-01
1.130140721797943115e-01
1.272784471511840820e-01
1.219614371657371521e-01
1.250311285257339478e-01
1.220754012465476990e-01
1.165009438991546631e-01
1.141800880432128906e-01
1.156559884548187256e-01
1.307053416967391968e-01
1.200069487094879150e-01
1.165298223495483398e-01
1.237604394555091858e-01
1.186388507485389709e-01
1.154766455292701721e-01
1.115199699997901917e-01
1.145363450050354004e-01
1.350397616624832153e-01
1.139680221676826477e-01
1.185315251350402832e-01
1.226691082119941711e-01
1.063550710678100586e-01
1.272423416376113892e-01
1.271652430295944214e-01
1.280413717031478882e-01
1.307023465633392334e-01
1.143487989902496338e-01
1.371349394321441650e-01
1.227707639336585999e-01
1.136147677898406982e-01
1.158867552876472473e-01
1.181511506438255310e-01
1.142459288239479065e-01
1.174563243985176086e-01
1.171240806579589844e-01
1.252726316452026367e-01
1.151002049446105957e-01
1.298873573541641235e-01
1.101160421967506409e-01
1.150694191455841064e-01
1.281793862581253052e-01
1.267754882574081421e-01
1.202115938067436218e-01
1.167124211788177490e-01
1.221513375639915466e-01
1.251742988824844360e-01
1.143528819084167480e-01
1.235657930374145508e-01
1.228191629052162170e-01
1.154158487915992737e-01
1.202281713485717773e-01
1.270043998956680298e-01
1.203030124306678772e-01
1.224236413836479187e-01
1.132857277989387512e-01
1.201778948307037354e-01
1.190854310989379883e-01
1.139990910887718201e-01
1.128824576735496521e-01
1.219573542475700378e-01
1.202900707721710205e-01
1.238580271601676941e-01
1.181610301136970520e-01
1.205644384026527405e-01
1.231532171368598938e-01
1.199781894683837891e-01
1.216804906725883484e-01
1.310177296400070190e-01
1.211868152022361755e-01
1.114592328667640686e-01
1.247955039143562317e-01
1.175835058093070984e-01
1.118324175477027893e-01
1.117352023720741272e-01
1.149311438202857971e-01
1.194510683417320251e-01
1.473492980003356934e-01
1.208966150879859924e-01
1.388327330350875854e-01
1.255409121513366699e-01
1.108375713229179382e-01
1.244813874363899231e-01
1.217634901404380798e-01
1.168239340186119080e-01
1.277700066566467285e-01
1.210340037941932678e-01
1.194708123803138733e-01
1.208770796656608582e-01
1.180769130587577820e-01
1.209361255168914795e-01
1.235610246658325195e-01
1.186482980847358704e-01
1.129242405295372009e-01
1.173951998353004456e-01
1.171121969819068909e-01
1.278010159730911255e-01
1.108144000172615051e-01
1.222584024071693420e-01
1.205636039376258850e-01
1.290111392736434937e-01
1.172299683094024658e-01
1.208673343062400818e-01
1.222895160317420959e-01
1.192611828446388245e-01
1.237040981650352478e-01
1.163810119032859802e-01
1.264258474111557007e-01
1.182595267891883850e-01
1.302092820405960083e-01
1.280534565448760986e-01
1.153663694858551025e-01
1.161682307720184326e-01
1.209052577614784241e-01
1.246781051158905029e-01
1.193896532058715820e-01
1.244933307170867920e-01
1.359047591686248779e-01
1.151962056756019592e-01
1.158025637269020081e-01
1.201405897736549377e-01
1.203647479414939880e-01
1.364054381847381592e-01
1.125906705856323242e-01
1.517318040132522583e-01
1.246137022972106934e-01
1.268053054809570312e-01
1.045276895165443420e-01
1.244260296225547791e-01
1.238249018788337708e-01
1.265413761138916016e-01
1.204299703240394592e-01
1.186397075653076172e-01
1.208101436495780945e-01
1.142160594463348389e-01
1.203369796276092529e-01
1.196016371250152588e-01
1.218758150935173035e-01
1.269362866878509521e-01
1.164319515228271484e-01
1.246835216879844666e-01
1.259456276893615723e-01
1.234258934855461121e-01
1.227989792823791504e-01
1.152772605419158936e-01
1.168419420719146729e-01
1.107225641608238220e-01
1.139099672436714172e-01
1.230047866702079773e-01
1.192555725574493408e-01
1.213529184460639954e-01
1.139328256249427795e-01
1.271590292453765869e-01
1.119414567947387695e-01
1.217107102274894714e-01
1.185655519366264343e-01
1.124995127320289612e-01
1.298988461494445801e-01
1.247738897800445557e-01
1.230379417538642883e-01
1.108596026897430420e-01
1.121624782681465149e-01
1.362562775611877441e-01
1.106117144227027893e-01
1.152800321578979492e-01
1.281110793352127075e-01
1.197688952088356018e-01
1.253180056810379028e-01
1.263830661773681641e-01
1.290381401777267456e-01
1.187505498528480530e-01
1.165395677089691162e-01
1.186311244964599609e-01
1.207413673400878906e-01
1.124784350395202637e-01
1.250206679105758667e-01
1.172859445214271545e-01
1.153426393866539001e-01
1.234066411852836609e-01
1.217104494571685791e-01
1.190150603652000427e-01
1.562323123216629028e-01
1.252679973840713501e-01
1.204111054539680481e-01
1.172956600785255432e-01
1.185332462191581726e-01
1.159003674983978271e-01
1.273214370012283325e-01
1.158680617809295654e-01
1.222049370408058167e-01
1.270953267812728882e-01
1.207663044333457947e-01
1.349187493324279785e-01
1.191233471035957336e-01
1.223470196127891541e-01
1.171181276440620422e-01
1.210333108901977539e-01
1.226905062794685364e-01
1.206110715866088867e-01
1.266227364540100098e-01
1.134690269827842712e-01
1.210685297846794128e-01
1.367133408784866333e-01
1.095821559429168701e-01
1.203800514340400696e-01
1.193928942084312439e-01
1.385015100240707397e-01
1.147134602069854736e-01
1.216480657458305359e-01
1.181297525763511658e-01
1.234360411763191223e-01
1.197250261902809143e-01
1.168255209922790527e-01
1.152668520808219910e-01
1.279950588941574097e-01
1.198555529117584229e-01
1.224687322974205017e-01
1.268495172262191772e-01
1.190395876765251160e-01
1.308318823575973511e-01
1.157534196972846985e-01
1.234423890709877014e-01
1.173551082611083984e-01
1.138009056448936462e-01
1.327917426824569702e-01
1.567028611898422241e-01
1.262658387422561646e-01
1.219691410660743713e-01
1.231827139854431152e-01
1.228069663047790527e-01
1.176214441657066345e-01
1.181566342711448669e-01
1.123743876814842224e-01
1.180381774902343750e-01
1.180137768387794495e-01
1.248195990920066833e-01
1.218827143311500549e-01
1.133182048797607422e-01
1.299675554037094116e-01
1.386505514383316040e-01
1.194512546062469482e-01
1.226906180381774902e-01
1.542932242155075073e-01
1.181598529219627380e-01
1.164370179176330566e-01
1.125240400433540344e-01
1.158974543213844299e-01
1.489458829164505005e-01
1.318963766098022461e-01
1.431531310081481934e-01
1.141511574387550354e-01
1.225357279181480408e-01
1.175693497061729431e-01
1.257371753454208374e-01
1.234314218163490295e-01
1.433750987052917480e-01
1.307076513767242432e-01
1.166103556752204895e-01
1.136184111237525940e-01
1.268874555826187134e-01
1.278262138366699219e-01
1.207329630851745605e-01
1.229099407792091370e-01
1.081547141075134277e-01
1.064536347985267639e-01
1.205908730626106262e-01
1.363179683685302734e-01
1.298043727874755859e-01
1.269775927066802979e-01
1.349602937698364258e-01
1.316647529602050781e-01
1.276228129863739014e-01
1.317892819643020630e-01
1.185123622417449951e-01
1.211597397923469543e-01
1.201988980174064636e-01
1.298987865447998047e-01
1.235739886760711670e-01
1.170445904135704041e-01
1.159062162041664124e-01
1.246945858001708984e-01
1.128983497619628906e-01
1.293672025203704834e-01
1.143645271658897400e-01
1.219636276364326477e-01
1.172584891319274902e-01
1.272077411413192749e-01
1.299295872449874878e-01
1.200262233614921570e-01
1.286256760358810425e-01
1.140856221318244934e-01
1.188670396804809570e-01
1.242921128869056702e-01
1.304131448268890381e-01
1.190201938152313232e-01
1.114479973912239075e-01
1.142961159348487854e-01
1.238913014531135559e-01
1.256899088621139526e-01
1.359132975339889526e-01
1.114036217331886292e-01
1.092696562409400940e-01
1.241345703601837158e-01
1.126954928040504456e-01
1.185972169041633606e-01
1.256636977195739746e-01
1.280988901853561401e-01
1.406913250684738159e-01
1.205989122390747070e-01
1.187582388520240784e-01
1.144374608993530273e-01
1.098565384745597839e-01
1.318371891975402832e-01
1.181434467434883118e-01
1.171761676669120789e-01
1.211246252059936523e-01
1.126701831817626953e-01
1.310376077890396118e-01
1.225321665406227112e-01
1.228279247879981995e-01
1.371797621250152588e-01
1.199680045247077942e-01
1.243722438812255859e-01
1.165294721722602844e-01
1.089148446917533875e-01
1.174517571926116943e-01
1.155391633510589600e-01
1.260945945978164673e-01
1.162452027201652527e-01
1.232148334383964539e-01
1.794063448905944824e-01
1.272497028112411499e-01
1.153678894042968750e-01
1.274078339338302612e-01
1.157367751002311707e-01
1.290870606899261475e-01
1.739327758550643921e-01
1.270317137241363525e-01
1.198903545737266541e-01
1.287881582975387573e-01
1.219103038311004639e-01
1.293711811304092407e-01
1.252898573875427246e-01
1.229101717472076416e-01
1.168677136301994324e-01
1.281534135341644287e-01
1.160117164254188538e-01
1.245320141315460205e-01
1.202046200633049011e-01
1.176180168986320496e-01
1.221128702163696289e-01
1.360924839973449707e-01
1.276197433471679688e-01
1.178572773933410645e-01
1.227912306785583496e-01
1.159534230828285217e-01
1.486553102731704712e-01
1.130183115601539612e-01
1.172572448849678040e-01
1.210267543792724609e-01
1.270524412393569946e-01
1.292493939399719238e-01
1.277426034212112427e-01
1.239717006683349609e-01
1.226420328021049500e-01
1.145573481917381287e-01
1.207916811108589172e-01
1.314194947481155396e-01
1.153688356280326843e-01
1.248009204864501953e-01
1.221858635544776917e-01
1.287019401788711548e-01
1.155867874622344971e-01
1.312433779239654541e-01
1.217621043324470520e-01
1.170377358794212341e-01
1.398854106664657593e-01
1.194592714309692383e-01
1.182072833180427551e-01
1.275745481252670288e-01
1.244664788246154785e-01
1.278672963380813599e-01
1.173120364546775818e-01
1.232117041945457458e-01
1.246594786643981934e-01
1.370792239904403687e-01
1.237830594182014465e-01
1.271592527627944946e-01
1.219899281859397888e-01
1.255521327257156372e-01
1.171150207519531250e-01
1.294522732496261597e-01
1.351535469293594360e-01
1.180455610156059265e-01
1.234527304768562317e-01
1.199093833565711975e-01
1.271514743566513062e-01
1.144611611962318420e-01
1.192696020007133484e-01
1.171701774001121521e-01
1.155353561043739319e-01
1.209516003727912903e-01
1.218382120132446289e-01
1.259690970182418823e-01
1.194548010826110840e-01
1.285113841295242310e-01
1.285131722688674927e-01
1.116953119635581970e-01
1.187193095684051514e-01
1.297585219144821167e-01
1.288475245237350464e-01
1.138600185513496399e-01
1.324584335088729858e-01
1.131188198924064636e-01
1.300375014543533325e-01
1.166814565658569336e-01
1.222617402672767639e-01
1.279730498790740967e-01
1.209846809506416321e-01
1.207776889204978943e-01
1.139851585030555725e-01
1.228339448571205139e-01
1.233537793159484863e-01
1.377214193344116211e-01
1.190276518464088440e-01
1.189649775624275208e-01
1.218496337532997131e-01
1.283270865678787231e-01
1.250388026237487793e-01
1.151008829474449158e-01
1.379687935113906860e-01
1.161047518253326416e-01
1.107895001769065857e-01
1.225333139300346375e-01
1.340947151184082031e-01
1.143005266785621643e-01
1.258886307477951050e-01
1.238357126712799072e-01
1.542142480611801147e-01
1.168952956795692444e-01
1.298480480909347534e-01
1.456822156906127930e-01
1.208409667015075684e-01
1.129478588700294495e-01
1.173444315791130066e-01
1.328268200159072876e-01
1.156269684433937073e-01
1.321439892053604126e-01
1.276905089616775513e-01
1.207292452454566956e-01
1.233773455023765564e-01
1.232622042298316956e-01
1.195616722106933594e-01
1.211859211325645447e-01
1.152636781334877014e-01
1.180670857429504395e-01
1.247320696711540222e-01
1.124503016471862793e-01
1.215017661452293396e-01
1.347258985042572021e-01
1.117714717984199524e-01
1.218233630061149597e-01
1.178471148014068604e-01
1.076640412211418152e-01
1.216003596782684326e-01
1.139690354466438293e-01
1.212409511208534241e-01
1.204423531889915466e-01
1.212239041924476624e-01
1.254235059022903442e-01
1.134885475039482117e-01
1.170930489897727966e-01
1.213335096836090088e-01
1.311136633157730103e-01
1.220003440976142883e-01
1.288904994726181030e-01
1.163254603743553162e-01
1.125065013766288757e-01
1.282477676868438721e-01
1.263544261455535889e-01
1.318047791719436646e-01
1.196214780211448669e-01
1.137793138623237610e-01
1.162240505218505859e-01
1.212153732776641846e-01
1.157068982720375061e-01
1.190892532467842102e-01
1.305552273988723755e-01
1.206749901175498962e-01
1.216635704040527344e-01
1.078793182969093323e-01
1.349799931049346924e-01
1.261406093835830688e-01
1.161673739552497864e-01
1.213824450969696045e-01
1.246793642640113831e-01
1.154923215508460999e-01
1.378789395093917847e-01
1.237483248114585876e-01
1.285405606031417847e-01
1.171555146574974060e-01
1.261358261108398438e-01
1.229205653071403503e-01
1.320063471794128418e-01
1.299722492694854736e-01
1.185127869248390198e-01
1.255674362182617188e-01
1.236983314156532288e-01
1.193382516503334045e-01
1.177445426583290100e-01
1.202787980437278748e-01
1.160948053002357483e-01
1.114100590348243713e-01
1.244734749197959900e-01
1.131685897707939148e-01
1.116722598671913147e-01
1.254021376371383667e-01
1.173283979296684265e-01
1.204174086451530457e-01
1.269459724426269531e-01
1.224573329091072083e-01
1.274096667766571045e-01
1.183917820453643799e-01
1.273291409015655518e-01
1.565332263708114624e-01
1.211453303694725037e-01
1.193402111530303955e-01
1.095268130302429199e-01
1.168436333537101746e-01
1.179763600230216980e-01
1.216021701693534851e-01
1.267397403717041016e-01
1.240557655692100525e-01
1.259377598762512207e-01
1.203858554363250732e-01
1.137038841843605042e-01
1.226174309849739075e-01
1.209590360522270203e-01
1.343756765127182007e-01
1.198668777942657471e-01
1.687996387481689453e-01
1.182279810309410095e-01
1.194600686430931091e-01
1.394857615232467651e-01
1.142073497176170349e-01
1.196590736508369446e-01
1.318662166595458984e-01
1.270726621150970459e-01
1.187086775898933411e-01
1.203409954905509949e-01
1.169170513749122620e-01
1.194052174687385559e-01
1.116079986095428467e-01
1.317190676927566528e-01
1.229523643851280212e-01
1.199398711323738098e-01
1.185656860470771790e-01
1.545071154832839966e-01
1.274342685937881470e-01
1.577405482530593872e-01
1.231157779693603516e-01
1.203354373574256897e-01
1.269319206476211548e-01
1.175245419144630432e-01
1.290819644927978516e-01
1.137941107153892517e-01
1.143317818641662598e-01
1.219825819134712219e-01
1.295908838510513306e-01
1.402848064899444580e-01
1.149040982127189636e-01
1.328422576189041138e-01
1.190119609236717224e-01
1.284695118665695190e-01
1.224054023623466492e-01
1.328795999288558960e-01
1.269108504056930542e-01
1.168006882071495056e-01
1.177181974053382874e-01
1.302316933870315552e-01
1.322349905967712402e-01
1.302367001771926880e-01
1.158168688416481018e-01
1.269326955080032349e-01
1.291351467370986938e-01
1.174770221114158630e-01
1.178763508796691895e-01
1.296747773885726929e-01
1.218928098678588867e-01
1.324854046106338501e-01
1.221640333533287048e-01
1.197331473231315613e-01
1.196664795279502869e-01
1.242851689457893372e-01
1.285788565874099731e-01
1.255155950784683228e-01
1.189172863960266113e-01
1.127991899847984314e-01
1.229481101036071777e-01
1.166931763291358948e-01
1.264627575874328613e-01
1.222430840134620667e-01
1.216510310769081116e-01
1.296894103288650513e-01
1.247109770774841309e-01
1.215057000517845154e-01
1.183515563607215881e-01
1.161471232771873474e-01
1.163856163620948792e-01
1.211637184023857117e-01
1.204906478524208069e-01
1.110560819506645203e-01
1.273376941680908203e-01
1.192527636885643005e-01
1.263792514801025391e-01
1.097022071480751038e-01
1.378781199455261230e-01
1.136748567223548889e-01
1.296290904283523560e-01
1.445783078670501709e-01
1.369745582342147827e-01
1.167453825473785400e-01
1.120599508285522461e-01
1.225003823637962341e-01
1.246965602040290833e-01
1.253264397382736206e-01
1.218996420502662659e-01
1.245559528470039368e-01
1.129799783229827881e-01
1.224880442023277283e-01
1.211577951908111572e-01
1.318209320306777954e-01
1.226437464356422424e-01
1.153803691267967224e-01
1.147167459130287170e-01
1.156262829899787903e-01
1.249488368630409241e-01
1.313696354627609253e-01
1.298264414072036743e-01
1.228669285774230957e-01
1.257899552583694458e-01
1.169532015919685364e-01
1.282498985528945923e-01
1.204699873924255371e-01
1.177361980080604553e-01
1.311026364564895630e-01
1.386472135782241821e-01
1.221893951296806335e-01
1.126820519566535950e-01
1.155486479401588440e-01
1.153921261429786682e-01
1.276972740888595581e-01
1.235632076859474182e-01
1.217003837227821350e-01
1.266790777444839478e-01
1.234067901968955994e-01
1.195916756987571716e-01
1.146040782332420349e-01
1.146301403641700745e-01
1.287920624017715454e-01
1.199801936745643616e-01
1.283052861690521240e-01
1.210312843322753906e-01
1.212544441223144531e-01
1.517188400030136108e-01
1.253731697797775269e-01
1.238422393798828125e-01
1.337539702653884888e-01
1.257888525724411011e-01
1.171657443046569824e-01
1.204673945903778076e-01
1.162169873714447021e-01
1.171031892299652100e-01
1.153229102492332458e-01
1.255158931016921997e-01
1.215826794505119324e-01
1.194506362080574036e-01
1.174920424818992615e-01
1.282241791486740112e-01
1.283296048641204834e-01
1.350941807031631470e-01
1.273020654916763306e-01
1.550353914499282837e-01
1.231741905212402344e-01
1.197928860783576965e-01
1.175602301955223083e-01
1.134195327758789062e-01
1.381753534078598022e-01
1.230085492134094238e-01
1.199557855725288391e-01
1.079633012413978577e-01
1.260008066892623901e-01
1.200039759278297424e-01
1.177629455924034119e-01
1.318706870079040527e-01
1.157223358750343323e-01
1.237815618515014648e-01
1.201124861836433411e-01
1.182459369301795959e-01
1.166057214140892029e-01
1.341987997293472290e-01
1.163621619343757629e-01
1.321704536676406860e-01
1.162702366709709167e-01
1.213401556015014648e-01
1.198564767837524414e-01
1.378188729286193848e-01
1.280609518289566040e-01
1.272344291210174561e-01
1.174421533942222595e-01
1.279517561197280884e-01
1.258466392755508423e-01
1.186190843582153320e-01
1.178878247737884521e-01
1.205124184489250183e-01
1.164779141545295715e-01
1.221087053418159485e-01
1.295366734266281128e-01
1.157755479216575623e-01
1.171877458691596985e-01
1.610692143440246582e-01
1.323011070489883423e-01
1.529684215784072876e-01
1.135070547461509705e-01
1.252082586288452148e-01
1.443440765142440796e-01
1.292292326688766479e-01
1.211623325943946838e-01
1.201708391308784485e-01
1.431726068258285522e-01
1.189610064029693604e-01
1.204064264893531799e-01
1.238534227013587952e-01
1.267257481813430786e-01
1.201350986957550049e-01
1.179337799549102783e-01
1.211827769875526428e-01
1.402070969343185425e-01
1.177082434296607971e-01
1.202792897820472717e-01
1.210520938038825989e-01
1.261030882596969604e-01
1.146661266684532166e-01
1.123396158218383789e-01
1.809343248605728149e-01
1.289210170507431030e-01
1.337473243474960327e-01
1.251880973577499390e-01
1.146261096000671387e-01
1.179070770740509033e-01
1.192694976925849915e-01
1.402238458395004272e-01
1.326049715280532837e-01
1.207177415490150452e-01
1.224298104643821716e-01
1.247473433613777161e-01
1.203634366393089294e-01
1.210983395576477051e-01
1.157194674015045166e-01
1.113575324416160583e-01
1.276475340127944946e-01
1.232127547264099121e-01
1.175928786396980286e-01
1.138699948787689209e-01
1.100422367453575134e-01
1.222774386405944824e-01
1.202732101082801819e-01
1.190229654312133789e-01
1.180932149291038513e-01
1.267093271017074585e-01
1.290905922651290894e-01
1.235690936446189880e-01
1.204068660736083984e-01
1.211012527346611023e-01
1.200154796242713928e-01
1.212196946144104004e-01
1.139984652400016785e-01
1.191095039248466492e-01
1.321557611227035522e-01
1.193141862750053406e-01
1.331339031457901001e-01
1.160778403282165527e-01
1.179549694061279297e-01
1.161730960011482239e-01
1.230050921440124512e-01
1.260383576154708862e-01
1.240612268447875977e-01
1.181231066584587097e-01
1.086701750755310059e-01
1.198259592056274414e-01
1.199624240398406982e-01
1.196419373154640198e-01
1.370507925748825073e-01
1.241885647177696228e-01
1.159421801567077637e-01
1.262053847312927246e-01
1.356501430273056030e-01
1.476657688617706299e-01
1.115087941288948059e-01
1.327252537012100220e-01
1.339945644140243530e-01
1.200180053710937500e-01
1.179276779294013977e-01
1.257996410131454468e-01
1.225841268897056580e-01
1.155002415180206299e-01
1.234646812081336975e-01
1.236008480191230774e-01
1.228185594081878662e-01
1.249412223696708679e-01
1.234627440571784973e-01
1.211063787341117859e-01
1.200378760695457458e-01
1.220343708992004395e-01
1.122700944542884827e-01
1.244359090924263000e-01
1.258455365896224976e-01
1.171333193778991699e-01
1.314149498939514160e-01
1.169973239302635193e-01
1.345320492982864380e-01
1.340437680482864380e-01
1.209636703133583069e-01
1.224266067147254944e-01
1.221145913004875183e-01
1.258216351270675659e-01
1.185753047466278076e-01
1.197407916188240051e-01
1.132179871201515198e-01
1.155004128813743591e-01
1.214322522282600403e-01
1.788922101259231567e-01
1.186315417289733887e-01
1.218506321310997009e-01
1.179299950599670410e-01
1.182602271437644958e-01
1.246961727738380432e-01
1.220282092690467834e-01
1.252305358648300171e-01
1.104608252644538879e-01
1.128696501255035400e-01
1.223236322402954102e-01
1.184563115239143372e-01
1.135470196604728699e-01
1.282316297292709351e-01
1.173142567276954651e-01
1.151768937706947327e-01
1.218394637107849121e-01
1.098678484559059143e-01
1.183090433478355408e-01
1.198745071887969971e-01
1.240836158394813538e-01
1.104687377810478210e-01
1.221644803881645203e-01
1.270277351140975952e-01
1.123905181884765625e-01
1.249750852584838867e-01
1.202457845211029053e-01
1.176897212862968445e-01
1.126232147216796875e-01
1.324097216129302979e-01
1.179858818650245667e-01
1.279264390468597412e-01
1.240788921713829041e-01
1.265210360288619995e-01
1.510311514139175415e-01
1.181250810623168945e-01
1.209404468536376953e-01
1.199092566967010498e-01
1.230041310191154480e-01
1.181295886635780334e-01
1.218143105506896973e-01
1.225811764597892761e-01
1.232696548104286194e-01
1.263586580753326416e-01
1.257673054933547974e-01
1.092184260487556458e-01
1.200873255729675293e-01
1.348215043544769287e-01
1.189699769020080566e-01
1.211272105574607849e-01
1.311570554971694946e-01
1.224983111023902893e-01
1.215422227978706360e-01
1.121629253029823303e-01
1.297711580991744995e-01
1.174390912055969238e-01
1.213251352310180664e-01
1.260689944028854370e-01
1.210645213723182678e-01
1.146147623658180237e-01
1.186235025525093079e-01
1.193689703941345215e-01
1.100738644599914551e-01
1.292544603347778320e-01
1.208173409104347229e-01
1.411602795124053955e-01
1.200812235474586487e-01
1.268341243267059326e-01
1.161741912364959717e-01
1.145825013518333435e-01
1.209506094455718994e-01
1.178610101342201233e-01
1.143984124064445496e-01
1.194117441773414612e-01
1.172315701842308044e-01
1.268664598464965820e-01
1.180642619729042053e-01
1.234088614583015442e-01
1.202757060527801514e-01
1.280536502599716187e-01
1.227856203913688660e-01
1.215537860989570618e-01
1.247989311814308167e-01
1.181288659572601318e-01
1.334806829690933228e-01
1.108844876289367676e-01
1.258186846971511841e-01
1.136951744556427002e-01
1.248978003859519958e-01
1.102761626243591309e-01
1.155094578862190247e-01
1.167826056480407715e-01
1.304187923669815063e-01
1.153214946389198303e-01
1.116628423333168030e-01
1.279686093330383301e-01
1.202825084328651428e-01
1.875069290399551392e-01
1.126419827342033386e-01
1.288305670022964478e-01
1.147101446986198425e-01
1.172506809234619141e-01
1.257855743169784546e-01
1.338631361722946167e-01
1.250574290752410889e-01
1.178023219108581543e-01
1.242977157235145569e-01
1.571644097566604614e-01
1.198269799351692200e-01
1.122458204627037048e-01
1.226458251476287842e-01
1.164396032691001892e-01
1.198369041085243225e-01
1.189946159720420837e-01
1.140189766883850098e-01
1.187937483191490173e-01
1.228177249431610107e-01
1.225830540060997009e-01
1.144600212574005127e-01
1.158746853470802307e-01
1.231582388281822205e-01
1.204582080245018005e-01
1.350491046905517578e-01
1.287205070257186890e-01
1.351610869169235229e-01
1.208870932459831238e-01
1.097730994224548340e-01
1.161157116293907166e-01
1.125056445598602295e-01
1.213065758347511292e-01
1.278276294469833374e-01
1.350448578596115112e-01
1.205292269587516785e-01
1.181563436985015869e-01
1.257047206163406372e-01
1.151008009910583496e-01
1.190282031893730164e-01
1.109454631805419922e-01
1.277140080928802490e-01
1.219382658600807190e-01
1.231879368424415588e-01
1.409982889890670776e-01
1.170630156993865967e-01
1.228113397955894470e-01
1.184882745146751404e-01
1.182745918631553650e-01
1.218055412173271179e-01
1.466964930295944214e-01
1.086259558796882629e-01
1.223863363265991211e-01
1.175246611237525940e-01
1.135906800627708435e-01
1.231352314352989197e-01
1.263541728258132935e-01
1.183391436934471130e-01
1.288302987813949585e-01
1.187386289238929749e-01
1.244695708155632019e-01
1.092796921730041504e-01
1.184009090065956116e-01
1.191455796360969543e-01
1.214217320084571838e-01
1.231005862355232239e-01
1.263114959001541138e-01
1.212661787867546082e-01
1.245573237538337708e-01
1.233874037861824036e-01
1.167814210057258606e-01
1.204426884651184082e-01
1.204919517040252686e-01
1.392440199851989746e-01
1.196595728397369385e-01
1.210937127470970154e-01
1.140927895903587341e-01
1.294217258691787720e-01
1.219238862395286560e-01
1.213316023349761963e-01
1.251259297132492065e-01
1.236426457762718201e-01
1.240027919411659241e-01
1.272139400243759155e-01
1.214784309267997742e-01
1.204201951622962952e-01
1.195980608463287354e-01
1.171516254544258118e-01
1.171677336096763611e-01
1.231870725750923157e-01
1.218111291527748108e-01
1.115019619464874268e-01
1.268808096647262573e-01
1.315260082483291626e-01
1.243093386292457581e-01
1.112938895821571350e-01
1.123316660523414612e-01
1.224257946014404297e-01
1.165097951889038086e-01
1.355470120906829834e-01
1.235225200653076172e-01
1.185388267040252686e-01
1.165320575237274170e-01
1.285415291786193848e-01
1.341176480054855347e-01
1.161580160260200500e-01
1.168744042515754700e-01
1.261209696531295776e-01
1.118797138333320618e-01
1.175969243049621582e-01
1.168109476566314697e-01
1.178702339529991150e-01
1.211388185620307922e-01
1.142871007323265076e-01
1.205430030822753906e-01
1.189670860767364502e-01
1.265827268362045288e-01
1.301225125789642334e-01
1.174303889274597168e-01
1.177505925297737122e-01
1.176118850708007812e-01
1.168224439024925232e-01
1.177202239632606506e-01
1.213845834136009216e-01
1.179069057106971741e-01
1.211808845400810242e-01
1.215428188443183899e-01
1.124309003353118896e-01
1.145390793681144714e-01
1.323834508657455444e-01
1.191538944840431213e-01
1.257599443197250366e-01
1.164859756827354431e-01
1.168694570660591125e-01
1.149394810199737549e-01
1.191291585564613342e-01
1.232154741883277893e-01
1.415146887302398682e-01
1.239596232771873474e-01
1.233068630099296570e-01
1.174094453454017639e-01
1.122511401772499084e-01
1.135485693812370300e-01
1.106624007225036621e-01
1.203408613801002502e-01
1.175886318087577820e-01
1.269384324550628662e-01
1.200093924999237061e-01
1.181743144989013672e-01
1.208918318152427673e-01
1.222551390528678894e-01
1.358664929866790771e-01
1.132362782955169678e-01
1.217474564909934998e-01
1.275553852319717407e-01
1.211227998137474060e-01
1.268656551837921143e-01
1.156307533383369446e-01
1.301759034395217896e-01
1.255799382925033569e-01
1.197716593742370605e-01
1.212171092629432678e-01
1.250182539224624634e-01
1.249327138066291809e-01
1.133317276835441589e-01
1.220351830124855042e-01
1.227415800094604492e-01
1.307337433099746704e-01
1.330240666866302490e-01
1.396182477474212646e-01
1.272157579660415649e-01
1.256410926580429077e-01
1.183070912957191467e-01
1.201590299606323242e-01
1.243227347731590271e-01
1.262894719839096069e-01
1.101632118225097656e-01
1.288172900676727295e-01
1.115612015128135681e-01
1.298256963491439819e-01
1.123248115181922913e-01
1.177415549755096436e-01
1.215450465679168701e-01
1.140268370509147644e-01
1.141123846173286438e-01
1.214068531990051270e-01
1.175180599093437195e-01
1.234857514500617981e-01
1.243606433272361755e-01
1.248360946774482727e-01
1.246966794133186340e-01
1.152657568454742432e-01
1.284272819757461548e-01
1.177432760596275330e-01
1.174170598387718201e-01
1.226217448711395264e-01
1.262003928422927856e-01
1.226659938693046570e-01
1.135275289416313171e-01
1.194531247019767761e-01
1.159689426422119141e-01
1.313502043485641479e-01
1.193921640515327454e-01
1.292604804039001465e-01
1.121762767434120178e-01
1.184237375855445862e-01
1.481573730707168579e-01
1.183725595474243164e-01
1.276909559965133667e-01
1.175377368927001953e-01
1.132525131106376648e-01
1.186401024460792542e-01
1.173209026455879211e-01
1.183546409010887146e-01
1.214104369282722473e-01
1.363213211297988892e-01
1.298927217721939087e-01
1.243447884917259216e-01
1.237703561782836914e-01
1.277255713939666748e-01
1.183998212218284607e-01
1.227703988552093506e-01
1.237098872661590576e-01
1.226440891623497009e-01
1.162303015589714050e-01
1.262175887823104858e-01
1.289699524641036987e-01
1.246428191661834717e-01
1.281360238790512085e-01
1.220966279506683350e-01
1.621532589197158813e-01
1.306538432836532593e-01
1.627522557973861694e-01
1.228607222437858582e-01
1.190158352255821228e-01
1.326371878385543823e-01
1.337509602308273315e-01
1.172063648700714111e-01
1.238953471183776855e-01
1.244582459330558777e-01
1.227636039257049561e-01
1.243653669953346252e-01
1.254465132951736450e-01
1.435522437095642090e-01
1.133053079247474670e-01
1.163624525070190430e-01
1.228046044707298279e-01
1.177060380578041077e-01
1.145841777324676514e-01
1.271013617515563965e-01
1.119616106152534485e-01
1.194880306720733643e-01
1.210221350193023682e-01
1.275866925716400146e-01
1.285846829414367676e-01
1.292585283517837524e-01
1.191305741667747498e-01
1.286273151636123657e-01
1.231645345687866211e-01
1.240432485938072205e-01
1.255541592836380005e-01
1.172640100121498108e-01
1.185895428061485291e-01
1.227117478847503662e-01
1.197098493576049805e-01
1.171132326126098633e-01
1.194551661610603333e-01
1.255802810192108154e-01
1.199064180254936218e-01
1.290182918310165405e-01
1.148196831345558167e-01
1.050390526652336121e-01
1.260617375373840332e-01
1.217266991734504700e-01
1.199716851115226746e-01
1.140293851494789124e-01
1.392469257116317749e-01
1.198690831661224365e-01
1.175162419676780701e-01
1.194452941417694092e-01
1.188624277710914612e-01
1.151642203330993652e-01
1.249734759330749512e-01
1.194877624511718750e-01
1.182652637362480164e-01
1.514062434434890747e-01
1.322935819625854492e-01
1.342184841632843018e-01
1.337006539106369019e-01
1.279355734586715698e-01
1.235333159565925598e-01
1.277341097593307495e-01
1.214705184102058411e-01
1.405757516622543335e-01
1.193486526608467102e-01
1.216654106974601746e-01
1.197324171662330627e-01
1.276106834411621094e-01
1.222489848732948303e-01
1.137619018554687500e-01
1.137737110257148743e-01
1.175609156489372253e-01
1.308362931013107300e-01
1.289640218019485474e-01
1.271685212850570679e-01
1.444022953510284424e-01
1.224186420440673828e-01
1.291331201791763306e-01
1.240879818797111511e-01
1.221436262130737305e-01
1.180973574519157410e-01
1.189862266182899475e-01
1.245579123497009277e-01
1.398574858903884888e-01
1.206423267722129822e-01
1.134904026985168457e-01
1.182210817933082581e-01
1.168251112103462219e-01
1.128325685858726501e-01
1.233137026429176331e-01
1.117562353610992432e-01
1.129967272281646729e-01
1.151487305760383606e-01
1.211958751082420349e-01
1.313509345054626465e-01
1.158397272229194641e-01
1.250513046979904175e-01
1.146813035011291504e-01
1.255734711885452271e-01
1.165885329246520996e-01
1.161344572901725769e-01
1.178103908896446228e-01
1.538809835910797119e-01
1.176100969314575195e-01
1.332659274339675903e-01
1.209661737084388733e-01
1.199518144130706787e-01
1.157535910606384277e-01
1.351956576108932495e-01
1.149296090006828308e-01
1.277381330728530884e-01
1.129813864827156067e-01
1.222599148750305176e-01
1.178209409117698669e-01
1.325623840093612671e-01
1.170930042862892151e-01
1.221264973282814026e-01
1.276915073394775391e-01
1.211045011878013611e-01
1.252922862768173218e-01
1.188139095902442932e-01
1.108473911881446838e-01
1.150046885013580322e-01
1.206422150135040283e-01
1.253025382757186890e-01
1.227874979376792908e-01
1.270520985126495361e-01
1.260682493448257446e-01
1.295697540044784546e-01
1.272601485252380371e-01
1.167955175042152405e-01
1.256708651781082153e-01
1.291394978761672974e-01
1.132594048976898193e-01
1.196578815579414368e-01
1.200191080570220947e-01
1.567022949457168579e-01
1.275480240583419800e-01
1.177843511104583740e-01
1.404081135988235474e-01
1.218412742018699646e-01
1.224279478192329407e-01
1.086239442229270935e-01
1.218831166625022888e-01
1.278257369995117188e-01
1.147134229540824890e-01
1.265786737203598022e-01
1.206445321440696716e-01
1.260295957326889038e-01
1.213972046971321106e-01
1.200889274477958679e-01
1.246850863099098206e-01
1.253196150064468384e-01
1.193041875958442688e-01
1.091344952583312988e-01
1.223509386181831360e-01
1.163612827658653259e-01
1.238435432314872742e-01
1.155971288681030273e-01
1.098718643188476562e-01
1.195709332823753357e-01
1.233092918992042542e-01
1.166445985436439514e-01
1.154723986983299255e-01
1.166793480515480042e-01
1.260068565607070923e-01
1.095592156052589417e-01
1.186109483242034912e-01
1.137958690524101257e-01
1.085918322205543518e-01
1.099058911204338074e-01
1.280891299247741699e-01
1.204692944884300232e-01
1.211716160178184509e-01
1.099146604537963867e-01
1.160465702414512634e-01
1.121200099587440491e-01
1.285855621099472046e-01
1.213859841227531433e-01
1.283865123987197876e-01
1.136800721287727356e-01
1.149610653519630432e-01
1.242084726691246033e-01
1.276827305555343628e-01
1.111452355980873108e-01
1.215203702449798584e-01
1.181926503777503967e-01
1.202564015984535217e-01
1.198382079601287842e-01
1.331733912229537964e-01
1.152204275131225586e-01
1.099415421485900879e-01
1.228479743003845215e-01
1.174508407711982727e-01
1.122336760163307190e-01
1.189054325222969055e-01
1.315902620553970337e-01
1.204796656966209412e-01
1.371337622404098511e-01
1.221213340759277344e-01
1.205842867493629456e-01
1.211163625121116638e-01
1.137947067618370056e-01
1.223098710179328918e-01
1.166189387440681458e-01
1.208726093173027039e-01
1.221143528819084167e-01
1.168946623802185059e-01
1.145337224006652832e-01
1.142808198928833008e-01
1.222524940967559814e-01
1.163268685340881348e-01
1.286265105009078979e-01
1.718425750732421875e-01
1.156907454133033752e-01
1.193795204162597656e-01
1.157283559441566467e-01
1.419875323772430420e-01
1.186028122901916504e-01
1.129495128989219666e-01
1.274210363626480103e-01
1.234709247946739197e-01
1.197094991803169250e-01
1.266441941261291504e-01
1.180718764662742615e-01
1.214437261223793030e-01
1.249088943004608154e-01
1.248124912381172180e-01
1.560642272233963013e-01
1.186824813485145569e-01
1.140586361289024353e-01
1.254789680242538452e-01
1.221466064453125000e-01
1.176733002066612244e-01
1.246480271220207214e-01
1.205945834517478943e-01
1.239269003272056580e-01
1.261124163866043091e-01
1.152220368385314941e-01
1.159502789378166199e-01
1.047291755676269531e-01
1.305970251560211182e-01
1.205629482865333557e-01
1.341214030981063843e-01
1.126150563359260559e-01
1.327232569456100464e-01
1.174976602196693420e-01
1.235134825110435486e-01
1.251470446586608887e-01
1.237036958336830139e-01
1.304883211851119995e-01
1.259385347366333008e-01
1.164507865905761719e-01
1.167843118309974670e-01
1.239925548434257507e-01
1.209176480770111084e-01
1.217756569385528564e-01
1.266958564519882202e-01
1.195326447486877441e-01
1.226812079548835754e-01
1.093328073620796204e-01
1.259760260581970215e-01
1.296652555465698242e-01
1.080964431166648865e-01
1.188280805945396423e-01
1.107071563601493835e-01
1.075826659798622131e-01
1.191726922988891602e-01
1.175409331917762756e-01
1.077075228095054626e-01
1.105128303170204163e-01
1.222781017422676086e-01
1.163207367062568665e-01
1.125246584415435791e-01
1.218242645263671875e-01
1.200765892863273621e-01
1.327665597200393677e-01
1.269660443067550659e-01
1.154911592602729797e-01
1.198464855551719666e-01
1.130646765232086182e-01
1.197262629866600037e-01
1.134499534964561462e-01
1.171436905860900879e-01
1.093625053763389587e-01
1.444359570741653442e-01
1.184979304671287537e-01
1.189653575420379639e-01
1.181322559714317322e-01
1.186846569180488586e-01
1.176461577415466309e-01
1.230319142341613770e-01
1.175466999411582947e-01
1.180169954895973206e-01
1.308909654617309570e-01
1.224173232913017273e-01
1.220875754952430725e-01
1.115244030952453613e-01
1.131716296076774597e-01
1.170978173613548279e-01
1.220459565520286560e-01
1.211577355861663818e-01
1.275222152471542358e-01
1.211658120155334473e-01
1.344698369503021240e-01
1.233059763908386230e-01
1.194700971245765686e-01
1.270826905965805054e-01
1.276744604110717773e-01
1.181229576468467712e-01
1.261454075574874878e-01
1.446692794561386108e-01
1.156655326485633850e-01
1.145151853561401367e-01
1.306194663047790527e-01
1.219542995095252991e-01
1.123726963996887207e-01
1.162464916706085205e-01
1.141583025455474854e-01
1.295037865638732910e-01
1.158255562186241150e-01
1.200286075472831726e-01
1.249099150300025940e-01
1.220396757125854492e-01
1.146656274795532227e-01
1.197654530405998230e-01
1.216030791401863098e-01
1.285961717367172241e-01
1.211391612887382507e-01
1.184577122330665588e-01
1.171745732426643372e-01
1.245097294449806213e-01
1.155934706330299377e-01
1.246414780616760254e-01
1.195127442479133606e-01
1.177643314003944397e-01
1.169706061482429504e-01
1.170050874352455139e-01
1.239115968346595764e-01
1.188980042934417725e-01
1.260970085859298706e-01
1.093184351921081543e-01
1.154729649424552917e-01
1.259522140026092529e-01
1.195748448371887207e-01
1.158752664923667908e-01
1.325730085372924805e-01
1.212245002388954163e-01
1.202965453267097473e-01
1.059612929821014404e-01
1.167870238423347473e-01
1.183241233229637146e-01
1.183126345276832581e-01
1.220459416508674622e-01
1.188475415110588074e-01
1.167266890406608582e-01
1.331398487091064453e-01
1.128219142556190491e-01
1.266396790742874146e-01
1.217361390590667725e-01
1.210606396198272705e-01
1.090230718255043030e-01
1.311200261116027832e-01
1.224679946899414062e-01
1.129698231816291809e-01
1.141419187188148499e-01
1.113863885402679443e-01
1.222653016448020935e-01
1.175623461604118347e-01
1.157425716519355774e-01
1.035219505429267883e-01
1.271023899316787720e-01
1.208844482898712158e-01
1.115622296929359436e-01
1.297727078199386597e-01
1.235316172242164612e-01
1.316880434751510620e-01
1.574755311012268066e-01
1.314393132925033569e-01
1.260602921247482300e-01
1.248027905821800232e-01
1.204972565174102783e-01
1.260366439819335938e-01
1.133855953812599182e-01
1.142577826976776123e-01
1.090837121009826660e-01
1.262430995702743530e-01
1.183432564139366150e-01
1.057408079504966736e-01
1.246514245867729187e-01
1.185401380062103271e-01
1.253500580787658691e-01
1.134181246161460876e-01
1.200848221778869629e-01
1.178965568542480469e-01
1.062716171145439148e-01
1.176288947463035583e-01
1.163460612297058105e-01
1.379576921463012695e-01
1.142966523766517639e-01
1.289140433073043823e-01
1.138805523514747620e-01
1.194253787398338318e-01
1.267426609992980957e-01
1.188580766320228577e-01
1.197334900498390198e-01
1.290430128574371338e-01
1.117148995399475098e-01
1.165449842810630798e-01
1.142758205533027649e-01
1.308325827121734619e-01
1.117344126105308533e-01
1.251651197671890259e-01
1.150282025337219238e-01
1.246480867266654968e-01
1.118723750114440918e-01
1.124912500381469727e-01
1.055282279849052429e-01
1.248007118701934814e-01
1.117506548762321472e-01
1.081577762961387634e-01
1.193825080990791321e-01
1.331787705421447754e-01
1.147818937897682190e-01
1.222076788544654846e-01
1.266492009162902832e-01
1.195443943142890930e-01
1.257860958576202393e-01
1.230722293257713318e-01
1.200397983193397522e-01
1.139200106263160706e-01
1.101033315062522888e-01
1.196442842483520508e-01
1.164283975958824158e-01
1.093681380152702332e-01
1.176354885101318359e-01
1.249152421951293945e-01
1.232275143265724182e-01
1.274635940790176392e-01
1.147928014397621155e-01
1.145752370357513428e-01
1.166336312890052795e-01
1.242355704307556152e-01
1.132725477218627930e-01
1.250220686197280884e-01
1.168382242321968079e-01
1.225280165672302246e-01
1.140883639454841614e-01
1.290131807327270508e-01
1.154832765460014343e-01
1.192797049880027771e-01
1.201569810509681702e-01
1.140155419707298279e-01
1.299906820058822632e-01
1.234776377677917480e-01
1.184314265847206116e-01
1.192272081971168518e-01
1.206823885440826416e-01
1.212699785828590393e-01
1.392531394958496094e-01
1.206449344754219055e-01
1.298495978116989136e-01
1.259245872497558594e-01
1.226004138588905334e-01
1.274661868810653687e-01
1.174966916441917419e-01
1.263620406389236450e-01
1.697115153074264526e-01
1.237291023135185242e-01
1.200152263045310974e-01
1.167562678456306458e-01
1.229651346802711487e-01
1.119461879134178162e-01
1.242608428001403809e-01
1.167134270071983337e-01
1.332508325576782227e-01
1.266011595726013184e-01
1.211113259196281433e-01
1.224073991179466248e-01
1.207631751894950867e-01
1.167117282748222351e-01
1.072653830051422119e-01
1.232108473777770996e-01
1.215864345431327820e-01
1.284407526254653931e-01
1.159621477127075195e-01
1.791173219680786133e-01
1.319962292909622192e-01
1.190355420112609863e-01
1.126183345913887024e-01
1.161667183041572571e-01
1.202268674969673157e-01
1.316267699003219604e-01
1.204658672213554382e-01
1.187979057431221008e-01
1.137394607067108154e-01
1.341377943754196167e-01
1.158897504210472107e-01
1.209458485245704651e-01
1.122931465506553650e-01
1.269281804561614990e-01
1.123240366578102112e-01
1.142799258232116699e-01
1.240488365292549133e-01
1.111643090844154358e-01
1.202941313385963440e-01
1.197107657790184021e-01
1.240744218230247498e-01
1.350490450859069824e-01
1.210596188902854919e-01
1.190702021121978760e-01
1.235640048980712891e-01
1.100019887089729309e-01
1.140327677130699158e-01
1.238004192709922791e-01
1.125410199165344238e-01
1.262426525354385376e-01
1.184921488165855408e-01
1.177403107285499573e-01
1.232272163033485413e-01
1.313347965478897095e-01
1.133399307727813721e-01
1.136211380362510681e-01
1.330816596746444702e-01
1.212771311402320862e-01
1.192318573594093323e-01
1.192391142249107361e-01
1.177925467491149902e-01
1.147253513336181641e-01
1.255260556936264038e-01
1.142923459410667419e-01
1.232966780662536621e-01
1.137362122535705566e-01
1.085270419716835022e-01
1.180070564150810242e-01
1.070446372032165527e-01
1.356816738843917847e-01
1.262302547693252563e-01
1.111523434519767761e-01
1.313541680574417114e-01
1.250048279762268066e-01
1.098529398441314697e-01
1.229127869009971619e-01
1.131525635719299316e-01
1.172044500708580017e-01
1.223274841904640198e-01
1.128254905343055725e-01
1.487516313791275024e-01
1.154564693570137024e-01
1.146872341632843018e-01
1.226534619927406311e-01
1.099328026175498962e-01
1.118115782737731934e-01
1.249337494373321533e-01
1.153421103954315186e-01
1.218006983399391174e-01
1.205035373568534851e-01
1.404655724763870239e-01
1.094956323504447937e-01
1.104050502181053162e-01
1.181134581565856934e-01
1.171766296029090881e-01
1.171610951423645020e-01
1.143405139446258545e-01
1.171188876032829285e-01
1.245015189051628113e-01
1.265679448843002319e-01
1.136254966259002686e-01
1.394593119621276855e-01
1.245158538222312927e-01
1.054520308971405029e-01
1.165343746542930603e-01
1.182330846786499023e-01
1.110372319817543030e-01
1.377378851175308228e-01
1.373882144689559937e-01
1.196554303169250488e-01
1.165064349770545959e-01
1.170082390308380127e-01
1.552224457263946533e-01
1.220449209213256836e-01
1.240781620144844055e-01
1.220870316028594971e-01
1.145278587937355042e-01
1.126010194420814514e-01
1.318530589342117310e-01
1.203937456011772156e-01
1.165790930390357971e-01
1.275694370269775391e-01
1.190186515450477600e-01
1.193205937743186951e-01
1.431589871644973755e-01
1.224241033196449280e-01
1.169565320014953613e-01
1.265790909528732300e-01
1.245861127972602844e-01
1.184606924653053284e-01
1.214407682418823242e-01
1.253363341093063354e-01
1.236285567283630371e-01
1.165998578071594238e-01
1.220184937119483948e-01
1.169167831540107727e-01
1.158871650695800781e-01
1.266241520643234253e-01
1.286805123090744019e-01
1.174131259322166443e-01
1.223937943577766418e-01
1.179150268435478210e-01
1.097678318619728088e-01
1.174144968390464783e-01
1.236707866191864014e-01
1.148937344551086426e-01
1.288026869297027588e-01
1.116271987557411194e-01
1.187514662742614746e-01
1.215198934078216553e-01
1.211680248379707336e-01
1.172708794474601746e-01
1.114659979939460754e-01
1.208252906799316406e-01
1.043082252144813538e-01
1.163711175322532654e-01
1.098317801952362061e-01
1.258424520492553711e-01
1.116397902369499207e-01
1.238837614655494690e-01
1.159927919507026672e-01
1.287618726491928101e-01
1.197462156414985657e-01
1.103009581565856934e-01
1.206258460879325867e-01
1.317107081413269043e-01
1.142962649464607239e-01
1.227494478225708008e-01
1.201319172978401184e-01
1.432173997163772583e-01
1.221637502312660217e-01
1.127713248133659363e-01
1.264218091964721680e-01
1.241417229175567627e-01
1.246212497353553772e-01
1.197989657521247864e-01
1.144749894738197327e-01
1.147429123520851135e-01
1.234423518180847168e-01
1.212418600916862488e-01
1.222425103187561035e-01
1.090514287352561951e-01
1.294686198234558105e-01
1.344055235385894775e-01
1.090440452098846436e-01
1.142223849892616272e-01
1.288674920797348022e-01
1.149493455886840820e-01
1.154779195785522461e-01
1.281055510044097900e-01
1.148777082562446594e-01
1.220169141888618469e-01
1.178770735859870911e-01
1.305893063545227051e-01
1.092388629913330078e-01
1.177663505077362061e-01
1.157617345452308655e-01
1.159443184733390808e-01
1.172728762030601501e-01
1.165233850479125977e-01
1.159511283040046692e-01
1.073241010308265686e-01
1.112896725535392761e-01
1.290584504604339600e-01
1.187140569090843201e-01
1.202772259712219238e-01
1.203427016735076904e-01
1.207090839743614197e-01
1.136658787727355957e-01
1.250150948762893677e-01
1.166311502456665039e-01
1.141258701682090759e-01
1.257483959197998047e-01
1.244938001036643982e-01
1.139020994305610657e-01
1.160680875182151794e-01
1.197967529296875000e-01
1.238629445433616638e-01
1.247255429625511169e-01
1.198087930679321289e-01
1.323002427816390991e-01
1.263394206762313843e-01
1.095247045159339905e-01
1.049113497138023376e-01
1.217906251549720764e-01
1.252132356166839600e-01
1.115792319178581238e-01
1.204505264759063721e-01
1.142944991588592529e-01
1.239604353904724121e-01
1.236328855156898499e-01
1.231408119201660156e-01
1.215611398220062256e-01
1.231416165828704834e-01
1.242501437664031982e-01
1.210676133632659912e-01
1.157940626144409180e-01
1.216809749603271484e-01
1.130059435963630676e-01
1.295791119337081909e-01
1.219663247466087341e-01
1.332819461822509766e-01
1.175258755683898926e-01
1.127727925777435303e-01
1.125081852078437805e-01
1.235257014632225037e-01
1.171519979834556580e-01
1.256323903799057007e-01
1.258283704519271851e-01
1.198106780648231506e-01
1.122360154986381531e-01
1.158658564090728760e-01
1.367170065641403198e-01
1.223306059837341309e-01
1.189807876944541931e-01
1.268528848886489868e-01
1.224837079644203186e-01
1.260072588920593262e-01
1.207221522927284241e-01
1.174351349472999573e-01
1.086231544613838196e-01
1.176505386829376221e-01
1.175294890999794006e-01
1.284456104040145874e-01
1.142032966017723083e-01
1.169716715812683105e-01
1.155047193169593811e-01
1.184910312294960022e-01
1.234361156821250916e-01
1.158116981387138367e-01
1.179617568850517273e-01
1.099704504013061523e-01
1.147058382630348206e-01
1.109866276383399963e-01
1.151601895689964294e-01
1.064460352063179016e-01
1.197940409183502197e-01
1.195619106292724609e-01
1.215344592928886414e-01
1.277072578668594360e-01
1.141986176371574402e-01
1.158530190587043762e-01
1.166875958442687988e-01
1.085058674216270447e-01
1.318864673376083374e-01
1.152146235108375549e-01
1.151188015937805176e-01
1.301530301570892334e-01
1.076612100005149841e-01
1.112633273005485535e-01
1.204100474715232849e-01
1.256762295961380005e-01
1.333442628383636475e-01
1.281118243932723999e-01
1.399460583925247192e-01
1.290341764688491821e-01
1.247298344969749451e-01
1.193127334117889404e-01
1.223924234509468079e-01
1.150011643767356873e-01
1.207406595349311829e-01
1.230792701244354248e-01
1.261713802814483643e-01
1.180902719497680664e-01
1.204647347331047058e-01
1.184388175606727600e-01
1.255664378404617310e-01
1.135832890868186951e-01
1.152203902602195740e-01
1.339605003595352173e-01
1.382753252983093262e-01
1.275707334280014038e-01
1.243819221854209900e-01
1.231459900736808777e-01
1.103662475943565369e-01
1.218833327293395996e-01
1.173864379525184631e-01
1.248647645115852356e-01
1.165755018591880798e-01
1.268080025911331177e-01
1.131873950362205505e-01
1.208459734916687012e-01
1.144329309463500977e-01
1.116064861416816711e-01
1.173127070069313049e-01
1.090928092598915100e-01
1.185635551810264587e-01
1.170657575130462646e-01
1.209476888179779053e-01
1.158371940255165100e-01
1.156071797013282776e-01
1.232612058520317078e-01
1.125199571251869202e-01
1.149196028709411621e-01
1.265312582254409790e-01
1.118029132485389709e-01
1.259726434946060181e-01
1.184207797050476074e-01
1.178114786744117737e-01
1.208660081028938293e-01
1.212342157959938049e-01
1.209917739033699036e-01
1.190781965851783752e-01
1.155179142951965332e-01
1.169058680534362793e-01
1.271889060735702515e-01
1.132749393582344055e-01
1.155384853482246399e-01
1.151098832488059998e-01
1.213020384311676025e-01
1.061991825699806213e-01
1.100590303540229797e-01
1.354687958955764771e-01
1.107356920838356018e-01
1.198344156146049500e-01
1.321290284395217896e-01
1.201555505394935608e-01
1.299663186073303223e-01
1.203057542443275452e-01
1.193953379988670349e-01
1.255153864622116089e-01
1.230944022536277771e-01
1.120193824172019958e-01
1.131934523582458496e-01
1.190566495060920715e-01
1.183203682303428650e-01
1.168018057942390442e-01
1.201054975390434265e-01
1.550921052694320679e-01
1.222656667232513428e-01
1.315597146749496460e-01
1.208484470844268799e-01
1.122218295931816101e-01
1.911053061485290527e-01
1.080675199627876282e-01
1.257901191711425781e-01
1.251912117004394531e-01
1.285995095968246460e-01
1.221762523055076599e-01
1.139436140656471252e-01
1.155138015747070312e-01
1.231652870774269104e-01
1.189136505126953125e-01
1.227535381913185120e-01
1.233173385262489319e-01
1.312364935874938965e-01
1.169160529971122742e-01
1.258403509855270386e-01
1.145444214344024658e-01
1.208782568573951721e-01
1.050113216042518616e-01
1.182995066046714783e-01
1.168992593884468079e-01
1.191644668579101562e-01
1.289740353822708130e-01
1.140078902244567871e-01
1.138177737593650818e-01
1.138574704527854919e-01
1.130662336945533752e-01
1.287349313497543335e-01
1.251827031373977661e-01
1.203887760639190674e-01
1.213873028755187988e-01
1.190792322158813477e-01
1.208396926522254944e-01
1.215731725096702576e-01
1.125037744641304016e-01
1.148261129856109619e-01
1.157406941056251526e-01
1.213907599449157715e-01
1.154043599963188171e-01
1.263750642538070679e-01
1.070466414093971252e-01
1.279148012399673462e-01
1.269364207983016968e-01
1.136042550206184387e-01
1.167124807834625244e-01
1.159783378243446350e-01
1.215438619256019592e-01
1.181561872363090515e-01
1.159405708312988281e-01
1.167730167508125305e-01
1.206617951393127441e-01
1.113935112953186035e-01
1.160121336579322815e-01
1.309663355350494385e-01
1.353082507848739624e-01
1.212064102292060852e-01
1.256028264760971069e-01
1.255427449941635132e-01
1.234034523367881775e-01
1.208079680800437927e-01
1.142681464552879333e-01
1.181290373206138611e-01
1.352766156196594238e-01
1.251390576362609863e-01
1.243058219552040100e-01
1.224464476108551025e-01
1.192491054534912109e-01
1.255761533975601196e-01
1.244594454765319824e-01
1.165896058082580566e-01
1.256010383367538452e-01
1.327168643474578857e-01
1.363599598407745361e-01
1.132214367389678955e-01
1.161511540412902832e-01
1.221577152609825134e-01
1.243046298623085022e-01
1.218889355659484863e-01
1.318676024675369263e-01
1.106751635670661926e-01
1.129985377192497253e-01
1.217990145087242126e-01
1.196718811988830566e-01
1.190710663795471191e-01
1.174615100026130676e-01
1.164557039737701416e-01
1.348821967840194702e-01
1.119760796427726746e-01
1.736305505037307739e-01
1.234515234827995300e-01
1.217756196856498718e-01
1.251688450574874878e-01
1.133163794875144958e-01
1.271134465932846069e-01
1.203631386160850525e-01
1.131353452801704407e-01
1.269229799509048462e-01
1.177536323666572571e-01
1.201772093772888184e-01
1.096673309803009033e-01
1.318903416395187378e-01
1.262351125478744507e-01
1.166138872504234314e-01
1.153842583298683167e-01
1.210185289382934570e-01
1.222537979483604431e-01
1.130387261509895325e-01
1.097634434700012207e-01
1.109074577689170837e-01
1.196184828877449036e-01
1.184730306267738342e-01
1.267875283956527710e-01
1.177727058529853821e-01
1.235608235001564026e-01
1.249665841460227966e-01
1.189184412360191345e-01
1.169457808136940002e-01
1.120002269744873047e-01
1.211789622902870178e-01
1.162403225898742676e-01
1.141487583518028259e-01
1.245443522930145264e-01
1.165221035480499268e-01
1.211651042103767395e-01
1.209810376167297363e-01
1.202679499983787537e-01
1.307532936334609985e-01
1.331424564123153687e-01
1.208159253001213074e-01
1.237419024109840393e-01
1.146972253918647766e-01
1.288177073001861572e-01
1.241004467010498047e-01
1.146978735923767090e-01
1.370507031679153442e-01
1.100158020853996277e-01
1.152601763606071472e-01
1.314894556999206543e-01
1.267999857664108276e-01
1.213518977165222168e-01
1.330472975969314575e-01
1.332090348005294800e-01
1.200398206710815430e-01
1.228149533271789551e-01
1.228286847472190857e-01
1.154209300875663757e-01
1.389945298433303833e-01
1.226349100470542908e-01
1.148456707596778870e-01
1.216884553432464600e-01
1.292046457529067993e-01
1.137308776378631592e-01
1.311985850334167480e-01
1.170626357197761536e-01
1.207739710807800293e-01
1.318974047899246216e-01
1.253602653741836548e-01
1.237660646438598633e-01
1.186063289642333984e-01
1.213939413428306580e-01
1.387229561805725098e-01
1.213760450482368469e-01
1.167193651199340820e-01
1.224490702152252197e-01
1.299662142992019653e-01
1.270068436861038208e-01
1.250704824924468994e-01
1.246136203408241272e-01
1.212439313530921936e-01
1.193841099739074707e-01
1.166208013892173767e-01
1.141598597168922424e-01
1.238275244832038879e-01
1.115671098232269287e-01
1.301930695772171021e-01
1.121940538287162781e-01
1.181598380208015442e-01
1.177476420998573303e-01
1.236360445618629456e-01
1.228255257010459900e-01
1.091975867748260498e-01
1.198101937770843506e-01
1.128996834158897400e-01
1.229211911559104919e-01
1.184434816241264343e-01
1.178770363330841064e-01
1.140561327338218689e-01
1.117280721664428711e-01
1.230477020144462585e-01
1.211172118782997131e-01
1.275189816951751709e-01
1.232594847679138184e-01
1.099103689193725586e-01
1.299095302820205688e-01
1.126295402646064758e-01
1.146948039531707764e-01
1.209231019020080566e-01
1.249112486839294434e-01
1.223519071936607361e-01
1.113814488053321838e-01
1.176857277750968933e-01
1.165548041462898254e-01
1.248055323958396912e-01
1.229393705725669861e-01
1.222889050841331482e-01
1.134499311447143555e-01
1.192741394042968750e-01
1.166218742728233337e-01
1.120594665408134460e-01
1.231759563088417053e-01
1.214678287506103516e-01
1.185059919953346252e-01
1.135895922780036926e-01
1.215539574623107910e-01
1.234261766076087952e-01
1.224682107567787170e-01
1.236295700073242188e-01
1.233917474746704102e-01
1.180619969964027405e-01
1.245528832077980042e-01
1.150781288743019104e-01
1.129664406180381775e-01
1.251512616872787476e-01
1.336400657892227173e-01
1.238597258925437927e-01
1.159927025437355042e-01
1.243436560034751892e-01
1.257944107055664062e-01
1.168696954846382141e-01
1.199925765395164490e-01
1.097165867686271667e-01
1.146647930145263672e-01
1.217231750488281250e-01
1.213765516877174377e-01
1.189972460269927979e-01
1.220501735806465149e-01
1.137797161936759949e-01
1.193442046642303467e-01
1.280084997415542603e-01
1.226481571793556213e-01
1.174023672938346863e-01
1.114692762494087219e-01
1.199515685439109802e-01
1.215412840247154236e-01
1.232405677437782288e-01
1.155942082405090332e-01
1.221449151635169983e-01
1.188479065895080566e-01
1.124750152230262756e-01
1.305415928363800049e-01
1.162430420517921448e-01
1.243744567036628723e-01
1.248881518840789795e-01
1.158297136425971985e-01
1.217306852340698242e-01
1.078316867351531982e-01
1.389147788286209106e-01
1.150341406464576721e-01
1.148710027337074280e-01
1.163762137293815613e-01
1.130210831761360168e-01
1.232237294316291809e-01
