1.194875165820121765e-01
1.262156963348388672e-01
1.353464871644973755e-01
3.715870082378387451e-01
4.819626808166503906e-01
8.250714838504791260e-02
2.526767253875732422e-01
1.499388217926025391e-01
2.504484057426452637e-01
2.855267524719238281e-01
1.061448901891708374e-01
3.354449868202209473e-01
1.575307697057723999e-01
1.625506281852722168e-01
1.211726292967796326e-01
1.921223104000091553e-01
6.331189274787902832e-01
1.326726377010345459e-01
3.703541755676269531e-01
1.576868295669555664e-01
1.412767767906188965e-01
1.266568005084991455e-01
2.690837085247039795e-01
2.474535703659057617e-01
2.705142199993133545e-01
2.234014570713043213e-01
3.985404968261718750e-01
1.169545575976371765e-01
2.754024267196655273e-01
2.984655499458312988e-01
3.098770976066589355e-01
2.576345801353454590e-01
7.911351919174194336e-01
1.071628928184509277e-01
2.881946563720703125e-01
2.329309284687042236e-01
2.447729408740997314e-01
2.600567936897277832e-01
1.875548958778381348e-01
2.489904463291168213e-01
1.090625375509262085e-01
4.828528165817260742e-01
2.617808580398559570e-01
5.797132849693298340e-01
3.475703597068786621e-01
4.067995250225067139e-01
2.995238304138183594e-01
2.971480786800384521e-01
7.334169745445251465e-01
1.271010935306549072e-01
2.685587406158447266e-01
1.296497583389282227e-01
1.357158720493316650e-01
2.462562322616577148e-01
2.052084952592849731e-01
3.478388786315917969e-01
1.059185415506362915e-01
5.698552727699279785e-01
6.251767873764038086e-01
2.894039452075958252e-01
1.385681629180908203e-01
1.212902888655662537e-01
2.355152666568756104e-01
2.126294225454330444e-01
1.359618604183197021e-01
2.324917912483215332e-01
2.820438742637634277e-01
1.059448122978210449e-01
2.919111847877502441e-01
3.054105341434478760e-01
1.325149387121200562e-01
1.438495218753814697e-01
3.123551309108734131e-01
1.934909373521804810e-01
1.911262869834899902e-01
1.748110055923461914e-01
2.633236944675445557e-01
2.369346469640731812e-01
2.080794274806976318e-01
1.855451464653015137e-01
1.244989708065986633e-01
2.104696929454803467e-01
3.036893010139465332e-01
3.846679925918579102e-01
4.568248689174652100e-01
2.047931849956512451e-01
2.640154659748077393e-01
1.398754119873046875e-01
1.744763851165771484e-01
1.459014713764190674e-01
3.093043565750122070e-01
2.099109590053558350e-01
9.282079339027404785e-02
5.059597492218017578e-01
2.326048016548156738e-01
2.421745359897613525e-01
8.409614115953445435e-02
1.257113218307495117e-01
1.316422224044799805e-01
6.027510166168212891e-01
1.163795590400695801e-01
2.551689147949218750e-01
1.293810307979583740e-01
9.524796605110168457e-01
4.199844002723693848e-01
1.282681524753570557e-01
2.607685923576354980e-01
1.359483450651168823e-01
2.370180040597915649e-01
3.240193128585815430e-01
5.020716786384582520e-01
1.984205394983291626e-01
3.040412366390228271e-01
6.090837121009826660e-01
1.719277650117874146e-01
3.177201449871063232e-01
2.624472379684448242e-01
4.173609018325805664e-01
2.483353614807128906e-01
3.475129008293151855e-01
2.876040339469909668e-01
1.628732979297637939e-01
5.973013639450073242e-01
2.263172566890716553e-01
1.337087154388427734e-01
9.903620183467864990e-02
3.994997441768646240e-01
1.171596273779869080e-01
2.247719317674636841e-01
2.115326225757598877e-01
2.093532532453536987e-01
1.384947150945663452e-01
2.995510101318359375e-01
2.537173628807067871e-01
6.044112443923950195e-01
1.853900998830795288e-01
1.370558589696884155e-01
5.233512520790100098e-01
3.237043917179107666e-01
2.423976361751556396e-01
2.140374332666397095e-01
2.842587232589721680e-01
1.253163516521453857e-01
2.050642222166061401e-01
1.159329861402511597e-01
2.883021831512451172e-01
3.018653988838195801e-01
2.548858523368835449e-01
6.437012553215026855e-01
2.616193890571594238e-01
4.583859443664550781e-01
6.236299276351928711e-01
6.446318626403808594e-01
1.972613930702209473e-01
1.009996384382247925e-01
1.504343450069427490e-01
1.436584591865539551e-01
3.288047909736633301e-01
1.165549084544181824e-01
2.005369067192077637e-01
2.629693150520324707e-01
3.209808766841888428e-01
4.125003218650817871e-01
3.803734183311462402e-01
1.382606625556945801e-01
2.227992266416549683e-01
2.081145942211151123e-01
2.596690058708190918e-01
1.812339127063751221e-01
2.890974879264831543e-01
1.477147191762924194e-01
1.932292580604553223e-01
1.166630834341049194e-01
1.826556473970413208e-01
2.339064478874206543e-01
2.782616913318634033e-01
1.885077357292175293e-01
3.274706602096557617e-01
1.179081946611404419e-01
1.283229291439056396e-01
1.740087866783142090e-01
2.585203647613525391e-01
1.242845654487609863e-01
1.357278525829315186e-01
1.826115250587463379e-01
1.438247710466384888e-01
1.810160726308822632e-01
8.535044640302658081e-02
5.355310440063476562e-01
3.091844320297241211e-01
3.589585721492767334e-01
2.616037130355834961e-01
1.508218646049499512e-01
2.557883560657501221e-01
1.986651420593261719e-01
2.389020472764968872e-01
1.986876428127288818e-01
2.704318761825561523e-01
1.226010993123054504e-01
1.645094454288482666e-01
2.461331188678741455e-01
2.441948056221008301e-01
1.091368719935417175e-01
1.161916404962539673e-01
4.399635791778564453e-01
9.842124581336975098e-02
1.445398181676864624e-01
1.050749719142913818e-01
1.428440809249877930e-01
1.839010715484619141e-01
2.061221897602081299e-01
3.084480166435241699e-01
2.953658998012542725e-01
1.288296133279800415e-01
1.254188418388366699e-01
2.590286135673522949e-01
2.907930612564086914e-01
3.491515517234802246e-01
1.882732659578323364e-01
1.831893622875213623e-01
1.477741599082946777e-01
2.327294647693634033e-01
3.363454937934875488e-01
1.222975179553031921e-01
1.242013722658157349e-01
1.479613780975341797e-01
2.034625709056854248e-01
3.223931193351745605e-01
2.793776988983154297e-01
2.084510028362274170e-01
2.296907901763916016e-01
3.687415122985839844e-01
2.837591767311096191e-01
2.326734513044357300e-01
3.031221032142639160e-01
3.782208561897277832e-01
8.945054560899734497e-02
3.233289718627929688e-01
2.603920102119445801e-01
2.257210165262222290e-01
3.892911970615386963e-01
1.153617650270462036e-01
1.865716576576232910e-01
1.386923491954803467e-01
1.554622948169708252e-01
2.457010895013809204e-01
3.947996497154235840e-01
2.872474789619445801e-01
3.147400617599487305e-01
2.499906122684478760e-01
2.583287060260772705e-01
2.192081809043884277e-01
1.745177209377288818e-01
2.811380326747894287e-01
2.502603232860565186e-01
9.823875129222869873e-02
1.489777565002441406e-01
1.927717179059982300e-01
1.421320885419845581e-01
1.194512471556663513e-01
2.364217936992645264e-01
2.649796009063720703e-01
8.852590620517730713e-02
9.049899876117706299e-02
2.964769601821899414e-01
2.165853083133697510e-01
7.243201136589050293e-02
2.747584879398345947e-01
2.310606539249420166e-01
1.749879866838455200e-01
1.301398128271102905e-01
3.298858702182769775e-01
1.811965554952621460e-01
2.680786848068237305e-01
9.638467431068420410e-02
1.630387008190155029e-01
1.567407548427581787e-01
2.665014564990997314e-01
2.332168817520141602e-01
2.456239759922027588e-01
1.516970694065093994e-01
3.059961497783660889e-01
1.283441483974456787e-01
5.432922244071960449e-01
8.885020017623901367e-02
1.217711046338081360e-01
2.066848874092102051e-01
6.052539348602294922e-01
8.984840661287307739e-02
9.827776253223419189e-02
3.216859996318817139e-01
3.071522116661071777e-01
4.247367382049560547e-01
2.349132746458053589e-01
3.776900768280029297e-01
1.658116430044174194e-01
2.403664439916610718e-01
1.031801328063011169e-01
2.937571406364440918e-01
8.710394799709320068e-02
2.847643494606018066e-01
2.853959500789642334e-01
3.016181290149688721e-01
3.098876178264617920e-01
2.161445319652557373e-01
2.798521816730499268e-01
2.470222860574722290e-01
1.727253794670104980e-01
2.920504212379455566e-01
3.045888543128967285e-01
1.724880188703536987e-01
1.496658027172088623e-01
4.800041317939758301e-01
