2.032909542322158813e-01
1.401027739048004150e-01
1.119090318679809570e-01
1.508097946643829346e-01
2.428244948387145996e-01
6.643036752939224243e-02
1.619348824024200439e-01
9.415177255868911743e-02
1.949297189712524414e-01
2.128860950469970703e-01
4.093440771102905273e-01
9.594102203845977783e-02
1.264609694480895996e-01
2.464841157197952271e-01
1.960267722606658936e-01
1.161253079771995544e-01
1.220941990613937378e-01
1.433383822441101074e-01
5.103731751441955566e-01
1.547561585903167725e-01
1.327870339155197144e-01
2.338887304067611694e-01
2.349247038364410400e-01
1.783272027969360352e-01
2.101743668317794800e-01
1.228661313652992249e-01
1.520446091890335083e-01
8.352391421794891357e-02
3.428091406822204590e-01
3.501161634922027588e-01
4.999313354492187500e-01
9.674592316150665283e-02
1.570962816476821899e-01
2.279292643070220947e-01
2.646924555301666260e-01
1.430811583995819092e-01
1.290073692798614502e-01
3.378376364707946777e-01
8.458942174911499023e-02
2.421778440475463867e-01
2.425472140312194824e-01
1.963441371917724609e-01
9.404575824737548828e-02
9.216516464948654175e-02
1.622318029403686523e-01
1.822845041751861572e-01
8.296110481023788452e-02
2.011395990848541260e-01
2.521328628063201904e-01
1.710544526576995850e-01
9.675054252147674561e-02
1.090728268027305603e-01
1.248605623841285706e-01
1.532182991504669189e-01
7.931102067232131958e-02
2.562105059623718262e-01
1.009114980697631836e-01
1.319552361965179443e-01
1.961586177349090576e-01
1.796378642320632935e-01
1.534818857908248901e-01
9.593999385833740234e-02
1.706358194351196289e-01
3.082880377769470215e-01
1.728457808494567871e-01
1.218197345733642578e-01
1.131526380777359009e-01
1.262641251087188721e-01
1.007023081183433533e-01
1.027925089001655579e-01
2.245048880577087402e-01
1.402698010206222534e-01
1.437624245882034302e-01
1.967182159423828125e-01
1.389182060956954956e-01
2.170290201902389526e-01
9.295166283845901489e-02
1.016070544719696045e-01
1.691398620605468750e-01
1.396061182022094727e-01
7.262411713600158691e-02
2.549518048763275146e-01
1.097650006413459778e-01
1.299970149993896484e-01
9.453391283750534058e-02
4.391267299652099609e-01
1.281504034996032715e-01
1.566069871187210083e-01
1.875378787517547607e-01
1.697967648506164551e-01
7.799685001373291016e-02
1.030065566301345825e-01
3.090820610523223877e-01
8.151663839817047119e-02
9.711306542158126831e-02
1.636309772729873657e-01
8.969140797853469849e-02
3.216465115547180176e-01
1.115415543317794800e-01
6.861422955989837646e-02
1.150484532117843628e-01
7.845818996429443359e-02
1.315284818410873413e-01
1.570780873298645020e-01
8.329745382070541382e-02
1.047296226024627686e-01
1.467875242233276367e-01
8.469365537166595459e-02
1.900451481342315674e-01
1.494488269090652466e-01
1.208784878253936768e-01
2.317383438348770142e-01
2.068911492824554443e-01
1.017268151044845581e-01
8.336240798234939575e-02
2.107973694801330566e-01
6.781343370676040649e-02
7.301872968673706055e-02
2.217342257499694824e-01
8.983853459358215332e-02
2.644900679588317871e-01
1.718336641788482666e-01
1.289590895175933838e-01
1.678703427314758301e-01
1.128914505243301392e-01
1.651297062635421753e-01
1.522631347179412842e-01
1.717673242092132568e-01
8.300325274467468262e-02
7.834292948246002197e-02
1.874480247497558594e-01
1.608810424804687500e-01
2.324379682540893555e-01
1.697961986064910889e-01
1.717904508113861084e-01
1.126447021961212158e-01
3.529422283172607422e-01
1.754903793334960938e-01
1.537222266197204590e-01
1.348408162593841553e-01
2.693297266960144043e-01
2.686956226825714111e-01
1.000030487775802612e-01
1.607937365770339966e-01
1.818616837263107300e-01
1.133341193199157715e-01
1.713134646415710449e-01
1.021411120891571045e-01
4.199814200401306152e-01
8.869490027427673340e-02
2.631190419197082520e-01
1.097916811704635620e-01
1.835326403379440308e-01
8.505169302225112915e-02
1.062545552849769592e-01
9.325977414846420288e-02
6.803189218044281006e-02
2.013791799545288086e-01
1.522895991802215576e-01
2.961671948432922363e-01
2.008288353681564331e-01
1.282854974269866943e-01
1.387425214052200317e-01
1.755529940128326416e-01
1.961410194635391235e-01
8.489754796028137207e-01
1.600698530673980713e-01
1.603695899248123169e-01
8.538316190242767334e-02
1.036105602979660034e-01
7.436728477478027344e-02
1.204065084457397461e-01
9.341496974229812622e-02
1.228972300887107849e-01
1.815330237150192261e-01
1.798751652240753174e-01
1.388779282569885254e-01
4.613071680068969727e-01
2.440213561058044434e-01
1.607327163219451904e-01
7.366158068180084229e-02
6.319762468338012695e-01
1.215062588453292847e-01
9.778109192848205566e-02
2.718207836151123047e-01
9.555541723966598511e-02
1.576253324747085571e-01
2.159022688865661621e-01
1.332720667123794556e-01
1.844677627086639404e-01
1.586112231016159058e-01
1.434061825275421143e-01
8.543997257947921753e-02
1.326508671045303345e-01
3.551538586616516113e-01
1.825054585933685303e-01
1.199285909533500671e-01
9.761774539947509766e-02
1.600042581558227539e-01
9.055955708026885986e-02
1.095266044139862061e-01
1.511604189872741699e-01
1.921792924404144287e-01
9.431481361389160156e-02
1.666334271430969238e-01
1.416203677654266357e-01
1.010703817009925842e-01
1.034768521785736084e-01
1.063501089811325073e-01
1.270686089992523193e-01
1.945854723453521729e-01
1.675588786602020264e-01
2.186038792133331299e-01
8.344651758670806885e-02
2.505559623241424561e-01
9.418778121471405029e-02
8.806820213794708252e-02
1.207133382558822632e-01
1.058294698596000671e-01
2.013424187898635864e-01
1.215155795216560364e-01
1.253629326820373535e-01
9.912489354610443115e-02
3.483733534812927246e-01
3.674114942550659180e-01
1.010590866208076477e-01
5.064902901649475098e-01
1.455219686031341553e-01
1.058118790388107300e-01
1.355770230293273926e-01
7.663407921791076660e-02
1.088026463985443115e-01
2.283110320568084717e-01
1.416418254375457764e-01
9.259381890296936035e-02
1.637743413448333740e-01
2.064369320869445801e-01
2.392586469650268555e-01
6.283205002546310425e-02
8.981506526470184326e-02
8.825822174549102783e-02
9.466591477394104004e-02
3.818978071212768555e-01
3.815116286277770996e-01
7.835923135280609131e-02
1.545682102441787720e-01
2.715416550636291504e-01
1.409184336662292480e-01
1.808464080095291138e-01
1.572797000408172607e-01
7.967378199100494385e-02
1.383928954601287842e-01
1.756505817174911499e-01
1.420176029205322266e-01
2.134963274002075195e-01
1.517966240644454956e-01
9.907336533069610596e-02
3.420367240905761719e-01
1.336920261383056641e-01
6.135147064924240112e-02
7.309488952159881592e-02
7.900176942348480225e-02
1.472211033105850220e-01
1.529828310012817383e-01
3.355867266654968262e-01
1.472675800323486328e-01
1.457966864109039307e-01
3.890635371208190918e-01
1.019082143902778625e-01
1.850813478231430054e-01
7.411776483058929443e-02
1.600722968578338623e-01
1.462882757186889648e-01
1.115875020623207092e-01
8.471053838729858398e-02
1.824767142534255981e-01
1.649072766304016113e-01
1.573210656642913818e-01
2.123766541481018066e-01
1.893138140439987183e-01
1.734161674976348877e-01
8.624856919050216675e-02
1.673123538494110107e-01
3.057944476604461670e-01
1.718049198389053345e-01
1.433072537183761597e-01
1.331131160259246826e-01
1.899749338626861572e-01
1.460377722978591919e-01
1.537368446588516235e-01
9.288643300533294678e-02
1.565645486116409302e-01
1.710134744644165039e-01
6.472072005271911621e-02
1.513667404651641846e-01
1.569035053253173828e-01
1.566498279571533203e-01
3.527475297451019287e-01
7.596465945243835449e-02
9.836451709270477295e-02
1.595568656921386719e-01
1.662664711475372314e-01
1.462639123201370239e-01
5.987166762351989746e-01
7.512882351875305176e-02
1.986446827650070190e-01
8.057418465614318848e-02
3.970755636692047119e-01
2.066853344440460205e-01
1.480645835399627686e-01
1.662749350070953369e-01
8.593661338090896606e-02
5.316810607910156250e-01
