1.324518620967864990e-01
7.460919022560119629e-02
1.743513941764831543e-01
1.289743781089782715e-01
3.196181356906890869e-01
3.186388313770294189e-01
2.032973468303680420e-01
3.852967321872711182e-01
5.633540451526641846e-02
1.137043237686157227e-01
5.153551101684570312e-01
9.242238104343414307e-02
1.721069067716598511e-01
1.693962216377258301e-01
1.369555890560150146e-01
7.687296718358993530e-02
6.449275463819503784e-02
7.175707817077636719e-02
1.488819718360900879e-01
8.120575547218322754e-02
9.309428185224533081e-02
1.613107472658157349e-01
1.838300675153732300e-01
1.423113644123077393e-01
7.474841177463531494e-02
1.350572705268859863e-01
1.548374593257904053e-01
7.586764544248580933e-02
9.600986540317535400e-02
9.082356840372085571e-02
8.785581588745117188e-02
2.221035957336425781e-01
2.271604388952255249e-01
1.613520979881286621e-01
5.427126586437225342e-02
1.707116067409515381e-01
1.525831520557403564e-01
4.438247084617614746e-01
1.394279301166534424e-01
2.050567716360092163e-01
1.502455472946166992e-01
1.315523386001586914e-01
5.717137828469276428e-02
1.302970647811889648e-01
8.566523343324661255e-02
2.831830978393554688e-01
7.671289891004562378e-02
1.420738697052001953e-01
1.888235211372375488e-01
2.571713924407958984e-01
7.891140878200531006e-02
1.658813357353210449e-01
1.178314909338951111e-01
1.763784289360046387e-01
2.318228483200073242e-01
2.318549901247024536e-01
1.671762466430664062e-01
9.589939564466476440e-02
3.152666091918945312e-01
1.697684824466705322e-01
1.420710384845733643e-01
1.545851081609725952e-01
2.110330760478973389e-01
1.598779559135437012e-01
2.559120059013366699e-01
1.024703383445739746e-01
4.761919379234313965e-01
9.593871235847473145e-02
2.013528347015380859e-01
1.124131754040718079e-01
1.534436047077178955e-01
1.759324967861175537e-01
1.036654785275459290e-01
1.300540864467620850e-01
8.892498165369033813e-02
1.243671923875808716e-01
8.827765285968780518e-02
2.106435894966125488e-01
9.354824572801589966e-02
5.650373101234436035e-01
1.669367551803588867e-01
1.697067916393280029e-01
2.550860047340393066e-01
2.098993659019470215e-01
1.666739284992218018e-01
1.834726929664611816e-01
8.456967025995254517e-02
1.175328865647315979e-01
1.651215553283691406e-01
1.436839401721954346e-01
7.396629452705383301e-02
5.147502198815345764e-02
6.828767806291580200e-02
7.488726079463958740e-02
7.138812541961669922e-02
1.031243801116943359e-01
6.149289384484291077e-02
1.808578073978424072e-01
8.203972876071929932e-02
7.853930443525314331e-02
1.490251868963241577e-01
8.363495767116546631e-02
2.394802272319793701e-01
8.391845971345901489e-02
6.764335930347442627e-02
7.122445106506347656e-02
1.374502778053283691e-01
2.704159319400787354e-01
2.473260164260864258e-01
6.621424853801727295e-02
1.330691277980804443e-01
7.433012127876281738e-02
1.185100376605987549e-01
7.876505702733993530e-02
7.785145938396453857e-02
1.355023533105850220e-01
9.651091694831848145e-02
2.078133076429367065e-01
1.148319691419601440e-01
2.077974826097488403e-01
2.180858552455902100e-01
1.249817535281181335e-01
1.911067068576812744e-01
1.138019114732742310e-01
1.306581199169158936e-01
1.392240524291992188e-01
1.484228372573852539e-01
7.455862313508987427e-02
8.197228610515594482e-02
1.726583838462829590e-01
2.292239218950271606e-01
1.547582149505615234e-01
1.818633675575256348e-01
9.768012911081314087e-02
3.233658075332641602e-01
1.918712407350540161e-01
7.505089044570922852e-02
1.897493302822113037e-01
3.140235245227813721e-01
1.553768813610076904e-01
2.089370191097259521e-01
6.687145680189132690e-02
1.472931504249572754e-01
7.503592967987060547e-02
2.156389355659484863e-01
9.196084737777709961e-02
6.127345189452171326e-02
7.888502627611160278e-02
1.494643688201904297e-01
1.592873632907867432e-01
7.930192351341247559e-02
1.362197995185852051e-01
1.339943706989288330e-01
1.280477046966552734e-01
8.927839249372482300e-02
5.904024839401245117e-02
1.351393163204193115e-01
1.412248015403747559e-01
8.197423070669174194e-02
1.317696571350097656e-01
5.494363605976104736e-02
6.680314987897872925e-02
6.733625382184982300e-02
2.041027247905731201e-01
2.206871211528778076e-01
1.242224723100662231e-01
1.754577308893203735e-01
4.171639084815979004e-01
1.040910631418228149e-01
5.764003098011016846e-02
1.291716545820236206e-01
8.209504932165145874e-02
1.593508422374725342e-01
1.060510277748107910e-01
1.169135272502899170e-01
7.456910610198974609e-02
8.416691422462463379e-02
1.980039775371551514e-01
1.504630148410797119e-01
9.751288592815399170e-02
2.868467271327972412e-01
7.312899827957153320e-02
1.361408978700637817e-01
3.742825388908386230e-01
2.456331700086593628e-01
1.330284774303436279e-01
3.778395652770996094e-01
1.583275794982910156e-01
1.285387575626373291e-01
1.133356541395187378e-01
1.325835585594177246e-01
7.497610896825790405e-02
1.388486027717590332e-01
1.536438167095184326e-01
1.220918595790863037e-01
1.970111429691314697e-01
1.433151513338088989e-01
2.459778785705566406e-01
6.076347082853317261e-02
6.468290090560913086e-02
7.956646382808685303e-02
8.917744457721710205e-02
1.505574584007263184e-01
1.408149302005767822e-01
1.112606525421142578e-01
1.125312000513076782e-01
1.643376946449279785e-01
9.571991860866546631e-02
1.758874505758285522e-01
1.523149907588958740e-01
9.354890882968902588e-02
1.442327648401260376e-01
1.243511736392974854e-01
7.214513421058654785e-01
8.311554789543151855e-02
4.746276140213012695e-02
1.474675834178924561e-01
9.378512203693389893e-02
5.826456472277641296e-02
5.798898637294769287e-02
1.607997417449951172e-01
1.588447988033294678e-01
1.374568045139312744e-01
3.585067689418792725e-01
8.045551180839538574e-02
2.516289353370666504e-01
4.651039093732833862e-02
1.137556210160255432e-01
1.678297072649002075e-01
4.471412301063537598e-01
2.219573855400085449e-01
9.067933261394500732e-02
1.849211901426315308e-01
9.301052987575531006e-02
1.363867521286010742e-01
1.328299045562744141e-01
6.398705393075942993e-02
2.393918931484222412e-01
1.246075183153152466e-01
1.443551778793334961e-01
7.379120588302612305e-02
1.495690941810607910e-01
1.124643012881278992e-01
5.314818397164344788e-02
2.555243372917175293e-01
7.910230755805969238e-02
8.233103901147842407e-02
1.154233142733573914e-01
6.772582978010177612e-02
3.891717493534088135e-01
8.631615340709686279e-02
6.836277246475219727e-02
1.664486676454544067e-01
2.281565666198730469e-01
1.319517493247985840e-01
6.580060720443725586e-02
9.126102924346923828e-02
2.328239679336547852e-01
6.270757317543029785e-02
1.155730113387107849e-01
2.828028798103332520e-01
1.715310215950012207e-01
1.121138036251068115e-01
1.162922307848930359e-01
9.364898502826690674e-02
9.695856273174285889e-02
7.236573845148086548e-02
6.944847106933593750e-02
1.359434425830841064e-01
6.243366748094558716e-02
6.301519274711608887e-02
9.036330878734588623e-02
3.307740986347198486e-01
1.111508607864379883e-01
6.798954308032989502e-02
1.453945338726043701e-01
1.040514707565307617e-01
1.041184365749359131e-01
1.597724258899688721e-01
1.032608747482299805e-01
1.131951957941055298e-01
1.539221704006195068e-01
1.127473413944244385e-01
9.041772037744522095e-02
1.318543404340744019e-01
1.453918963670730591e-01
1.554757058620452881e-01
7.316661626100540161e-02
7.712797820568084717e-02
1.373604387044906616e-01
1.256082206964492798e-01
1.293452978134155273e-01
8.426120877265930176e-02
5.917480587959289551e-02
7.300658524036407471e-02
6.475514918565750122e-02
1.108671873807907104e-01
2.607998251914978027e-01
1.313426196575164795e-01
1.769287586212158203e-01
9.754401445388793945e-02
3.133035302162170410e-01
1.064931377768516541e-01
7.059698551893234253e-02
5.804397165775299072e-02
7.377059757709503174e-02
6.380201876163482666e-02
6.621638685464859009e-02
3.361341059207916260e-01
1.543351560831069946e-01
3.547939062118530273e-01
6.329442560672760010e-02
3.495405316352844238e-01
