1.671614408493041992e+00
1.266682147979736328e+00
1.086481809616088867e+00
1.742252826690673828e+00
1.151657581329345703e+00
1.172676682472229004e+00
1.962758660316467285e+00
1.529115915298461914e+00
1.107572555541992188e+00
2.145672082901000977e+00
1.252595424652099609e+00
2.295794963836669922e+00
1.113231658935546875e+00
7.662717103958129883e-01
1.329658627510070801e+00
6.928026676177978516e-01
1.351603507995605469e+00
1.918311715126037598e+00
3.062786102294921875e+00
8.316283226013183594e-01
1.420683145523071289e+00
1.514150857925415039e+00
6.638232469558715820e-01
3.251895666122436523e+00
2.438492774963378906e+00
2.694059848785400391e+00
8.279642462730407715e-01
8.565508127212524414e-01
1.173227429389953613e+00
1.803281426429748535e+00
6.600953340530395508e-01
1.215799093246459961e+00
6.846472740173339844e+00
1.833088636398315430e+00
4.308300971984863281e+00
1.828459262847900391e+00
1.211244344711303711e+00
3.098182678222656250e+00
1.671974658966064453e+00
1.765259027481079102e+00
1.034999966621398926e+00
1.078240871429443359e+00
1.210215210914611816e+00
2.117528915405273438e+00
9.310740232467651367e-01
5.981816291809082031e+00
1.798223376274108887e+00
1.744610667228698730e+00
1.775207281112670898e+00
2.249165534973144531e+00
4.864096641540527344e+00
1.449953675270080566e+00
1.403986573219299316e+00
1.652883172035217285e+00
4.217195034027099609e+00
3.891978263854980469e+00
1.850669384002685547e+00
2.315043687820434570e+00
1.231257915496826172e+00
2.388360500335693359e+00
1.154276847839355469e+00
1.552936911582946777e+00
1.330253601074218750e+00
1.362018108367919922e+00
1.760043621063232422e+00
1.630896329879760742e+00
1.290084719657897949e+00
1.007849454879760742e+00
1.294143438339233398e+00
1.332019686698913574e+00
6.813508272171020508e-01
1.377294182777404785e+00
1.178659796714782715e+00
1.727607607841491699e+00
1.056599497795104980e+00
1.378925681114196777e+00
8.638466596603393555e-01
5.081217288970947266e+00
1.569277763366699219e+00
9.697911739349365234e-01
1.713003158569335938e+00
9.131924510002136230e-01
2.359096527099609375e+00
1.234563708305358887e+00
1.540821790695190430e+00
1.342095971107482910e+00
2.511855363845825195e+00
1.279140949249267578e+00
1.594661712646484375e+00
1.192926764488220215e+00
2.299852371215820312e+00
1.041286110877990723e+00
8.137466311454772949e-01
1.726878046989440918e+00
1.036845207214355469e+00
1.083147048950195312e+00
2.048394918441772461e+00
1.632558345794677734e+00
1.269375801086425781e+00
1.386524319648742676e+00
8.762987852096557617e-01
8.164782524108886719e-01
4.852721214294433594e+00
1.448634386062622070e+00
1.472614765167236328e+00
1.279381513595581055e+00
8.316029310226440430e-01
9.340996742248535156e-01
4.872405529022216797e+00
7.576884031295776367e-01
2.387427806854248047e+00
1.096880912780761719e+00
7.431723594665527344e+00
1.898225307464599609e+00
7.600906491279602051e-01
1.422201633453369141e+00
7.355303764343261719e-01
1.600375294685363770e+00
7.221002578735351562e-01
1.865306973457336426e+00
1.036275148391723633e+00
2.264273405075073242e+00
1.537741899490356445e+00
1.501719474792480469e+00
1.734090089797973633e+00
8.384051322937011719e-01
1.412468314170837402e+00
4.428421020507812500e+00
4.147995948791503906e+00
1.270571708679199219e+00
4.553753852844238281e+00
9.591134786605834961e-01
3.092230796813964844e+00
1.504186034202575684e+00
3.978084564208984375e+00
1.077561855316162109e+00
2.023965835571289062e+00
1.216161251068115234e+00
2.302772521972656250e+00
1.503238558769226074e+00
1.179374337196350098e+00
2.156347751617431641e+00
5.505608558654785156e+00
1.076915025711059570e+00
1.677211761474609375e+00
1.480473279953002930e+00
1.706196546554565430e+00
9.991073012351989746e-01
1.597703218460083008e+00
1.488072395324707031e+00
1.246052026748657227e+00
7.789432406425476074e-01
8.068099021911621094e-01
1.829956054687500000e+00
1.291573762893676758e+00
5.430245399475097656e+00
1.390871286392211914e+00
9.501116871833801270e-01
1.396911263465881348e+00
1.171871185302734375e+00
4.789529323577880859e+00
1.019415259361267090e+00
1.491428852081298828e+00
1.904918193817138672e+00
1.375157594680786133e+00
7.542570233345031738e-01
1.179927825927734375e+00
4.164437294006347656e+00
1.643453001976013184e+00
1.902349352836608887e+00
5.271263122558593750e+00
1.633477449417114258e+00
1.299480080604553223e+00
1.565831422805786133e+00
1.022667288780212402e+00
1.166528701782226562e+00
2.991154193878173828e+00
1.603492140769958496e+00
1.706281185150146484e+00
1.649536848068237305e+00
1.038012742996215820e+00
1.326232790946960449e+00
2.382472038269042969e+00
1.967101097106933594e+00
1.542565226554870605e+00
5.424232482910156250e+00
1.787900805473327637e+00
2.073211193084716797e+00
1.346646666526794434e+00
1.510886192321777344e+00
7.436291575431823730e-01
1.651813387870788574e+00
9.593238830566406250e-01
1.882260799407958984e+00
2.965510129928588867e+00
1.551799535751342773e+00
7.603752613067626953e-01
1.305787444114685059e+00
8.296794295310974121e-01
1.150358080863952637e+00
1.128942251205444336e+00
1.259593725204467773e+00
1.624716877937316895e+00
1.139999389648437500e+00
1.019119024276733398e+00
1.797305107116699219e+00
9.067652225494384766e-01
2.776535511016845703e+00
8.175878524780273438e-01
1.789805531501770020e+00
1.676850199699401855e+00
6.979429721832275391e-01
1.565359473228454590e+00
1.136306405067443848e+00
9.891721010208129883e-01
1.309149384498596191e+00
9.409818053245544434e-01
1.394581794738769531e+00
1.255181312561035156e+00
1.247195601463317871e+00
1.264724254608154297e+00
1.168749690055847168e+00
9.565343856811523438e-01
1.005352258682250977e+00
6.514353752136230469e-01
3.918557643890380859e+00
1.201692819595336914e+00
2.918515920639038086e+00
1.296321153640747070e+00
2.889612674713134766e+00
1.756377220153808594e+00
6.847282052040100098e-01
6.985777616500854492e-01
7.784249782562255859e-01
1.601516842842102051e+00
1.227721691131591797e+00
1.623038530349731445e+00
8.554755449295043945e-01
1.914398550987243652e+00
1.778477907180786133e+00
1.365546703338623047e+00
1.856598615646362305e+00
1.197259902954101562e+00
8.184910416603088379e-01
9.351134300231933594e-01
1.397072792053222656e+00
2.124207735061645508e+00
1.151071906089782715e+00
1.755346536636352539e+00
1.890443325042724609e+00
2.015681266784667969e+00
9.728683233261108398e-01
9.247205853462219238e-01
9.574089050292968750e-01
2.326973676681518555e+00
3.728976249694824219e+00
1.402682542800903320e+00
1.634281396865844727e+00
1.065578937530517578e+00
1.808640718460083008e+00
7.815642952919006348e-01
1.060226440429687500e+00
1.138893127441406250e+00
2.952810287475585938e+00
9.930486679077148438e-01
1.574282169342041016e+00
7.857893705368041992e-01
6.141469478607177734e-01
5.023915767669677734e-01
7.426154613494873047e-01
6.809064149856567383e-01
1.575712919235229492e+00
7.456721067428588867e-01
7.566764354705810547e-01
6.830269694328308105e-01
9.371274709701538086e-01
1.307253360748291016e+00
1.200703501701354980e+00
5.683819770812988281e+00
7.619510889053344727e-01
3.004181861877441406e+00
1.200959563255310059e+00
5.589557170867919922e+00
8.574348688125610352e-01
1.710368871688842773e+00
1.251892089843750000e+00
1.224472999572753906e+00
9.637638330459594727e-01
8.938096165657043457e-01
1.517939448356628418e+00
1.494316339492797852e+00
1.740025520324707031e+00
1.039674043655395508e+00
1.532538414001464844e+00
1.617966175079345703e+00
1.167670249938964844e+00
6.188325881958007812e-01
1.419762372970581055e+00
5.100830078125000000e+00
1.726036429405212402e+00
1.328677892684936523e+00
1.830320119857788086e+00
3.937720060348510742e+00
1.514244079589843750e+00
1.989961743354797363e+00
1.172368049621582031e+00
4.452789306640625000e+00
1.297732830047607422e+00
2.431129455566406250e+00
6.452139616012573242e-01
7.168247699737548828e-01
7.713391184806823730e-01
1.020635128021240234e+00
3.068353652954101562e+00
1.470087766647338867e+00
1.114803075790405273e+00
2.028644561767578125e+00
1.427063226699829102e+00
1.440247774124145508e+00
5.312615394592285156e+00
1.618735790252685547e+00
1.304602622985839844e+00
3.167584896087646484e+00
1.294697046279907227e+00
2.920749187469482422e+00
1.242844343185424805e+00
1.890941143035888672e+00
3.426427602767944336e+00
1.457804203033447266e+00
4.544914245605468750e+00
4.797176361083984375e+00
1.378210544586181641e+00
8.317832946777343750e-01
1.341388583183288574e+00
2.298269271850585938e+00
1.317783117294311523e+00
1.139682769775390625e+00
1.071104288101196289e+00
1.180122375488281250e+00
1.663933873176574707e+00
9.852792024612426758e-01
2.393934488296508789e+00
1.352619051933288574e+00
6.773186922073364258e-01
9.754855632781982422e-01
4.736290931701660156e+00
1.167431950569152832e+00
1.109541893005371094e+00
1.380918502807617188e+00
3.260778427124023438e+00
1.706135034561157227e+00
2.439224720001220703e+00
1.236202239990234375e+00
1.075676441192626953e+00
5.406862735748291016e+00
2.111440181732177734e+00
1.182659864425659180e+00
1.190635681152343750e+00
1.219455718994140625e+00
1.469555616378784180e+00
9.118193387985229492e-01
1.176231384277343750e+00
9.392502307891845703e-01
1.494619607925415039e+00
1.141549468040466309e+00
1.596912026405334473e+00
1.380705833435058594e+00
4.715712547302246094e+00
9.415991306304931641e-01
1.677138209342956543e+00
1.595276355743408203e+00
1.507671594619750977e+00
9.034820795059204102e-01
9.996203780174255371e-01
7.248797416687011719e-01
1.466398000717163086e+00
7.008997201919555664e-01
2.210515022277832031e+00
1.726796030998229980e+00
8.382370471954345703e-01
2.093447208404541016e+00
1.372014045715332031e+00
9.847784638404846191e-01
2.005764484405517578e+00
1.534640550613403320e+00
2.612493276596069336e+00
1.194465279579162598e+00
1.209770202636718750e+00
1.956421375274658203e+00
1.906634211540222168e+00
1.467311382293701172e+00
2.050819396972656250e+00
7.179350256919860840e-01
6.489820480346679688e-01
1.194417834281921387e+00
7.987605333328247070e-01
1.376996278762817383e+00
1.940516114234924316e+00
6.560924530029296875e+00
1.892971873283386230e+00
1.486825466156005859e+00
1.660590410232543945e+00
1.053006291389465332e+00
8.566004633903503418e-01
3.080836296081542969e+00
1.538364291191101074e+00
1.618262290954589844e+00
1.187787055969238281e+00
1.078440427780151367e+00
6.916021823883056641e+00
1.590517282485961914e+00
1.336564660072326660e+00
1.166946411132812500e+00
2.438841581344604492e+00
1.777271747589111328e+00
1.425438523292541504e+00
1.328785181045532227e+00
1.052185058593750000e+00
1.551873683929443359e+00
2.023431301116943359e+00
1.402894258499145508e+00
1.258657932281494141e+00
2.190673112869262695e+00
1.080383062362670898e+00
1.788303375244140625e+00
1.182419300079345703e+00
9.640233516693115234e-01
7.920954227447509766e-01
1.788250446319580078e+00
7.789388298988342285e-01
8.853793144226074219e-01
8.503078222274780273e-01
9.829769134521484375e-01
7.173123359680175781e-01
1.081867933273315430e+00
7.282031178474426270e-01
1.400658011436462402e+00
1.244442462921142578e+00
6.636650085449218750e+00
8.327879905700683594e-01
4.395897865295410156e+00
1.619450330734252930e+00
7.271139621734619141e-01
1.815153241157531738e+00
1.553936600685119629e+00
1.062629938125610352e+00
1.740988016128540039e+00
1.120525956153869629e+00
2.782062530517578125e+00
1.380256175994873047e+00
3.695936918258666992e+00
1.250869989395141602e+00
1.935586929321289062e+00
1.597357630729675293e+00
2.230339288711547852e+00
3.335024833679199219e+00
1.433591246604919434e+00
1.688074588775634766e+00
1.837929487228393555e+00
1.343098640441894531e+00
2.396436214447021484e+00
1.767019033432006836e+00
1.504703283309936523e+00
5.278489112854003906e+00
1.480023384094238281e+00
1.686619758605957031e+00
1.343239545822143555e+00
1.749284148216247559e+00
1.661555647850036621e+00
1.628123521804809570e+00
1.435978174209594727e+00
3.299783229827880859e+00
1.807837009429931641e+00
2.546411037445068359e+00
4.281321048736572266e+00
1.804882287979125977e+00
1.218801021575927734e+00
1.481508016586303711e+00
1.752197980880737305e+00
1.885148525238037109e+00
8.300253748893737793e-01
8.389370441436767578e-01
8.502643108367919922e-01
7.398951053619384766e-01
1.366088151931762695e+00
2.895846843719482422e+00
3.025254487991333008e+00
1.832046151161193848e+00
8.731561899185180664e-01
5.707857012748718262e-01
1.661670923233032227e+00
7.088731527328491211e-01
8.331597447395324707e-01
5.984986424446105957e-01
6.605685949325561523e-01
4.256638526916503906e+00
9.848885536193847656e-01
1.324323296546936035e+00
3.260442495346069336e+00
1.245580554008483887e+00
6.250418424606323242e-01
1.333661079406738281e+00
1.687360286712646484e+00
1.224879384040832520e+00
3.392898797988891602e+00
1.195555806159973145e+00
1.223576784133911133e+00
1.243125438690185547e+00
1.117080926895141602e+00
1.284649610519409180e+00
1.119047880172729492e+00
1.693070173263549805e+00
9.641327857971191406e-01
1.075062632560729980e+00
2.507002115249633789e+00
1.113532304763793945e+00
1.268890857696533203e+00
1.042017340660095215e+00
1.305948257446289062e+00
2.836027383804321289e+00
1.548433899879455566e+00
3.051909923553466797e+00
7.013018131256103516e-01
1.278456211090087891e+00
1.848332762718200684e+00
2.346425533294677734e+00
2.477877140045166016e+00
1.064736962318420410e+00
1.229719281196594238e+00
1.154683351516723633e+00
9.696874618530273438e-01
3.168455839157104492e+00
1.141324877738952637e+00
2.047774791717529297e+00
1.610390305519104004e+00
1.215642690658569336e+00
7.187039852142333984e-01
7.227684259414672852e-01
7.152497172355651855e-01
1.367310762405395508e+00
1.416279554367065430e+00
1.450606346130371094e+00
2.382557868957519531e+00
7.218998670578002930e-01
1.628623723983764648e+00
2.063827037811279297e+00
1.177476882934570312e+00
1.606274962425231934e+00
4.579767704010009766e+00
1.661435604095458984e+00
1.373236894607543945e+00
8.415296077728271484e-01
1.440452337265014648e+00
1.851395368576049805e+00
1.233783841133117676e+00
1.202170252799987793e+00
1.182496786117553711e+00
2.075608730316162109e+00
1.265800476074218750e+00
9.211080074310302734e-01
1.929004907608032227e+00
3.086293935775756836e+00
1.132051706314086914e+00
1.260989665985107422e+00
7.849693298339843750e-01
2.158140659332275391e+00
1.350280761718750000e+00
1.312660932540893555e+00
8.387332558631896973e-01
4.104943275451660156e+00
7.011759281158447266e-01
1.512969255447387695e+00
1.319728851318359375e+00
9.493078589439392090e-01
1.672105908393859863e+00
1.773285865783691406e+00
3.393121719360351562e+00
2.161647796630859375e+00
2.095263242721557617e+00
1.441892147064208984e+00
8.928613662719726562e-01
6.417361497879028320e-01
1.424437522888183594e+00
7.376240491867065430e-01
1.182556748390197754e+00
7.264979481697082520e-01
1.453804850578308105e+00
1.580114960670471191e+00
1.580007314682006836e+00
6.138538718223571777e-01
1.883065462112426758e+00
4.401055335998535156e+00
1.073824405670166016e+00
2.155860900878906250e+00
1.244746208190917969e+00
3.780509233474731445e+00
1.036797046661376953e+00
1.379711389541625977e+00
1.999596357345581055e+00
5.529367446899414062e+00
1.226851463317871094e+00
1.317470550537109375e+00
1.692787647247314453e+00
1.142235040664672852e+00
1.362354040145874023e+00
2.170148372650146484e+00
2.145775318145751953e+00
3.058577060699462891e+00
1.631529808044433594e+00
5.751990795135498047e+00
1.305159449577331543e+00
1.458889007568359375e+00
2.225392818450927734e+00
1.474908828735351562e+00
1.082900285720825195e+00
2.583037614822387695e+00
4.756217002868652344e+00
1.072971343994140625e+00
1.193188905715942383e+00
1.329168796539306641e+00
1.965088129043579102e+00
1.576992273330688477e+00
1.342193365097045898e+00
3.828969717025756836e+00
8.578621149063110352e-01
1.408917665481567383e+00
9.722754955291748047e-01
6.486494541168212891e-01
1.085937261581420898e+00
1.919603586196899414e+00
1.005026936531066895e+00
1.168667793273925781e+00
2.101721048355102539e+00
7.251224517822265625e-01
1.258975744247436523e+00
9.529483318328857422e-01
1.302938342094421387e+00
2.086755752563476562e+00
6.798089742660522461e-01
2.308200597763061523e+00
1.091167211532592773e+00
1.038452863693237305e+00
1.237956762313842773e+00
6.084460020065307617e-01
1.719329118728637695e+00
1.243622899055480957e+00
7.186902165412902832e-01
2.368182182312011719e+00
3.636652946472167969e+00
1.251840353012084961e+00
4.374149322509765625e+00
1.817125320434570312e+00
1.246680021286010742e+00
1.018037557601928711e+00
1.768572449684143066e+00
2.118812561035156250e+00
8.396358489990234375e-01
2.818165302276611328e+00
1.739258289337158203e+00
1.557700634002685547e+00
1.471472978591918945e+00
1.792047977447509766e+00
1.018893718719482422e+00
1.089859127998352051e+00
1.519755840301513672e+00
1.433365821838378906e+00
5.447582721710205078e+00
1.693964719772338867e+00
8.730227351188659668e-01
1.840790748596191406e+00
1.663234233856201172e+00
7.984580397605895996e-01
1.367918729782104492e+00
8.180925250053405762e-01
1.715358376502990723e+00
1.172132492065429688e+00
1.259073495864868164e+00
2.205089330673217773e+00
3.269596099853515625e+00
1.482106924057006836e+00
9.593756198883056641e-01
1.464478254318237305e+00
9.343764781951904297e-01
9.924955964088439941e-01
8.164521455764770508e-01
8.625255227088928223e-01
1.819867372512817383e+00
2.907788753509521484e+00
7.245383262634277344e-01
4.286972999572753906e+00
1.432415723800659180e+00
4.126588821411132812e+00
5.247832536697387695e-01
2.112589597702026367e+00
1.555635571479797363e+00
1.763504385948181152e+00
1.447197318077087402e+00
8.126865625381469727e-01
7.518299221992492676e-01
1.414498209953308105e+00
1.647150754928588867e+00
1.792509078979492188e+00
1.529532670974731445e+00
1.433340311050415039e+00
1.872636795043945312e+00
1.867002964019775391e+00
1.313749313354492188e+00
1.683701753616333008e+00
2.227026462554931641e+00
1.407603502273559570e+00
1.639150977134704590e+00
9.109610915184020996e-01
1.312216520309448242e+00
1.499900817871093750e+00
9.184657335281372070e-01
1.241595506668090820e+00
2.097886800765991211e+00
1.320923805236816406e+00
5.488963127136230469e-01
1.411169528961181641e+00
6.819955110549926758e-01
6.442556977272033691e-01
3.103276729583740234e+00
2.513099193572998047e+00
7.614051103591918945e-01
1.168321490287780762e+00
3.015642166137695312e+00
1.672416448593139648e+00
1.078979134559631348e+00
7.032511234283447266e-01
3.250784873962402344e+00
1.566977024078369141e+00
8.079571723937988281e-01
1.640625238418579102e+00
1.206215262413024902e+00
1.978084564208984375e+00
7.964733839035034180e-01
1.744515299797058105e+00
1.568704962730407715e+00
8.398168087005615234e-01
7.587239146232604980e-01
1.967422246932983398e+00
1.140278100967407227e+00
6.554154753684997559e-01
3.656917572021484375e+00
7.694003582000732422e+00
2.737230062484741211e+00
1.174795627593994141e+00
1.164288043975830078e+00
1.282697558403015137e+00
1.833316802978515625e+00
1.337020397186279297e+00
4.083200931549072266e+00
1.192143678665161133e+00
6.778100728988647461e-01
1.150626540184020996e+00
1.018504381179809570e+00
8.343712091445922852e-01
9.519109129905700684e-01
1.018498897552490234e+00
2.148637771606445312e+00
2.590051651000976562e+00
2.007607936859130859e+00
1.399619936943054199e+00
1.449017167091369629e+00
1.222767114639282227e+00
1.391332387924194336e+00
1.887961030006408691e+00
4.310592651367187500e+00
1.477776765823364258e+00
5.888109207153320312e+00
2.900531530380249023e+00
7.761114835739135742e-01
1.033945202827453613e+00
1.214744806289672852e+00
1.420910596847534180e+00
1.510102152824401855e+00
1.683105945587158203e+00
1.812138080596923828e+00
1.469364643096923828e+00
8.407887220382690430e-01
1.077802896499633789e+00
8.625255227088928223e-01
1.311086535453796387e+00
1.700220704078674316e+00
5.499137401580810547e+00
7.724065780639648438e-01
2.012472152709960938e+00
1.117769718170166016e+00
1.469551205635070801e+00
7.964550256729125977e-01
9.526074528694152832e-01
1.995852708816528320e+00
1.444880247116088867e+00
8.008947372436523438e-01
2.008775472640991211e+00
1.289346814155578613e+00
1.499733209609985352e+00
1.717582225799560547e+00
2.337949514389038086e+00
2.872569084167480469e+00
1.500982761383056641e+00
1.698836445808410645e+00
1.127592325210571289e+00
3.091118812561035156e+00
1.414664745330810547e+00
7.330027818679809570e-01
4.026968479156494141e+00
1.123721122741699219e+00
1.625284314155578613e+00
1.506406784057617188e+00
6.724910736083984375e-01
1.401183247566223145e+00
1.434926748275756836e+00
1.329214215278625488e+00
6.434455513954162598e-01
6.035000681877136230e-01
1.417533636093139648e+00
1.056084156036376953e+00
1.322739839553833008e+00
1.026113510131835938e+00
1.050304651260375977e+00
1.614825725555419922e+00
1.008467078208923340e+00
7.150174379348754883e-01
1.317003726959228516e+00
8.670001626014709473e-01
2.288044929504394531e+00
6.463078856468200684e-01
1.519955515861511230e+00
2.742979288101196289e+00
2.784960508346557617e+00
7.148309946060180664e-01
6.327981352806091309e-01
2.050662755966186523e+00
2.092994451522827148e+00
1.119209527969360352e+00
1.505547165870666504e+00
7.938041090965270996e-01
9.502822160720825195e-01
3.336749076843261719e+00
7.983757257461547852e-01
5.690510272979736328e+00
2.010704994201660156e+00
1.613434672355651855e+00
7.935141324996948242e-01
3.934903144836425781e+00
7.963682413101196289e-01
1.294127941131591797e+00
6.954919099807739258e-01
1.527474880218505859e+00
1.248483896255493164e+00
1.012676715850830078e+00
3.030181646347045898e+00
3.339339494705200195e+00
4.899465560913085938e+00
1.657799601554870605e+00
1.135185718536376953e+00
1.240455389022827148e+00
1.841225385665893555e+00
3.357140779495239258e+00
7.591896057128906250e-01
3.544323444366455078e+00
1.148074626922607422e+00
1.184319376945495605e+00
8.645522594451904297e-01
6.865692138671875000e-01
1.389124870300292969e+00
5.354351997375488281e+00
2.135903835296630859e+00
3.408236980438232422e+00
1.439419031143188477e+00
9.477119445800781250e-01
9.500106573104858398e-01
8.321802020072937012e-01
9.820860028266906738e-01
1.773451924324035645e+00
1.186240553855895996e+00
1.058045029640197754e+00
3.014383316040039062e+00
1.365109205245971680e+00
1.584769725799560547e+00
6.645294427871704102e-01
3.962864875793457031e+00
1.919456720352172852e+00
7.907224893569946289e-01
8.183134198188781738e-01
1.075951814651489258e+00
1.970540761947631836e+00
7.303407192230224609e-01
4.649760246276855469e+00
8.667364120483398438e-01
5.205007076263427734e+00
1.456245422363281250e+00
8.580200672149658203e-01
6.914250850677490234e-01
1.836405038833618164e+00
3.461327314376831055e+00
5.527849793434143066e-01
1.791291594505310059e+00
6.064115166664123535e-01
8.221855163574218750e-01
1.030951738357543945e+00
3.685533761978149414e+00
1.405466675758361816e+00
2.067631006240844727e+00
1.060149908065795898e+00
8.086981773376464844e-01
1.061238527297973633e+00
1.337252974510192871e+00
6.527519226074218750e-01
1.293379187583923340e+00
4.779461860656738281e+00
2.430143833160400391e+00
1.680337905883789062e+00
3.885432243347167969e+00
1.525191903114318848e+00
1.212036371231079102e+00
8.338131904602050781e-01
1.037860393524169922e+00
1.184464454650878906e+00
3.558019161224365234e+00
2.466978311538696289e+00
9.369859695434570312e-01
2.340278863906860352e+00
1.078171491622924805e+00
1.612228512763977051e+00
2.099156141281127930e+00
2.931936979293823242e+00
1.796634912490844727e+00
1.365394592285156250e+00
1.012639999389648438e+00
1.220436811447143555e+00
2.929463863372802734e+00
8.826952576637268066e-01
1.533818006515502930e+00
1.240153193473815918e+00
7.102333307266235352e-01
1.404343128204345703e+00
1.798481822013854980e+00
1.319084405899047852e+00
1.722114205360412598e+00
3.050567626953125000e+00
1.336596965789794922e+00
1.748859167098999023e+00
4.915725708007812500e+00
5.290463447570800781e+00
1.150345921516418457e+00
1.131325483322143555e+00
1.500626206398010254e+00
8.530869483947753906e-01
1.101994752883911133e+00
2.051884174346923828e+00
7.239410877227783203e-01
1.041091203689575195e+00
9.427456855773925781e-01
1.672750234603881836e+00
1.188535451889038086e+00
2.144490003585815430e+00
1.134094357490539551e+00
3.989202976226806641e+00
1.152961730957031250e+00
1.240725874900817871e+00
4.374507904052734375e+00
1.500399112701416016e+00
8.782383799552917480e-01
1.074490666389465332e+00
1.382948637008666992e+00
1.476729869842529297e+00
1.296266317367553711e+00
1.162928342819213867e+00
2.141473293304443359e+00
4.698119163513183594e+00
1.367235898971557617e+00
7.360090613365173340e-01
1.162822484970092773e+00
1.357598900794982910e+00
1.688049674034118652e+00
6.476888656616210938e+00
4.266806602478027344e+00
1.549121141433715820e+00
9.463202953338623047e-01
1.219534873962402344e+00
1.756971597671508789e+00
1.157780885696411133e+00
4.215802669525146484e+00
9.478938579559326172e-01
1.403254151344299316e+00
1.017693996429443359e+00
1.201948285102844238e+00
8.983837366104125977e-01
1.735170364379882812e+00
2.165776252746582031e+00
1.358374118804931641e+00
1.508147239685058594e+00
4.728627204895019531e+00
4.923656463623046875e+00
1.733264684677124023e+00
3.765088081359863281e+00
1.653106451034545898e+00
1.581365466117858887e+00
1.811241269111633301e+00
8.945978283882141113e-01
1.576075315475463867e+00
1.227728366851806641e+00
1.170781612396240234e+00
1.478930473327636719e+00
9.320672154426574707e-01
1.293993711471557617e+00
9.391463994979858398e-01
1.602650403976440430e+00
2.476883411407470703e+00
1.248837471008300781e+00
1.091173052787780762e+00
1.476639986038208008e+00
1.395341157913208008e+00
1.676144599914550781e+00
2.910533428192138672e+00
8.429376482963562012e-01
1.456515789031982422e+00
9.246878623962402344e-01
1.406289339065551758e+00
1.438427686691284180e+00
1.532017707824707031e+00
5.920010566711425781e+00
1.407779455184936523e+00
1.063260316848754883e+00
8.848878145217895508e-01
2.961735486984252930e+00
5.718321800231933594e-01
1.425547957420349121e+00
6.606276035308837891e-01
9.721224904060363770e-01
7.445024251937866211e-01
9.033691883087158203e-01
3.761224985122680664e+00
1.307334303855895996e+00
9.477073550224304199e-01
1.814328551292419434e+00
6.594800949096679688e-01
3.037775278091430664e+00
1.387286186218261719e+00
9.914215803146362305e-01
5.626947402954101562e+00
1.251258134841918945e+00
1.467485666275024414e+00
1.026522040367126465e+00
1.039722204208374023e+00
1.040177226066589355e+00
1.677173376083374023e+00
8.957875967025756836e-01
1.587521076202392578e+00
2.732836723327636719e+00
1.740352153778076172e+00
1.333472728729248047e+00
1.540351271629333496e+00
1.203564286231994629e+00
1.321553707122802734e+00
8.873039484024047852e-01
2.161530494689941406e+00
5.688347816467285156e-01
9.636449217796325684e-01
1.363154888153076172e+00
1.071976184844970703e+00
1.787317991256713867e+00
7.399498224258422852e-01
6.265608668327331543e-01
1.207095861434936523e+00
1.559895515441894531e+00
8.846703767776489258e-01
5.629343986511230469e+00
1.688557863235473633e+00
3.983963012695312500e+00
7.320845127105712891e-01
8.828302621841430664e-01
5.685620307922363281e-01
1.292496800422668457e+00
1.138869524002075195e+00
3.168958902359008789e+00
1.635464072227478027e+00
1.225000739097595215e+00
7.133925557136535645e-01
8.565740585327148438e-01
2.695802211761474609e+00
7.005127668380737305e-01
1.855795264244079590e+00
1.753294944763183594e+00
1.239892482757568359e+00
1.880984425544738770e+00
1.032499790191650391e+00
1.370740175247192383e+00
1.052308201789855957e+00
1.331497430801391602e+00
1.524904847145080566e+00
9.022788405418395996e-01
6.053770184516906738e-01
5.987119674682617188e+00
8.898178339004516602e-01
5.561648607254028320e-01
2.164461851119995117e+00
9.746282100677490234e-01
1.263788223266601562e+00
1.057668089866638184e+00
1.310417056083679199e+00
1.660345435142517090e+00
2.077174186706542969e+00
1.355423569679260254e+00
1.515767574310302734e+00
1.454966187477111816e+00
1.347910642623901367e+00
1.426601409912109375e+00
2.480918407440185547e+00
1.419204950332641602e+00
1.698232173919677734e+00
1.094813823699951172e+00
1.394423007965087891e+00
1.153828740119934082e+00
1.682354688644409180e+00
1.738313198089599609e+00
1.288244724273681641e+00
1.793945193290710449e+00
2.227967262268066406e+00
1.371452808380126953e+00
1.340746164321899414e+00
1.524908065795898438e+00
8.462014198303222656e-01
1.335819482803344727e+00
1.469191312789916992e+00
3.150832653045654297e+00
1.026321172714233398e+00
1.510353326797485352e+00
1.690229415893554688e+00
1.385328292846679688e+00
3.602707386016845703e+00
7.156809568405151367e-01
1.297184824943542480e+00
2.331964015960693359e+00
1.738039135932922363e+00
1.395128726959228516e+00
1.373648881912231445e+00
8.560158014297485352e-01
3.960333347320556641e+00
2.182178735733032227e+00
1.254529714584350586e+00
9.458795785903930664e-01
1.166204452514648438e+00
3.870728969573974609e+00
1.462954521179199219e+00
1.813717842102050781e+00
1.882439136505126953e+00
1.322429060935974121e+00
1.616779088973999023e+00
1.060805082321166992e+00
8.533258438110351562e-01
5.206639289855957031e+00
1.672244787216186523e+00
3.700857162475585938e+00
1.164074420928955078e+00
4.439065456390380859e+00
1.092414855957031250e+00
1.969929218292236328e+00
1.324360370635986328e+00
1.046274423599243164e+00
1.695964217185974121e+00
1.825867056846618652e+00
1.830628871917724609e+00
1.395975112915039062e+00
1.817637801170349121e+00
1.979883670806884766e+00
3.504037380218505859e+00
1.043887734413146973e+00
1.352250099182128906e+00
1.409056305885314941e+00
8.491930365562438965e-01
1.453317761421203613e+00
1.327574968338012695e+00
1.158251762390136719e+00
1.670203208923339844e+00
1.012473464012145996e+00
8.191934823989868164e-01
9.611757397651672363e-01
1.056608200073242188e+00
1.279121875762939453e+00
1.188160896301269531e+00
1.548948764801025391e+00
8.614792823791503906e-01
7.589079141616821289e-01
1.078189730644226074e+00
1.207679033279418945e+00
1.893385648727416992e+00
1.837722539901733398e+00
1.513094544410705566e+00
7.821372747421264648e-01
6.167231798171997070e-01
3.376797676086425781e+00
6.283448934555053711e-01
1.176321387290954590e+00
1.313529729843139648e+00
1.544644236564636230e+00
7.166869640350341797e-01
1.027636051177978516e+00
1.510486006736755371e+00
1.346494436264038086e+00
1.602728962898254395e+00
6.554875373840332031e-01
1.416667222976684570e+00
2.300906658172607422e+00
1.360467195510864258e+00
1.292127132415771484e+00
1.430868029594421387e+00
2.365519762039184570e+00
1.163329243659973145e+00
9.975315332412719727e-01
1.519243240356445312e+00
1.902972698211669922e+00
1.757173895835876465e+00
1.274528503417968750e+00
1.595384359359741211e+00
1.032905340194702148e+00
1.639169216156005859e+00
8.352270126342773438e-01
4.747602939605712891e+00
2.160429954528808594e+00
8.658221960067749023e-01
1.222026228904724121e+00
1.469754695892333984e+00
1.088388085365295410e+00
1.046398520469665527e+00
1.225577592849731445e+00
1.319419145584106445e+00
1.049799680709838867e+00
1.435801982879638672e+00
1.266345262527465820e+00
6.433525085449218750e-01
2.189019203186035156e+00
1.146866321563720703e+00
1.186945676803588867e+00
1.314025044441223145e+00
6.232572793960571289e-01
1.528218269348144531e+00
2.807986974716186523e+00
1.471244215965270996e+00
1.572179913520812988e+00
1.530505180358886719e+00
1.780265688896179199e+00
1.361308693885803223e+00
1.588378906250000000e+00
1.354950428009033203e+00
1.624548554420471191e+00
6.372139453887939453e-01
6.788793802261352539e-01
8.746166229248046875e-01
7.435191869735717773e-01
3.337764501571655273e+00
2.030500888824462891e+00
9.782003164291381836e-01
1.660318136215209961e+00
1.466851472854614258e+00
1.264925956726074219e+00
1.756629228591918945e+00
8.272743821144104004e-01
1.585390806198120117e+00
2.848309516906738281e+00
4.762194633483886719e+00
1.759018659591674805e+00
7.840853929519653320e-01
1.162013173103332520e+00
1.347308874130249023e+00
1.067838668823242188e+00
3.804308176040649414e+00
1.359750509262084961e+00
2.889574527740478516e+00
7.493704557418823242e-01
1.683534264564514160e+00
9.789938926696777344e-01
1.701838016510009766e+00
2.616274595260620117e+00
2.031490087509155273e+00
9.442247152328491211e-01
1.319882869720458984e+00
1.615141391754150391e+00
1.244551420211791992e+00
1.491562366485595703e+00
9.133697152137756348e-01
8.424729704856872559e-01
8.670140504837036133e-01
7.848737239837646484e-01
6.006907820701599121e-01
1.325459241867065430e+00
1.149821519851684570e+00
1.843687176704406738e+00
1.264771342277526855e+00
1.323180675506591797e+00
3.801719903945922852e+00
1.628709912300109863e+00
1.208526134490966797e+00
1.485449433326721191e+00
1.164782524108886719e+00
1.072931289672851562e+00
4.138822555541992188e+00
6.368610382080078125e+00
1.012581944465637207e+00
1.050578832626342773e+00
