7.691205739974975586e-01
9.054672718048095703e-01
6.235458254814147949e-01
1.042302250862121582e+00
5.618268251419067383e-01
9.820059537887573242e-01
1.404038310050964355e+00
1.487970471382141113e+00
5.734369158744812012e-01
1.402261018753051758e+00
2.034687519073486328e+00
8.831338882446289062e-01
1.664165019989013672e+00
7.261891365051269531e-01
7.778117656707763672e-01
5.612293481826782227e-01
1.601524353027343750e+00
4.970125257968902588e-01
2.174601078033447266e+00
1.154963016510009766e+00
8.465753197669982910e-01
5.908449888229370117e-01
1.402391791343688965e+00
4.550191164016723633e-01
1.511894464492797852e+00
1.705208301544189453e+00
5.478984117507934570e-01
1.101698875427246094e+00
2.734780550003051758e+00
1.186378717422485352e+00
8.546075820922851562e-01
1.144152760505676270e+00
9.649265408515930176e-01
1.735471725463867188e+00
1.146904945373535156e+00
6.283038258552551270e-01
1.263178825378417969e+00
7.642748355865478516e-01
7.688579559326171875e-01
6.846796274185180664e-01
1.002846956253051758e+00
9.942861795425415039e-01
1.926980495452880859e+00
1.632340908050537109e+00
8.389730453491210938e-01
7.373017072677612305e-01
6.709526181221008301e-01
1.217651009559631348e+00
5.993165969848632812e-01
8.387498259544372559e-01
1.827807188034057617e+00
6.396133899688720703e-01
1.068142890930175781e+00
6.330714225769042969e-01
1.006296873092651367e+00
1.131841897964477539e+00
9.318256378173828125e-01
1.912127733230590820e+00
9.336105585098266602e-01
1.117591977119445801e+00
9.103282690048217773e-01
9.797233939170837402e-01
1.193814516067504883e+00
5.746403932571411133e-01
4.779737591743469238e-01
3.101566076278686523e+00
4.932472705841064453e-01
9.543281793594360352e-01
1.008617043495178223e+00
1.820003867149353027e+00
7.460900545120239258e-01
7.736274600028991699e-01
1.482097506523132324e+00
1.755078792572021484e+00
1.829110383987426758e+00
6.255577206611633301e-01
6.143846511840820312e-01
1.732801556587219238e+00
6.841885447502136230e-01
5.139899253845214844e-01
1.377608776092529297e+00
4.713071286678314209e-01
1.115485787391662598e+00
1.020355939865112305e+00
1.559687018394470215e+00
2.129663228988647461e+00
4.225900769233703613e-01
1.094590783119201660e+00
1.420817852020263672e+00
2.608025074005126953e+00
8.896414041519165039e-01
1.106855630874633789e+00
8.509656786918640137e-01
1.198279261589050293e+00
9.678319096565246582e-01
9.735527038574218750e-01
6.769126653671264648e-01
1.115980625152587891e+00
1.406053066253662109e+00
1.117243885993957520e+00
8.825907707214355469e-01
1.388476014137268066e+00
6.160520315170288086e-01
5.905128717422485352e-01
1.048493862152099609e+00
9.093800783157348633e-01
2.194683074951171875e+00
5.348993539810180664e-01
1.001759886741638184e+00
1.140460252761840820e+00
8.595592975616455078e-01
1.387876987457275391e+00
8.292711973190307617e-01
1.066620230674743652e+00
2.096467494964599609e+00
2.121932029724121094e+00
6.477274894714355469e-01
2.603411912918090820e+00
1.117857217788696289e+00
7.952248454093933105e-01
1.234243750572204590e+00
1.525511264801025391e+00
1.278459906578063965e+00
1.976068258285522461e+00
7.393369078636169434e-01
1.100397229194641113e+00
1.237165093421936035e+00
1.086314797401428223e+00
9.150785207748413086e-01
8.112187385559082031e-01
1.320268869400024414e+00
1.706458806991577148e+00
7.753148078918457031e-01
1.009443759918212891e+00
1.639339923858642578e+00
5.048460960388183594e-01
1.177249670028686523e+00
1.226370215415954590e+00
1.184951305389404297e+00
6.772612333297729492e-01
1.136529207229614258e+00
1.097111940383911133e+00
1.266658544540405273e+00
9.962397813796997070e-01
1.621588468551635742e+00
6.555923223495483398e-01
1.259944915771484375e+00
8.274244070053100586e-01
5.201617479324340820e-01
9.994573593139648438e-01
9.192421436309814453e-01
1.349781036376953125e+00
1.964200019836425781e+00
2.446823835372924805e+00
7.508008480072021484e-01
2.777817010879516602e+00
1.215882539749145508e+00
5.724505186080932617e-01
9.837933778762817383e-01
1.682800531387329102e+00
8.711303472518920898e-01
1.205851554870605469e+00
5.012067556381225586e-01
1.331836819648742676e+00
8.888543844223022461e-01
1.059683799743652344e+00
7.975872159004211426e-01
1.085480332374572754e+00
7.388818264007568359e-01
7.278270721435546875e-01
4.835838079452514648e-01
4.224908351898193359e-01
1.798171997070312500e+00
1.070674777030944824e+00
9.580893516540527344e-01
1.217664003372192383e+00
1.224027514457702637e+00
1.719814181327819824e+00
9.481239914894104004e-01
5.176503062248229980e-01
1.045075535774230957e+00
1.694126367568969727e+00
9.786999225616455078e-01
9.604849219322204590e-01
7.428576350212097168e-01
5.006915330886840820e-01
8.029034733772277832e-01
2.675917625427246094e+00
2.031916141510009766e+00
9.865559935569763184e-01
1.116871356964111328e+00
1.016317129135131836e+00
1.149405360221862793e+00
1.007935285568237305e+00
1.004025459289550781e+00
1.158768653869628906e+00
6.335015296936035156e-01
5.959753990173339844e-01
9.761809110641479492e-01
5.885214805603027344e-01
9.208570718765258789e-01
1.155843377113342285e+00
1.104422330856323242e+00
1.184303402900695801e+00
1.017063736915588379e+00
1.172100782394409180e+00
8.275511860847473145e-01
7.396560907363891602e-01
7.265577316284179688e-01
8.073232173919677734e-01
8.838349580764770508e-01
1.044348239898681641e+00
9.150162935256958008e-01
8.354369401931762695e-01
6.923266649246215820e-01
1.226511359214782715e+00
9.894375801086425781e-01
1.046330928802490234e+00
1.028412103652954102e+00
9.440422654151916504e-01
1.340765953063964844e+00
1.005570530891418457e+00
7.999006509780883789e-01
1.229743361473083496e+00
1.231200218200683594e+00
1.836767315864562988e+00
8.212198019027709961e-01
6.291384100914001465e-01
1.063763976097106934e+00
8.820251226425170898e-01
1.093111276626586914e+00
8.747509121894836426e-01
7.658165693283081055e-01
1.467412590980529785e+00
4.998919069766998291e-01
5.004374980926513672e-01
8.530875444412231445e-01
1.305973291397094727e+00
1.266589283943176270e+00
5.953142642974853516e-01
1.547601222991943359e+00
5.488471984863281250e-01
7.862232923507690430e-01
1.240737199783325195e+00
5.761102437973022461e-01
9.046646356582641602e-01
8.832528591156005859e-01
1.334511280059814453e+00
5.147694349288940430e-01
1.313702940940856934e+00
7.476009130477905273e-01
6.979812979698181152e-01
9.486946463584899902e-01
6.747924089431762695e-01
4.847545623779296875e-01
7.968316078186035156e-01
9.231956005096435547e-01
5.249323844909667969e-01
4.274778366088867188e-01
6.529247760772705078e-01
1.070837974548339844e+00
7.152218818664550781e-01
6.277330517768859863e-01
1.613877177238464355e+00
1.325727939605712891e+00
1.136580467224121094e+00
7.365096211433410645e-01
6.272892951965332031e-01
9.441427588462829590e-01
5.264042019844055176e-01
1.344761133193969727e+00
1.330617070198059082e+00
5.455192923545837402e-01
2.620954036712646484e+00
1.185053586959838867e+00
7.968121170997619629e-01
1.081867456436157227e+00
1.117282390594482422e+00
8.165819048881530762e-01
8.517692089080810547e-01
9.471614956855773926e-01
1.108131170272827148e+00
9.132853150367736816e-01
1.267990589141845703e+00
1.224898338317871094e+00
8.499388694763183594e-01
1.183133840560913086e+00
1.475937366485595703e+00
6.775625944137573242e-01
6.072342395782470703e-01
1.281337738037109375e+00
1.006653785705566406e+00
9.609247446060180664e-01
8.967586755752563477e-01
1.873609185218811035e+00
1.200038671493530273e+00
2.496293544769287109e+00
8.802839517593383789e-01
1.085406064987182617e+00
1.187265157699584961e+00
1.203199386596679688e+00
1.046574831008911133e+00
1.310502052307128906e+00
1.143386363983154297e+00
1.546303153038024902e+00
1.096291065216064453e+00
3.202713966369628906e+00
7.072108983993530273e-01
6.114112734794616699e-01
1.023782253265380859e+00
9.178526401519775391e-01
1.023176074028015137e+00
1.199843645095825195e+00
2.117313861846923828e+00
8.363668918609619141e-01
9.697502851486206055e-01
5.885238647460937500e-01
8.282887935638427734e-01
9.165651202201843262e-01
1.196548104286193848e+00
5.111478567123413086e-01
7.808294296264648438e-01
1.052372455596923828e+00
6.525448560714721680e-01
8.444498777389526367e-01
1.621334075927734375e+00
7.971287965774536133e-01
6.085376739501953125e-01
6.155391335487365723e-01
9.684600830078125000e-01
1.228892564773559570e+00
6.544229388236999512e-01
1.046188950538635254e+00
1.210063576698303223e+00
5.781568288803100586e-01
9.774197936058044434e-01
7.171231508255004883e-01
1.185431718826293945e+00
5.050553679466247559e-01
8.411343097686767578e-01
1.306145429611206055e+00
1.364397287368774414e+00
1.306638240814208984e+00
6.289773583412170410e-01
3.237674236297607422e+00
1.042922735214233398e+00
8.720833659172058105e-01
1.265597462654113770e+00
1.132628560066223145e+00
6.619572639465332031e-01
6.746428012847900391e-01
1.123511791229248047e+00
1.743139147758483887e+00
2.594242572784423828e+00
1.271044731140136719e+00
5.801486968994140625e-01
1.339568614959716797e+00
1.041836261749267578e+00
1.112723827362060547e+00
1.257678031921386719e+00
9.931995868682861328e-01
1.678255915641784668e+00
1.312637329101562500e+00
1.006707072257995605e+00
8.014584779739379883e-01
1.250434875488281250e+00
1.210116982460021973e+00
2.127100467681884766e+00
1.092449784278869629e+00
4.983259439468383789e-01
1.402086257934570312e+00
7.661870718002319336e-01
6.734356880187988281e-01
4.837267100811004639e-01
1.179001212120056152e+00
7.450505495071411133e-01
5.341752767562866211e-01
7.723860740661621094e-01
1.042418241500854492e+00
1.451921105384826660e+00
1.410595059394836426e+00
8.625615835189819336e-01
2.158273220062255859e+00
1.108349919319152832e+00
5.274229049682617188e-01
1.805094718933105469e+00
1.130682706832885742e+00
6.793246269226074219e-01
7.503999471664428711e-01
5.916876792907714844e-01
2.494881629943847656e+00
1.016538858413696289e+00
9.123025536537170410e-01
9.428676366806030273e-01
9.902376532554626465e-01
5.553261041641235352e-01
5.054995417594909668e-01
9.248483180999755859e-01
5.504750013351440430e-01
1.438139438629150391e+00
8.914160728454589844e-01
1.107969880104064941e+00
1.327074289321899414e+00
8.089514970779418945e-01
7.893862724304199219e-01
6.775768995285034180e-01
4.259994029998779297e-01
2.329977035522460938e+00
1.019307613372802734e+00
1.211933970451354980e+00
8.240394592285156250e-01
1.081938266754150391e+00
4.285044968128204346e-01
2.373054504394531250e+00
6.077085733413696289e-01
1.123218417167663574e+00
2.327927589416503906e+00
1.048304677009582520e+00
1.034417629241943359e+00
1.384032130241394043e+00
1.186503887176513672e+00
1.224934339523315430e+00
5.620148181915283203e-01
1.080938816070556641e+00
1.720242381095886230e+00
2.253810405731201172e+00
5.850545763969421387e-01
8.566485047340393066e-01
9.536002874374389648e-01
5.742120742797851562e-01
6.960444450378417969e-01
4.390240311622619629e-01
1.063164114952087402e+00
1.540067076683044434e+00
7.451242208480834961e-01
1.889178514480590820e+00
1.038125991821289062e+00
2.574969768524169922e+00
1.367278814315795898e+00
1.040216684341430664e+00
5.173923969268798828e-01
1.211232900619506836e+00
9.442071914672851562e-01
1.101169109344482422e+00
8.660681843757629395e-01
5.922021269798278809e-01
5.865325927734375000e-01
5.633814334869384766e-01
1.020159244537353516e+00
9.110007286071777344e-01
5.547502040863037109e-01
5.223738551139831543e-01
5.034807920455932617e-01
5.129271745681762695e-01
3.142674207687377930e+00
6.902672052383422852e-01
1.235709190368652344e+00
9.805741310119628906e-01
8.078861236572265625e-01
9.276130795478820801e-01
1.884057998657226562e+00
4.113630056381225586e-01
9.647592902183532715e-01
1.088347434997558594e+00
5.721050500869750977e-01
8.104599714279174805e-01
9.975195527076721191e-01
1.331272840499877930e+00
1.691572070121765137e+00
4.966877698898315430e-01
7.237786650657653809e-01
1.442544341087341309e+00
7.470240592956542969e-01
6.449922323226928711e-01
9.660319685935974121e-01
9.665303826332092285e-01
1.174812912940979004e+00
1.036999225616455078e+00
1.439436554908752441e+00
2.350577116012573242e+00
1.276834249496459961e+00
2.494839191436767578e+00
5.336909890174865723e-01
4.898845255374908447e-01
9.708529710769653320e-01
5.680714845657348633e-01
5.940188169479370117e-01
9.420898556709289551e-01
9.797322750091552734e-01
2.320457935333251953e+00
5.549172759056091309e-01
2.435164690017700195e+00
1.261249780654907227e+00
7.817713022232055664e-01
9.247657060623168945e-01
8.598288297653198242e-01
1.339195370674133301e+00
7.282488942146301270e-01
1.950866937637329102e+00
6.549344658851623535e-01
1.192700147628784180e+00
1.553007245063781738e+00
8.887953758239746094e-01
1.381364583969116211e+00
9.253676533699035645e-01
1.884597420692443848e+00
1.043032050132751465e+00
9.408153295516967773e-01
1.139126539230346680e+00
1.448452830314636230e+00
1.441022157669067383e+00
1.104417443275451660e+00
8.738116025924682617e-01
5.053257942199707031e-01
5.270587205886840820e-01
1.155625581741333008e+00
2.559271812438964844e+00
8.614221811294555664e-01
1.515392065048217773e+00
8.334044218063354492e-01
6.417750716209411621e-01
1.947919368743896484e+00
4.913922548294067383e-01
1.247253894805908203e+00
5.657674074172973633e-01
1.094464659690856934e+00
5.673894882202148438e-01
1.416120052337646484e+00
1.377005219459533691e+00
8.308483362197875977e-01
9.641884565353393555e-01
1.824874043464660645e+00
8.615562915802001953e-01
1.414814352989196777e+00
9.106999635696411133e-01
1.104858636856079102e+00
7.792100906372070312e-01
6.155434846878051758e-01
1.280812025070190430e+00
6.830918192863464355e-01
8.688662052154541016e-01
1.060924530029296875e+00
7.108935117721557617e-01
4.473093748092651367e-01
5.963963270187377930e-01
1.393902540206909180e+00
1.074091076850891113e+00
4.540348351001739502e-01
9.872142672538757324e-01
5.377990007400512695e-01
9.234612584114074707e-01
8.488632440567016602e-01
7.480741739273071289e-01
7.249559760093688965e-01
1.919648170471191406e+00
1.462235808372497559e+00
1.297488689422607422e+00
5.923569202423095703e-01
1.560884475708007812e+00
1.391565561294555664e+00
7.244484424591064453e-01
2.237677097320556641e+00
1.011614918708801270e+00
8.805805444717407227e-01
7.012204527854919434e-01
2.193765640258789062e+00
1.131697535514831543e+00
9.564660787582397461e-01
1.000908374786376953e+00
1.202092647552490234e+00
1.288664817810058594e+00
1.255666136741638184e+00
5.830658078193664551e-01
8.567068576812744141e-01
1.221818208694458008e+00
1.870459198951721191e+00
2.081859350204467773e+00
1.906568408012390137e+00
8.763024806976318359e-01
4.322320222854614258e-01
9.222673177719116211e-01
1.003880620002746582e+00
2.439577102661132812e+00
1.196568489074707031e+00
1.240622520446777344e+00
9.910897612571716309e-01
3.666222095489501953e-01
1.062138676643371582e+00
2.577041625976562500e+00
6.797118186950683594e-01
1.087170124053955078e+00
5.622615814208984375e-01
6.995511054992675781e-01
1.360899567604064941e+00
7.680869102478027344e-01
2.125259160995483398e+00
1.818283319473266602e+00
1.298157215118408203e+00
6.313318014144897461e-01
2.098638057708740234e+00
1.064455866813659668e+00
1.133589982986450195e+00
1.178408384323120117e+00
8.304255008697509766e-01
9.808688163757324219e-01
1.716667056083679199e+00
1.120336532592773438e+00
9.997515678405761719e-01
7.129543423652648926e-01
1.275894999504089355e+00
1.052749156951904297e+00
8.582403063774108887e-01
2.652665615081787109e+00
1.013227105140686035e+00
8.928303718566894531e-01
7.004595398902893066e-01
4.489830136299133301e-01
1.185938119888305664e+00
1.195735335350036621e+00
1.007631301879882812e+00
6.670811772346496582e-01
7.684539556503295898e-01
1.016416549682617188e+00
8.241114616394042969e-01
7.892755866050720215e-01
1.412551641464233398e+00
1.116927027702331543e+00
7.767654657363891602e-01
1.038850903511047363e+00
5.617651343345642090e-01
6.161006093025207520e-01
6.796385049819946289e-01
6.658469438552856445e-01
2.081839084625244141e+00
1.160541772842407227e+00
6.723884344100952148e-01
1.176803708076477051e+00
1.655855894088745117e+00
1.083852291107177734e+00
7.857770919799804688e-01
9.719718694686889648e-01
8.520133495330810547e-01
1.445928096771240234e+00
1.265629410743713379e+00
1.098908185958862305e+00
8.156509399414062500e-01
9.000827074050903320e-01
9.503050446510314941e-01
2.712018489837646484e+00
1.269289612770080566e+00
2.016727924346923828e+00
6.501907110214233398e-01
5.053015947341918945e-01
2.128767251968383789e+00
1.000582933425903320e+00
6.639940142631530762e-01
9.458724856376647949e-01
2.933929681777954102e+00
5.124654173851013184e-01
1.921757459640502930e+00
1.984128475189208984e+00
1.160020232200622559e+00
1.166592597961425781e+00
1.217218041419982910e+00
1.219235301017761230e+00
5.823244452476501465e-01
1.734086513519287109e+00
1.019581437110900879e+00
8.306853175163269043e-01
5.904014706611633301e-01
5.115435719490051270e-01
1.228042244911193848e+00
9.766979217529296875e-01
1.385140180587768555e+00
1.082898855209350586e+00
1.442843675613403320e+00
1.427539706230163574e+00
9.686086177825927734e-01
6.804754137992858887e-01
1.086758971214294434e+00
1.262896537780761719e+00
5.947359204292297363e-01
1.625024080276489258e+00
1.122476816177368164e+00
1.121485233306884766e+00
8.220838308334350586e-01
1.194538116455078125e+00
5.622842311859130859e-01
1.043166875839233398e+00
1.097811222076416016e+00
1.209718108177185059e+00
1.285987377166748047e+00
2.275074481964111328e+00
1.047231435775756836e+00
1.311599969863891602e+00
8.901194930076599121e-01
1.257791042327880859e+00
1.755016088485717773e+00
8.450787067413330078e-01
1.350845575332641602e+00
9.207760095596313477e-01
4.998902082443237305e-01
7.458325624465942383e-01
3.129315376281738281e+00
7.326427698135375977e-01
1.032317876815795898e+00
1.071871757507324219e+00
8.947252631187438965e-01
7.369116544723510742e-01
7.992995977401733398e-01
7.240287661552429199e-01
9.714794158935546875e-01
7.849093079566955566e-01
6.225410103797912598e-01
6.692033410072326660e-01
4.661422371864318848e-01
5.862333774566650391e-01
7.087270617485046387e-01
2.462379932403564453e+00
6.076860427856445312e-01
5.786424875259399414e-01
9.893605709075927734e-01
1.014782071113586426e+00
2.838873863220214844e+00
1.390474677085876465e+00
1.149683237075805664e+00
7.872480154037475586e-01
8.489533066749572754e-01
5.628271102905273438e-01
8.699197769165039062e-01
8.165905475616455078e-01
2.637940645217895508e+00
5.472226142883300781e-01
1.410903573036193848e+00
8.577059507369995117e-01
1.075997352600097656e+00
9.919762611389160156e-01
1.233235478401184082e+00
9.059869647026062012e-01
8.084993362426757812e-01
1.600537896156311035e+00
1.991653323173522949e+00
9.516661763191223145e-01
6.168042421340942383e-01
1.326308012008666992e+00
1.204344272613525391e+00
1.618510246276855469e+00
8.214214444160461426e-01
5.823377966880798340e-01
1.185826182365417480e+00
1.027661323547363281e+00
9.611598253250122070e-01
1.048240184783935547e+00
1.246320605278015137e+00
1.181284546852111816e+00
1.819019436836242676e+00
7.079312205314636230e-01
1.157606005668640137e+00
4.617947340011596680e-01
5.958259105682373047e-01
9.033839702606201172e-01
5.418847799301147461e-01
1.165002584457397461e+00
4.460789263248443604e-01
1.044181585311889648e+00
1.085117578506469727e+00
7.376139163970947266e-01
8.628585338592529297e-01
8.542397022247314453e-01
1.370513200759887695e+00
1.178484916687011719e+00
6.265717744827270508e-01
1.249823093414306641e+00
9.281164407730102539e-01
1.825547456741333008e+00
2.352774620056152344e+00
2.688542604446411133e+00
1.802042484283447266e+00
7.500826716423034668e-01
1.268770456314086914e+00
4.849859178066253662e-01
1.063112139701843262e+00
1.238832235336303711e+00
1.037927389144897461e+00
6.891731619834899902e-01
1.108916401863098145e+00
1.298382282257080078e+00
6.771107912063598633e-01
1.635612249374389648e+00
1.094188094139099121e+00
6.042072772979736328e-01
1.004500150680541992e+00
7.323905825614929199e-01
1.176078319549560547e+00
1.190451383590698242e+00
8.473386764526367188e-01
7.597788572311401367e-01
9.346693754196166992e-01
1.161434650421142578e+00
4.599491953849792480e-01
2.448565959930419922e+00
1.510072708129882812e+00
4.838595986366271973e-01
1.119001746177673340e+00
8.770451545715332031e-01
3.866322040557861328e-01
8.565293550491333008e-01
7.002882361412048340e-01
7.362672686576843262e-01
1.025493025779724121e+00
3.760190010070800781e-01
5.226777791976928711e-01
5.977118015289306641e-01
1.298748135566711426e+00
2.016019344329833984e+00
6.880968809127807617e-01
6.873384118080139160e-01
9.250341653823852539e-01
2.074951887130737305e+00
6.347330212593078613e-01
5.267840623855590820e-01
2.005367994308471680e+00
6.204824447631835938e-01
9.224587082862854004e-01
5.741726160049438477e-01
5.827355384826660156e-01
1.111801624298095703e+00
1.197090983390808105e+00
7.528996467590332031e-01
9.432384371757507324e-01
7.812302112579345703e-01
1.322666645050048828e+00
1.225321292877197266e+00
1.059888243675231934e+00
5.793882608413696289e-01
1.139460325241088867e+00
1.245064258575439453e+00
9.178824424743652344e-01
4.828627705574035645e-01
1.913341283798217773e+00
6.147910356521606445e-01
1.055668473243713379e+00
1.157520890235900879e+00
5.859941244125366211e-01
5.893023610115051270e-01
2.108071088790893555e+00
1.284130811691284180e+00
6.595074534416198730e-01
2.029916763305664062e+00
1.125949501991271973e+00
8.029223680496215820e-01
6.256228685379028320e-01
1.464642047882080078e+00
2.183920383453369141e+00
1.274547100067138672e+00
5.935708880424499512e-01
1.290662050247192383e+00
1.355054855346679688e+00
7.357805371284484863e-01
4.985889792442321777e-01
6.142122745513916016e-01
8.937114477157592773e-01
5.509134531021118164e-01
5.548546314239501953e-01
1.576595067977905273e+00
6.493616104125976562e-01
9.021463394165039062e-01
1.209630727767944336e+00
3.155355453491210938e+00
8.528275489807128906e-01
6.825648546218872070e-01
9.013202190399169922e-01
7.701127529144287109e-01
5.959683656692504883e-01
7.807803750038146973e-01
6.046755313873291016e-01
8.566469550132751465e-01
1.678426146507263184e+00
1.205831289291381836e+00
9.622314572334289551e-01
8.074826002120971680e-01
1.007169485092163086e+00
1.591380357742309570e+00
7.873646020889282227e-01
6.005415320396423340e-01
1.868042826652526855e+00
8.382893800735473633e-01
1.067215681076049805e+00
4.753705263137817383e-01
7.679848670959472656e-01
1.194856047630310059e+00
5.563094615936279297e-01
7.623842358589172363e-01
2.228251934051513672e+00
2.026237487792968750e+00
1.027266383171081543e+00
5.628449916839599609e-01
6.253324151039123535e-01
1.091831684112548828e+00
8.692181706428527832e-01
1.159285664558410645e+00
7.117069363594055176e-01
7.142640352249145508e-01
8.897371888160705566e-01
9.945806860923767090e-01
1.194159030914306641e+00
9.817380905151367188e-01
7.421460151672363281e-01
9.665641784667968750e-01
1.147702932357788086e+00
1.565667390823364258e+00
6.010215282440185547e-01
7.332852482795715332e-01
4.806047081947326660e-01
2.587497711181640625e+00
8.268373012542724609e-01
7.877992391586303711e-01
9.657402038574218750e-01
5.885189771652221680e-01
3.279433965682983398e+00
9.064264297485351562e-01
1.667190790176391602e+00
8.336150646209716797e-01
7.210332155227661133e-01
1.254040956497192383e+00
8.455915451049804688e-01
5.525579452514648438e-01
5.407180786132812500e-01
1.476528882980346680e+00
9.993764162063598633e-01
1.382071018218994141e+00
9.027197957038879395e-01
2.029251575469970703e+00
1.224747657775878906e+00
1.143276095390319824e+00
9.609089493751525879e-01
9.706398844718933105e-01
1.139543771743774414e+00
1.119175076484680176e+00
1.332148909568786621e+00
6.904274225234985352e-01
1.153592348098754883e+00
6.018276214599609375e-01
4.530687332153320312e-01
1.198510766029357910e+00
7.066095471382141113e-01
3.766989111900329590e-01
1.202358007431030273e+00
1.534515142440795898e+00
4.437474012374877930e-01
2.796168565750122070e+00
1.927467584609985352e+00
3.685196042060852051e-01
1.046743512153625488e+00
9.703611135482788086e-01
1.254068851470947266e+00
9.283309578895568848e-01
7.171843647956848145e-01
8.210741281509399414e-01
8.498845100402832031e-01
1.270559072494506836e+00
8.033188581466674805e-01
1.097907543182373047e+00
7.599660754203796387e-01
9.268711209297180176e-01
1.227499008178710938e+00
1.327625870704650879e+00
5.931991338729858398e-01
7.970640659332275391e-01
1.247200727462768555e+00
1.239008903503417969e+00
6.373995542526245117e-01
6.333748698234558105e-01
1.456428766250610352e+00
1.063395261764526367e+00
6.811488270759582520e-01
5.040415525436401367e-01
9.133590459823608398e-01
1.011277794837951660e+00
9.481899142265319824e-01
1.914678692817687988e+00
1.337029218673706055e+00
8.685215711593627930e-01
6.866806149482727051e-01
9.675921797752380371e-01
5.471258163452148438e-01
8.842369318008422852e-01
5.764980316162109375e-01
5.280822515487670898e-01
1.068621397018432617e+00
4.704389572143554688e-01
1.560508966445922852e+00
1.936153888702392578e+00
1.084519028663635254e+00
5.778670310974121094e-01
1.148276686668395996e+00
6.356518268585205078e-01
6.050534248352050781e-01
5.767687559127807617e-01
2.463156700134277344e+00
1.069334149360656738e+00
1.708960533142089844e+00
9.992188215255737305e-01
2.450484275817871094e+00
1.055480837821960449e+00
1.280893087387084961e+00
8.922225236892700195e-01
1.129871368408203125e+00
9.808970689773559570e-01
9.335860610008239746e-01
6.104463338851928711e-01
9.158478975296020508e-01
8.784658908843994141e-01
8.795967698097229004e-01
1.084500193595886230e+00
7.967877388000488281e-01
1.368717908859252930e+00
6.186421513557434082e-01
1.064923882484436035e+00
1.136438965797424316e+00
9.722606539726257324e-01
2.724159717559814453e+00
1.037660717964172363e+00
3.894202709197998047e-01
8.181831240653991699e-01
1.121679902076721191e+00
7.088555693626403809e-01
5.300760269165039062e-01
1.039893865585327148e+00
6.992273330688476562e-01
5.190881490707397461e-01
2.331258296966552734e+00
9.713041186332702637e-01
9.394272565841674805e-01
1.332731842994689941e+00
7.192723155021667480e-01
2.681239128112792969e+00
1.109189510345458984e+00
1.078613400459289551e+00
1.161326289176940918e+00
9.155089855194091797e-01
1.116684913635253906e+00
1.059432029724121094e+00
5.377655029296875000e-01
1.569442987442016602e+00
6.819732785224914551e-01
8.912338018417358398e-01
1.187932729721069336e+00
1.183492660522460938e+00
1.718006014823913574e+00
5.684138536453247070e-01
6.204432845115661621e-01
8.251109123229980469e-01
1.215456724166870117e+00
1.020300984382629395e+00
1.370361447334289551e+00
2.314540147781372070e+00
6.026984453201293945e-01
1.143860101699829102e+00
6.434828042984008789e-01
9.164621829986572266e-01
1.984947204589843750e+00
1.140764594078063965e+00
6.909070611000061035e-01
9.302662014961242676e-01
7.332339882850646973e-01
8.542008399963378906e-01
1.167483091354370117e+00
9.110907316207885742e-01
2.294689178466796875e+00
2.194563865661621094e+00
1.118531465530395508e+00
8.306823968887329102e-01
5.957233309745788574e-01
1.177687764167785645e+00
2.092933177947998047e+00
6.263859272003173828e-01
1.104792356491088867e+00
1.508944272994995117e+00
7.732735872268676758e-01
1.041962146759033203e+00
8.230552077293395996e-01
2.844330310821533203e+00
6.110264062881469727e-01
9.822539687156677246e-01
5.427803993225097656e-01
9.944266676902770996e-01
5.756253600120544434e-01
8.585164546966552734e-01
9.726618528366088867e-01
1.189934492111206055e+00
1.291742444038391113e+00
9.556648135185241699e-01
1.086952686309814453e+00
8.878471851348876953e-01
1.691925764083862305e+00
1.576476097106933594e+00
6.415570974349975586e-01
9.257336854934692383e-01
1.565646648406982422e+00
1.274732351303100586e+00
1.256904363632202148e+00
1.058270931243896484e+00
1.137512207031250000e+00
2.417644262313842773e+00
6.745375394821166992e-01
1.116469740867614746e+00
1.000660061836242676e+00
9.601508975028991699e-01
5.856001377105712891e-01
1.098967790603637695e+00
9.022952318191528320e-01
1.089044570922851562e+00
9.141014218330383301e-01
1.131853103637695312e+00
1.103951930999755859e+00
8.927618265151977539e-01
1.243981838226318359e+00
7.388838529586791992e-01
1.220784783363342285e+00
1.484175920486450195e+00
1.067155838012695312e+00
1.203483700752258301e+00
9.260524511337280273e-01
9.673441648483276367e-01
7.149138450622558594e-01
5.048041343688964844e-01
1.020909428596496582e+00
1.115234732627868652e+00
6.315342187881469727e-01
2.041390895843505859e+00
1.074754118919372559e+00
5.260552167892456055e-01
5.157582759857177734e-01
8.379087448120117188e-01
2.360799312591552734e+00
1.897176980972290039e+00
5.315058827400207520e-01
8.999056816101074219e-01
8.878574371337890625e-01
2.250190734863281250e+00
1.214298605918884277e+00
9.184079170227050781e-01
5.102687478065490723e-01
2.340775489807128906e+00
9.118700027465820312e-01
1.057268500328063965e+00
6.017416715621948242e-01
5.372989177703857422e-01
1.198735237121582031e+00
6.267899274826049805e-01
4.850940108299255371e-01
1.558572053909301758e+00
1.299918889999389648e+00
9.556410312652587891e-01
5.190334320068359375e-01
8.185554742813110352e-01
7.410727739334106445e-01
2.636963367462158203e+00
9.254209995269775391e-01
1.177502870559692383e+00
2.272961139678955078e+00
7.885004281997680664e-01
6.767318844795227051e-01
5.608873367309570312e-01
9.501554965972900391e-01
1.026773095130920410e+00
9.280937910079956055e-01
5.636802911758422852e-01
9.578227996826171875e-01
1.169486641883850098e+00
1.037969589233398438e+00
1.416735649108886719e+00
1.036274075508117676e+00
1.062138319015502930e+00
8.578622341156005859e-01
8.590457439422607422e-01
6.490615606307983398e-01
5.586185455322265625e-01
8.596247434616088867e-01
7.700736522674560547e-01
6.711025834083557129e-01
8.707894682884216309e-01
9.726639389991760254e-01
8.951613903045654297e-01
1.068590402603149414e+00
1.343693971633911133e+00
1.159622192382812500e+00
1.036736249923706055e+00
5.265982151031494141e-01
1.049669504165649414e+00
9.767869710922241211e-01
7.778365612030029297e-01
9.028251171112060547e-01
1.022603154182434082e+00
5.343064665794372559e-01
1.186371564865112305e+00
1.027426958084106445e+00
9.578175544738769531e-01
1.132355093955993652e+00
1.027569532394409180e+00
1.144350886344909668e+00
6.031668186187744141e-01
1.058990478515625000e+00
9.217807054519653320e-01
5.473456382751464844e-01
7.504343390464782715e-01
1.232465028762817383e+00
6.683707833290100098e-01
8.228161931037902832e-01
8.970160484313964844e-01
6.401059627532958984e-01
3.904397487640380859e-01
6.941814422607421875e-01
9.871375560760498047e-01
6.450729370117187500e-01
2.771714925765991211e+00
1.112300157546997070e+00
6.865479946136474609e-01
1.561687707901000977e+00
5.095200538635253906e-01
2.497989654541015625e+00
5.805427432060241699e-01
4.802743196487426758e-01
4.782133400440216064e-01
6.787401437759399414e-01
9.718010425567626953e-01
5.763049125671386719e-01
9.194669723510742188e-01
1.074594736099243164e+00
2.454350948333740234e+00
1.660638093948364258e+00
5.360839366912841797e-01
8.238382339477539062e-01
9.638220071792602539e-01
6.031080484390258789e-01
2.420156240463256836e+00
1.265729427337646484e+00
9.714444875717163086e-01
1.318107604980468750e+00
5.099889636039733887e-01
1.059430241584777832e+00
5.294977426528930664e-01
1.027868628501892090e+00
1.253929138183593750e+00
4.709912538528442383e-01
7.990466356277465820e-01
8.711144924163818359e-01
1.210285186767578125e+00
6.731005907058715820e-01
1.743522644042968750e+00
1.275964856147766113e+00
9.829276800155639648e-01
6.294817924499511719e-01
7.891423702239990234e-01
1.023787379264831543e+00
1.413223266601562500e+00
8.360744714736938477e-01
1.076827287673950195e+00
9.191749095916748047e-01
6.575220227241516113e-01
1.182785391807556152e+00
6.113731265068054199e-01
8.529442548751831055e-01
2.167659759521484375e+00
9.919092655181884766e-01
9.656859040260314941e-01
1.341673731803894043e+00
5.206571817398071289e-01
1.059364795684814453e+00
1.032817602157592773e+00
1.054697751998901367e+00
5.417885780334472656e-01
5.111420154571533203e-01
1.440259695053100586e+00
1.553681612014770508e+00
2.013330459594726562e+00
8.941829204559326172e-01
2.311248540878295898e+00
2.016900539398193359e+00
1.457500815391540527e+00
1.087613701820373535e+00
1.276789426803588867e+00
8.817636966705322266e-01
1.074178218841552734e+00
1.003876090049743652e+00
8.016295433044433594e-01
5.637906789779663086e-01
1.482536435127258301e+00
8.660854101181030273e-01
4.820778965950012207e-01
1.088068962097167969e+00
1.052308082580566406e+00
9.163063764572143555e-01
5.229093432426452637e-01
9.468296766281127930e-01
2.170250892639160156e+00
8.663625717163085938e-01
7.830709218978881836e-01
4.998974800109863281e-01
6.732200384140014648e-01
1.423017144203186035e+00
1.545791268348693848e+00
