1.589646935462951660e+00
1.005618810653686523e+00
9.644818902015686035e-01
1.008887290954589844e+00
8.671027421951293945e-01
1.140892744064331055e+00
7.490384578704833984e-01
8.184471130371093750e-01
5.768323540687561035e-01
5.744251608848571777e-01
6.043166518211364746e-01
7.980452775955200195e-01
8.280718922615051270e-01
7.407480478286743164e-01
2.037006378173828125e+00
9.616145491600036621e-01
5.991765856742858887e-01
6.422909498214721680e-01
6.211193799972534180e-01
3.598785400390625000e-01
6.375932693481445312e-01
9.651013016700744629e-01
7.412848472595214844e-01
4.978362321853637695e-01
1.194017171859741211e+00
6.900753974914550781e-01
6.552002429962158203e-01
1.268472194671630859e+00
2.374702215194702148e+00
1.045474410057067871e+00
8.262581825256347656e-01
1.216500878334045410e+00
1.301161050796508789e+00
1.037383794784545898e+00
6.284506916999816895e-01
9.709646701812744141e-01
8.692510724067687988e-01
1.149605631828308105e+00
8.246514797210693359e-01
8.516730070114135742e-01
5.692345499992370605e-01
8.553441166877746582e-01
1.136809110641479492e+00
6.392383575439453125e-01
4.215989410877227783e-01
1.120932579040527344e+00
5.729045867919921875e-01
1.068511247634887695e+00
8.506770730018615723e-01
1.121524810791015625e+00
1.635945320129394531e+00
9.684132337570190430e-01
7.910644412040710449e-01
5.458159446716308594e-01
7.118936777114868164e-01
1.285206079483032227e+00
5.720849633216857910e-01
1.473634004592895508e+00
7.900639772415161133e-01
9.161855578422546387e-01
6.554305553436279297e-01
1.354586958885192871e+00
4.869809448719024658e-01
3.650089502334594727e-01
9.710791110992431641e-01
1.231045365333557129e+00
9.668505191802978516e-01
1.289138793945312500e+00
1.220494508743286133e+00
9.504083395004272461e-01
1.041785001754760742e+00
1.121762037277221680e+00
9.198754429817199707e-01
1.203410625457763672e+00
9.172022342681884766e-01
8.441591858863830566e-01
6.633661985397338867e-01
9.289248585700988770e-01
1.013016462326049805e+00
5.921812057495117188e-01
1.282737255096435547e+00
1.063215136528015137e+00
1.099943399429321289e+00
4.944200217723846436e-01
8.484016656875610352e-01
1.813666820526123047e+00
1.010079741477966309e+00
1.476184844970703125e+00
1.064363121986389160e+00
2.136909246444702148e+00
1.270071029663085938e+00
1.306304454803466797e+00
6.002523899078369141e-01
1.191447734832763672e+00
9.369890689849853516e-01
5.524685978889465332e-01
6.985810399055480957e-01
1.047205567359924316e+00
9.690144062042236328e-01
6.585108637809753418e-01
7.387226819992065430e-01
7.967051267623901367e-01
8.934938311576843262e-01
1.606394290924072266e+00
1.673064470291137695e+00
8.336951732635498047e-01
5.924229621887207031e-01
1.730384826660156250e+00
1.700115919113159180e+00
5.892290472984313965e-01
8.492861390113830566e-01
5.780006647109985352e-01
8.513029813766479492e-01
7.804830074310302734e-01
1.147018790245056152e+00
1.883516311645507812e+00
7.716915607452392578e-01
1.071765065193176270e+00
5.373985767364501953e-01
1.264594554901123047e+00
1.023291587829589844e+00
1.094561100006103516e+00
5.846533775329589844e-01
4.145289659500122070e-01
1.413799166679382324e+00
6.272271871566772461e-01
8.122094869613647461e-01
4.889741539955139160e-01
1.018688321113586426e+00
8.827493190765380859e-01
1.184862017631530762e+00
4.259886741638183594e-01
8.893905878067016602e-01
4.791898727416992188e-01
2.127261638641357422e+00
5.238633155822753906e-01
1.143112540245056152e+00
8.088021278381347656e-01
1.270428895950317383e+00
7.501444220542907715e-01
1.909631729125976562e+00
2.106595993041992188e+00
1.161095857620239258e+00
2.321166276931762695e+00
9.183782339096069336e-01
7.101485729217529297e-01
9.458503723144531250e-01
8.889714479446411133e-01
5.270578265190124512e-01
1.159441113471984863e+00
5.542240142822265625e-01
1.004927992820739746e+00
9.296774268150329590e-01
9.353120326995849609e-01
1.041878223419189453e+00
4.676252305507659912e-01
8.385697603225708008e-01
8.015915751457214355e-01
8.193383216857910156e-01
1.022617697715759277e+00
4.000603258609771729e-01
1.042837858200073242e+00
2.358426094055175781e+00
3.589703440666198730e-01
6.132105588912963867e-01
7.409602999687194824e-01
1.226112127304077148e+00
8.370565772056579590e-01
7.434209585189819336e-01
6.667586565017700195e-01
7.674510478973388672e-01
5.058729648590087891e-01
4.111798405647277832e-01
1.029561877250671387e+00
9.288871884346008301e-01
1.484341144561767578e+00
1.019100666046142578e+00
9.766640663146972656e-01
8.130208253860473633e-01
8.090138435363769531e-01
1.057080626487731934e+00
1.824173450469970703e+00
1.060013413429260254e+00
1.076504707336425781e+00
4.541230797767639160e-01
8.752322196960449219e-01
1.225631833076477051e+00
2.059052467346191406e+00
9.495400190353393555e-01
7.597482204437255859e-01
1.146084785461425781e+00
6.320793628692626953e-01
8.982244133949279785e-01
1.143285989761352539e+00
9.245619773864746094e-01
8.906582593917846680e-01
7.146594524383544922e-01
6.197069883346557617e-01
6.351946592330932617e-01
1.018808126449584961e+00
8.538001179695129395e-01
8.657332658767700195e-01
6.845305562019348145e-01
1.502834558486938477e+00
1.163051366806030273e+00
2.408405303955078125e+00
1.164142131805419922e+00
8.480358719825744629e-01
8.534145355224609375e-01
4.219019412994384766e-01
1.282958269119262695e+00
1.364692926406860352e+00
1.104163885116577148e+00
1.389921426773071289e+00
6.793259978294372559e-01
9.606550335884094238e-01
9.260066747665405273e-01
1.266419649124145508e+00
9.780937433242797852e-01
7.165849208831787109e-01
1.119042634963989258e+00
7.656575441360473633e-01
8.271073698997497559e-01
1.068823456764221191e+00
1.144183516502380371e+00
9.910514354705810547e-01
7.561739683151245117e-01
1.342520475387573242e+00
5.448321104049682617e-01
4.396845996379852295e-01
1.832421064376831055e+00
9.586980342864990234e-01
8.847950696945190430e-01
1.250577211380004883e+00
5.912172794342041016e-01
8.234201073646545410e-01
7.986509203910827637e-01
8.924760818481445312e-01
2.568869829177856445e+00
4.684850573539733887e-01
2.342312335968017578e+00
4.874233603477478027e-01
8.911035060882568359e-01
1.492819309234619141e+00
5.684124231338500977e-01
4.873206615447998047e-01
4.947702884674072266e-01
6.418200731277465820e-01
1.161018967628479004e+00
1.718076229095458984e+00
1.050947189331054688e+00
1.084669113159179688e+00
5.295712947845458984e-01
1.153946638107299805e+00
5.427134633064270020e-01
5.092540383338928223e-01
1.576221108436584473e+00
8.176342248916625977e-01
9.115465879440307617e-01
5.516435503959655762e-01
1.001622915267944336e+00
1.045999169349670410e+00
1.231865167617797852e+00
4.923829436302185059e-01
8.437598943710327148e-01
8.697934150695800781e-01
1.913001179695129395e+00
6.844729185104370117e-01
1.778579473495483398e+00
1.016180753707885742e+00
1.119200229644775391e+00
9.189008474349975586e-01
1.353104114532470703e+00
1.232780694961547852e+00
8.477154970169067383e-01
4.313105046749114990e-01
1.063130259513854980e+00
1.896171808242797852e+00
1.417015194892883301e+00
1.054515838623046875e+00
9.899246692657470703e-01
8.811257481575012207e-01
1.586330413818359375e+00
9.065790176391601562e-01
5.682297945022583008e-01
9.883477687835693359e-01
1.133325219154357910e+00
9.443933963775634766e-01
7.493448257446289062e-01
4.965745508670806885e-01
1.069273233413696289e+00
1.690059423446655273e+00
8.494082689285278320e-01
1.210073828697204590e+00
7.998590469360351562e-01
1.130690574645996094e+00
5.503542423248291016e-01
7.351420521736145020e-01
1.918856382369995117e+00
1.494321584701538086e+00
1.054262876510620117e+00
8.187622427940368652e-01
5.773881673812866211e-01
8.981335163116455078e-01
1.231253862380981445e+00
1.358826756477355957e+00
6.703561544418334961e-01
1.301459312438964844e+00
5.176883935928344727e-01
1.269419431686401367e+00
6.069436073303222656e-01
7.765404582023620605e-01
1.003298878669738770e+00
9.526782035827636719e-01
9.823160171508789062e-01
7.973592281341552734e-01
1.162730216979980469e+00
1.528814315795898438e+00
6.806351542472839355e-01
7.583104372024536133e-01
4.850326776504516602e-01
6.527012586593627930e-01
7.692092657089233398e-01
8.315941095352172852e-01
7.467845678329467773e-01
8.733607530593872070e-01
8.913555145263671875e-01
7.342151403427124023e-01
1.982308745384216309e+00
6.818437576293945312e-01
1.190222978591918945e+00
7.111010551452636719e-01
4.237254261970520020e-01
9.592934250831604004e-01
9.091569781303405762e-01
1.191815853118896484e+00
1.099334001541137695e+00
1.046619772911071777e+00
1.048476934432983398e+00
5.151517987251281738e-01
4.856323599815368652e-01
1.406075954437255859e+00
5.254364013671875000e-01
1.357842922210693359e+00
1.128569602966308594e+00
1.061729192733764648e+00
9.478579163551330566e-01
1.108541727066040039e+00
9.626108407974243164e-01
5.910077095031738281e-01
8.507593870162963867e-01
2.218183040618896484e+00
1.158398151397705078e+00
1.160831332206726074e+00
1.392340660095214844e+00
8.331316709518432617e-01
7.892359495162963867e-01
5.565215945243835449e-01
1.570557355880737305e+00
5.783636569976806641e-01
9.457300305366516113e-01
1.422853231430053711e+00
7.100541591644287109e-01
5.752035379409790039e-01
1.083092451095581055e+00
8.310267925262451172e-01
1.139041185379028320e+00
8.476530909538269043e-01
9.855536222457885742e-01
8.308098316192626953e-01
5.428607463836669922e-01
1.907956123352050781e+00
8.624583482742309570e-01
1.060508370399475098e+00
5.092447400093078613e-01
4.692355096340179443e-01
8.412950038909912109e-01
1.177964806556701660e+00
1.280097246170043945e+00
1.328133225440979004e+00
1.013474583625793457e+00
1.275160908699035645e+00
7.874621748924255371e-01
1.144458174705505371e+00
7.624456882476806641e-01
5.109219551086425781e-01
6.023116111755371094e-01
4.670739173889160156e-01
8.857600092887878418e-01
5.604085922241210938e-01
7.613767385482788086e-01
1.189803123474121094e+00
2.001707553863525391e+00
1.150211811065673828e+00
7.021651268005371094e-01
5.674020051956176758e-01
5.630514025688171387e-01
9.264524579048156738e-01
2.299007892608642578e+00
4.649438261985778809e-01
1.280742883682250977e+00
1.496592402458190918e+00
7.023884654045104980e-01
1.608241319656372070e+00
8.427903056144714355e-01
7.994940876960754395e-01
8.956101536750793457e-01
1.027341127395629883e+00
1.985184192657470703e+00
8.768799304962158203e-01
4.606941640377044678e-01
6.950371861457824707e-01
1.155574202537536621e+00
1.092088937759399414e+00
6.618143916130065918e-01
4.412665963172912598e-01
3.579049408435821533e-01
8.495601415634155273e-01
1.805646777153015137e+00
1.440399408340454102e+00
1.002109527587890625e+00
7.264966368675231934e-01
7.338489294052124023e-01
5.456573963165283203e-01
1.260563135147094727e+00
2.175871133804321289e+00
6.112121343612670898e-01
1.978250980377197266e+00
1.068605422973632812e+00
9.718064665794372559e-01
5.047955513000488281e-01
1.041163325309753418e+00
5.862921476364135742e-01
5.573319196701049805e-01
7.323605418205261230e-01
7.540481090545654297e-01
2.120164155960083008e+00
5.777185559272766113e-01
1.816447377204895020e+00
1.126859188079833984e+00
5.449031591415405273e-01
1.346792697906494141e+00
6.997151970863342285e-01
5.851484537124633789e-01
6.315371990203857422e-01
5.248774290084838867e-01
8.283894658088684082e-01
1.154247999191284180e+00
1.231073379516601562e+00
8.353796005249023438e-01
1.216231703758239746e+00
5.323766469955444336e-01
1.666976928710937500e+00
8.803786039352416992e-01
5.927149653434753418e-01
9.901931881904602051e-01
9.186908006668090820e-01
1.379536867141723633e+00
7.123630642890930176e-01
6.093024611473083496e-01
1.183889865875244141e+00
1.019700527191162109e+00
1.684574127197265625e+00
1.004317045211791992e+00
9.512693881988525391e-01
8.723250627517700195e-01
1.113123774528503418e+00
7.722036838531494141e-01
5.832971334457397461e-01
8.511999249458312988e-01
6.972324848175048828e-01
4.899466633796691895e-01
1.021703004837036133e+00
7.922741174697875977e-01
1.186059832572937012e+00
1.031202316284179688e+00
1.002658843994140625e+00
5.165651440620422363e-01
9.185913801193237305e-01
1.226601362228393555e+00
1.260474920272827148e+00
8.145337700843811035e-01
1.172511696815490723e+00
5.329872369766235352e-01
9.668217897415161133e-01
6.020973324775695801e-01
4.492489099502563477e-01
1.342223644256591797e+00
1.075183510780334473e+00
8.531138896942138672e-01
1.591482877731323242e+00
5.592701435089111328e-01
6.436623334884643555e-01
1.355191230773925781e+00
1.228419899940490723e+00
8.531651496887207031e-01
1.007709741592407227e+00
5.513736605644226074e-01
7.560576200485229492e-01
2.514430761337280273e+00
5.063779950141906738e-01
2.329456567764282227e+00
1.218222379684448242e+00
1.105497598648071289e+00
2.211164474487304688e+00
2.227817058563232422e+00
7.172140479087829590e-01
1.244875192642211914e+00
9.547155499458312988e-01
8.983921408653259277e-01
4.239766597747802734e-01
5.847522020339965820e-01
1.177421689033508301e+00
1.129191517829895020e+00
9.017586708068847656e-01
1.179127216339111328e+00
1.260363817214965820e+00
1.460455656051635742e+00
9.411624073982238770e-01
9.865893125534057617e-01
1.063226461410522461e+00
1.048299193382263184e+00
7.839930057525634766e-01
1.248063802719116211e+00
7.156152129173278809e-01
4.421663880348205566e-01
1.021578550338745117e+00
2.019982337951660156e+00
1.006882429122924805e+00
1.609209895133972168e+00
1.176476240158081055e+00
9.025955796241760254e-01
9.235544204711914062e-01
1.178837299346923828e+00
7.693912386894226074e-01
4.784914255142211914e-01
5.590293407440185547e-01
5.005150437355041504e-01
1.000851750373840332e+00
1.162664413452148438e+00
5.530148744583129883e-01
9.063481092453002930e-01
1.432968139648437500e+00
1.240745902061462402e+00
1.014218330383300781e+00
1.015533566474914551e+00
1.147873401641845703e+00
6.730974912643432617e-01
9.096094369888305664e-01
7.880724668502807617e-01
9.636088609695434570e-01
8.481025099754333496e-01
9.833911657333374023e-01
1.425449371337890625e+00
1.419685602188110352e+00
8.680441379547119141e-01
5.943737030029296875e-01
1.004464268684387207e+00
5.809780955314636230e-01
2.343127250671386719e+00
1.164016723632812500e+00
8.454969525337219238e-01
1.059003472328186035e+00
6.767051219940185547e-01
7.684354782104492188e-01
1.291905879974365234e+00
5.226430892944335938e-01
2.198076009750366211e+00
5.688387155532836914e-01
2.118005275726318359e+00
1.121484398841857910e+00
4.692033231258392334e-01
5.865398645401000977e-01
5.944049954414367676e-01
4.369187355041503906e-01
6.474092006683349609e-01
9.708006381988525391e-01
1.125260353088378906e+00
6.038895845413208008e-01
7.376980781555175781e-01
1.221544384956359863e+00
1.028431296348571777e+00
1.430704593658447266e+00
1.004256367683410645e+00
5.226761698722839355e-01
6.460367441177368164e-01
7.988090515136718750e-01
4.918181002140045166e-01
1.177265644073486328e+00
7.602931261062622070e-01
7.769594192504882812e-01
8.230601549148559570e-01
5.512372255325317383e-01
1.508800268173217773e+00
7.687036991119384766e-01
4.288309812545776367e-01
7.574112415313720703e-01
9.373962879180908203e-01
6.331461668014526367e-01
9.364274740219116211e-01
4.943580925464630127e-01
1.034197568893432617e+00
7.339828014373779297e-01
8.717226386070251465e-01
5.312473773956298828e-01
2.402577877044677734e+00
2.012733221054077148e+00
4.833849370479583740e-01
2.587994337081909180e+00
2.384807109832763672e+00
6.343954205513000488e-01
5.095970034599304199e-01
6.496695876121520996e-01
1.660200595855712891e+00
8.685061931610107422e-01
1.236592173576354980e+00
1.097543001174926758e+00
9.315046072006225586e-01
1.000262975692749023e+00
1.628796815872192383e+00
6.423131227493286133e-01
8.499745130538940430e-01
6.077185869216918945e-01
7.439389228820800781e-01
1.171492695808410645e+00
4.146293401718139648e-01
1.040467739105224609e+00
8.374879956245422363e-01
1.035778880119323730e+00
8.340536952018737793e-01
8.187942504882812500e-01
9.680386781692504883e-01
3.359290957450866699e-01
4.439145624637603760e-01
4.705857336521148682e-01
1.103862524032592773e+00
1.680549144744873047e+00
9.664133787155151367e-01
4.816770851612091064e-01
5.726319551467895508e-01
5.772218108177185059e-01
9.894875288009643555e-01
1.103427886962890625e+00
1.282804846763610840e+00
1.184887170791625977e+00
9.493711590766906738e-01
5.221672058105468750e-01
8.382191658020019531e-01
6.945046186447143555e-01
1.601634621620178223e+00
1.045450925827026367e+00
1.112916946411132812e+00
1.425840497016906738e+00
1.054164052009582520e+00
5.948789119720458984e-01
1.335969805717468262e+00
1.231487274169921875e+00
2.315165519714355469e+00
6.054733991622924805e-01
1.083245038986206055e+00
1.177442431449890137e+00
5.942494273185729980e-01
1.016523480415344238e+00
8.078116178512573242e-01
9.574967026710510254e-01
6.019709706306457520e-01
1.008315801620483398e+00
1.123207569122314453e+00
6.104647517204284668e-01
1.714220523834228516e+00
8.505382537841796875e-01
7.422606945037841797e-01
5.448983907699584961e-01
1.205269098281860352e+00
1.422148466110229492e+00
1.047592878341674805e+00
8.423269987106323242e-01
1.575188159942626953e+00
1.537652492523193359e+00
1.166965484619140625e+00
1.758997321128845215e+00
1.024699687957763672e+00
8.461506366729736328e-01
5.429431200027465820e-01
1.120207548141479492e+00
6.912542581558227539e-01
1.176361799240112305e+00
1.131172895431518555e+00
1.828909873962402344e+00
1.045692086219787598e+00
7.103043794631958008e-01
6.717585325241088867e-01
9.315503835678100586e-01
9.995083808898925781e-01
6.568917036056518555e-01
8.310404419898986816e-01
6.000247597694396973e-01
1.182868957519531250e+00
6.005904674530029297e-01
8.348189592361450195e-01
6.825467348098754883e-01
1.285804748535156250e+00
1.126958608627319336e+00
1.552499413490295410e+00
5.012894272804260254e-01
1.194312095642089844e+00
5.733153223991394043e-01
8.622922897338867188e-01
8.600365519523620605e-01
2.359058618545532227e+00
1.084226846694946289e+00
1.744380235671997070e+00
5.777502059936523438e-01
6.360003352165222168e-01
8.899167776107788086e-01
1.146128892898559570e+00
8.289625048637390137e-01
1.277416706085205078e+00
7.569239139556884766e-01
8.915566802024841309e-01
5.152212977409362793e-01
7.971428632736206055e-01
9.070433974266052246e-01
2.284587621688842773e+00
5.461244583129882812e-01
8.776954412460327148e-01
1.765602588653564453e+00
1.831949949264526367e+00
1.082260727882385254e+00
6.975632905960083008e-01
8.370333909988403320e-01
8.828606009483337402e-01
1.369622468948364258e+00
7.184299826622009277e-01
7.482795715332031250e-01
6.962944269180297852e-01
1.700800418853759766e+00
1.952244281768798828e+00
1.228026390075683594e+00
1.550132751464843750e+00
7.351621985435485840e-01
1.732689023017883301e+00
1.340298414230346680e+00
5.314839482307434082e-01
1.128367900848388672e+00
7.716771960258483887e-01
5.030276775360107422e-01
9.986276626586914062e-01
1.067151784896850586e+00
1.059003353118896484e+00
1.074195861816406250e+00
1.096933960914611816e+00
1.558653950691223145e+00
6.561442017555236816e-01
1.711773633956909180e+00
4.897938966751098633e-01
6.188711524009704590e-01
8.916983604431152344e-01
1.475556850433349609e+00
6.172102093696594238e-01
6.485207676887512207e-01
7.646064758300781250e-01
6.658970117568969727e-01
4.603936672210693359e-01
8.252450823783874512e-01
7.317852377891540527e-01
4.944197237491607666e-01
1.031376242637634277e+00
1.298166632652282715e+00
5.439199805259704590e-01
2.327526569366455078e+00
1.620844125747680664e+00
5.460419654846191406e-01
6.019576787948608398e-01
2.130686998367309570e+00
8.780405521392822266e-01
8.292434811592102051e-01
1.798922896385192871e+00
8.614206314086914062e-01
7.249603271484375000e-01
1.010764837265014648e+00
8.087227344512939453e-01
5.171620249748229980e-01
1.529446840286254883e+00
5.387915372848510742e-01
9.422661066055297852e-01
9.145803451538085938e-01
6.530357003211975098e-01
1.311415433883666992e+00
1.359352350234985352e+00
1.187748432159423828e+00
9.618955850601196289e-01
8.187797069549560547e-01
1.132921457290649414e+00
8.985740542411804199e-01
9.676559567451477051e-01
6.321531534194946289e-01
2.044791221618652344e+00
6.872455477714538574e-01
1.247579216957092285e+00
5.428994297981262207e-01
8.708490133285522461e-01
5.149762630462646484e-01
1.509598970413208008e+00
8.482398986816406250e-01
5.594902038574218750e-01
6.049963831901550293e-01
1.176450729370117188e+00
1.138892412185668945e+00
9.141127467155456543e-01
5.255522727966308594e-01
4.802985787391662598e-01
5.031852126121520996e-01
5.717432498931884766e-01
9.394500851631164551e-01
6.784486770629882812e-01
1.575960874557495117e+00
6.375349760055541992e-01
1.286844372749328613e+00
1.043769359588623047e+00
2.088560104370117188e+00
8.222669959068298340e-01
6.679754257202148438e-01
2.364958763122558594e+00
1.280691981315612793e+00
9.640093445777893066e-01
1.009908914566040039e+00
1.076079368591308594e+00
1.229570388793945312e+00
7.264738678932189941e-01
5.809719562530517578e-01
8.532839417457580566e-01
5.387547016143798828e-01
4.336116313934326172e-01
1.151272296905517578e+00
1.376190662384033203e+00
4.013705551624298096e-01
7.090517282485961914e-01
1.156044483184814453e+00
4.480706155300140381e-01
6.741240620613098145e-01
1.209618330001831055e+00
1.123997449874877930e+00
6.768248677253723145e-01
1.231013655662536621e+00
1.949919462203979492e+00
1.282396554946899414e+00
1.116792440414428711e+00
7.332659363746643066e-01
9.015431404113769531e-01
1.031501650810241699e+00
5.313735008239746094e-01
9.631146192550659180e-01
1.205186724662780762e+00
2.090437173843383789e+00
5.880891084671020508e-01
7.684846520423889160e-01
6.892658472061157227e-01
1.220860004425048828e+00
1.002322435379028320e+00
1.450700044631958008e+00
5.207332372665405273e-01
8.307913541793823242e-01
8.741380572319030762e-01
4.982598423957824707e-01
8.466010093688964844e-01
8.558560609817504883e-01
2.088127136230468750e+00
9.626570940017700195e-01
4.589741230010986328e-01
2.413996458053588867e+00
9.334788322448730469e-01
7.203711271286010742e-01
1.193289041519165039e+00
9.921676516532897949e-01
1.007013916969299316e+00
4.293594658374786377e-01
1.189375758171081543e+00
8.600800037384033203e-01
4.103018045425415039e-01
6.859987974166870117e-01
5.677251815795898438e-01
1.664079904556274414e+00
9.247894287109375000e-01
4.754309654235839844e-01
1.860624313354492188e+00
7.019231319427490234e-01
9.901791810989379883e-01
8.938647508621215820e-01
2.360438823699951172e+00
1.198621273040771484e+00
1.432049632072448730e+00
5.559754371643066406e-01
8.733962774276733398e-01
7.309140563011169434e-01
8.120024800300598145e-01
6.291192770004272461e-01
1.159994244575500488e+00
9.282041788101196289e-01
6.994830369949340820e-01
1.378304243087768555e+00
7.314708232879638672e-01
5.667139291763305664e-01
1.140898942947387695e+00
7.245404124259948730e-01
8.270261287689208984e-01
4.937430620193481445e-01
1.126969575881958008e+00
9.343838095664978027e-01
1.559011936187744141e+00
8.819085359573364258e-01
6.589771509170532227e-01
1.007296323776245117e+00
1.353761553764343262e+00
9.954778552055358887e-01
6.808532476425170898e-01
1.792464971542358398e+00
1.363309860229492188e+00
5.820907354354858398e-01
6.675456762313842773e-01
2.181539058685302734e+00
8.738152980804443359e-01
5.424021482467651367e-01
1.143618345260620117e+00
8.737887740135192871e-01
1.843162178993225098e+00
7.457341551780700684e-01
2.234724998474121094e+00
6.192466020584106445e-01
5.429060459136962891e-01
7.922118306159973145e-01
1.420747280120849609e+00
1.192717671394348145e+00
1.309278964996337891e+00
1.036485910415649414e+00
1.135084509849548340e+00
1.065993785858154297e+00
8.914692401885986328e-01
1.133741736412048340e+00
7.941623926162719727e-01
8.485155105590820312e-01
6.787537932395935059e-01
1.195725321769714355e+00
1.002728462219238281e+00
1.231410384178161621e+00
9.555956125259399414e-01
8.775060772895812988e-01
1.553411960601806641e+00
9.202916026115417480e-01
1.177003622055053711e+00
4.340550005435943604e-01
6.068036556243896484e-01
1.957649469375610352e+00
1.051522016525268555e+00
6.993083357810974121e-01
8.669024109840393066e-01
1.157408952713012695e+00
1.108559727668762207e+00
4.559056162834167480e-01
1.156248569488525391e+00
5.310057997703552246e-01
9.091181755065917969e-01
1.078881740570068359e+00
8.606108427047729492e-01
1.055702805519104004e+00
5.010032057762145996e-01
7.814209461212158203e-01
5.993810296058654785e-01
7.379387617111206055e-01
7.438066005706787109e-01
1.163990616798400879e+00
5.407695770263671875e-01
9.637439846992492676e-01
1.592814922332763672e+00
4.221199452877044678e-01
7.882619500160217285e-01
8.521488904953002930e-01
1.106084823608398438e+00
9.840236902236938477e-01
7.701526880264282227e-01
5.230532884597778320e-01
1.144038915634155273e+00
1.121449232101440430e+00
1.613616943359375000e+00
6.102982759475708008e-01
5.304516553878784180e-01
5.411056876182556152e-01
1.199332237243652344e+00
6.880040168762207031e-01
1.069669485092163086e+00
4.987580776214599609e-01
9.845972061157226562e-01
1.548593997955322266e+00
9.667073488235473633e-01
7.143437862396240234e-01
5.437619686126708984e-01
5.013110041618347168e-01
7.538801431655883789e-01
8.548018932342529297e-01
4.267909824848175049e-01
2.421926021575927734e+00
6.217971444129943848e-01
7.420704364776611328e-01
5.756212472915649414e-01
9.037526845932006836e-01
7.097580432891845703e-01
9.165332317352294922e-01
4.822340607643127441e-01
1.059974908828735352e+00
7.588452100753784180e-01
8.477734327316284180e-01
6.301686763763427734e-01
7.176648378372192383e-01
2.247637033462524414e+00
5.966970920562744141e-01
4.524235725402832031e-01
1.821164965629577637e+00
8.986417055130004883e-01
1.266921043395996094e+00
1.045374274253845215e+00
2.773162841796875000e+00
1.035107612609863281e+00
8.658390641212463379e-01
8.083449602127075195e-01
1.049098491668701172e+00
7.151022553443908691e-01
8.699796199798583984e-01
9.067539572715759277e-01
6.307437419891357422e-01
1.102867007255554199e+00
5.441870689392089844e-01
7.180296182632446289e-01
7.046021223068237305e-01
1.030802249908447266e+00
9.216307997703552246e-01
1.000931024551391602e+00
1.001192569732666016e+00
1.314226865768432617e+00
1.950566530227661133e+00
8.440333604812622070e-01
8.720738291740417480e-01
5.614734888076782227e-01
7.744503021240234375e-01
8.227085471153259277e-01
1.275391697883605957e+00
4.109032154083251953e-01
1.263907313346862793e+00
1.140890121459960938e+00
5.801776051521301270e-01
1.008659958839416504e+00
5.414543151855468750e-01
9.497641324996948242e-01
7.806870937347412109e-01
9.135143756866455078e-01
1.115162611007690430e+00
5.261026024818420410e-01
9.809654951095581055e-01
5.262921452522277832e-01
4.922608137130737305e-01
6.407345533370971680e-01
8.242095708847045898e-01
1.930101633071899414e+00
9.481357932090759277e-01
4.505936503410339355e-01
9.504450559616088867e-01
8.812720775604248047e-01
7.949503064155578613e-01
1.020354747772216797e+00
1.518756985664367676e+00
4.605154991149902344e-01
1.299710392951965332e+00
2.330374479293823242e+00
4.568745493888854980e-01
1.208332180976867676e+00
1.518739700317382812e+00
1.409013748168945312e+00
9.533871412277221680e-01
7.929877638816833496e-01
8.586297631263732910e-01
1.310681819915771484e+00
9.752064943313598633e-01
8.633449077606201172e-01
1.177523732185363770e+00
8.580698370933532715e-01
1.067269802093505859e+00
6.612516641616821289e-01
1.845574259757995605e+00
1.153419017791748047e+00
5.968905687332153320e-01
1.428230762481689453e+00
8.715148568153381348e-01
1.311184167861938477e+00
1.106551170349121094e+00
8.644037246704101562e-01
7.367293834686279297e-01
9.481897354125976562e-01
1.705894470214843750e+00
1.555241227149963379e+00
1.793365359306335449e+00
1.073719620704650879e+00
7.291672825813293457e-01
1.571679353713989258e+00
1.038493871688842773e+00
4.843301177024841309e-01
6.314431428909301758e-01
1.257839202880859375e+00
5.666165351867675781e-01
7.044358253479003906e-01
7.635117173194885254e-01
6.835191249847412109e-01
4.953480362892150879e-01
5.359647274017333984e-01
3.469278812408447266e-01
6.515710949897766113e-01
1.245049834251403809e+00
5.768476724624633789e-01
7.103134989738464355e-01
1.463305950164794922e+00
9.658508896827697754e-01
1.472487568855285645e+00
2.004563331604003906e+00
4.729288816452026367e-01
1.605510473251342773e+00
1.392222166061401367e+00
7.469699382781982422e-01
1.670642614364624023e+00
1.313529849052429199e+00
8.625248074531555176e-01
7.469749450683593750e-01
1.883803606033325195e+00
9.801769852638244629e-01
9.560576677322387695e-01
6.749355792999267578e-01
9.794167280197143555e-01
1.165729284286499023e+00
5.872521400451660156e-01
8.229392170906066895e-01
8.717514276504516602e-01
1.282995581626892090e+00
5.567999482154846191e-01
7.371312379837036133e-01
1.075307846069335938e+00
1.026969432830810547e+00
6.593110561370849609e-01
1.478781223297119141e+00
4.540182352066040039e-01
1.028321504592895508e+00
9.800963997840881348e-01
7.404092550277709961e-01
1.944416046142578125e+00
8.983340263366699219e-01
2.285678863525390625e+00
6.730671525001525879e-01
9.883330464363098145e-01
2.151780128479003906e+00
7.868300080299377441e-01
8.532822728157043457e-01
4.948720335960388184e-01
7.866010665893554688e-01
1.064697980880737305e+00
1.207566142082214355e+00
9.126702547073364258e-01
9.359484314918518066e-01
2.640454053878784180e+00
1.145489215850830078e+00
1.035456299781799316e+00
9.694718122482299805e-01
4.798640608787536621e-01
2.117996692657470703e+00
4.648197293281555176e-01
7.587052583694458008e-01
9.564251303672790527e-01
5.089406967163085938e-01
9.167956113815307617e-01
8.692165017127990723e-01
6.094611287117004395e-01
1.230406284332275391e+00
1.148344039916992188e+00
9.523404240608215332e-01
5.203132033348083496e-01
6.915329694747924805e-01
6.896908283233642578e-01
5.322885513305664062e-01
8.383498191833496094e-01
2.093178987503051758e+00
1.049594998359680176e+00
2.180352210998535156e+00
1.953765869140625000e+00
1.253448486328125000e+00
1.220594525337219238e+00
9.596636295318603516e-01
7.475471496582031250e-01
9.162381887435913086e-01
7.884989976882934570e-01
5.482312440872192383e-01
7.398188710212707520e-01
1.044310569763183594e+00
4.601021409034729004e-01
7.483179569244384766e-01
1.023103713989257812e+00
6.615010499954223633e-01
1.397656440734863281e+00
6.115140914916992188e-01
8.341664075851440430e-01
2.360253810882568359e+00
5.064734816551208496e-01
1.477345228195190430e+00
7.046841382980346680e-01
1.022577762603759766e+00
1.377019405364990234e+00
6.404111981391906738e-01
2.003281831741333008e+00
8.781325817108154297e-01
1.434749364852905273e+00
7.050548791885375977e-01
4.311228990554809570e-01
9.071559906005859375e-01
1.124579668045043945e+00
8.334574699401855469e-01
4.186174273490905762e-01
5.641613006591796875e-01
9.018704891204833984e-01
1.303959488868713379e+00
9.740542769432067871e-01
4.979804158210754395e-01
1.047785878181457520e+00
1.116952180862426758e+00
8.266182541847229004e-01
6.884639263153076172e-01
6.541216969490051270e-01
7.954015135765075684e-01
1.189559698104858398e+00
9.078792929649353027e-01
6.330279111862182617e-01
6.996300220489501953e-01
7.733173370361328125e-01
8.958215713500976562e-01
1.312668800354003906e+00
1.267241239547729492e+00
1.179528951644897461e+00
9.002150893211364746e-01
9.682320356369018555e-01
1.157509565353393555e+00
1.132289409637451172e+00
5.793184041976928711e-01
2.265028476715087891e+00
6.421463489532470703e-01
6.055520772933959961e-01
7.910377979278564453e-01
4.214597046375274658e-01
1.074769139289855957e+00
8.665381669998168945e-01
9.051312804222106934e-01
6.364055871963500977e-01
4.470581412315368652e-01
2.275002956390380859e+00
2.796387434005737305e+00
2.582781314849853516e+00
5.091007947921752930e-01
4.533541202545166016e-01
5.188621878623962402e-01
9.885545969009399414e-01
9.193295240402221680e-01
6.868840456008911133e-01
4.981436729431152344e-01
1.681455135345458984e+00
4.833529293537139893e-01
8.946542739868164062e-01
1.124481201171875000e+00
4.909610748291015625e-01
6.184676885604858398e-01
1.400720357894897461e+00
5.230674743652343750e-01
5.016434192657470703e-01
5.187087059020996094e-01
1.265772104263305664e+00
1.145790815353393555e+00
1.300940275192260742e+00
7.475503683090209961e-01
8.851799964904785156e-01
7.037640213966369629e-01
1.003920555114746094e+00
5.958245992660522461e-01
1.059984922409057617e+00
4.157572388648986816e-01
6.087844371795654297e-01
1.834608554840087891e+00
8.143391609191894531e-01
6.890085935592651367e-01
1.332683086395263672e+00
9.623106718063354492e-01
3.752219378948211670e-01
1.065904974937438965e+00
6.307257413864135742e-01
8.996695876121520996e-01
6.629789471626281738e-01
3.340328931808471680e-01
5.464504361152648926e-01
1.065998554229736328e+00
7.665197849273681641e-01
6.173630952835083008e-01
1.584940910339355469e+00
5.822145342826843262e-01
