2.333849221467971802e-01
2.501889467239379883e-01
2.935563325881958008e-01
3.536551892757415771e-01
2.678693830966949463e-01
2.859218716621398926e-01
2.362981885671615601e-01
2.883221507072448730e-01
2.271829694509506226e-01
2.628568112850189209e-01
2.783704996109008789e-01
3.217402100563049316e-01
3.105387985706329346e-01
2.418007105588912964e-01
3.530071675777435303e-01
3.180343508720397949e-01
2.834483683109283447e-01
2.310451716184616089e-01
3.135144412517547607e-01
2.523032724857330322e-01
2.530300617218017578e-01
2.485604733228683472e-01
2.682009041309356689e-01
3.104281425476074219e-01
3.149252235889434814e-01
2.980989515781402588e-01
2.614790201187133789e-01
2.405623942613601685e-01
2.697820365428924561e-01
2.862881422042846680e-01
2.457976788282394409e-01
2.783012092113494873e-01
2.393468022346496582e-01
3.221637308597564697e-01
2.731592655181884766e-01
2.712730765342712402e-01
2.284990400075912476e-01
2.871755063533782959e-01
2.764542996883392334e-01
2.712046802043914795e-01
2.733829021453857422e-01
2.812484502792358398e-01
3.701666295528411865e-01
2.953486740589141846e-01
2.302553057670593262e-01
3.280348479747772217e-01
2.274919301271438599e-01
2.688044011592864990e-01
2.591630220413208008e-01
3.027923405170440674e-01
2.446320056915283203e-01
3.898227214813232422e-01
2.880262732505798340e-01
3.024629056453704834e-01
2.209839075803756714e-01
2.831052541732788086e-01
2.496901005506515503e-01
2.922283113002777100e-01
2.466912418603897095e-01
2.490704506635665894e-01
3.417601883411407471e-01
2.762024700641632080e-01
3.268029987812042236e-01
2.874827384948730469e-01
2.633023560047149658e-01
2.461088746786117554e-01
3.860564231872558594e-01
2.499544024467468262e-01
2.133749872446060181e-01
2.316664904356002808e-01
2.199574261903762817e-01
2.979834973812103271e-01
2.367897182703018188e-01
3.306434452533721924e-01
3.099144995212554932e-01
2.731977403163909912e-01
2.734269797801971436e-01
2.521033585071563721e-01
2.980969846248626709e-01
2.566849887371063232e-01
3.112668097019195557e-01
2.824772298336029053e-01
3.209565281867980957e-01
2.964445054531097412e-01
3.052984476089477539e-01
2.530219852924346924e-01
2.378359287977218628e-01
2.661828994750976562e-01
2.786970734596252441e-01
2.812300622463226318e-01
2.495106607675552368e-01
2.983133494853973389e-01
3.352214395999908447e-01
2.590050697326660156e-01
3.106050789356231689e-01
2.653420269489288330e-01
3.882148563861846924e-01
2.512167692184448242e-01
2.888784110546112061e-01
2.823439836502075195e-01
3.177537620067596436e-01
2.587199509143829346e-01
2.808571755886077881e-01
2.485537678003311157e-01
2.499770522117614746e-01
2.724381983280181885e-01
3.090700507164001465e-01
3.034788668155670166e-01
3.661806881427764893e-01
3.606877326965332031e-01
2.991040647029876709e-01
2.988742291927337646e-01
3.361493647098541260e-01
3.086403310298919678e-01
2.597573399543762207e-01
3.174588382244110107e-01
1.991398930549621582e-01
2.676776349544525146e-01
2.829898595809936523e-01
3.162281215190887451e-01
2.692421972751617432e-01
3.319655656814575195e-01
2.821666896343231201e-01
3.081250190734863281e-01
3.217834234237670898e-01
2.372358888387680054e-01
2.690555751323699951e-01
3.209704756736755371e-01
3.064259588718414307e-01
2.133002728223800659e-01
2.656623125076293945e-01
3.107560575008392334e-01
3.176034390926361084e-01
3.147431313991546631e-01
2.508252561092376709e-01
2.861148416996002197e-01
2.338074892759323120e-01
3.717567920684814453e-01
2.852153778076171875e-01
3.031426668167114258e-01
2.812012732028961182e-01
3.196062743663787842e-01
3.913582265377044678e-01
2.521962821483612061e-01
2.786754369735717773e-01
2.753121256828308105e-01
2.571490406990051270e-01
2.580884397029876709e-01
2.350804358720779419e-01
2.218879461288452148e-01
2.858252525329589844e-01
2.803319394588470459e-01
2.434718161821365356e-01
2.688973248004913330e-01
2.588707208633422852e-01
3.011313080787658691e-01
2.495459914207458496e-01
3.199908137321472168e-01
3.098662793636322021e-01
2.632359564304351807e-01
2.945333123207092285e-01
2.452614456415176392e-01
2.483538538217544556e-01
2.437041252851486206e-01
2.541529238224029541e-01
3.022687435150146484e-01
2.840577363967895508e-01
2.883360683917999268e-01
2.655105590820312500e-01
2.422184497117996216e-01
2.051714211702346802e-01
3.161006867885589600e-01
2.908889353275299072e-01
3.261296451091766357e-01
2.686837315559387207e-01
2.663868367671966553e-01
2.502273023128509521e-01
2.169888764619827271e-01
3.155387938022613525e-01
2.452553063631057739e-01
2.585350573062896729e-01
2.687987983226776123e-01
3.013420403003692627e-01
2.723439335823059082e-01
2.976993024349212646e-01
3.072989583015441895e-01
2.160532027482986450e-01
2.911223471164703369e-01
3.466620445251464844e-01
2.220823317766189575e-01
3.114000260829925537e-01
2.625855505466461182e-01
2.618123292922973633e-01
3.142936825752258301e-01
3.377331495285034180e-01
3.032737076282501221e-01
3.278945982456207275e-01
2.875531613826751709e-01
3.812566101551055908e-01
2.511187493801116943e-01
2.832487523555755615e-01
2.645345926284790039e-01
3.000579476356506348e-01
2.514843940734863281e-01
3.509112894535064697e-01
3.255752623081207275e-01
2.868485748767852783e-01
2.907019555568695068e-01
2.491518110036849976e-01
2.826349437236785889e-01
2.315706014633178711e-01
3.154402375221252441e-01
2.736388444900512695e-01
2.276327013969421387e-01
2.763427793979644775e-01
2.485826760530471802e-01
2.797357141971588135e-01
2.371496707201004028e-01
2.227881997823715210e-01
2.459833621978759766e-01
2.969702184200286865e-01
2.875284254550933838e-01
2.877215147018432617e-01
2.221593111753463745e-01
3.059734106063842773e-01
3.274980485439300537e-01
2.699807286262512207e-01
2.775631844997406006e-01
2.917168140411376953e-01
2.736781537532806396e-01
2.198593467473983765e-01
2.945717871189117432e-01
2.544275820255279541e-01
3.165682852268218994e-01
2.861187160015106201e-01
2.206698209047317505e-01
2.910608947277069092e-01
2.381184697151184082e-01
2.483095377683639526e-01
2.909096777439117432e-01
3.160795271396636963e-01
2.336204648017883301e-01
3.611053526401519775e-01
2.415307164192199707e-01
2.859964072704315186e-01
2.735520899295806885e-01
2.965577542781829834e-01
3.056377768516540527e-01
2.038960456848144531e-01
3.074737787246704102e-01
2.882114052772521973e-01
3.634829521179199219e-01
2.620379030704498291e-01
4.210422933101654053e-01
2.687910497188568115e-01
2.583968937397003174e-01
2.471607327461242676e-01
2.544740140438079834e-01
2.537266314029693604e-01
2.839263379573822021e-01
2.951084673404693604e-01
2.945818901062011719e-01
2.365196198225021362e-01
2.777484953403472900e-01
2.700282633304595947e-01
2.349681854248046875e-01
2.219470143318176270e-01
2.427268028259277344e-01
2.443642169237136841e-01
2.826620042324066162e-01
3.056807219982147217e-01
2.840740084648132324e-01
2.260417342185974121e-01
2.310032695531845093e-01
2.967347800731658936e-01
2.609747350215911865e-01
2.991834282875061035e-01
2.560125589370727539e-01
2.879180610179901123e-01
3.044485151767730713e-01
2.798431217670440674e-01
2.332271784543991089e-01
2.385943681001663208e-01
2.332850843667984009e-01
2.372554689645767212e-01
2.916190326213836670e-01
2.956949770450592041e-01
2.425275892019271851e-01
2.683441042900085449e-01
2.868488729000091553e-01
2.947560846805572510e-01
2.619089782238006592e-01
2.466914057731628418e-01
2.816596925258636475e-01
2.463883310556411743e-01
2.928132116794586182e-01
2.798466384410858154e-01
2.785818576812744141e-01
2.279844135046005249e-01
2.078246623277664185e-01
2.461959272623062134e-01
2.489204257726669312e-01
2.876101136207580566e-01
2.554511129856109619e-01
2.860403358936309814e-01
2.578898370265960693e-01
2.761323451995849609e-01
3.242752552032470703e-01
2.732146978378295898e-01
2.573178708553314209e-01
2.659323811531066895e-01
2.405386418104171753e-01
2.941393852233886719e-01
3.281691372394561768e-01
3.027532994747161865e-01
2.307662963867187500e-01
2.958601117134094238e-01
2.929842174053192139e-01
2.528081238269805908e-01
2.534019052982330322e-01
2.545073032379150391e-01
2.686406672000885010e-01
3.519441187381744385e-01
2.225658446550369263e-01
2.504674196243286133e-01
3.185639083385467529e-01
2.223305851221084595e-01
1.854848116636276245e-01
2.535554468631744385e-01
2.977488338947296143e-01
2.525638341903686523e-01
3.019281327724456787e-01
2.676896452903747559e-01
2.207857370376586914e-01
3.358334302902221680e-01
2.950531542301177979e-01
3.402195870876312256e-01
2.376006096601486206e-01
2.559041678905487061e-01
2.574744224548339844e-01
2.197668701410293579e-01
2.360410243272781372e-01
2.561212480068206787e-01
2.701248824596405029e-01
2.853340804576873779e-01
3.246363103389739990e-01
2.292399406433105469e-01
3.245814144611358643e-01
2.739096581935882568e-01
3.063645958900451660e-01
2.717668116092681885e-01
2.478109449148178101e-01
2.520467042922973633e-01
2.663494050502777100e-01
2.853846251964569092e-01
2.773735225200653076e-01
2.469141036272048950e-01
2.518409192562103271e-01
3.435321748256683350e-01
3.187510669231414795e-01
2.327246665954589844e-01
2.339381575584411621e-01
2.795324921607971191e-01
2.630864083766937256e-01
2.932821810245513916e-01
2.570620477199554443e-01
2.556898891925811768e-01
2.423536330461502075e-01
2.284490913152694702e-01
2.486498802900314331e-01
2.582621574401855469e-01
2.583450973033905029e-01
2.982488870620727539e-01
2.938305437564849854e-01
2.546598613262176514e-01
2.156619280576705933e-01
2.763583362102508545e-01
1.949057430028915405e-01
3.302341103553771973e-01
2.388119250535964966e-01
3.191926479339599609e-01
2.645098268985748291e-01
2.742530107498168945e-01
2.260452657938003540e-01
2.554492056369781494e-01
3.103658854961395264e-01
2.288304567337036133e-01
3.097864389419555664e-01
2.713693678379058838e-01
2.855004370212554932e-01
3.126176893711090088e-01
2.376994639635086060e-01
2.465896010398864746e-01
2.489163875579833984e-01
3.074954450130462646e-01
2.680453360080718994e-01
2.513280808925628662e-01
3.130258321762084961e-01
2.402212172746658325e-01
2.758224308490753174e-01
2.502591907978057861e-01
3.013776540756225586e-01
2.335739284753799438e-01
3.212447762489318848e-01
2.738086283206939697e-01
3.019877374172210693e-01
2.734645605087280273e-01
2.627729475498199463e-01
2.829856574535369873e-01
3.237710893154144287e-01
3.470951020717620850e-01
2.396663874387741089e-01
2.956819236278533936e-01
2.608119845390319824e-01
3.059858381748199463e-01
2.763455808162689209e-01
2.778878211975097656e-01
3.429505825042724609e-01
2.500705122947692871e-01
2.609277069568634033e-01
2.797458469867706299e-01
3.200114071369171143e-01
2.819017171859741211e-01
2.664888203144073486e-01
3.248037993907928467e-01
2.552087604999542236e-01
2.773092687129974365e-01
2.404694557189941406e-01
3.131327331066131592e-01
2.524181008338928223e-01
2.790783345699310303e-01
2.716200053691864014e-01
2.543295919895172119e-01
2.770754992961883545e-01
2.648124694824218750e-01
3.111814260482788086e-01
2.758755087852478027e-01
2.710182666778564453e-01
3.291307985782623291e-01
3.250913918018341064e-01
2.861751317977905273e-01
2.695449888706207275e-01
3.491213619709014893e-01
2.509499788284301758e-01
2.758097946643829346e-01
2.715896666049957275e-01
2.541822195053100586e-01
2.682991921901702881e-01
3.289428651332855225e-01
2.709746658802032471e-01
2.878662943840026855e-01
2.833517491817474365e-01
2.444561719894409180e-01
3.612780272960662842e-01
2.922022640705108643e-01
2.757423818111419678e-01
2.398651838302612305e-01
3.449212610721588135e-01
2.884309589862823486e-01
3.115187883377075195e-01
2.896041572093963623e-01
2.493385225534439087e-01
3.262511193752288818e-01
3.068776130676269531e-01
2.905691564083099365e-01
3.512502908706665039e-01
2.497253268957138062e-01
2.827046811580657959e-01
3.125030100345611572e-01
2.500858902931213379e-01
3.060258924961090088e-01
2.952480316162109375e-01
2.541517615318298340e-01
2.816425263881683350e-01
3.063601255416870117e-01
2.571119070053100586e-01
2.876662015914916992e-01
2.740143835544586182e-01
2.925104200839996338e-01
3.218102753162384033e-01
2.673690617084503174e-01
3.331137597560882568e-01
3.390537202358245850e-01
2.556761205196380615e-01
3.029015064239501953e-01
2.928351163864135742e-01
3.155604004859924316e-01
2.108275443315505981e-01
2.570750415325164795e-01
3.079330027103424072e-01
2.954597473144531250e-01
3.105956017971038818e-01
2.602161467075347900e-01
2.697122693061828613e-01
2.314019948244094849e-01
6.157180666923522949e-01
2.874899804592132568e-01
2.897675633430480957e-01
2.306968718767166138e-01
3.240193426609039307e-01
2.941868603229522705e-01
1.998402625322341919e-01
2.341053485870361328e-01
2.636484205722808838e-01
2.666488587856292725e-01
2.279174476861953735e-01
2.768268585205078125e-01
2.866959273815155029e-01
2.831693887710571289e-01
2.527901232242584229e-01
2.343939393758773804e-01
2.657656967639923096e-01
2.366390228271484375e-01
3.109899461269378662e-01
3.177185356616973877e-01
2.381642460823059082e-01
2.621150016784667969e-01
2.782484292984008789e-01
2.504452764987945557e-01
3.121021687984466553e-01
2.635420858860015869e-01
3.267731666564941406e-01
2.761479914188385010e-01
2.512679994106292725e-01
2.312889844179153442e-01
2.722173631191253662e-01
3.232091963291168213e-01
3.160853385925292969e-01
2.836506664752960205e-01
2.285858541727066040e-01
2.279078364372253418e-01
2.933875620365142822e-01
2.559188902378082275e-01
2.602823674678802490e-01
2.463239431381225586e-01
2.651954591274261475e-01
2.670708894729614258e-01
2.542971074581146240e-01
2.723799645900726318e-01
4.140129983425140381e-01
2.842801511287689209e-01
2.434100359678268433e-01
3.028762340545654297e-01
2.621152400970458984e-01
2.723443806171417236e-01
3.083262741565704346e-01
2.746133506298065186e-01
2.931067049503326416e-01
2.345876693725585938e-01
2.938622236251831055e-01
3.142592906951904297e-01
2.282571792602539062e-01
2.349790483713150024e-01
2.789407074451446533e-01
2.453077882528305054e-01
2.876310944557189941e-01
2.770640552043914795e-01
2.723729908466339111e-01
2.655299305915832520e-01
3.097281754016876221e-01
3.141439259052276611e-01
2.730164825916290283e-01
2.135669440031051636e-01
2.583695352077484131e-01
2.652081549167633057e-01
2.677156627178192139e-01
2.770516872406005859e-01
2.435000091791152954e-01
2.360167354345321655e-01
2.907927632331848145e-01
2.327598482370376587e-01
2.195907086133956909e-01
2.813239097595214844e-01
2.155625969171524048e-01
2.264169305562973022e-01
2.437415122985839844e-01
2.303235530853271484e-01
2.211363315582275391e-01
2.542643845081329346e-01
2.420350462198257446e-01
2.244110852479934692e-01
2.953982651233673096e-01
2.430889755487442017e-01
1.903340667486190796e-01
2.657388746738433838e-01
2.795262634754180908e-01
2.685442268848419189e-01
3.058138489723205566e-01
2.568729817867279053e-01
2.824795544147491455e-01
3.084180653095245361e-01
3.192550539970397949e-01
3.096723854541778564e-01
2.053719311952590942e-01
2.621555626392364502e-01
3.405834734439849854e-01
2.123071551322937012e-01
3.165860176086425781e-01
2.825145423412322998e-01
2.616572380065917969e-01
2.150582224130630493e-01
2.611021101474761963e-01
2.430090308189392090e-01
2.869688868522644043e-01
3.089385926723480225e-01
2.356583476066589355e-01
2.720679342746734619e-01
3.087666928768157959e-01
2.549290955066680908e-01
2.638881802558898926e-01
2.702296674251556396e-01
2.509846985340118408e-01
2.412297278642654419e-01
2.151549309492111206e-01
2.435561865568161011e-01
2.379076331853866577e-01
2.327637225389480591e-01
2.103420644998550415e-01
2.616818845272064209e-01
2.680263817310333252e-01
2.553254067897796631e-01
2.346692085266113281e-01
2.377958446741104126e-01
2.394519001245498657e-01
2.223481386899948120e-01
3.225191533565521240e-01
2.453136444091796875e-01
2.665615081787109375e-01
3.918871581554412842e-01
2.572263777256011963e-01
3.621846437454223633e-01
3.304107487201690674e-01
2.664101123809814453e-01
2.540183067321777344e-01
2.725536823272705078e-01
2.258347719907760620e-01
2.638586461544036865e-01
2.947638332843780518e-01
2.302609682083129883e-01
2.348349541425704956e-01
2.398872822523117065e-01
3.286593258380889893e-01
2.908516228199005127e-01
2.757126986980438232e-01
3.194591701030731201e-01
2.195504307746887207e-01
2.375912666320800781e-01
2.243364006280899048e-01
3.008767664432525635e-01
2.587629258632659912e-01
2.328297048807144165e-01
2.074034065008163452e-01
2.981945276260375977e-01
2.710008025169372559e-01
2.239228338003158569e-01
2.583105862140655518e-01
2.460272759199142456e-01
2.749931514263153076e-01
2.911544144153594971e-01
2.045695781707763672e-01
3.073425590991973877e-01
2.540452778339385986e-01
2.449052184820175171e-01
3.301956951618194580e-01
3.197104930877685547e-01
2.214641422033309937e-01
2.864734232425689697e-01
2.506446540355682373e-01
2.707452476024627686e-01
3.016887605190277100e-01
3.022511005401611328e-01
2.345092147588729858e-01
2.567835748195648193e-01
2.760723531246185303e-01
2.933474481105804443e-01
2.461851686239242554e-01
2.997035086154937744e-01
2.320210784673690796e-01
2.810163199901580811e-01
2.606024146080017090e-01
2.678306698799133301e-01
2.710624933242797852e-01
2.527790069580078125e-01
2.356739193201065063e-01
2.567668259143829346e-01
2.655600309371948242e-01
2.942485213279724121e-01
2.650686204433441162e-01
2.362050563097000122e-01
3.264406621456146240e-01
2.759691178798675537e-01
2.969347238540649414e-01
2.613311111927032471e-01
2.835849225521087646e-01
2.524110078811645508e-01
2.560708224773406982e-01
3.154697120189666748e-01
2.983611822128295898e-01
2.883578836917877197e-01
2.654787600040435791e-01
2.675299346446990967e-01
2.173025608062744141e-01
2.459841966629028320e-01
2.187768667936325073e-01
2.948948442935943604e-01
2.873418927192687988e-01
2.994183599948883057e-01
2.494742423295974731e-01
2.923821210861206055e-01
3.008170127868652344e-01
2.957136332988739014e-01
2.527674734592437744e-01
2.346758097410202026e-01
2.606551349163055420e-01
2.391237020492553711e-01
2.880398035049438477e-01
2.447647452354431152e-01
1.970869302749633789e-01
2.827477753162384033e-01
2.585211992263793945e-01
2.811001837253570557e-01
2.616020143032073975e-01
2.194681167602539062e-01
3.009686172008514404e-01
2.875850498676300049e-01
2.786382734775543213e-01
2.523399293422698975e-01
2.313833385705947876e-01
2.817654013633728027e-01
2.870196402072906494e-01
2.507221698760986328e-01
2.782671153545379639e-01
2.431870102882385254e-01
2.899123132228851318e-01
2.375565916299819946e-01
2.539486587047576904e-01
2.381268888711929321e-01
2.490288019180297852e-01
2.231916040182113647e-01
2.613742053508758545e-01
2.534898519515991211e-01
2.396106868982315063e-01
2.959903776645660400e-01
2.622822821140289307e-01
3.006207048892974854e-01
2.383791208267211914e-01
3.049406409263610840e-01
3.081901073455810547e-01
2.162694334983825684e-01
2.896458804607391357e-01
2.791305780410766602e-01
2.820883393287658691e-01
2.530444860458374023e-01
2.069352418184280396e-01
3.099853098392486572e-01
3.160191178321838379e-01
2.508428096771240234e-01
2.797317802906036377e-01
2.073096036911010742e-01
2.341768145561218262e-01
2.546247541904449463e-01
2.789953947067260742e-01
2.367481142282485962e-01
2.935461997985839844e-01
2.213535457849502563e-01
2.335025817155838013e-01
2.063205093145370483e-01
2.403948754072189331e-01
2.836066186428070068e-01
3.626377880573272705e-01
2.633162736892700195e-01
2.560758590698242188e-01
2.228536456823348999e-01
2.515165209770202637e-01
2.385954409837722778e-01
2.667328417301177979e-01
1.994525939226150513e-01
2.526901364326477051e-01
2.773254215717315674e-01
2.149005979299545288e-01
2.289697676897048950e-01
2.565738558769226074e-01
2.763445079326629639e-01
2.698495686054229736e-01
3.061049580574035645e-01
2.645981013774871826e-01
2.189370840787887573e-01
2.619597613811492920e-01
2.549286186695098877e-01
2.687660157680511475e-01
3.049342930316925049e-01
2.403714209794998169e-01
2.317269295454025269e-01
3.682666718959808350e-01
2.584678232669830322e-01
3.287997245788574219e-01
3.065499365329742432e-01
2.799425125122070312e-01
2.555964887142181396e-01
2.852215468883514404e-01
2.743812501430511475e-01
2.511061728000640869e-01
2.614363133907318115e-01
2.403960675001144409e-01
2.937829494476318359e-01
2.382106035947799683e-01
2.186156958341598511e-01
2.795212566852569580e-01
2.822645306587219238e-01
2.570513784885406494e-01
2.709157764911651611e-01
2.200662940740585327e-01
2.218787074089050293e-01
2.244867831468582153e-01
2.367670536041259766e-01
2.563277482986450195e-01
2.592763006687164307e-01
2.259497642517089844e-01
2.504599094390869141e-01
2.968229949474334717e-01
2.799508869647979736e-01
2.646599411964416504e-01
2.616570293903350830e-01
2.259051352739334106e-01
3.159285485744476318e-01
2.331606745719909668e-01
2.597933113574981689e-01
2.533128857612609863e-01
2.281443625688552856e-01
2.416276484727859497e-01
2.890798151493072510e-01
2.671005427837371826e-01
2.750928401947021484e-01
2.700773477554321289e-01
2.758938968181610107e-01
2.757148444652557373e-01
3.043791949748992920e-01
2.790274024009704590e-01
2.275335639715194702e-01
2.453976869583129883e-01
2.507152855396270752e-01
2.492410689592361450e-01
2.537322342395782471e-01
5.147048830986022949e-01
2.409240007400512695e-01
2.903950810432434082e-01
2.407583743333816528e-01
2.511290609836578369e-01
5.958579182624816895e-01
3.866510093212127686e-01
2.491501569747924805e-01
3.409346342086791992e-01
2.846202552318572998e-01
2.905267477035522461e-01
3.431229591369628906e-01
2.307738661766052246e-01
2.314633578062057495e-01
2.733834385871887207e-01
2.194712162017822266e-01
3.259703218936920166e-01
3.212875127792358398e-01
2.981731891632080078e-01
2.580043375492095947e-01
2.537451684474945068e-01
2.551396787166595459e-01
2.343430072069168091e-01
2.203881293535232544e-01
2.321531325578689575e-01
3.268008232116699219e-01
3.153617680072784424e-01
2.537145912647247314e-01
3.194704949855804443e-01
2.351843118667602539e-01
3.169202506542205811e-01
2.781366705894470215e-01
2.934570610523223877e-01
2.386812716722488403e-01
2.379198223352432251e-01
2.534442842006683350e-01
2.785796821117401123e-01
2.508113682270050049e-01
2.889476418495178223e-01
3.409619331359863281e-01
2.634780406951904297e-01
2.309251278638839722e-01
2.600585222244262695e-01
2.273725420236587524e-01
2.528948485851287842e-01
2.257395386695861816e-01
2.285169214010238647e-01
2.664815187454223633e-01
2.405379265546798706e-01
2.882619798183441162e-01
2.767804861068725586e-01
2.697121798992156982e-01
2.951991558074951172e-01
2.294070571660995483e-01
3.139774799346923828e-01
2.153646945953369141e-01
2.480677962303161621e-01
2.942209839820861816e-01
2.327630072832107544e-01
2.774512469768524170e-01
2.218467444181442261e-01
2.463605850934982300e-01
2.213165014982223511e-01
2.315700203180313110e-01
2.603560984134674072e-01
4.025058448314666748e-01
2.481329292058944702e-01
2.257049232721328735e-01
2.740327715873718262e-01
2.181664258241653442e-01
2.734518349170684814e-01
2.866286635398864746e-01
2.635513842105865479e-01
2.426805645227432251e-01
2.158126682043075562e-01
2.073320150375366211e-01
2.103518694639205933e-01
2.736768722534179688e-01
2.629495263099670410e-01
2.516955733299255371e-01
3.081666529178619385e-01
2.418858408927917480e-01
2.648161351680755615e-01
2.560670971870422363e-01
2.263378947973251343e-01
2.622537910938262939e-01
3.382438421249389648e-01
2.536062300205230713e-01
3.069472312927246094e-01
3.259651362895965576e-01
2.618994414806365967e-01
2.329133898019790649e-01
4.434783160686492920e-01
2.738462686538696289e-01
2.998872697353363037e-01
2.405546754598617554e-01
2.373363524675369263e-01
2.864867448806762695e-01
2.569055259227752686e-01
2.755718231201171875e-01
2.079616934061050415e-01
4.538445770740509033e-01
2.170723080635070801e-01
2.975200116634368896e-01
3.408755362033843994e-01
2.578067481517791748e-01
2.829914987087249756e-01
2.817126512527465820e-01
2.506890594959259033e-01
2.288836985826492310e-01
2.629923224449157715e-01
2.567802667617797852e-01
3.275278508663177490e-01
2.503046989440917969e-01
3.587839901447296143e-01
3.310153484344482422e-01
2.617402970790863037e-01
2.583788335323333740e-01
2.548158466815948486e-01
2.437311410903930664e-01
2.424411326646804810e-01
2.756645977497100830e-01
2.622935473918914795e-01
2.214481681585311890e-01
2.466887980699539185e-01
2.268812060356140137e-01
2.066295892000198364e-01
2.741775810718536377e-01
2.324129194021224976e-01
2.276509553194046021e-01
2.181586176156997681e-01
2.424763888120651245e-01
2.855979502201080322e-01
2.537541091442108154e-01
2.297932952642440796e-01
2.221235036849975586e-01
2.659708261489868164e-01
2.709205448627471924e-01
2.298930436372756958e-01
3.379783630371093750e-01
2.623195350170135498e-01
2.675063908100128174e-01
2.666544914245605469e-01
3.000561892986297607e-01
2.174762338399887085e-01
2.535636723041534424e-01
3.067631125450134277e-01
2.112782597541809082e-01
2.582754790782928467e-01
2.601357102394104004e-01
2.468868046998977661e-01
3.075108528137207031e-01
2.526728808879852295e-01
2.137939482927322388e-01
3.925265967845916748e-01
2.023557424545288086e-01
3.191592097282409668e-01
2.754122912883758545e-01
2.792577445507049561e-01
3.021201193332672119e-01
2.558853328227996826e-01
2.583325803279876709e-01
3.253083527088165283e-01
2.732649743556976318e-01
2.712008655071258545e-01
2.255239337682723999e-01
2.513174116611480713e-01
1.985951662063598633e-01
2.727256119251251221e-01
2.443847805261611938e-01
2.299025505781173706e-01
2.867861986160278320e-01
2.483476251363754272e-01
3.070307970046997070e-01
2.251300811767578125e-01
2.534097433090209961e-01
2.802138626575469971e-01
2.170406132936477661e-01
2.103701233863830566e-01
2.566314935684204102e-01
2.741689980030059814e-01
2.446285486221313477e-01
2.408930510282516479e-01
2.134930938482284546e-01
2.677710950374603271e-01
2.574128210544586182e-01
2.189375907182693481e-01
2.723208963871002197e-01
2.479064017534255981e-01
2.860128581523895264e-01
2.827240526676177979e-01
3.235816955566406250e-01
2.779665291309356689e-01
2.727680206298828125e-01
2.236119359731674194e-01
2.527396976947784424e-01
2.870409190654754639e-01
2.589780986309051514e-01
2.896951138973236084e-01
2.462567836046218872e-01
3.436625003814697266e-01
2.633753120899200439e-01
2.878220975399017334e-01
3.038430511951446533e-01
3.132202327251434326e-01
2.984146177768707275e-01
2.104525119066238403e-01
2.795719802379608154e-01
2.833296954631805420e-01
2.184879034757614136e-01
2.542953491210937500e-01
3.150000274181365967e-01
3.164050579071044922e-01
2.554044425487518311e-01
2.701855301856994629e-01
2.673609554767608643e-01
2.931962013244628906e-01
2.307125777006149292e-01
2.787776887416839600e-01
2.536273896694183350e-01
2.784742712974548340e-01
3.537772595882415771e-01
3.554681539535522461e-01
2.918299734592437744e-01
2.544218599796295166e-01
2.496243268251419067e-01
2.480577230453491211e-01
2.894360721111297607e-01
1.977442353963851929e-01
2.806876599788665771e-01
3.853899538516998291e-01
2.200332283973693848e-01
2.752771079540252686e-01
2.700076699256896973e-01
2.693383395671844482e-01
2.756040394306182861e-01
2.203525453805923462e-01
2.682837545871734619e-01
2.977968156337738037e-01
2.497827559709548950e-01
2.686211168766021729e-01
2.346398383378982544e-01
2.241197824478149414e-01
2.383453696966171265e-01
2.442889362573623657e-01
2.864290177822113037e-01
2.226012349128723145e-01
2.389619350433349609e-01
2.537526190280914307e-01
2.700097262859344482e-01
2.578095197677612305e-01
2.384096831083297729e-01
2.484192997217178345e-01
2.224526256322860718e-01
2.495284229516983032e-01
2.964729070663452148e-01
2.913176119327545166e-01
3.050434291362762451e-01
2.509088218212127686e-01
2.596257030963897705e-01
2.606281936168670654e-01
2.949341833591461182e-01
2.571008503437042236e-01
2.476274520158767700e-01
2.609945237636566162e-01
2.979171872138977051e-01
3.010566830635070801e-01
2.704785168170928955e-01
2.820571362972259521e-01
2.730694413185119629e-01
1.745058745145797729e-01
3.037085831165313721e-01
2.859799563884735107e-01
2.505840957164764404e-01
2.680132091045379639e-01
2.322120666503906250e-01
2.525436580181121826e-01
2.029100656509399414e-01
2.336241006851196289e-01
2.325112372636795044e-01
2.674821019172668457e-01
2.502069771289825439e-01
2.367787212133407593e-01
2.805842459201812744e-01
2.521987259387969971e-01
2.782062590122222900e-01
2.878106534481048584e-01
2.411100119352340698e-01
2.905818521976470947e-01
2.529920935630798340e-01
2.474853396415710449e-01
2.100877314805984497e-01
1.861149072647094727e-01
2.735408544540405273e-01
2.733494937419891357e-01
2.637493908405303955e-01
2.514577805995941162e-01
2.693706452846527100e-01
2.703967392444610596e-01
3.010685443878173828e-01
2.243115305900573730e-01
2.600270509719848633e-01
2.969256341457366943e-01
2.667776048183441162e-01
2.499444633722305298e-01
2.545257210731506348e-01
3.330794572830200195e-01
2.241630554199218750e-01
2.488748431205749512e-01
2.323872298002243042e-01
2.426655739545822144e-01
2.498925328254699707e-01
2.337216585874557495e-01
2.885564863681793213e-01
2.774109542369842529e-01
2.422819882631301880e-01
2.462283819913864136e-01
2.665751278400421143e-01
2.992422878742218018e-01
2.404007315635681152e-01
2.722953855991363525e-01
2.173633575439453125e-01
3.250224888324737549e-01
2.353051155805587769e-01
2.895636558532714844e-01
2.764823734760284424e-01
2.554976940155029297e-01
2.192099243402481079e-01
2.205459922552108765e-01
2.461144924163818359e-01
2.261658459901809692e-01
3.422940075397491455e-01
2.512481510639190674e-01
2.490042895078659058e-01
2.489317804574966431e-01
2.934958040714263916e-01
3.119173943996429443e-01
3.995306491851806641e-01
2.717635631561279297e-01
2.802344262599945068e-01
2.305626720190048218e-01
2.399610877037048340e-01
2.637219130992889404e-01
2.662027478218078613e-01
2.709390819072723389e-01
2.199734002351760864e-01
2.151074558496475220e-01
3.272437751293182373e-01
2.781573832035064697e-01
2.713929414749145508e-01
2.853545844554901123e-01
2.889517247676849365e-01
2.332699149847030640e-01
2.568556964397430420e-01
2.900284230709075928e-01
2.341604679822921753e-01
2.796097993850708008e-01
3.138906955718994141e-01
3.815378248691558838e-01
2.262680679559707642e-01
2.442934662103652954e-01
2.533002495765686035e-01
2.846358716487884521e-01
2.529972493648529053e-01
3.176764249801635742e-01
2.878420352935791016e-01
2.622648179531097412e-01
2.715211808681488037e-01
2.925702035427093506e-01
3.277908265590667725e-01
2.752125263214111328e-01
2.437037825584411621e-01
2.638774812221527100e-01
3.019499480724334717e-01
2.496624439954757690e-01
2.557766735553741455e-01
2.461115121841430664e-01
3.336852490901947021e-01
2.459471225738525391e-01
3.029958307743072510e-01
2.370628565549850464e-01
2.462616413831710815e-01
2.872520983219146729e-01
2.420036345720291138e-01
3.233821690082550049e-01
2.439823597669601440e-01
2.467656731605529785e-01
2.792115807533264160e-01
2.993586361408233643e-01
3.038604557514190674e-01
2.932415902614593506e-01
2.438986450433731079e-01
2.280714660882949829e-01
2.908470332622528076e-01
2.240960747003555298e-01
2.852494120597839355e-01
2.308892458677291870e-01
2.313393205404281616e-01
2.750035226345062256e-01
2.475995868444442749e-01
2.724375724792480469e-01
2.176075726747512817e-01
6.070844531059265137e-01
2.907609939575195312e-01
2.583790719509124756e-01
2.807413935661315918e-01
3.427056372165679932e-01
2.629925310611724854e-01
2.332026362419128418e-01
2.778584659099578857e-01
2.543187737464904785e-01
2.887110412120819092e-01
2.388363629579544067e-01
2.380638867616653442e-01
2.757674157619476318e-01
2.231965810060501099e-01
2.380147129297256470e-01
2.337673157453536987e-01
3.052678108215332031e-01
2.772550284862518311e-01
2.694955170154571533e-01
2.698739469051361084e-01
2.506341040134429932e-01
2.611394226551055908e-01
2.383214980363845825e-01
2.962234616279602051e-01
2.782693803310394287e-01
2.290367633104324341e-01
2.475308626890182495e-01
2.388373613357543945e-01
3.707247972488403320e-01
2.371153384447097778e-01
2.290121316909790039e-01
2.819861471652984619e-01
2.666041553020477295e-01
2.903752624988555908e-01
2.785099744796752930e-01
2.465416640043258667e-01
3.166912198066711426e-01
2.985067069530487061e-01
3.291117846965789795e-01
2.193699479103088379e-01
2.322990149259567261e-01
3.113578557968139648e-01
3.336006700992584229e-01
2.335670739412307739e-01
2.957480251789093018e-01
2.347156405448913574e-01
2.974888384342193604e-01
2.827262878417968750e-01
2.537154853343963623e-01
3.065164387226104736e-01
2.451147288084030151e-01
2.197627574205398560e-01
2.686200141906738281e-01
2.493941038846969604e-01
2.194930762052536011e-01
2.393235415220260620e-01
2.468525767326354980e-01
3.828683197498321533e-01
2.451754808425903320e-01
2.253869920969009399e-01
2.293985038995742798e-01
1.983005255460739136e-01
2.802324295043945312e-01
2.239102572202682495e-01
2.717871665954589844e-01
2.459032982587814331e-01
2.504428923130035400e-01
2.238901406526565552e-01
2.398278713226318359e-01
2.575594484806060791e-01
2.213645428419113159e-01
2.172108441591262817e-01
2.300897091627120972e-01
2.902190983295440674e-01
2.997611463069915771e-01
2.541181445121765137e-01
2.137248069047927856e-01
3.002202510833740234e-01
2.184792757034301758e-01
3.332206904888153076e-01
2.830937206745147705e-01
3.014110624790191650e-01
2.310729175806045532e-01
2.639313042163848877e-01
2.837443947792053223e-01
2.683317363262176514e-01
2.524822354316711426e-01
2.396491765975952148e-01
2.463785558938980103e-01
2.758937776088714600e-01
2.547052502632141113e-01
3.589892089366912842e-01
2.267841845750808716e-01
3.021192252635955811e-01
2.802937924861907959e-01
2.697728574275970459e-01
2.274133116006851196e-01
2.781418859958648682e-01
4.135596752166748047e-01
2.760948836803436279e-01
2.380959540605545044e-01
2.439816743135452271e-01
3.129819333553314209e-01
2.220385074615478516e-01
2.185288071632385254e-01
2.422974109649658203e-01
2.269241064786911011e-01
2.483016699552536011e-01
2.404176443815231323e-01
2.485452443361282349e-01
2.563370466232299805e-01
2.223093956708908081e-01
2.385111600160598755e-01
2.175503373146057129e-01
2.652094662189483643e-01
2.396124750375747681e-01
2.656560242176055908e-01
3.018557131290435791e-01
2.633616030216217041e-01
2.890292704105377197e-01
2.407351583242416382e-01
2.558400034904479980e-01
2.696081101894378662e-01
2.318126112222671509e-01
2.272210866212844849e-01
2.241913229227066040e-01
2.644223570823669434e-01
2.490425705909729004e-01
2.220760136842727661e-01
2.480620592832565308e-01
2.652840912342071533e-01
2.475351244211196899e-01
2.783201932907104492e-01
2.403593510389328003e-01
2.569032609462738037e-01
2.681638300418853760e-01
2.440757751464843750e-01
2.630935013294219971e-01
2.604019641876220703e-01
2.530691921710968018e-01
3.361555337905883789e-01
2.359726428985595703e-01
2.829640805721282959e-01
2.625598609447479248e-01
2.426861524581909180e-01
2.653996050357818604e-01
2.526627182960510254e-01
2.248903661966323853e-01
2.495774477720260620e-01
2.657958269119262695e-01
3.282892704010009766e-01
4.050133526325225830e-01
2.402281910181045532e-01
2.273882180452346802e-01
2.624657452106475830e-01
2.972596883773803711e-01
2.378626465797424316e-01
2.509048879146575928e-01
2.380026727914810181e-01
2.794653773307800293e-01
2.767124474048614502e-01
2.000188082456588745e-01
2.218781858682632446e-01
2.149836272001266479e-01
2.602933347225189209e-01
2.533320486545562744e-01
2.958606183528900146e-01
2.359224706888198853e-01
2.910459935665130615e-01
2.812837660312652588e-01
2.593928277492523193e-01
3.047896325588226318e-01
2.995584905147552490e-01
2.497889399528503418e-01
2.976606190204620361e-01
2.594096362590789795e-01
2.926034033298492432e-01
2.399263381958007812e-01
2.880791425704956055e-01
2.670227289199829102e-01
2.443338185548782349e-01
3.200880587100982666e-01
2.646859586238861084e-01
2.412583082914352417e-01
2.723608911037445068e-01
2.700245082378387451e-01
2.448960691690444946e-01
2.803739607334136963e-01
2.628180980682373047e-01
2.360419780015945435e-01
2.394778579473495483e-01
2.530462741851806641e-01
2.427453398704528809e-01
2.476672381162643433e-01
2.256761640310287476e-01
2.595250010490417480e-01
2.877374589443206787e-01
2.300860881805419922e-01
2.574828565120697021e-01
2.673014104366302490e-01
3.442882001399993896e-01
3.055207729339599609e-01
4.729028046131134033e-01
2.889120876789093018e-01
2.496739029884338379e-01
2.513801455497741699e-01
3.401209414005279541e-01
3.222430050373077393e-01
2.506723105907440186e-01
2.341750711202621460e-01
2.511022686958312988e-01
3.164261281490325928e-01
2.965330779552459717e-01
2.297974824905395508e-01
2.723489999771118164e-01
2.828692793846130371e-01
2.235118001699447632e-01
2.485188841819763184e-01
3.035883903503417969e-01
3.086747229099273682e-01
2.459349483251571655e-01
2.435324639081954956e-01
2.657979726791381836e-01
2.672913074493408203e-01
2.621292173862457275e-01
2.225373983383178711e-01
2.879123389720916748e-01
2.156193256378173828e-01
2.545227706432342529e-01
3.180223405361175537e-01
2.422361224889755249e-01
3.141477406024932861e-01
2.706599235534667969e-01
2.852412760257720947e-01
1.761003881692886353e-01
2.176778763532638550e-01
3.323924541473388672e-01
2.454327791929244995e-01
2.395858615636825562e-01
3.103267848491668701e-01
2.926052808761596680e-01
2.918592691421508789e-01
2.890520989894866943e-01
3.830194175243377686e-01
2.898218929767608643e-01
3.013547360897064209e-01
3.024462759494781494e-01
2.323625534772872925e-01
2.788479030132293701e-01
2.071624249219894409e-01
3.353190720081329346e-01
3.149218559265136719e-01
2.806150615215301514e-01
2.361083775758743286e-01
2.318353056907653809e-01
2.439228147268295288e-01
2.157262712717056274e-01
2.392312139272689819e-01
2.477837055921554565e-01
2.345550805330276489e-01
3.364481627941131592e-01
2.881236374378204346e-01
2.959598302841186523e-01
2.121077030897140503e-01
2.148275375366210938e-01
2.167857885360717773e-01
2.601722180843353271e-01
2.385318875312805176e-01
2.511279284954071045e-01
2.429382354021072388e-01
2.512787580490112305e-01
2.816938161849975586e-01
2.615258395671844482e-01
2.287803292274475098e-01
2.678276598453521729e-01
2.658669948577880859e-01
2.360016107559204102e-01
2.681443393230438232e-01
2.620529532432556152e-01
2.648578584194183350e-01
2.670282423496246338e-01
2.716020047664642334e-01
3.357576131820678711e-01
2.435346990823745728e-01
2.580923736095428467e-01
2.464756518602371216e-01
2.438656240701675415e-01
2.704569399356842041e-01
2.407179623842239380e-01
2.604427039623260498e-01
2.814153730869293213e-01
2.118262499570846558e-01
2.732556760311126709e-01
2.082308530807495117e-01
2.217295914888381958e-01
3.118047416210174561e-01
2.421421557664871216e-01
2.683951854705810547e-01
2.960932552814483643e-01
2.628406882286071777e-01
2.546189129352569580e-01
2.733180224895477295e-01
2.762535810470581055e-01
2.717132568359375000e-01
2.553055584430694580e-01
2.258837819099426270e-01
2.880010306835174561e-01
2.242211848497390747e-01
2.257618308067321777e-01
3.302144110202789307e-01
2.811205387115478516e-01
2.775740325450897217e-01
2.631058394908905029e-01
2.786050140857696533e-01
2.658926546573638916e-01
2.111110538244247437e-01
3.340039551258087158e-01
3.131583333015441895e-01
2.228446751832962036e-01
2.928847968578338623e-01
2.269939929246902466e-01
2.246760874986648560e-01
2.771660983562469482e-01
2.108832597732543945e-01
3.024743795394897461e-01
2.709200680255889893e-01
2.032535076141357422e-01
3.273441493511199951e-01
2.650435864925384521e-01
2.235574722290039062e-01
3.064787685871124268e-01
2.188087850809097290e-01
2.368848174810409546e-01
2.547611594200134277e-01
2.596362531185150146e-01
2.688015103340148926e-01
2.646793127059936523e-01
2.658262550830841064e-01
2.340782433748245239e-01
3.134445846080780029e-01
2.162531614303588867e-01
2.585983574390411377e-01
2.558476328849792480e-01
2.800717651844024658e-01
2.715349793434143066e-01
2.500390708446502686e-01
2.771699726581573486e-01
2.667135894298553467e-01
2.409925013780593872e-01
2.959213554859161377e-01
2.705429494380950928e-01
2.724438905715942383e-01
2.805306315422058105e-01
2.813868224620819092e-01
2.116825729608535767e-01
2.253423929214477539e-01
2.724206447601318359e-01
2.850225269794464111e-01
2.367281764745712280e-01
2.387912273406982422e-01
2.921423614025115967e-01
2.374794483184814453e-01
2.395085543394088745e-01
2.469981312751770020e-01
2.561254501342773438e-01
2.580149471759796143e-01
2.321072816848754883e-01
2.645977437496185303e-01
2.898445129394531250e-01
2.644508779048919678e-01
2.396078109741210938e-01
2.538104355335235596e-01
2.347233742475509644e-01
2.812281250953674316e-01
2.597414553165435791e-01
2.411720603704452515e-01
2.495364695787429810e-01
2.873916923999786377e-01
2.648435533046722412e-01
2.579029500484466553e-01
2.745800614356994629e-01
3.066938817501068115e-01
2.615319788455963135e-01
2.726667523384094238e-01
2.620625793933868408e-01
2.684039771556854248e-01
2.170949578285217285e-01
3.088254034519195557e-01
2.834724485874176025e-01
2.910387516021728516e-01
2.853249013423919678e-01
3.795547783374786377e-01
2.573521435260772705e-01
2.325816601514816284e-01
2.526570856571197510e-01
2.266337126493453979e-01
1.991246789693832397e-01
2.617611587047576904e-01
2.460395693778991699e-01
2.657551765441894531e-01
2.523333132266998291e-01
3.328944146633148193e-01
3.166475594043731689e-01
3.053837120532989502e-01
2.575887739658355713e-01
2.697159945964813232e-01
2.312926799058914185e-01
2.451310902833938599e-01
2.721028029918670654e-01
2.589857578277587891e-01
2.650573253631591797e-01
2.513506412506103516e-01
2.677515745162963867e-01
4.291749000549316406e-01
2.138994336128234863e-01
2.382425069808959961e-01
3.068815767765045166e-01
2.515880763530731201e-01
2.701975405216217041e-01
2.219995111227035522e-01
3.152489662170410156e-01
2.886171936988830566e-01
2.428334206342697144e-01
2.419722825288772583e-01
2.387502193450927734e-01
2.599719464778900146e-01
2.573226690292358398e-01
2.674321532249450684e-01
3.009972870349884033e-01
2.679019570350646973e-01
2.484798878431320190e-01
3.279600441455841064e-01
2.395240217447280884e-01
2.461965084075927734e-01
2.409020811319351196e-01
2.944922745227813721e-01
2.614742219448089600e-01
2.949000895023345947e-01
3.023256063461303711e-01
2.656130790710449219e-01
2.700986564159393311e-01
2.634373605251312256e-01
2.725122869014739990e-01
3.319860398769378662e-01
2.508836984634399414e-01
2.379935532808303833e-01
2.577280104160308838e-01
2.338202446699142456e-01
2.714103758335113525e-01
2.260693311691284180e-01
2.386413365602493286e-01
2.683306038379669189e-01
2.698386907577514648e-01
2.766548693180084229e-01
2.660140693187713623e-01
2.362601310014724731e-01
2.908006012439727783e-01
2.897924184799194336e-01
2.175644040107727051e-01
3.000992238521575928e-01
2.445081025362014771e-01
2.321832627058029175e-01
2.091312408447265625e-01
3.005633056163787842e-01
2.405416518449783325e-01
2.596498131752014160e-01
2.681846916675567627e-01
2.700820267200469971e-01
2.418642789125442505e-01
3.244071304798126221e-01
2.463763803243637085e-01
2.717791795730590820e-01
2.506875693798065186e-01
2.455581426620483398e-01
2.558805048465728760e-01
2.500694394111633301e-01
2.789506614208221436e-01
2.021463364362716675e-01
2.806755006313323975e-01
3.194214403629302979e-01
2.527888119220733643e-01
2.105122059583663940e-01
2.178804725408554077e-01
2.845217883586883545e-01
2.392169088125228882e-01
2.468190938234329224e-01
2.417031377553939819e-01
2.750216722488403320e-01
3.094259798526763916e-01
2.696081697940826416e-01
2.266933321952819824e-01
2.914230823516845703e-01
2.279195785522460938e-01
2.538706958293914795e-01
2.760913670063018799e-01
2.848387360572814941e-01
2.629111111164093018e-01
2.540287971496582031e-01
2.771887183189392090e-01
3.025583922863006592e-01
2.417933940887451172e-01
2.071833163499832153e-01
2.692401409149169922e-01
3.310612440109252930e-01
4.203043878078460693e-01
3.280257880687713623e-01
2.316056638956069946e-01
2.566948235034942627e-01
2.614175379276275635e-01
2.869625985622406006e-01
2.651900947093963623e-01
3.295601010322570801e-01
2.851848900318145752e-01
3.157520592212677002e-01
2.810717821121215820e-01
2.481247335672378540e-01
3.362882435321807861e-01
2.820083796977996826e-01
3.440463244915008545e-01
2.917244136333465576e-01
2.147209644317626953e-01
2.940746843814849854e-01
2.704275250434875488e-01
2.451190501451492310e-01
3.734495937824249268e-01
2.946217358112335205e-01
2.653765678405761719e-01
2.521515786647796631e-01
2.114658504724502563e-01
2.852668464183807373e-01
2.729735970497131348e-01
2.455155253410339355e-01
2.613717615604400635e-01
2.186321169137954712e-01
2.479454725980758667e-01
4.097124636173248291e-01
2.198449522256851196e-01
1.991528868675231934e-01
1.932740658521652222e-01
2.093285471200942993e-01
2.172444462776184082e-01
2.582755684852600098e-01
2.998261153697967529e-01
2.390868067741394043e-01
2.548004686832427979e-01
2.218265086412429810e-01
2.357553988695144653e-01
2.920013368129730225e-01
2.609149217605590820e-01
2.613909244537353516e-01
2.149779796600341797e-01
1.968909054994583130e-01
2.759224176406860352e-01
2.197620272636413574e-01
2.453859001398086548e-01
2.282245159149169922e-01
2.781410217285156250e-01
3.237256407737731934e-01
2.463219910860061646e-01
2.678883373737335205e-01
2.679263651371002197e-01
2.233368903398513794e-01
2.128655165433883667e-01
2.756999135017395020e-01
2.175263613462448120e-01
2.141419798135757446e-01
2.633402049541473389e-01
2.603238224983215332e-01
2.673808038234710693e-01
3.213397562503814697e-01
3.109289407730102539e-01
2.245831042528152466e-01
2.099742144346237183e-01
2.759082317352294922e-01
2.560579180717468262e-01
3.432559669017791748e-01
2.133518457412719727e-01
3.071309924125671387e-01
2.696210443973541260e-01
2.098537683486938477e-01
2.133988887071609497e-01
2.461933642625808716e-01
2.865245938301086426e-01
2.988133728504180908e-01
2.198897451162338257e-01
2.478665113449096680e-01
2.298467904329299927e-01
2.325489968061447144e-01
2.508891522884368896e-01
2.505700886249542236e-01
2.458949089050292969e-01
3.498335778713226318e-01
2.849838137626647949e-01
2.937958240509033203e-01
3.055237829685211182e-01
2.461621314287185669e-01
2.728573381900787354e-01
3.553838729858398438e-01
2.255491465330123901e-01
3.197784125804901123e-01
2.259670943021774292e-01
2.731838524341583252e-01
3.144581317901611328e-01
2.799043655395507812e-01
2.101731747388839722e-01
2.389086335897445679e-01
2.214491516351699829e-01
2.642543017864227295e-01
2.196422219276428223e-01
3.234632313251495361e-01
2.185468673706054688e-01
2.422026246786117554e-01
2.503874003887176514e-01
2.636500895023345947e-01
2.176778912544250488e-01
2.353971600532531738e-01
3.197645843029022217e-01
2.299748212099075317e-01
3.003266751766204834e-01
2.292012572288513184e-01
2.849855720996856689e-01
2.546605467796325684e-01
1.988034844398498535e-01
1.964970082044601440e-01
1.955476552248001099e-01
2.231251150369644165e-01
2.228932827711105347e-01
2.688899338245391846e-01
1.998990625143051147e-01
2.071950435638427734e-01
2.735758721828460693e-01
2.611654698848724365e-01
2.328696101903915405e-01
2.574550807476043701e-01
2.235837131738662720e-01
2.983595728874206543e-01
2.722722887992858887e-01
2.709085643291473389e-01
2.131165862083435059e-01
2.372485250234603882e-01
2.582964003086090088e-01
2.706336975097656250e-01
2.404699474573135376e-01
2.559279501438140869e-01
2.345277816057205200e-01
2.750151455402374268e-01
3.079968392848968506e-01
2.583824396133422852e-01
2.605367600917816162e-01
2.381936311721801758e-01
2.466676682233810425e-01
2.628608644008636475e-01
2.313873618841171265e-01
2.288673669099807739e-01
2.476506978273391724e-01
2.500441372394561768e-01
2.820623219013214111e-01
2.490742206573486328e-01
4.047470092773437500e-01
2.319110780954360962e-01
2.721958160400390625e-01
2.398420572280883789e-01
2.876403629779815674e-01
1.955794841051101685e-01
2.608892023563385010e-01
3.034061193466186523e-01
1.907079964876174927e-01
2.015816420316696167e-01
2.582450807094573975e-01
2.406760454177856445e-01
2.251625806093215942e-01
3.323338031768798828e-01
2.489663809537887573e-01
2.523527145385742188e-01
2.799477875232696533e-01
2.901657819747924805e-01
2.596441209316253662e-01
2.306325584650039673e-01
2.369967848062515259e-01
2.390237450599670410e-01
2.123141288757324219e-01
2.450198680162429810e-01
2.472501248121261597e-01
2.817374765872955322e-01
2.585107386112213135e-01
2.216920703649520874e-01
2.157562375068664551e-01
2.219634652137756348e-01
2.453748434782028198e-01
2.616080045700073242e-01
2.446582764387130737e-01
2.700016498565673828e-01
2.528297603130340576e-01
2.901248633861541748e-01
2.950259745121002197e-01
2.584373652935028076e-01
2.020276337862014771e-01
2.263449877500534058e-01
2.173264771699905396e-01
3.003899753093719482e-01
2.274119108915328979e-01
2.125695943832397461e-01
1.901586055755615234e-01
1.978010088205337524e-01
2.620224058628082275e-01
2.429360896348953247e-01
3.322965800762176514e-01
2.343286722898483276e-01
2.441508769989013672e-01
2.475074678659439087e-01
2.342259436845779419e-01
2.114825248718261719e-01
2.333830446004867554e-01
2.538417279720306396e-01
2.276812940835952759e-01
2.389380782842636108e-01
1.952921152114868164e-01
2.045542001724243164e-01
2.505817413330078125e-01
2.220988273620605469e-01
2.348622828722000122e-01
2.210396975278854370e-01
2.814992070198059082e-01
3.689475059509277344e-01
2.003911286592483521e-01
2.689157426357269287e-01
2.488877922296524048e-01
2.232875674962997437e-01
2.353918552398681641e-01
2.346216291189193726e-01
2.728152275085449219e-01
2.621428668498992920e-01
2.359912395477294922e-01
2.678264081478118896e-01
2.204848378896713257e-01
3.348519802093505859e-01
2.610088884830474854e-01
2.108064293861389160e-01
2.142716795206069946e-01
2.110696583986282349e-01
2.313345074653625488e-01
2.600897252559661865e-01
2.309188842773437500e-01
2.657443881034851074e-01
2.312708050012588501e-01
2.353036254644393921e-01
2.311974912881851196e-01
2.000351995229721069e-01
2.780676186084747314e-01
3.058880269527435303e-01
2.844973504543304443e-01
2.918663620948791504e-01
2.271384745836257935e-01
2.850370109081268311e-01
2.290541380643844604e-01
3.514939248561859131e-01
2.479800581932067871e-01
3.039352595806121826e-01
2.273468971252441406e-01
2.543479502201080322e-01
2.223708778619766235e-01
2.213680297136306763e-01
2.798643410205841064e-01
2.680732011795043945e-01
3.008351325988769531e-01
2.500083744525909424e-01
2.789433598518371582e-01
3.384180963039398193e-01
2.734060585498809814e-01
2.429326027631759644e-01
2.467681020498275757e-01
2.497653961181640625e-01
2.623048722743988037e-01
2.947634756565093994e-01
2.095325589179992676e-01
2.133705168962478638e-01
2.270280867815017700e-01
2.689278423786163330e-01
2.803496420383453369e-01
2.309612482786178589e-01
2.168315500020980835e-01
1.987768858671188354e-01
2.505979239940643311e-01
2.320236712694168091e-01
1.912751197814941406e-01
2.381750494241714478e-01
2.531082630157470703e-01
2.429380267858505249e-01
2.605693638324737549e-01
2.519148886203765869e-01
2.439440935850143433e-01
2.284070253372192383e-01
2.134035974740982056e-01
2.358959168195724487e-01
2.212014794349670410e-01
2.916144132614135742e-01
2.732778787612915039e-01
2.155647426843643188e-01
2.645414173603057861e-01
2.899836599826812744e-01
2.798271477222442627e-01
1.943956166505813599e-01
2.466050535440444946e-01
2.247271537780761719e-01
2.547609508037567139e-01
2.288663387298583984e-01
3.036552965641021729e-01
2.658805549144744873e-01
2.921597063541412354e-01
2.565005123615264893e-01
2.870554029941558838e-01
2.988045811653137207e-01
2.679132521152496338e-01
2.772093415260314941e-01
2.443530112504959106e-01
2.670594155788421631e-01
2.078584879636764526e-01
2.221072316169738770e-01
2.385069131851196289e-01
2.560077607631683350e-01
2.281469106674194336e-01
2.433529049158096313e-01
2.410739660263061523e-01
1.907462030649185181e-01
2.902816236019134521e-01
2.792805731296539307e-01
2.327066808938980103e-01
2.442189604043960571e-01
3.238312304019927979e-01
2.779078185558319092e-01
2.206800431013107300e-01
2.359793782234191895e-01
2.152684330940246582e-01
2.973292768001556396e-01
2.150995731353759766e-01
3.260214030742645264e-01
2.905621230602264404e-01
3.045416772365570068e-01
2.498290687799453735e-01
2.944432199001312256e-01
3.391489684581756592e-01
2.484325617551803589e-01
2.863887250423431396e-01
2.274659126996994019e-01
2.512744963169097900e-01
2.874250411987304688e-01
2.542590200901031494e-01
2.536292970180511475e-01
2.540493011474609375e-01
1.971754580736160278e-01
2.354554086923599243e-01
2.140456438064575195e-01
2.205330282449722290e-01
2.380328923463821411e-01
2.328692674636840820e-01
2.480305433273315430e-01
2.406192272901535034e-01
2.501991689205169678e-01
2.624424993991851807e-01
2.759853303432464600e-01
2.453120797872543335e-01
2.291231751441955566e-01
2.661810219287872314e-01
2.069973349571228027e-01
2.201834470033645630e-01
2.365899533033370972e-01
2.522492706775665283e-01
2.622670233249664307e-01
2.533401250839233398e-01
2.921933233737945557e-01
4.323025047779083252e-01
2.966896891593933105e-01
2.736105322837829590e-01
2.582778036594390869e-01
2.490722686052322388e-01
2.970715761184692383e-01
2.168193012475967407e-01
4.714598953723907471e-01
2.780681550502777100e-01
2.492932081222534180e-01
2.242988497018814087e-01
2.398276478052139282e-01
2.262852638959884644e-01
2.433395832777023315e-01
2.448615431785583496e-01
2.428724616765975952e-01
2.856382131576538086e-01
2.153182625770568848e-01
2.728419303894042969e-01
2.520145475864410400e-01
2.413681298494338989e-01
1.916205883026123047e-01
2.624696195125579834e-01
2.463560253381729126e-01
2.185970991849899292e-01
2.781252861022949219e-01
2.312478274106979370e-01
2.413199096918106079e-01
2.552671134471893311e-01
3.021094501018524170e-01
2.630209922790527344e-01
2.167089581489562988e-01
2.485356330871582031e-01
2.174439579248428345e-01
2.518502473831176758e-01
2.245377302169799805e-01
2.019093185663223267e-01
2.102345973253250122e-01
2.073285430669784546e-01
1.924311965703964233e-01
2.336350679397583008e-01
2.031977772712707520e-01
2.842689752578735352e-01
2.025208473205566406e-01
2.490614056587219238e-01
2.593219578266143799e-01
2.189267873764038086e-01
2.266325503587722778e-01
2.639646232128143311e-01
2.395940274000167847e-01
2.069021463394165039e-01
2.409054487943649292e-01
2.800261676311492920e-01
2.357784360647201538e-01
2.435941100120544434e-01
2.684437632560729980e-01
2.115374207496643066e-01
2.208861559629440308e-01
2.465349435806274414e-01
2.081194370985031128e-01
2.443059682846069336e-01
2.241100817918777466e-01
3.237515687942504883e-01
2.106100469827651978e-01
3.155644237995147705e-01
2.593318521976470947e-01
2.645325958728790283e-01
2.495552748441696167e-01
2.927666008472442627e-01
3.184902369976043701e-01
1.960498243570327759e-01
2.026620358228683472e-01
2.396575212478637695e-01
2.259983271360397339e-01
2.563847601413726807e-01
2.247701436281204224e-01
2.395307421684265137e-01
2.468000650405883789e-01
2.331709265708923340e-01
2.358981221914291382e-01
2.733873426914215088e-01
2.471952438354492188e-01
2.972413003444671631e-01
2.880002558231353760e-01
3.547097742557525635e-01
2.664478421211242676e-01
2.466240525245666504e-01
2.927154302597045898e-01
2.387919276952743530e-01
2.247663289308547974e-01
2.396035939455032349e-01
2.946774065494537354e-01
2.507598698139190674e-01
3.228752613067626953e-01
2.626826465129852295e-01
2.478612810373306274e-01
2.255188673734664917e-01
2.146724462509155273e-01
2.720299661159515381e-01
2.716349065303802490e-01
2.577798366546630859e-01
2.437684386968612671e-01
2.796224057674407959e-01
4.169736802577972412e-01
2.362492233514785767e-01
4.351961612701416016e-01
2.169929295778274536e-01
2.546366155147552490e-01
2.190676480531692505e-01
2.209676504135131836e-01
2.726560533046722412e-01
3.102836906909942627e-01
2.218084931373596191e-01
2.747288644313812256e-01
3.108952939510345459e-01
2.517976462841033936e-01
2.511395514011383057e-01
2.212084382772445679e-01
2.249201089143753052e-01
2.295703142881393433e-01
3.131776154041290283e-01
2.915690243244171143e-01
2.474086433649063110e-01
2.980127632617950439e-01
2.370258122682571411e-01
2.661966383457183838e-01
2.334556132555007935e-01
2.504123449325561523e-01
2.653350532054901123e-01
2.335876077413558960e-01
2.314128428697586060e-01
3.123594522476196289e-01
2.528020143508911133e-01
2.227100729942321777e-01
2.999890148639678955e-01
2.570854127407073975e-01
1.956070661544799805e-01
2.587825953960418701e-01
2.332033067941665649e-01
2.661015093326568604e-01
1.975883692502975464e-01
2.279773950576782227e-01
2.211180925369262695e-01
2.727151811122894287e-01
2.502759397029876709e-01
2.595809996128082275e-01
2.898669540882110596e-01
2.159838229417800903e-01
2.569834291934967041e-01
3.633576929569244385e-01
3.354803621768951416e-01
2.807595431804656982e-01
2.555612623691558838e-01
2.282093763351440430e-01
2.250587195158004761e-01
2.092696428298950195e-01
2.883388400077819824e-01
2.264930009841918945e-01
2.065351456403732300e-01
2.715328037738800049e-01
2.052001208066940308e-01
2.178525924682617188e-01
2.121696025133132935e-01
2.960250377655029297e-01
2.112772017717361450e-01
2.822214066982269287e-01
2.302913516759872437e-01
2.772223055362701416e-01
2.918618023395538330e-01
2.028413563966751099e-01
2.294441461563110352e-01
2.376880496740341187e-01
2.052848786115646362e-01
2.907998561859130859e-01
2.603332400321960449e-01
2.426456212997436523e-01
2.463652640581130981e-01
2.502030432224273682e-01
2.635593116283416748e-01
2.552365362644195557e-01
2.783786952495574951e-01
2.189608365297317505e-01
2.068348079919815063e-01
2.652241885662078857e-01
2.178278714418411255e-01
2.706552743911743164e-01
3.124604821205139160e-01
2.148568779230117798e-01
2.542481422424316406e-01
2.343024760484695435e-01
2.383795529603958130e-01
2.342892140150070190e-01
3.582029342651367188e-01
3.403728008270263672e-01
3.452267646789550781e-01
2.754311561584472656e-01
2.335790395736694336e-01
2.456254810094833374e-01
2.406129240989685059e-01
3.446627557277679443e-01
2.136464715003967285e-01
2.671980261802673340e-01
2.808751165866851807e-01
2.513310909271240234e-01
2.247274667024612427e-01
2.198367863893508911e-01
2.234747558832168579e-01
2.418067306280136108e-01
3.130320608615875244e-01
3.166070878505706787e-01
2.385441213846206665e-01
2.453009933233261108e-01
2.674582898616790771e-01
2.750064432621002197e-01
2.348484396934509277e-01
2.321611195802688599e-01
2.411382198333740234e-01
3.381179273128509521e-01
2.696848809719085693e-01
2.467865496873855591e-01
2.540154755115509033e-01
2.230317592620849609e-01
2.496068626642227173e-01
2.873741090297698975e-01
2.514907419681549072e-01
2.394413501024246216e-01
2.427649945020675659e-01
2.378649860620498657e-01
2.600471973419189453e-01
2.415206283330917358e-01
2.626368105411529541e-01
2.138434499502182007e-01
1.931626349687576294e-01
2.103049755096435547e-01
2.728118300437927246e-01
2.521756589412689209e-01
2.713054716587066650e-01
2.379579395055770874e-01
2.381751090288162231e-01
2.356853932142257690e-01
2.477281540632247925e-01
2.236291021108627319e-01
2.780518829822540283e-01
2.330778986215591431e-01
2.239176034927368164e-01
2.468793839216232300e-01
2.351505905389785767e-01
2.274478822946548462e-01
2.107111960649490356e-01
2.365363240242004395e-01
2.169081568717956543e-01
2.338992953300476074e-01
1.858230382204055786e-01
2.443177700042724609e-01
2.872731983661651611e-01
2.092162221670150757e-01
2.232090234756469727e-01
3.032193481922149658e-01
3.149955868721008301e-01
2.048306912183761597e-01
2.730382680892944336e-01
2.583273351192474365e-01
2.208518236875534058e-01
2.344585061073303223e-01
2.436939477920532227e-01
2.611101269721984863e-01
1.946780830621719360e-01
3.072099983692169189e-01
2.477941066026687622e-01
2.608117163181304932e-01
2.211243361234664917e-01
2.097716480493545532e-01
2.319971770048141479e-01
2.958720624446868896e-01
2.734366655349731445e-01
2.718610763549804688e-01
2.420338839292526245e-01
2.083163261413574219e-01
2.741606533527374268e-01
3.149475455284118652e-01
1.966623663902282715e-01
2.889904379844665527e-01
2.132707089185714722e-01
2.305177599191665649e-01
2.719054520130157471e-01
2.378181219100952148e-01
2.977282702922821045e-01
2.020161598920822144e-01
2.456148862838745117e-01
2.167003154754638672e-01
2.290099412202835083e-01
2.515968382358551025e-01
3.239548504352569580e-01
1.943521499633789062e-01
2.499039620161056519e-01
2.524711191654205322e-01
3.025132715702056885e-01
2.140242606401443481e-01
2.313062697649002075e-01
2.845209538936614990e-01
2.765238583087921143e-01
2.027386575937271118e-01
2.176916599273681641e-01
2.481158375740051270e-01
2.664471864700317383e-01
1.913390904664993286e-01
2.325946092605590820e-01
2.538440227508544922e-01
2.149067968130111694e-01
2.360724657773971558e-01
3.090611398220062256e-01
2.472358494997024536e-01
2.133007645606994629e-01
1.766427755355834961e-01
2.770115435123443604e-01
3.012416660785675049e-01
1.973677873611450195e-01
2.085884362459182739e-01
2.509427368640899658e-01
2.306876927614212036e-01
2.527506351470947266e-01
2.727203667163848877e-01
2.692514657974243164e-01
2.522165775299072266e-01
2.605047523975372314e-01
2.937740087509155273e-01
2.983457744121551514e-01
2.255289107561111450e-01
2.512658536434173584e-01
2.701120376586914062e-01
2.996124029159545898e-01
2.512544095516204834e-01
2.775241136550903320e-01
2.796424329280853271e-01
2.158077955245971680e-01
1.993889212608337402e-01
2.513209581375122070e-01
3.208693861961364746e-01
2.490109801292419434e-01
2.382047027349472046e-01
2.359153181314468384e-01
2.723002433776855469e-01
2.133349776268005371e-01
2.600193917751312256e-01
2.534334957599639893e-01
2.140802592039108276e-01
4.052703082561492920e-01
3.273754417896270752e-01
2.237047404050827026e-01
2.192005664110183716e-01
2.787791490554809570e-01
2.704416513442993164e-01
2.177404612302780151e-01
2.217337340116500854e-01
2.737967669963836670e-01
2.904599606990814209e-01
2.312543541193008423e-01
2.333906441926956177e-01
2.465523928403854370e-01
2.568642199039459229e-01
2.320338487625122070e-01
2.402258068323135376e-01
2.210408896207809448e-01
2.574656307697296143e-01
2.419227808713912964e-01
3.095065355300903320e-01
2.736718952655792236e-01
2.262246459722518921e-01
2.564255297183990479e-01
2.201196551322937012e-01
2.715066969394683838e-01
2.413929700851440430e-01
2.100064754486083984e-01
2.186530232429504395e-01
2.391393929719924927e-01
2.387616634368896484e-01
2.518214881420135498e-01
2.100853919982910156e-01
2.885484397411346436e-01
2.463739961385726929e-01
2.120553851127624512e-01
2.639434635639190674e-01
3.610846102237701416e-01
2.045468837022781372e-01
2.031500339508056641e-01
2.221174687147140503e-01
2.532587349414825439e-01
2.367866486310958862e-01
2.440173625946044922e-01
3.320036530494689941e-01
2.376094311475753784e-01
2.519620358943939209e-01
2.763759791851043701e-01
2.331644296646118164e-01
2.289624661207199097e-01
2.508910596370697021e-01
2.071006298065185547e-01
2.267502099275588989e-01
2.677247822284698486e-01
2.482789307832717896e-01
2.776519358158111572e-01
2.474760860204696655e-01
2.049420326948165894e-01
2.446862012147903442e-01
2.162469029426574707e-01
2.350579351186752319e-01
2.545780241489410400e-01
2.749698758125305176e-01
2.533748447895050049e-01
4.128418862819671631e-01
2.736198902130126953e-01
2.524227201938629150e-01
2.882618904113769531e-01
2.436756640672683716e-01
2.144731134176254272e-01
2.446324229240417480e-01
2.801106870174407959e-01
2.548035085201263428e-01
2.557730972766876221e-01
2.542255818843841553e-01
3.088823258876800537e-01
2.240826934576034546e-01
2.585727274417877197e-01
2.761232256889343262e-01
2.399891167879104614e-01
3.275780677795410156e-01
2.684576511383056641e-01
2.330722063779830933e-01
3.333746492862701416e-01
2.461351603269577026e-01
2.796491682529449463e-01
2.363549470901489258e-01
2.295526266098022461e-01
2.318637818098068237e-01
2.216354608535766602e-01
2.700473070144653320e-01
3.003204762935638428e-01
2.617723047733306885e-01
2.361034750938415527e-01
2.295017987489700317e-01
2.220611572265625000e-01
2.377805113792419434e-01
2.358402162790298462e-01
3.238914310932159424e-01
2.534229755401611328e-01
2.863967716693878174e-01
2.191758900880813599e-01
2.799432277679443359e-01
2.087970972061157227e-01
2.402761429548263550e-01
2.873644530773162842e-01
3.293267488479614258e-01
2.347186207771301270e-01
2.635090649127960205e-01
2.534297108650207520e-01
2.074703574180603027e-01
2.501532137393951416e-01
2.541677653789520264e-01
1.903419941663742065e-01
2.465460747480392456e-01
1.856400817632675171e-01
2.781694829463958740e-01
2.264354228973388672e-01
2.023812979459762573e-01
2.432010024785995483e-01
2.161709815263748169e-01
1.812450885772705078e-01
2.710100710391998291e-01
2.682100832462310791e-01
2.547964453697204590e-01
2.231059521436691284e-01
2.490458935499191284e-01
2.501059770584106445e-01
2.747538089752197266e-01
2.279806286096572876e-01
3.019150197505950928e-01
2.621183395385742188e-01
2.318417876958847046e-01
2.408263832330703735e-01
3.152644932270050049e-01
2.549158334732055664e-01
1.869843751192092896e-01
2.960741221904754639e-01
3.728972673416137695e-01
2.717340886592864990e-01
2.349067330360412598e-01
2.995465695858001709e-01
2.313283681869506836e-01
2.143797278404235840e-01
2.804425954818725586e-01
3.833071291446685791e-01
