1.058777794241905212e-01
8.424047380685806274e-02
7.628961652517318726e-02
7.865086197853088379e-02
1.178109273314476013e-01
1.142939627170562744e-01
9.778001159429550171e-02
8.706618100404739380e-02
8.639884740114212036e-02
9.782945364713668823e-02
1.167089268565177917e-01
1.002929881215095520e-01
9.177470952272415161e-02
1.073454543948173523e-01
9.112513065338134766e-02
9.603115171194076538e-02
8.931604772806167603e-02
9.336397051811218262e-02
1.113042309880256653e-01
7.883808761835098267e-02
8.300857990980148315e-02
1.092906817793846130e-01
8.955433219671249390e-02
9.097594022750854492e-02
8.924513310194015503e-02
1.731960624456405640e-01
9.515529125928878784e-02
1.415865868330001831e-01
9.425588697195053101e-02
8.576651662588119507e-02
1.019136011600494385e-01
8.046638220548629761e-02
8.625438809394836426e-02
8.211635053157806396e-02
8.412674814462661743e-02
1.003197208046913147e-01
1.122180297970771790e-01
7.926575094461441040e-02
9.884165972471237183e-02
1.507321149110794067e-01
9.547685831785202026e-02
1.198470219969749451e-01
1.006412729620933533e-01
9.908477216958999634e-02
9.399589896202087402e-02
1.160382032394409180e-01
1.153414025902748108e-01
9.860697388648986816e-02
9.311470389366149902e-02
8.066261559724807739e-02
9.283727407455444336e-02
9.204509109258651733e-02
7.429087907075881958e-02
1.052154675126075745e-01
8.655684441328048706e-02
8.634869009256362915e-02
1.038453578948974609e-01
7.754485309123992920e-02
8.700772374868392944e-02
8.675777167081832886e-02
8.229956030845642090e-02
8.314952254295349121e-02
9.799636155366897583e-02
9.521157294511795044e-02
9.970146417617797852e-02
8.406259864568710327e-02
1.114274337887763977e-01
1.930101066827774048e-01
1.015782654285430908e-01
1.241165176033973694e-01
9.717928618192672729e-02
7.485377043485641479e-02
1.297305226325988770e-01
9.118803590536117554e-02
9.303004294633865356e-02
9.516968578100204468e-02
8.788207918405532837e-02
9.123257547616958618e-02
1.255766004323959351e-01
9.001270681619644165e-02
1.049792766571044922e-01
8.692128211259841919e-02
1.115379557013511658e-01
1.138699948787689209e-01
8.197434246540069580e-02
1.045262441039085388e-01
7.175532728433609009e-02
1.100305542349815369e-01
1.046691015362739563e-01
8.983562141656875610e-02
1.026354655623435974e-01
7.680913060903549194e-02
9.869205951690673828e-02
9.682843834161758423e-02
1.114584207534790039e-01
9.180755168199539185e-02
7.303076237440109253e-02
8.951982110738754272e-02
9.298961609601974487e-02
1.162509992718696594e-01
9.350978583097457886e-02
8.367180824279785156e-02
1.021322086453437805e-01
1.182220876216888428e-01
1.165124103426933289e-01
9.517567604780197144e-02
1.116863414645195007e-01
8.224210888147354126e-02
7.782593369483947754e-02
8.526282757520675659e-02
9.057232737541198730e-02
9.991376847028732300e-02
1.000118255615234375e-01
1.057675778865814209e-01
9.682632237672805786e-02
1.006163582205772400e-01
9.670758992433547974e-02
7.625909894704818726e-02
9.939461946487426758e-02
8.790254592895507812e-02
1.254762858152389526e-01
1.522615551948547363e-01
1.007264032959938049e-01
1.069311499595642090e-01
8.553693443536758423e-02
9.301125258207321167e-02
1.207210198044776917e-01
8.770272135734558105e-02
1.065289974212646484e-01
1.008486747741699219e-01
1.304019987583160400e-01
1.423463374376296997e-01
8.794683963060379028e-02
1.052938476204872131e-01
8.277099579572677612e-02
1.013041064143180847e-01
2.247730493545532227e-01
1.089622452855110168e-01
9.913445264101028442e-02
1.091534271836280823e-01
8.692096918821334839e-02
1.177071109414100647e-01
1.300590634346008301e-01
9.312663227319717407e-02
9.648422151803970337e-02
1.076488867402076721e-01
9.098871797323226929e-02
1.084644272923469543e-01
8.609677106142044067e-02
7.541652768850326538e-02
8.212565630674362183e-02
9.307867288589477539e-02
1.269803345203399658e-01
1.028901413083076477e-01
1.214298680424690247e-01
1.029016897082328796e-01
9.277373552322387695e-02
8.594709634780883789e-02
1.033637598156929016e-01
7.257755845785140991e-02
8.228859305381774902e-02
1.103631258010864258e-01
8.454703539609909058e-02
9.068123251199722290e-02
8.173466473817825317e-02
9.750067442655563354e-02
1.101650819182395935e-01
9.706237167119979858e-02
8.871603757143020630e-02
8.220429718494415283e-02
9.898737818002700806e-02
8.149972558021545410e-02
9.296765178442001343e-02
1.021220684051513672e-01
9.630364924669265747e-02
1.087467148900032043e-01
9.977383166551589966e-02
9.791576862335205078e-02
9.386850148439407349e-02
9.254223108291625977e-02
1.072254180908203125e-01
8.783543109893798828e-02
1.107457503676414490e-01
9.707810729742050171e-02
8.748834580183029175e-02
1.273949295282363892e-01
1.134912595152854919e-01
7.486351579427719116e-02
9.784951806068420410e-02
1.011810526251792908e-01
1.003786250948905945e-01
8.905121684074401855e-02
1.069308519363403320e-01
9.668403118848800659e-02
7.591249793767929077e-02
9.252689033746719360e-02
1.032807752490043640e-01
1.047745570540428162e-01
1.027601435780525208e-01
9.711664915084838867e-02
8.659417182207107544e-02
9.854846447706222534e-02
9.225022792816162109e-02
8.109214156866073608e-02
8.373275399208068848e-02
8.583296090364456177e-02
1.029225289821624756e-01
1.314022988080978394e-01
1.088879927992820740e-01
8.873543888330459595e-02
1.142454221844673157e-01
9.003611654043197632e-02
1.850112080574035645e-01
8.287218958139419556e-02
6.652527302503585815e-02
7.910720258951187134e-02
7.812454551458358765e-02
9.725501388311386108e-02
8.198139816522598267e-02
1.131111606955528259e-01
8.282479643821716309e-02
8.687499165534973145e-02
7.974967360496520996e-02
9.666291624307632446e-02
1.070896983146667480e-01
1.002349480986595154e-01
9.547852724790573120e-02
1.019895076751708984e-01
8.419252187013626099e-02
9.894514083862304688e-02
8.850916475057601929e-02
9.021186828613281250e-02
8.312600851058959961e-02
1.107027232646942139e-01
9.552255272865295410e-02
8.873564749956130981e-02
1.162521913647651672e-01
9.457323700189590454e-02
9.285810589790344238e-02
1.022251546382904053e-01
9.393652528524398804e-02
9.203559905290603638e-02
1.190845370292663574e-01
1.138007342815399170e-01
9.776640683412551880e-02
8.370999246835708618e-02
8.332931250333786011e-02
1.064371764659881592e-01
8.502942323684692383e-02
7.569191604852676392e-02
8.940859884023666382e-02
9.696132689714431763e-02
1.017333269119262695e-01
8.887672424316406250e-02
8.009779453277587891e-02
9.584540128707885742e-02
6.937978416681289673e-02
9.643425792455673218e-02
9.010849148035049438e-02
1.011615693569183350e-01
9.489005059003829956e-02
1.021547913551330566e-01
9.263954311609268188e-02
9.382015466690063477e-02
7.602422684431076050e-02
1.120794713497161865e-01
1.172152385115623474e-01
8.739668130874633789e-02
8.803557604551315308e-02
1.055163666605949402e-01
8.562574535608291626e-02
9.485668689012527466e-02
9.199818223714828491e-02
7.679301500320434570e-02
9.524530172348022461e-02
1.011367961764335632e-01
1.031374335289001465e-01
9.288302809000015259e-02
8.679994940757751465e-02
8.652827888727188110e-02
9.109989553689956665e-02
1.109150722622871399e-01
9.936279803514480591e-02
8.706513047218322754e-02
9.346482157707214355e-02
9.045693278312683105e-02
1.005750820040702820e-01
9.744156152009963989e-02
1.857144087553024292e-01
8.974689990282058716e-02
7.746201008558273315e-02
1.114842295646667480e-01
1.065502539277076721e-01
1.010647714138031006e-01
1.501056402921676636e-01
8.803266286849975586e-02
7.978071272373199463e-02
1.037773266434669495e-01
9.105685353279113770e-02
8.915767073631286621e-02
1.018150374293327332e-01
9.135229140520095825e-02
7.728022336959838867e-02
7.834069430828094482e-02
8.876907825469970703e-02
8.206190913915634155e-02
8.512061834335327148e-02
1.141301617026329041e-01
8.214902132749557495e-02
8.252147585153579712e-02
9.248534590005874634e-02
1.008748710155487061e-01
7.800405472517013550e-02
1.156929358839988708e-01
9.751158952713012695e-02
9.992501139640808105e-02
9.295660257339477539e-02
8.002387732267379761e-02
1.143504381179809570e-01
1.629262417554855347e-01
1.009593084454536438e-01
8.555593341588973999e-02
1.087429523468017578e-01
9.191104024648666382e-02
1.060804799199104309e-01
1.032380387187004089e-01
1.075564846396446228e-01
7.772973179817199707e-02
8.747612684965133667e-02
1.059684827923774719e-01
1.929335594177246094e-01
1.350516676902770996e-01
8.900517970323562622e-02
8.565481752157211304e-02
1.398896574974060059e-01
9.132987260818481445e-02
9.952046722173690796e-02
1.139211654663085938e-01
7.671790570020675659e-02
8.805761486291885376e-02
1.082156077027320862e-01
1.056588292121887207e-01
8.563710004091262817e-02
9.154184907674789429e-02
1.199544668197631836e-01
1.097692251205444336e-01
8.285596966743469238e-02
9.453488141298294067e-02
1.184637174010276794e-01
9.239035844802856445e-02
7.442789524793624878e-02
8.504951000213623047e-02
1.054949089884757996e-01
8.184318989515304565e-02
8.420116454362869263e-02
9.839665889739990234e-02
1.144940480589866638e-01
9.917098283767700195e-02
7.820852845907211304e-02
1.279703378677368164e-01
1.100363135337829590e-01
9.044320136308670044e-02
9.219223260879516602e-02
7.334672659635543823e-02
9.988236427307128906e-02
1.340375989675521851e-01
1.055236458778381348e-01
1.002150401473045349e-01
8.921547979116439819e-02
8.697399497032165527e-02
1.021587178111076355e-01
9.275281429290771484e-02
9.302390366792678833e-02
1.004302576184272766e-01
8.117765188217163086e-02
8.544313162565231323e-02
9.350932389497756958e-02
1.090297177433967590e-01
9.034974128007888794e-02
9.645927697420120239e-02
8.006709069013595581e-02
1.335486322641372681e-01
9.448208659887313843e-02
8.682943135499954224e-02
1.074863374233245850e-01
9.175381064414978027e-02
9.923148155212402344e-02
9.952192753553390503e-02
1.047541424632072449e-01
8.576012402772903442e-02
1.009716987609863281e-01
1.144183054566383362e-01
7.567659765481948853e-02
7.821255922317504883e-02
8.907988667488098145e-02
1.016693487763404846e-01
1.016155779361724854e-01
9.620856493711471558e-02
7.729058712720870972e-02
1.166477799415588379e-01
8.654955774545669556e-02
1.003599837422370911e-01
9.921707957983016968e-02
9.905109554529190063e-02
8.455278724431991577e-02
9.247422963380813599e-02
9.482544660568237305e-02
8.611599355936050415e-02
9.325007349252700806e-02
1.088062897324562073e-01
1.203025355935096741e-01
8.529696613550186157e-02
7.224268466234207153e-02
1.186002269387245178e-01
7.799772173166275024e-02
9.050302952527999878e-02
8.190726488828659058e-02
8.840131759643554688e-02
9.986675530672073364e-02
8.009296655654907227e-02
8.540800213813781738e-02
8.402156084775924683e-02
1.052341237664222717e-01
7.944135367870330811e-02
1.122954413294792175e-01
8.593004941940307617e-02
8.643022179603576660e-02
1.468170434236526489e-01
9.185890108346939087e-02
7.997665554285049438e-02
1.028526499867439270e-01
8.831661939620971680e-02
1.032745242118835449e-01
1.001038253307342529e-01
1.121738255023956299e-01
9.035795927047729492e-02
8.650138974189758301e-02
7.594346255064010620e-02
1.103558167815208435e-01
8.741462975740432739e-02
1.015816926956176758e-01
9.305579215288162231e-02
1.034406423568725586e-01
8.202364295721054077e-02
8.426857739686965942e-02
7.739727199077606201e-02
8.857268840074539185e-02
9.328472614288330078e-02
9.269359707832336426e-02
9.410997480154037476e-02
1.485563069581985474e-01
7.593094557523727417e-02
8.779859542846679688e-02
1.058384552597999573e-01
8.974650502204895020e-02
9.764486551284790039e-02
7.816436141729354858e-02
8.944228291511535645e-02
8.859819173812866211e-02
9.734618663787841797e-02
7.616288959980010986e-02
9.425702691078186035e-02
9.986391663551330566e-02
7.866058498620986938e-02
8.358728140592575073e-02
1.299218088388442993e-01
8.687110990285873413e-02
1.092240586876869202e-01
8.803939819335937500e-02
9.472212940454483032e-02
8.474672585725784302e-02
1.106180325150489807e-01
9.313657879829406738e-02
8.477405458688735962e-02
9.274400025606155396e-02
8.999627828598022461e-02
7.469706982374191284e-02
7.206763327121734619e-02
7.401450723409652710e-02
8.996903896331787109e-02
1.031583771109580994e-01
8.642330020666122437e-02
8.624640852212905884e-02
9.373268485069274902e-02
7.288680225610733032e-02
1.035272553563117981e-01
1.009702309966087341e-01
9.338507056236267090e-02
1.121113598346710205e-01
1.113793551921844482e-01
7.562828809022903442e-02
9.081072360277175903e-02
9.842244535684585571e-02
7.985629141330718994e-02
7.694226503372192383e-02
8.108157664537429810e-02
1.023136377334594727e-01
8.254935592412948608e-02
8.963767439126968384e-02
1.055163368582725525e-01
9.158521145582199097e-02
9.991607069969177246e-02
8.517142385244369507e-02
8.958443254232406616e-02
8.801054954528808594e-02
9.505388885736465454e-02
7.940478622913360596e-02
9.116096049547195435e-02
7.615054398775100708e-02
7.059095054864883423e-02
1.032634600996971130e-01
9.061064571142196655e-02
1.388385444879531860e-01
7.735428214073181152e-02
9.509583562612533569e-02
1.082269027829170227e-01
1.242660284042358398e-01
9.444358199834823608e-02
1.488104909658432007e-01
7.828172296285629272e-02
9.331569820642471313e-02
1.010826230049133301e-01
8.598271012306213379e-02
9.879723936319351196e-02
9.875234216451644897e-02
1.012535318732261658e-01
8.587908744812011719e-02
9.227540343999862671e-02
1.263698786497116089e-01
9.050869941711425781e-02
8.551120758056640625e-02
9.568062424659729004e-02
1.390797942876815796e-01
8.486402034759521484e-02
9.267944097518920898e-02
9.358733892440795898e-02
7.644824683666229248e-02
8.610773831605911255e-02
7.823438197374343872e-02
1.014946624636650085e-01
8.546984195709228516e-02
9.898823499679565430e-02
1.068094149231910706e-01
9.304188936948776245e-02
9.679570049047470093e-02
8.695126324892044067e-02
9.826084226369857788e-02
8.758192509412765503e-02
8.463826030492782593e-02
1.060461997985839844e-01
8.679378777742385864e-02
1.116098985075950623e-01
8.920884132385253906e-02
8.806095272302627563e-02
9.296076744794845581e-02
1.124021708965301514e-01
8.424318581819534302e-02
8.240739256143569946e-02
8.657300472259521484e-02
8.796245604753494263e-02
8.717636018991470337e-02
1.080979034304618835e-01
1.040168181061744690e-01
1.034411862492561340e-01
6.626746803522109985e-02
1.222916543483734131e-01
9.556502103805541992e-02
7.902005314826965332e-02
1.030852869153022766e-01
8.496452122926712036e-02
1.811209172010421753e-01
9.952315688133239746e-02
9.124632924795150757e-02
8.950700610876083374e-02
8.804875612258911133e-02
1.125702485442161560e-01
9.550430625677108765e-02
9.927696734666824341e-02
1.979001909494400024e-01
1.076648309826850891e-01
8.869221061468124390e-02
9.213874489068984985e-02
1.056591570377349854e-01
1.484013348817825317e-01
9.224895387887954712e-02
8.151376992464065552e-02
9.248113632202148438e-02
9.573421627283096313e-02
8.279768377542495728e-02
8.296618610620498657e-02
1.104450896382331848e-01
1.599252969026565552e-01
8.196205645799636841e-02
1.345039159059524536e-01
8.858709782361984253e-02
8.601019531488418579e-02
1.076816096901893616e-01
7.286728173494338989e-02
9.869114309549331665e-02
1.082723140716552734e-01
9.764037281274795532e-02
8.568359166383743286e-02
8.913040161132812500e-02
1.464675664901733398e-01
8.644030243158340454e-02
7.904597371816635132e-02
8.555277436971664429e-02
9.225919842720031738e-02
1.137940213084220886e-01
8.150725066661834717e-02
1.329578906297683716e-01
8.210042864084243774e-02
9.582791477441787720e-02
8.849824219942092896e-02
8.141937106847763062e-02
7.932875305414199829e-02
1.228636279702186584e-01
9.446754306554794312e-02
8.909600973129272461e-02
7.806486636400222778e-02
1.399833112955093384e-01
9.758087247610092163e-02
1.131185665726661682e-01
8.709218353033065796e-02
8.785647898912429810e-02
7.200469821691513062e-02
8.713740855455398560e-02
1.085779592394828796e-01
8.873582631349563599e-02
1.079947128891944885e-01
8.445567637681961060e-02
1.294969469308853149e-01
9.753520041704177856e-02
9.782851487398147583e-02
8.685961365699768066e-02
1.135135889053344727e-01
1.105973199009895325e-01
7.757918536663055420e-02
7.041426002979278564e-02
8.872247487306594849e-02
1.127916052937507629e-01
1.047531589865684509e-01
9.475070983171463013e-02
9.018097072839736938e-02
9.048778563737869263e-02
1.030269190669059753e-01
7.875984162092208862e-02
1.064508780837059021e-01
1.298359632492065430e-01
1.009477078914642334e-01
8.473104983568191528e-02
7.388073951005935669e-02
1.223383843898773193e-01
9.547534584999084473e-02
1.074491366744041443e-01
8.542730659246444702e-02
1.702900528907775879e-01
1.060788035392761230e-01
1.271651089191436768e-01
7.703740149736404419e-02
7.978355139493942261e-02
9.335684031248092651e-02
8.534372597932815552e-02
9.636979550123214722e-02
8.389237523078918457e-02
8.496757596731185913e-02
9.095958620309829712e-02
1.066687703132629395e-01
1.178835257887840271e-01
1.075664833188056946e-01
1.020414233207702637e-01
1.041536405682563782e-01
9.115274995565414429e-02
8.806716650724411011e-02
1.003036126494407654e-01
8.556649088859558105e-02
9.156612306833267212e-02
8.413126319646835327e-02
1.098399236798286438e-01
8.355811238288879395e-02
1.016204133629798889e-01
9.181591868400573730e-02
7.674872130155563354e-02
7.504054158926010132e-02
1.538626402616500854e-01
1.093476638197898865e-01
8.539985865354537964e-02
1.022692024707794189e-01
1.043323278427124023e-01
9.690165519714355469e-02
9.486543387174606323e-02
7.127405703067779541e-02
8.783119916915893555e-02
9.761610627174377441e-02
9.456471353769302368e-02
7.981869578361511230e-02
1.073132231831550598e-01
8.946135640144348145e-02
9.868589788675308228e-02
8.768618106842041016e-02
7.557863742113113403e-02
9.910887479782104492e-02
7.252937555313110352e-02
9.346619248390197754e-02
9.996003657579421997e-02
1.476399004459381104e-01
1.065553426742553711e-01
9.281169623136520386e-02
7.343880832195281982e-02
8.203509449958801270e-02
1.223330125212669373e-01
9.133536368608474731e-02
8.158097416162490845e-02
1.184740439057350159e-01
8.104938268661499023e-02
9.326926618814468384e-02
8.361183851957321167e-02
8.881094306707382202e-02
7.592593133449554443e-02
8.939707279205322266e-02
9.485312551259994507e-02
9.032201021909713745e-02
9.137040376663208008e-02
8.962001651525497437e-02
9.406906366348266602e-02
8.469613641500473022e-02
7.390754669904708862e-02
9.171668440103530884e-02
8.593624830245971680e-02
1.047902181744575500e-01
9.629515558481216431e-02
9.067144989967346191e-02
8.813879638910293579e-02
9.450766444206237793e-02
9.408038854598999023e-02
8.244230598211288452e-02
1.046769618988037109e-01
7.829713076353073120e-02
1.220913901925086975e-01
1.119211688637733459e-01
8.337265253067016602e-02
6.851702183485031128e-02
7.799547165632247925e-02
8.890533447265625000e-02
8.868917077779769897e-02
9.912250190973281860e-02
1.195966377854347229e-01
1.170764490962028503e-01
7.040204852819442749e-02
1.129326596856117249e-01
1.182756423950195312e-01
1.069897711277008057e-01
7.639358937740325928e-02
1.095286980271339417e-01
8.540179580450057983e-02
8.651632070541381836e-02
8.222758024930953979e-02
1.085040271282196045e-01
9.949060529470443726e-02
8.476605266332626343e-02
1.055797934532165527e-01
9.072220325469970703e-02
1.173001527786254883e-01
1.101541444659233093e-01
9.204205125570297241e-02
1.008593514561653137e-01
9.460466355085372925e-02
1.102543473243713379e-01
1.078044995665550232e-01
9.600847959518432617e-02
9.474292397499084473e-02
9.334561973810195923e-02
1.043580844998359680e-01
1.254893094301223755e-01
8.835688978433609009e-02
1.182116270065307617e-01
1.227761805057525635e-01
1.123470887541770935e-01
1.123196482658386230e-01
1.132398173213005066e-01
9.195354580879211426e-02
1.047511100769042969e-01
9.197703003883361816e-02
1.065509542822837830e-01
9.801322221755981445e-02
1.034731492400169373e-01
9.175327420234680176e-02
7.312730699777603149e-02
8.784129470586776733e-02
7.997104525566101074e-02
1.213476657867431641e-01
1.087166666984558105e-01
9.781480580568313599e-02
7.434340566396713257e-02
9.159065037965774536e-02
9.598667174577713013e-02
1.146585345268249512e-01
1.219048723578453064e-01
8.738359808921813965e-02
1.057382225990295410e-01
1.546617895364761353e-01
9.079042077064514160e-02
1.043830141425132751e-01
9.516716748476028442e-02
8.692442625761032104e-02
1.117286011576652527e-01
9.534247964620590210e-02
8.487957715988159180e-02
7.871069014072418213e-02
2.299997806549072266e-01
9.261111170053482056e-02
8.026280999183654785e-02
1.743493229150772095e-01
8.750001341104507446e-02
1.208563670516014099e-01
9.631357342004776001e-02
1.280437558889389038e-01
9.690574556589126587e-02
8.034566044807434082e-02
1.170443072915077209e-01
1.098674908280372620e-01
1.012123525142669678e-01
1.006306335330009460e-01
9.801694005727767944e-02
1.009277403354644775e-01
9.675761312246322632e-02
1.014486327767372131e-01
8.399445563554763794e-02
1.124072745442390442e-01
1.006942316889762878e-01
8.856149762868881226e-02
9.533879160881042480e-02
9.181693196296691895e-02
1.022018268704414368e-01
9.218626469373703003e-02
9.793296456336975098e-02
8.287391066551208496e-02
8.103145658969879150e-02
9.653470665216445923e-02
9.535425156354904175e-02
9.126633405685424805e-02
8.895987272262573242e-02
1.030291989445686340e-01
9.157683700323104858e-02
1.736063361167907715e-01
9.091901779174804688e-02
1.056358143687248230e-01
1.038784608244895935e-01
8.422625809907913208e-02
8.673098683357238770e-02
7.720904797315597534e-02
1.305873543024063110e-01
9.473707526922225952e-02
1.137134507298469543e-01
1.001408100128173828e-01
1.081689521670341492e-01
8.409098535776138306e-02
9.108891338109970093e-02
8.882227540016174316e-02
8.892040699720382690e-02
1.093206033110618591e-01
8.944386243820190430e-02
1.014320775866508484e-01
1.039322093129158020e-01
1.086572632193565369e-01
1.203885078430175781e-01
9.021782130002975464e-02
9.630460292100906372e-02
1.106448099017143250e-01
9.399787336587905884e-02
9.597576409578323364e-02
8.650436997413635254e-02
9.683900326490402222e-02
7.866979390382766724e-02
1.152817681431770325e-01
1.882726997137069702e-01
1.109071671962738037e-01
1.044895350933074951e-01
1.162424609065055847e-01
1.010528430342674255e-01
7.769551128149032593e-02
1.077215299010276794e-01
8.154045790433883667e-02
1.089562401175498962e-01
8.488786965608596802e-02
9.933189302682876587e-02
9.105350822210311890e-02
1.004551872611045837e-01
7.149443775415420532e-02
1.172064915299415588e-01
8.956850320100784302e-02
9.575143456459045410e-02
7.263164967298507690e-02
8.780745416879653931e-02
1.040766835212707520e-01
8.296684175729751587e-02
1.022366881370544434e-01
8.745173364877700806e-02
6.407777220010757446e-02
7.943354547023773193e-02
1.091932877898216248e-01
1.094102561473846436e-01
7.540027052164077759e-02
9.287568926811218262e-02
1.547608971595764160e-01
1.077091917395591736e-01
7.921687513589859009e-02
1.056961640715599060e-01
9.472469240427017212e-02
9.770338982343673706e-02
1.024837121367454529e-01
8.821525424718856812e-02
7.339426130056381226e-02
8.536516875028610229e-02
8.884603530168533325e-02
8.885713666677474976e-02
8.290554583072662354e-02
8.400730043649673462e-02
8.484673500061035156e-02
1.429308652877807617e-01
8.075269311666488647e-02
1.069556847214698792e-01
7.899910956621170044e-02
9.158172458410263062e-02
9.924879670143127441e-02
1.104646101593971252e-01
1.256272196769714355e-01
8.262930065393447876e-02
8.802786469459533691e-02
9.356635808944702148e-02
9.937364608049392700e-02
1.202835366129875183e-01
9.327522665262222290e-02
8.778858929872512817e-02
1.094068959355354309e-01
8.891493082046508789e-02
1.037436053156852722e-01
1.086447834968566895e-01
8.234006166458129883e-02
9.243955463171005249e-02
9.657293558120727539e-02
9.228672832250595093e-02
9.600389003753662109e-02
1.002742126584053040e-01
9.944478422403335571e-02
8.753340691328048706e-02
8.956866711378097534e-02
8.974278718233108521e-02
7.821016013622283936e-02
8.459245413541793823e-02
1.138114407658576965e-01
1.014864668250083923e-01
1.034907996654510498e-01
1.212739348411560059e-01
9.052899479866027832e-02
1.258998662233352661e-01
1.050342842936515808e-01
9.488902240991592407e-02
9.596920013427734375e-02
2.057426571846008301e-01
1.117340847849845886e-01
8.309488743543624878e-02
9.782908111810684204e-02
9.312682598829269409e-02
1.049910262227058411e-01
7.868278771638870239e-02
9.646058082580566406e-02
9.460843354463577271e-02
8.854442834854125977e-02
8.675033599138259888e-02
6.057065352797508240e-02
9.082477539777755737e-02
1.258039027452468872e-01
9.913504123687744141e-02
9.515666961669921875e-02
7.915326207876205444e-02
8.328089863061904907e-02
1.227576434612274170e-01
8.621031790971755981e-02
9.880568832159042358e-02
8.892043679952621460e-02
1.013842746615409851e-01
8.301541209220886230e-02
9.430398792028427124e-02
9.607524424791336060e-02
7.553703337907791138e-02
8.606821298599243164e-02
9.145734459161758423e-02
8.766037970781326294e-02
8.859310299158096313e-02
1.034122630953788757e-01
1.723593026399612427e-01
1.053154841065406799e-01
9.726188331842422485e-02
9.345553070306777954e-02
9.725103527307510376e-02
1.205452606081962585e-01
1.192615330219268799e-01
1.075319051742553711e-01
1.040633991360664368e-01
7.774658501148223877e-02
8.096341043710708618e-02
8.247020095586776733e-02
9.792152792215347290e-02
8.338787406682968140e-02
8.904258161783218384e-02
1.124838367104530334e-01
7.491084188222885132e-02
1.039285361766815186e-01
9.161504358053207397e-02
1.144329681992530823e-01
9.712159633636474609e-02
8.879946917295455933e-02
8.203353732824325562e-02
1.285079568624496460e-01
1.027479544281959534e-01
1.068166568875312805e-01
1.067620888352394104e-01
9.275081753730773926e-02
1.103660538792610168e-01
9.481555968523025513e-02
1.039722263813018799e-01
8.778769522905349731e-02
8.463177084922790527e-02
1.170872822403907776e-01
1.072986945509910583e-01
1.508885324001312256e-01
9.749174863100051880e-02
9.582248330116271973e-02
9.594011306762695312e-02
9.666907042264938354e-02
9.536053985357284546e-02
8.659011125564575195e-02
9.265870600938796997e-02
7.814063131809234619e-02
9.446219354867935181e-02
9.012974053621292114e-02
9.961784631013870239e-02
7.922878861427307129e-02
1.101270690560340881e-01
8.606982231140136719e-02
9.060428291559219360e-02
9.467478841543197632e-02
1.114738807082176208e-01
1.009038016200065613e-01
8.325585722923278809e-02
1.004343032836914062e-01
7.954982668161392212e-02
9.956078976392745972e-02
9.186702221632003784e-02
1.430429965257644653e-01
1.179334223270416260e-01
9.261411428451538086e-02
9.177573770284652710e-02
8.548643440008163452e-02
1.097164079546928406e-01
8.189573884010314941e-02
8.814701437950134277e-02
9.378623217344284058e-02
9.893577545881271362e-02
1.012205183506011963e-01
8.083272725343704224e-02
1.101423203945159912e-01
9.378045797348022461e-02
9.648471325635910034e-02
1.054718717932701111e-01
1.001944541931152344e-01
1.124776601791381836e-01
8.679944276809692383e-02
9.169628471136093140e-02
1.047574654221534729e-01
1.032625660300254822e-01
1.007768437266349792e-01
9.380645304918289185e-02
1.044598445296287537e-01
8.763683587312698364e-02
8.244613558053970337e-02
9.816619753837585449e-02
1.341162621974945068e-01
8.952549844980239868e-02
9.656677395105361938e-02
9.709592908620834351e-02
1.016894057393074036e-01
1.066422462463378906e-01
9.156140685081481934e-02
9.763441234827041626e-02
6.854316592216491699e-02
7.955933362245559692e-02
8.622927218675613403e-02
7.933385670185089111e-02
1.164991855621337891e-01
1.091955900192260742e-01
7.695389539003372192e-02
1.228543817996978760e-01
1.067769303917884827e-01
1.007482036948204041e-01
7.580396533012390137e-02
8.951642364263534546e-02
9.908147901296615601e-02
1.068643555045127869e-01
1.047018691897392273e-01
8.903962373733520508e-02
9.335158020257949829e-02
9.119400382041931152e-02
9.537801146507263184e-02
9.461828321218490601e-02
1.047923341393470764e-01
8.182721585035324097e-02
1.045520082116127014e-01
8.685096353292465210e-02
9.089215844869613647e-02
1.179796829819679260e-01
8.176592737436294556e-02
9.778091311454772949e-02
1.268908977508544922e-01
1.082341074943542480e-01
6.946124881505966187e-02
9.192643314599990845e-02
1.091782748699188232e-01
1.046003699302673340e-01
9.056215733289718628e-02
9.993232041597366333e-02
9.296607226133346558e-02
9.184255450963973999e-02
8.290218561887741089e-02
6.999699026346206665e-02
8.269485086202621460e-02
7.417503744363784790e-02
9.065833687782287598e-02
9.743728488683700562e-02
7.799901813268661499e-02
8.643260598182678223e-02
9.499406814575195312e-02
1.037350669503211975e-01
8.848723024129867554e-02
8.423773199319839478e-02
8.787617832422256470e-02
9.372695535421371460e-02
1.130120530724525452e-01
8.405485749244689941e-02
8.567652106285095215e-02
9.769717603921890259e-02
9.827701002359390259e-02
9.493005275726318359e-02
9.545963257551193237e-02
1.247995868325233459e-01
1.076748371124267578e-01
1.087612882256507874e-01
9.366550296545028687e-02
1.209762990474700928e-01
9.006527811288833618e-02
8.211415261030197144e-02
1.945879608392715454e-01
9.266073256731033325e-02
8.795508742332458496e-02
1.099472865462303162e-01
8.070326596498489380e-02
8.407324552536010742e-02
9.550416469573974609e-02
1.029586568474769592e-01
9.415664523839950562e-02
8.594050258398056030e-02
8.540120720863342285e-02
1.156072616577148438e-01
9.281913191080093384e-02
8.921093493700027466e-02
1.029524430632591248e-01
1.228528544306755066e-01
8.932954818010330200e-02
8.191357553005218506e-02
9.520298987627029419e-02
9.630098193883895874e-02
7.532908022403717041e-02
9.042089432477951050e-02
8.150920271873474121e-02
9.172166138887405396e-02
1.061880588531494141e-01
8.729988336563110352e-02
1.210620924830436707e-01
9.712439775466918945e-02
9.646493941545486450e-02
1.126949489116668701e-01
6.331985443830490112e-02
1.057086065411567688e-01
1.075291037559509277e-01
7.384195923805236816e-02
1.092633306980133057e-01
1.034402474761009216e-01
1.118838191032409668e-01
8.053562045097351074e-02
9.985184669494628906e-02
1.197572425007820129e-01
9.859486669301986694e-02
1.518299132585525513e-01
1.121863052248954773e-01
9.425307065248489380e-02
9.585490822792053223e-02
9.691887348890304565e-02
9.904781728982925415e-02
1.192100867629051208e-01
9.914558380842208862e-02
1.104306951165199280e-01
8.762515336275100708e-02
9.914955496788024902e-02
9.761401265859603882e-02
1.054607704281806946e-01
8.530414104461669922e-02
9.784380346536636353e-02
9.850635379552841187e-02
6.718087941408157349e-02
8.781180530786514282e-02
1.204948723316192627e-01
8.817732334136962891e-02
1.128399372100830078e-01
9.267012029886245728e-02
1.065957024693489075e-01
8.266800642013549805e-02
9.402003139257431030e-02
1.084375157952308655e-01
7.987139374017715454e-02
1.065795496106147766e-01
1.059012189507484436e-01
1.022591963410377502e-01
1.181593313813209534e-01
1.079870834946632385e-01
9.570703655481338501e-02
1.095080003142356873e-01
8.785241097211837769e-02
9.418284893035888672e-02
1.210755705833435059e-01
1.041978374123573303e-01
1.008310690522193909e-01
7.912313193082809448e-02
1.046126261353492737e-01
9.991702437400817871e-02
9.192726016044616699e-02
8.355366438627243042e-02
9.444353729486465454e-02
1.173896193504333496e-01
9.120412915945053101e-02
1.195981279015541077e-01
9.645027667284011841e-02
1.054199337959289551e-01
8.110098540782928467e-02
8.349439501762390137e-02
6.810032576322555542e-02
1.013793721795082092e-01
7.878424972295761108e-02
1.093397140502929688e-01
1.011930406093597412e-01
1.934560537338256836e-01
8.698090165853500366e-02
1.110324338078498840e-01
9.306377172470092773e-02
1.032099127769470215e-01
9.816929697990417480e-02
8.079642802476882935e-02
8.500671386718750000e-02
1.075511053204536438e-01
8.266282081604003906e-02
6.605934351682662964e-02
1.068275570869445801e-01
1.440425664186477661e-01
1.013884320855140686e-01
8.697064965963363647e-02
6.691442430019378662e-02
9.951493144035339355e-02
7.885704189538955688e-02
1.025442108511924744e-01
9.758917242288589478e-02
1.052747294306755066e-01
8.905136585235595703e-02
9.830841422080993652e-02
9.567251056432723999e-02
1.061556339263916016e-01
8.909847587347030640e-02
1.055997535586357117e-01
8.252064883708953857e-02
9.084662795066833496e-02
1.083996668457984924e-01
9.864595532417297363e-02
1.018084883689880371e-01
1.103078648447990417e-01
1.037022545933723450e-01
8.627042919397354126e-02
7.883313298225402832e-02
1.032264232635498047e-01
8.336297422647476196e-02
7.901484519243240356e-02
9.239050000905990601e-02
8.744908124208450317e-02
9.906261414289474487e-02
1.175228580832481384e-01
8.669153600931167603e-02
9.843724220991134644e-02
9.773252159357070923e-02
9.782332181930541992e-02
9.660107642412185669e-02
1.023907586932182312e-01
1.121329292654991150e-01
9.507685899734497070e-02
9.752452373504638672e-02
8.768089860677719116e-02
1.277528852224349976e-01
7.883109897375106812e-02
9.243452548980712891e-02
1.084275022149085999e-01
8.562633395195007324e-02
8.144409954547882080e-02
8.831035345792770386e-02
7.885254174470901489e-02
1.422687619924545288e-01
1.014475002884864807e-01
9.036438912153244019e-02
9.526005387306213379e-02
9.303867816925048828e-02
8.649726957082748413e-02
9.590437263250350952e-02
1.043358445167541504e-01
1.551423519849777222e-01
1.135633364319801331e-01
1.103869751095771790e-01
9.518186002969741821e-02
1.018371880054473877e-01
9.326446801424026489e-02
1.315379887819290161e-01
8.398563414812088013e-02
8.803191035985946655e-02
1.061125397682189941e-01
7.445749640464782715e-02
1.294488459825515747e-01
8.869668096303939819e-02
1.013201847672462463e-01
9.316521137952804565e-02
1.012363061308860779e-01
1.168603971600532532e-01
1.082761958241462708e-01
9.531041979789733887e-02
7.888347655534744263e-02
8.675861358642578125e-02
1.185468956828117371e-01
9.006331115961074829e-02
1.077879890799522400e-01
9.513252228498458862e-02
9.112069010734558105e-02
1.061052158474922180e-01
7.656485587358474731e-02
9.190527349710464478e-02
1.053617224097251892e-01
9.772425144910812378e-02
9.681674838066101074e-02
9.346797317266464233e-02
9.601745009422302246e-02
9.557813405990600586e-02
9.782224893569946289e-02
1.479007303714752197e-01
1.205467358231544495e-01
1.269740909337997437e-01
1.101160943508148193e-01
1.281412988901138306e-01
9.485656023025512695e-02
9.990907460451126099e-02
1.182218194007873535e-01
8.748979121446609497e-02
8.175269514322280884e-02
9.046343713998794556e-02
8.830287307500839233e-02
8.501646667718887329e-02
1.133405864238739014e-01
8.875568956136703491e-02
1.053063496947288513e-01
8.772379904985427856e-02
1.113557517528533936e-01
7.054582983255386353e-02
8.938620239496231079e-02
9.706924110651016235e-02
7.643148303031921387e-02
1.175295934081077576e-01
8.675667643547058105e-02
9.602875262498855591e-02
1.076130792498588562e-01
1.023842394351959229e-01
9.991218894720077515e-02
9.051094204187393188e-02
1.022529900074005127e-01
9.524407237768173218e-02
1.091698184609413147e-01
1.080929934978485107e-01
1.101024374365806580e-01
1.017150655388832092e-01
1.088380143046379089e-01
1.281597167253494263e-01
9.832856804132461548e-02
1.326219290494918823e-01
9.631075710058212280e-02
7.762902230024337769e-02
8.385624736547470093e-02
8.206907659769058228e-02
9.099673479795455933e-02
9.751153737306594849e-02
9.374139457941055298e-02
1.018532738089561462e-01
1.473011225461959839e-01
1.195580437779426575e-01
1.024070903658866882e-01
1.388611942529678345e-01
9.272434562444686890e-02
1.195930242538452148e-01
9.649328142404556274e-02
1.004944667220115662e-01
9.367667883634567261e-02
9.133508801460266113e-02
9.029442071914672852e-02
9.432768821716308594e-02
8.877678960561752319e-02
1.171716079115867615e-01
1.160678789019584656e-01
1.132070645689964294e-01
1.202354058623313904e-01
8.225441724061965942e-02
1.695642918348312378e-01
1.208223700523376465e-01
1.293223500251770020e-01
1.012083515524864197e-01
1.185235902667045593e-01
1.243597939610481262e-01
1.001519188284873962e-01
1.056654676795005798e-01
8.609964698553085327e-02
8.690378069877624512e-02
9.492367506027221680e-02
8.779706805944442749e-02
7.533542066812515259e-02
1.129286065697669983e-01
1.089657917618751526e-01
1.051996126770973206e-01
7.471282035112380981e-02
9.635880589485168457e-02
9.318184107542037964e-02
8.475843816995620728e-02
1.003328859806060791e-01
8.382639288902282715e-02
8.289480209350585938e-02
1.075110509991645813e-01
1.186828389763832092e-01
9.936815500259399414e-02
8.630590885877609253e-02
9.802750498056411743e-02
1.267322301864624023e-01
9.938427805900573730e-02
8.621403574943542480e-02
9.347216039896011353e-02
8.951884508132934570e-02
1.047980561852455139e-01
1.370886713266372681e-01
9.123224020004272461e-02
9.043864160776138306e-02
9.650662541389465332e-02
1.461591422557830811e-01
8.968269079923629761e-02
1.053786277770996094e-01
1.068267822265625000e-01
8.551127463579177856e-02
9.209404140710830688e-02
1.006406247615814209e-01
8.993566036224365234e-02
9.673384577035903931e-02
1.076160073280334473e-01
1.032027602195739746e-01
1.028068363666534424e-01
1.236422061920166016e-01
1.146984398365020752e-01
8.514919131994247437e-02
9.435252100229263306e-02
8.785357326269149780e-02
1.027974113821983337e-01
1.067335009574890137e-01
1.040118634700775146e-01
8.964029699563980103e-02
9.776089340448379517e-02
9.633944183588027954e-02
8.989888429641723633e-02
1.250731945037841797e-01
1.117057576775550842e-01
9.183350950479507446e-02
8.761797100305557251e-02
1.072282120585441589e-01
7.555413991212844849e-02
9.249699115753173828e-02
8.884426951408386230e-02
7.546848058700561523e-02
1.081750467419624329e-01
9.724357724189758301e-02
1.302080303430557251e-01
1.055430769920349121e-01
8.007424324750900269e-02
9.622856229543685913e-02
9.858852624893188477e-02
9.344500303268432617e-02
1.077692806720733643e-01
9.368941932916641235e-02
7.730544358491897583e-02
1.080794855952262878e-01
8.095467835664749146e-02
9.353826195001602173e-02
9.369961172342300415e-02
8.931069821119308472e-02
8.380148559808731079e-02
1.007195189595222473e-01
9.365432709455490112e-02
1.236867606639862061e-01
8.517926186323165894e-02
9.184309095144271851e-02
8.933383971452713013e-02
8.307182043790817261e-02
1.046677753329277039e-01
9.359556436538696289e-02
1.075813099741935730e-01
1.013186573982238770e-01
1.012714281678199768e-01
1.169264316558837891e-01
9.565851837396621704e-02
1.071546003222465515e-01
1.105239987373352051e-01
9.224990010261535645e-02
9.864405542612075806e-02
7.963141798973083496e-02
9.531807154417037964e-02
8.166982978582382202e-02
1.140355169773101807e-01
1.166104301810264587e-01
1.370318830013275146e-01
8.091799169778823853e-02
9.716105461120605469e-02
1.015324294567108154e-01
9.932029247283935547e-02
8.878176659345626831e-02
1.394865065813064575e-01
1.136979758739471436e-01
8.889024704694747925e-02
9.608912467956542969e-02
1.716168522834777832e-01
8.948179334402084351e-02
1.125507429242134094e-01
9.428307414054870605e-02
8.531100302934646606e-02
1.345133036375045776e-01
1.125442907214164734e-01
1.154116392135620117e-01
8.217849582433700562e-02
9.335815906524658203e-02
9.552556276321411133e-02
1.044085696339607239e-01
9.728059917688369751e-02
8.598466962575912476e-02
1.408473998308181763e-01
1.224855408072471619e-01
7.865975052118301392e-02
1.005489230155944824e-01
7.607422769069671631e-02
1.007278040051460266e-01
9.888082742691040039e-02
1.004619598388671875e-01
8.336999267339706421e-02
9.062018990516662598e-02
1.564844399690628052e-01
1.178876534104347229e-01
1.068892702460289001e-01
7.618594169616699219e-02
7.897648215293884277e-02
7.815643399953842163e-02
1.073384955525398254e-01
8.724424988031387329e-02
1.124460101127624512e-01
9.872645884752273560e-02
9.544268250465393066e-02
9.272106736898422241e-02
9.433751553297042847e-02
9.056249260902404785e-02
8.921239525079727173e-02
1.035983040928840637e-01
9.304308891296386719e-02
1.010554060339927673e-01
8.794487267732620239e-02
1.066910997033119202e-01
8.388352394104003906e-02
9.409600496292114258e-02
9.342642873525619507e-02
1.019870266318321228e-01
8.019787073135375977e-02
7.166652381420135498e-02
1.068229675292968750e-01
1.005549207329750061e-01
1.088671088218688965e-01
7.159873098134994507e-02
7.989415526390075684e-02
7.896360009908676147e-02
1.033132597804069519e-01
1.089343726634979248e-01
9.399301558732986450e-02
9.229663759469985962e-02
1.004476323723793030e-01
8.824628591537475586e-02
9.550336003303527832e-02
9.159012883901596069e-02
1.033472791314125061e-01
9.962606430053710938e-02
8.808934688568115234e-02
9.151651710271835327e-02
8.416032791137695312e-02
8.549112826585769653e-02
8.403244614601135254e-02
9.610251337289810181e-02
9.988784790039062500e-02
9.246423840522766113e-02
1.091127768158912659e-01
9.173709154129028320e-02
8.403533697128295898e-02
1.188384294509887695e-01
9.417507052421569824e-02
1.111521795392036438e-01
1.009650602936744690e-01
9.961052983999252319e-02
7.444845885038375854e-02
1.354633271694183350e-01
8.088929951190948486e-02
9.313730150461196899e-02
7.689039409160614014e-02
9.869269281625747681e-02
8.425822854042053223e-02
1.003490686416625977e-01
9.219183772802352905e-02
1.149315908551216125e-01
9.548538178205490112e-02
8.882566541433334351e-02
1.188877895474433899e-01
1.024073585867881775e-01
1.014335453510284424e-01
1.128856316208839417e-01
1.071050465106964111e-01
1.006590723991394043e-01
1.734093427658081055e-01
1.119014397263526917e-01
1.106395423412322998e-01
1.075079664587974548e-01
9.028150886297225952e-02
8.003214001655578613e-02
1.160932853817939758e-01
9.016715735197067261e-02
9.969500452280044556e-02
8.220946043729782104e-02
1.091076657176017761e-01
1.115623340010643005e-01
9.528169780969619751e-02
8.671978116035461426e-02
1.009675934910774231e-01
8.727736026048660278e-02
8.643690496683120728e-02
1.591996848583221436e-01
1.143574714660644531e-01
9.971573948860168457e-02
9.006752818822860718e-02
1.124300360679626465e-01
9.219062328338623047e-02
8.610261231660842896e-02
7.762070745229721069e-02
1.005280315876007080e-01
8.944643288850784302e-02
8.055210113525390625e-02
9.996486455202102661e-02
8.635357767343521118e-02
9.324304014444351196e-02
8.904069662094116211e-02
7.316163182258605957e-02
1.003225222229957581e-01
9.689121693372726440e-02
9.666574001312255859e-02
7.432778924703598022e-02
9.755986928939819336e-02
9.899286180734634399e-02
1.217065528035163879e-01
1.067107543349266052e-01
9.489812701940536499e-02
1.340821534395217896e-01
1.042289808392524719e-01
1.144851818680763245e-01
8.443260192871093750e-02
9.317743778228759766e-02
8.842747658491134644e-02
1.044240519404411316e-01
1.045243740081787109e-01
8.914154022932052612e-02
7.934517413377761841e-02
9.246114641427993774e-02
1.102373600006103516e-01
1.040858402848243713e-01
1.082484051585197449e-01
9.378873556852340698e-02
1.044505909085273743e-01
1.086516007781028748e-01
1.287256032228469849e-01
1.164167895913124084e-01
7.577069848775863647e-02
7.355143874883651733e-02
1.063329875469207764e-01
1.155003309249877930e-01
9.112174063920974731e-02
8.189735561609268188e-02
8.441264182329177856e-02
8.686692267656326294e-02
1.033608987927436829e-01
9.396252781152725220e-02
9.252075105905532837e-02
1.420454531908035278e-01
8.310544490814208984e-02
8.598631620407104492e-02
8.601201325654983521e-02
8.342225104570388794e-02
9.695925563573837280e-02
8.658496290445327759e-02
8.483014255762100220e-02
1.083112731575965881e-01
1.021445691585540771e-01
8.704737573862075806e-02
1.264004558324813843e-01
9.306010603904724121e-02
9.850702434778213501e-02
7.713573426008224487e-02
1.000375524163246155e-01
9.913744777441024780e-02
1.058438047766685486e-01
1.054266691207885742e-01
1.006999686360359192e-01
1.141563057899475098e-01
8.243172615766525269e-02
8.944359421730041504e-02
1.091437414288520813e-01
1.229519918560981750e-01
1.283934265375137329e-01
1.172750815749168396e-01
8.303570002317428589e-02
8.939820528030395508e-02
9.651117771863937378e-02
7.597365975379943848e-02
1.097000241279602051e-01
8.903437852859497070e-02
8.753338456153869629e-02
9.841676801443099976e-02
1.185438558459281921e-01
9.851201623678207397e-02
1.055807769298553467e-01
9.681230783462524414e-02
1.158813834190368652e-01
8.683946728706359863e-02
9.127210825681686401e-02
9.848185628652572632e-02
9.993948787450790405e-02
1.014712080359458923e-01
1.088765338063240051e-01
1.353535503149032593e-01
9.664741158485412598e-02
8.880961686372756958e-02
8.750153332948684692e-02
8.788838982582092285e-02
8.827751129865646362e-02
9.381127357482910156e-02
8.680153638124465942e-02
1.000348031520843506e-01
7.862377911806106567e-02
1.012460365891456604e-01
1.040871441364288330e-01
1.122270748019218445e-01
9.855923801660537720e-02
9.098777920007705688e-02
1.064234599471092224e-01
8.684075623750686646e-02
8.495917916297912598e-02
7.882660627365112305e-02
1.225472763180732727e-01
9.564395993947982788e-02
9.759377688169479370e-02
8.505702763795852661e-02
1.833994984626770020e-01
1.072581186890602112e-01
9.189233928918838501e-02
1.093320772051811218e-01
8.135444670915603638e-02
1.022259816527366638e-01
7.212488353252410889e-02
9.309396147727966309e-02
1.093133911490440369e-01
8.892997354269027710e-02
1.013984605669975281e-01
9.675583988428115845e-02
7.843821495771408081e-02
9.243988245725631714e-02
9.150128811597824097e-02
1.035494282841682434e-01
9.680805355310440063e-02
1.094086542725563049e-01
9.424507617950439453e-02
9.506229311227798462e-02
8.901944011449813843e-02
1.033995524048805237e-01
9.381020814180374146e-02
9.337516874074935913e-02
9.501814097166061401e-02
9.479125589132308960e-02
1.013690903782844543e-01
8.733081817626953125e-02
9.511616826057434082e-02
1.114427745342254639e-01
8.820146322250366211e-02
9.275335073471069336e-02
9.504666179418563843e-02
1.137378215789794922e-01
9.882100671529769897e-02
1.049826145172119141e-01
9.235674142837524414e-02
1.085182055830955505e-01
7.490067183971405029e-02
9.538962692022323608e-02
9.109368175268173218e-02
1.180143356323242188e-01
7.872811704874038696e-02
1.231764331459999084e-01
8.308606594800949097e-02
7.213876396417617798e-02
1.093072816729545593e-01
9.509795904159545898e-02
1.365794390439987183e-01
1.035931408405303955e-01
8.739262819290161133e-02
9.809392690658569336e-02
1.007691994309425354e-01
1.033094823360443115e-01
1.013898476958274841e-01
1.122644171118736267e-01
7.560784369707107544e-02
1.001979634165763855e-01
9.259969741106033325e-02
8.818355947732925415e-02
8.476378768682479858e-02
1.030359640717506409e-01
8.459696173667907715e-02
1.066731587052345276e-01
1.060954555869102478e-01
9.707526117563247681e-02
9.236234426498413086e-02
8.263950049877166748e-02
1.286242753267288208e-01
9.578617662191390991e-02
8.777231723070144653e-02
1.130539849400520325e-01
9.226036071777343750e-02
8.613362908363342285e-02
9.526882320642471313e-02
8.226811140775680542e-02
1.085506379604339600e-01
1.121304631233215332e-01
1.062553003430366516e-01
8.546371012926101685e-02
1.134228408336639404e-01
8.509421348571777344e-02
8.842182904481887817e-02
1.023990735411643982e-01
1.029533371329307556e-01
9.030004590749740601e-02
9.216580539941787720e-02
7.713951170444488525e-02
8.446725457906723022e-02
7.327098399400711060e-02
1.126197203993797302e-01
9.387326985597610474e-02
1.147271022200584412e-01
9.384328126907348633e-02
1.284506171941757202e-01
8.174189180135726929e-02
9.527415037155151367e-02
1.224074587225914001e-01
9.427867084741592407e-02
1.096465662121772766e-01
9.053467959165573120e-02
1.096231862902641296e-01
8.471768349409103394e-02
1.223655417561531067e-01
9.835389256477355957e-02
6.920189410448074341e-02
1.082758307456970215e-01
9.642029553651809692e-02
8.214367926120758057e-02
1.115084215998649597e-01
1.042624488472938538e-01
8.255443722009658813e-02
1.017204448580741882e-01
1.161825954914093018e-01
7.948123663663864136e-02
9.740239381790161133e-02
9.591535478830337524e-02
8.397731930017471313e-02
9.605183452367782593e-02
1.075094118714332581e-01
7.810816913843154907e-02
9.232562780380249023e-02
1.169489994645118713e-01
8.125909417867660522e-02
8.914849907159805298e-02
1.212781369686126709e-01
9.062489122152328491e-02
1.039576828479766846e-01
9.442173689603805542e-02
1.034219264984130859e-01
8.252467960119247437e-02
8.703414350748062134e-02
7.307562232017517090e-02
9.137308597564697266e-02
9.197151660919189453e-02
9.040590375661849976e-02
7.891216129064559937e-02
8.372780680656433105e-02
1.035593375563621521e-01
8.924957364797592163e-02
1.056460738182067871e-01
8.569476753473281860e-02
1.014945134520530701e-01
8.828729391098022461e-02
9.334478527307510376e-02
1.013438105583190918e-01
8.818247914314270020e-02
9.482870250940322876e-02
1.089773997664451599e-01
8.584206551313400269e-02
1.536740958690643311e-01
7.134750485420227051e-02
7.630736380815505981e-02
1.102602705359458923e-01
9.372076392173767090e-02
1.159379109740257263e-01
9.501091390848159790e-02
8.379992842674255371e-02
8.207761496305465698e-02
1.109937727451324463e-01
8.205357939004898071e-02
9.484053403139114380e-02
1.085780262947082520e-01
1.209107413887977600e-01
9.576977044343948364e-02
9.116616100072860718e-02
9.244152903556823730e-02
1.103322878479957581e-01
9.877079725265502930e-02
1.155685484409332275e-01
8.328296989202499390e-02
9.481977671384811401e-02
1.036975607275962830e-01
9.678692370653152466e-02
9.580407291650772095e-02
8.425887674093246460e-02
1.023760735988616943e-01
1.137206628918647766e-01
1.050073802471160889e-01
9.982288628816604614e-02
8.374249935150146484e-02
1.109179928898811340e-01
1.085466668009757996e-01
8.812561631202697754e-02
1.852826029062271118e-01
6.276264041662216187e-02
9.630339592695236206e-02
8.475151658058166504e-02
7.417612522840499878e-02
9.836984425783157349e-02
7.382971048355102539e-02
9.548694640398025513e-02
9.602183103561401367e-02
9.360039234161376953e-02
9.891533106565475464e-02
8.771508932113647461e-02
9.885358810424804688e-02
9.778449684381484985e-02
8.596128225326538086e-02
1.005394086241722107e-01
1.014734879136085510e-01
1.174159273505210876e-01
1.105923056602478027e-01
8.139363676309585571e-02
1.019595339894294739e-01
1.037108078598976135e-01
8.843476325273513794e-02
1.200941577553749084e-01
7.479787617921829224e-02
1.052789762616157532e-01
9.079658985137939453e-02
1.137295365333557129e-01
8.751229196786880493e-02
1.005586385726928711e-01
1.548139452934265137e-01
1.009581461548805237e-01
1.135325804352760315e-01
1.212522760033607483e-01
9.567753225564956665e-02
1.020858585834503174e-01
9.522455930709838867e-02
9.501377493143081665e-02
9.366553276777267456e-02
9.839656203985214233e-02
1.166133284568786621e-01
7.880338281393051147e-02
1.000568941235542297e-01
8.513280749320983887e-02
9.767790883779525757e-02
1.009155511856079102e-01
1.022129654884338379e-01
7.965321093797683716e-02
8.629729598760604858e-02
8.095487207174301147e-02
1.169418171048164368e-01
5.900683626532554626e-02
9.589467197656631470e-02
1.023002266883850098e-01
9.858275204896926880e-02
9.952706098556518555e-02
1.053654551506042480e-01
7.453066855669021606e-02
1.030990704894065857e-01
9.705717116594314575e-02
8.063616603612899780e-02
7.546890527009963989e-02
1.024930998682975769e-01
1.053489074110984802e-01
1.034445837140083313e-01
1.119216307997703552e-01
9.129068255424499512e-02
9.279752522706985474e-02
1.149214878678321838e-01
8.797434717416763306e-02
1.054305061697959900e-01
1.045537367463111877e-01
9.188432246446609497e-02
7.814274728298187256e-02
8.214812725782394409e-02
1.042964234948158264e-01
1.106913462281227112e-01
7.577553391456604004e-02
1.013643443584442139e-01
9.484881162643432617e-02
7.934691756963729858e-02
9.208879619836807251e-02
1.096701845526695251e-01
1.020973399281501770e-01
9.676232188940048218e-02
8.896937221288681030e-02
9.339735656976699829e-02
1.222798600792884827e-01
9.255518764257431030e-02
1.005059853196144104e-01
1.224520280957221985e-01
9.367816895246505737e-02
1.017920300364494324e-01
9.041065722703933716e-02
9.905731678009033203e-02
9.047675132751464844e-02
1.023708209395408630e-01
9.710299968719482422e-02
1.061682179570198059e-01
1.198050305247306824e-01
9.877029806375503540e-02
1.074297353625297546e-01
9.139081835746765137e-02
9.650037437677383423e-02
1.348660737276077271e-01
1.116771623492240906e-01
9.473392367362976074e-02
9.485089778900146484e-02
8.605638146400451660e-02
8.804202824831008911e-02
9.648007154464721680e-02
1.168314144015312195e-01
9.346660971641540527e-02
8.811271935701370239e-02
9.973767399787902832e-02
7.823563367128372192e-02
2.000139802694320679e-01
7.845816016197204590e-02
1.132339835166931152e-01
8.906237035989761353e-02
1.010729074478149414e-01
8.104604482650756836e-02
8.649780601263046265e-02
1.007522270083427429e-01
1.230182647705078125e-01
1.001093983650207520e-01
9.131709486246109009e-02
1.874240189790725708e-01
9.235135465860366821e-02
8.392400294542312622e-02
1.214824616909027100e-01
1.221466585993766785e-01
1.066030487418174744e-01
1.103788688778877258e-01
8.509445935487747192e-02
1.265533715486526489e-01
8.978731185197830200e-02
1.004690602421760559e-01
9.010002017021179199e-02
1.173649653792381287e-01
8.512130379676818848e-02
8.517540246248245239e-02
1.061961650848388672e-01
1.259480714797973633e-01
8.246990293264389038e-02
9.219183772802352905e-02
1.046611741185188293e-01
9.913303703069686890e-02
9.934547543525695801e-02
8.792562037706375122e-02
9.380072355270385742e-02
1.020372733473777771e-01
9.996826201677322388e-02
7.347691804170608521e-02
1.004773676395416260e-01
1.070624664425849915e-01
1.343401521444320679e-01
1.063700616359710693e-01
1.483184546232223511e-01
9.370575100183486938e-02
1.082232296466827393e-01
8.528114110231399536e-02
8.979612588882446289e-02
8.735188841819763184e-02
9.254080802202224731e-02
9.520701318979263306e-02
7.955750823020935059e-02
1.247221902012825012e-01
9.198669344186782837e-02
7.927927374839782715e-02
8.724123239517211914e-02
9.867266565561294556e-02
9.742829203605651855e-02
8.809554576873779297e-02
1.030848026275634766e-01
9.037242084741592407e-02
1.144809126853942871e-01
1.025843843817710876e-01
1.090660020709037781e-01
1.095825806260108948e-01
1.277293711900711060e-01
8.035098016262054443e-02
1.145626977086067200e-01
1.042845323681831360e-01
1.032979264855384827e-01
9.019625186920166016e-02
1.239955127239227295e-01
8.144491165876388550e-02
8.697339147329330444e-02
8.920926600694656372e-02
1.001369133591651917e-01
8.407849818468093872e-02
8.929184824228286743e-02
1.126487851142883301e-01
1.046251952648162842e-01
9.021218866109848022e-02
8.320998400449752808e-02
1.032015755772590637e-01
9.394525736570358276e-02
9.709072113037109375e-02
8.044939488172531128e-02
1.113286837935447693e-01
8.514070510864257812e-02
9.123569726943969727e-02
8.873117715120315552e-02
8.847562223672866821e-02
8.345186710357666016e-02
9.102421998977661133e-02
9.152275323867797852e-02
9.323323518037796021e-02
8.565226942300796509e-02
1.006307825446128845e-01
9.160158038139343262e-02
9.977065771818161011e-02
8.433092385530471802e-02
9.502980113029479980e-02
8.933887630701065063e-02
1.092578396201133728e-01
8.807111531496047974e-02
8.576684445142745972e-02
1.202194094657897949e-01
9.622266143560409546e-02
8.417592197656631470e-02
8.769761770963668823e-02
9.200612455606460571e-02
1.058122888207435608e-01
8.912374824285507202e-02
9.635309129953384399e-02
9.283506125211715698e-02
8.918235450983047485e-02
9.991357475519180298e-02
8.074475079774856567e-02
1.064755693078041077e-01
9.158461540937423706e-02
9.228560328483581543e-02
1.136525347828865051e-01
9.352421760559082031e-02
7.012548297643661499e-02
1.185311675071716309e-01
7.664319872856140137e-02
1.218369230628013611e-01
1.032324507832527161e-01
8.011222630739212036e-02
1.297429949045181274e-01
9.687843918800354004e-02
1.092133000493049622e-01
1.067458316683769226e-01
7.479341328144073486e-02
1.119914650917053223e-01
1.870366781949996948e-01
1.461718529462814331e-01
9.564241766929626465e-02
7.200204581022262573e-02
8.051254600286483765e-02
8.699151128530502319e-02
1.038761511445045471e-01
1.065020561218261719e-01
8.938352018594741821e-02
1.475650221109390259e-01
8.243130892515182495e-02
1.243178620934486389e-01
8.266326040029525757e-02
8.546286821365356445e-02
7.714084535837173462e-02
9.585604071617126465e-02
7.863318175077438354e-02
8.966168016195297241e-02
1.051778793334960938e-01
9.649179130792617798e-02
8.580195158720016479e-02
1.030644997954368591e-01
8.284147083759307861e-02
9.969849139451980591e-02
9.926286339759826660e-02
8.540280908346176147e-02
1.043120250105857849e-01
1.053588911890983582e-01
8.343810588121414185e-02
8.242795616388320923e-02
1.056773960590362549e-01
1.060162857174873352e-01
9.797308593988418579e-02
1.090799868106842041e-01
1.100192591547966003e-01
8.425258845090866089e-02
1.227349638938903809e-01
9.958492964506149292e-02
7.050865888595581055e-02
1.441877931356430054e-01
8.413770794868469238e-02
7.565307617187500000e-02
8.197703212499618530e-02
9.000942111015319824e-02
9.516847133636474609e-02
1.019587814807891846e-01
9.550306946039199829e-02
9.352555125951766968e-02
6.768650561571121216e-02
7.862203568220138550e-02
9.438395500183105469e-02
1.159956678748130798e-01
1.154213771224021912e-01
8.641324192285537720e-02
7.076957076787948608e-02
1.029237806797027588e-01
9.799239784479141235e-02
7.525152713060379028e-02
9.935740381479263306e-02
9.947472065687179565e-02
1.036940813064575195e-01
7.907391339540481567e-02
1.112514361739158630e-01
7.940199226140975952e-02
1.148250922560691833e-01
8.194271475076675415e-02
7.426753640174865723e-02
9.630561619997024536e-02
1.036917194724082947e-01
1.023692265152931213e-01
9.295482188463211060e-02
1.061331331729888916e-01
7.304152101278305054e-02
1.190250888466835022e-01
1.107343360781669617e-01
8.948483318090438843e-02
9.919783473014831543e-02
9.989281743764877319e-02
1.076456978917121887e-01
8.256966620683670044e-02
8.552554994821548462e-02
1.024373993277549744e-01
7.882069796323776245e-02
9.654128551483154297e-02
8.789262175559997559e-02
1.026681289076805115e-01
9.514006227254867554e-02
9.181243926286697388e-02
8.184214681386947632e-02
1.240762993693351746e-01
9.278205782175064087e-02
9.587526321411132812e-02
8.891852945089340210e-02
9.240367263555526733e-02
7.939631491899490356e-02
2.914300262928009033e-01
1.515504270792007446e-01
9.388569742441177368e-02
7.949304580688476562e-02
8.544638752937316895e-02
1.098824739456176758e-01
9.804285317659378052e-02
6.832144409418106079e-02
1.016896590590476990e-01
1.068563833832740784e-01
1.072302684187889099e-01
1.141827404499053955e-01
9.107007831335067749e-02
1.202072575688362122e-01
9.174142032861709595e-02
9.996080398559570312e-02
8.729040622711181641e-02
1.046557053923606873e-01
9.124401956796646118e-02
8.769145607948303223e-02
9.261977672576904297e-02
8.038030564785003662e-02
8.995828777551651001e-02
7.226210087537765503e-02
9.884821623563766479e-02
1.026939153671264648e-01
1.078322902321815491e-01
8.870944380760192871e-02
1.080028042197227478e-01
1.002797558903694153e-01
1.179503574967384338e-01
9.202774614095687866e-02
8.817178010940551758e-02
1.270315349102020264e-01
9.765225648880004883e-02
1.026989445090293884e-01
9.841039031744003296e-02
8.361212164163589478e-02
6.673593074083328247e-02
1.018870472908020020e-01
1.004494652152061462e-01
1.114725098013877869e-01
9.780002385377883911e-02
9.014186263084411621e-02
1.156300976872444153e-01
1.063606217503547668e-01
1.132381558418273926e-01
1.784386038780212402e-01
8.791452646255493164e-02
1.232864037156105042e-01
9.439963847398757935e-02
9.007183462381362915e-02
1.156739220023155212e-01
8.543693274259567261e-02
1.628500074148178101e-01
9.887937456369400024e-02
1.206407845020294189e-01
7.464122772216796875e-02
9.253747016191482544e-02
9.235336631536483765e-02
9.940621256828308105e-02
1.164591833949089050e-01
9.442836791276931763e-02
8.760878443717956543e-02
9.269133955240249634e-02
9.575888514518737793e-02
8.786037564277648926e-02
1.032771468162536621e-01
1.079821810126304626e-01
1.057083606719970703e-01
2.210346907377243042e-01
1.044371649622917175e-01
1.085204184055328369e-01
1.041257753968238831e-01
2.197009176015853882e-01
1.012236401438713074e-01
9.617190808057785034e-02
1.242079734802246094e-01
9.122688323259353638e-02
1.239958107471466064e-01
1.035735830664634705e-01
9.190640598535537720e-02
8.599292486906051636e-02
9.979123622179031372e-02
1.361510753631591797e-01
1.047142148017883301e-01
1.111064851284027100e-01
9.351325780153274536e-02
8.604779839515686035e-02
8.907478302717208862e-02
8.523905277252197266e-02
7.669901102781295776e-02
9.444283694028854370e-02
7.557331025600433350e-02
1.158847436308860779e-01
9.881677478551864624e-02
1.015829145908355713e-01
1.218680441379547119e-01
9.331038594245910645e-02
7.999227195978164673e-02
9.470400959253311157e-02
1.031337454915046692e-01
1.081078872084617615e-01
1.045615971088409424e-01
1.356363296508789062e-01
1.035197079181671143e-01
1.008861958980560303e-01
1.005268469452857971e-01
1.076353117823600769e-01
8.134049922227859497e-02
8.406975120306015015e-02
8.392620831727981567e-02
9.861359745264053345e-02
9.766742587089538574e-02
1.177865788340568542e-01
1.145914196968078613e-01
1.248532533645629883e-01
7.544193416833877563e-02
9.893935918807983398e-02
1.017313301563262939e-01
9.336971491575241089e-02
1.313428729772567749e-01
8.725181221961975098e-02
2.204903215169906616e-01
1.124952435493469238e-01
1.175887659192085266e-01
8.750630170106887817e-02
9.326391667127609253e-02
8.414685726165771484e-02
9.924630075693130493e-02
7.086425274610519409e-02
1.156638041138648987e-01
1.006876304745674133e-01
8.801212906837463379e-02
1.047189161181449890e-01
7.586016505956649780e-02
9.386362880468368530e-02
8.171227574348449707e-02
9.756403416395187378e-02
1.032095476984977722e-01
1.046579256653785706e-01
7.458928227424621582e-02
9.336291998624801636e-02
1.103706359863281250e-01
1.063884720206260681e-01
1.004946753382682800e-01
7.796132564544677734e-02
1.144386827945709229e-01
9.997513145208358765e-02
7.985157519578933716e-02
1.002736464142799377e-01
9.043250232934951782e-02
8.980865031480789185e-02
1.072189435362815857e-01
8.246984332799911499e-02
9.101171046495437622e-02
1.006963476538658142e-01
1.118747889995574951e-01
7.574569433927536011e-02
1.033655703067779541e-01
1.709257513284683228e-01
9.971167892217636108e-02
7.650931179523468018e-02
9.526791423559188843e-02
7.844805717468261719e-02
8.928940445184707642e-02
8.180797845125198364e-02
7.724231481552124023e-02
8.480054140090942383e-02
7.931395620107650757e-02
1.069302558898925781e-01
1.044785007834434509e-01
9.402781724929809570e-02
1.045158505439758301e-01
1.085776612162590027e-01
7.977272570133209229e-02
9.822157770395278931e-02
8.105813711881637573e-02
8.296066522598266602e-02
8.251546323299407959e-02
7.673558592796325684e-02
9.129754453897476196e-02
1.158505007624626160e-01
1.325751096010208130e-01
8.936662226915359497e-02
8.068553358316421509e-02
1.035159900784492493e-01
7.729282230138778687e-02
1.139886304736137390e-01
9.817638993263244629e-02
7.337509840726852417e-02
9.136001020669937134e-02
1.052185818552970886e-01
7.031641155481338501e-02
1.007189378142356873e-01
1.003370285034179688e-01
8.674561232328414917e-02
8.606252819299697876e-02
1.009187325835227966e-01
8.170198649168014526e-02
9.657140821218490601e-02
1.089745163917541504e-01
8.711466193199157715e-02
1.094250082969665527e-01
1.222202256321907043e-01
9.366253018379211426e-02
9.870921820402145386e-02
8.656039088964462280e-02
1.040230989456176758e-01
9.889898449182510376e-02
9.274259209632873535e-02
8.950471878051757812e-02
8.870741724967956543e-02
9.156855195760726929e-02
8.265057951211929321e-02
8.673343807458877563e-02
6.781318783760070801e-02
8.236470818519592285e-02
8.611545711755752563e-02
1.414486318826675415e-01
9.518445283174514771e-02
7.342261075973510742e-02
1.008584722876548767e-01
1.043299809098243713e-01
8.823162317276000977e-02
1.163376048207283020e-01
8.517196029424667358e-02
7.136961817741394043e-02
9.318431466817855835e-02
6.688634306192398071e-02
9.000650793313980103e-02
9.195875376462936401e-02
1.161495745182037354e-01
1.140742227435112000e-01
7.943234592676162720e-02
9.965885430574417114e-02
1.049054786562919617e-01
1.133065745234489441e-01
7.542210072278976440e-02
1.048045232892036438e-01
8.686548471450805664e-02
1.530029922723770142e-01
1.138771399855613708e-01
9.398097544908523560e-02
8.693883568048477173e-02
7.136237621307373047e-02
9.414019435644149780e-02
1.071824207901954651e-01
7.610607892274856567e-02
9.367664903402328491e-02
9.566700458526611328e-02
9.329356998205184937e-02
8.484983444213867188e-02
1.146802902221679688e-01
7.950264960527420044e-02
1.624068468809127808e-01
7.818487286567687988e-02
8.165452629327774048e-02
1.120717450976371765e-01
1.024903655052185059e-01
8.085536211729049683e-02
1.257383823394775391e-01
8.928059786558151245e-02
9.373394399881362915e-02
9.387438744306564331e-02
1.029354631900787354e-01
9.679207205772399902e-02
1.208140850067138672e-01
7.357752323150634766e-02
9.682786464691162109e-02
1.087889373302459717e-01
9.246411174535751343e-02
8.863925933837890625e-02
9.037142992019653320e-02
9.114384651184082031e-02
8.192485570907592773e-02
1.084779873490333557e-01
1.052918359637260437e-01
1.841495037078857422e-01
1.049334108829498291e-01
1.202341318130493164e-01
7.795883715152740479e-02
1.008271276950836182e-01
1.047758534550666809e-01
7.742550224065780640e-02
7.211104780435562134e-02
7.785902172327041626e-02
7.731572538614273071e-02
1.037296056747436523e-01
8.652991801500320435e-02
9.140177816152572632e-02
8.740713447332382202e-02
1.081422939896583557e-01
9.791952371597290039e-02
1.048511192202568054e-01
8.036699146032333374e-02
