2.286730706691741943e-01
2.352885007858276367e-01
2.386678159236907959e-01
1.200110465288162231e-01
2.443312704563140869e-01
1.410824209451675415e-01
2.840437293052673340e-01
4.016398191452026367e-01
2.628433108329772949e-01
2.407914102077484131e-01
2.186547815799713135e-01
3.001543283462524414e-01
2.660533487796783447e-01
4.188286662101745605e-01
1.476759016513824463e-01
1.719169318675994873e-01
2.123059034347534180e-01
2.699605226516723633e-01
1.672676950693130493e-01
1.489835083484649658e-01
3.121686577796936035e-01
1.352459341287612915e-01
3.426173627376556396e-01
1.870323866605758667e-01
2.443962395191192627e-01
3.166702985763549805e-01
2.871643900871276855e-01
1.556445956230163574e-01
3.605681657791137695e-01
3.295713067054748535e-01
2.321544140577316284e-01
2.403128594160079956e-01
1.620585173368453979e-01
1.936273276805877686e-01
2.489086389541625977e-01
1.889914870262145996e-01
1.965169012546539307e-01
3.053619861602783203e-01
1.916863322257995605e-01
1.671034246683120728e-01
1.631602197885513306e-01
2.260005772113800049e-01
3.488360047340393066e-01
3.456286787986755371e-01
1.290110349655151367e-01
1.468567550182342529e-01
1.794011592864990234e-01
2.821236848831176758e-01
4.451191723346710205e-01
2.613222002983093262e-01
6.444092988967895508e-01
3.766984343528747559e-01
1.480690538883209229e-01
1.257259547710418701e-01
2.022996842861175537e-01
2.681421637535095215e-01
6.301413178443908691e-01
6.304588317871093750e-01
2.334947288036346436e-01
2.831974029541015625e-01
3.437120318412780762e-01
2.939854860305786133e-01
4.070654511451721191e-01
1.497967839241027832e-01
2.477885484695434570e-01
3.113040924072265625e-01
2.862831354141235352e-01
1.855023205280303955e-01
1.460732072591781616e-01
2.530442476272583008e-01
2.166012972593307495e-01
1.400941312313079834e-01
1.727030128240585327e-01
1.533664464950561523e-01
3.399359583854675293e-01
2.520909011363983154e-01
4.772574305534362793e-01
1.449564844369888306e-01
2.520101964473724365e-01
2.834927141666412354e-01
3.350587785243988037e-01
4.433820545673370361e-01
2.852341830730438232e-01
1.313038915395736694e-01
1.095011457800865173e-01
1.948167085647583008e-01
1.763598620891571045e-01
2.452940046787261963e-01
2.913827002048492432e-01
3.569995462894439697e-01
3.990934491157531738e-01
2.274063229560852051e-01
1.655515283346176147e-01
7.188982367515563965e-01
2.320623844861984253e-01
2.327260076999664307e-01
2.232036739587783813e-01
1.819402426481246948e-01
4.345774948596954346e-01
2.639778852462768555e-01
3.751533329486846924e-01
3.331019580364227295e-01
2.365178018808364868e-01
1.564371287822723389e-01
3.081081509590148926e-01
3.476508259773254395e-01
1.645083576440811157e-01
1.225493922829627991e-01
1.579432636499404907e-01
3.311699032783508301e-01
4.364725053310394287e-01
2.558550238609313965e-01
3.153314590454101562e-01
2.216472625732421875e-01
2.448776364326477051e-01
7.117745280265808105e-01
1.475459635257720947e-01
1.934212446212768555e-01
2.514158487319946289e-01
1.901085972785949707e-01
2.590814828872680664e-01
2.729904353618621826e-01
1.376849114894866943e-01
2.075721919536590576e-01
2.399833053350448608e-01
2.194469869136810303e-01
5.569124221801757812e-01
1.483285576105117798e-01
2.659603655338287354e-01
2.016482055187225342e-01
2.703807353973388672e-01
2.199393808841705322e-01
5.538151860237121582e-01
2.050948739051818848e-01
4.964202046394348145e-01
2.269560843706130981e-01
1.373769491910934448e-01
1.307912915945053101e-01
1.303598433732986450e-01
2.730812728404998779e-01
2.477438747882843018e-01
3.176270723342895508e-01
1.716465353965759277e-01
1.874594837427139282e-01
1.638423353433609009e-01
3.294005393981933594e-01
5.837437510490417480e-01
2.265690118074417114e-01
1.013789772987365723e-01
1.579826921224594116e-01
1.636818051338195801e-01
1.967374682426452637e-01
2.967953383922576904e-01
4.413143396377563477e-01
2.125351428985595703e-01
1.380215138196945190e-01
3.014534711837768555e-01
3.400645554065704346e-01
1.718605160713195801e-01
5.371962785720825195e-01
1.343447566032409668e-01
2.139839828014373779e-01
2.291488349437713623e-01
3.003167510032653809e-01
1.568301916122436523e-01
1.668505072593688965e-01
2.676726579666137695e-01
2.596418857574462891e-01
1.162846907973289490e-01
2.628857493400573730e-01
2.681705951690673828e-01
2.588743865489959717e-01
2.212704718112945557e-01
1.579842567443847656e-01
3.159441351890563965e-01
1.699324846267700195e-01
2.801156044006347656e-01
5.216668844223022461e-01
1.355662941932678223e-01
5.153457522392272949e-01
5.637184381484985352e-01
1.170238032937049866e-01
1.780951619148254395e-01
1.682985275983810425e-01
1.548074334859848022e-01
4.700921177864074707e-01
1.657090485095977783e-01
3.222187161445617676e-01
2.648565173149108887e-01
2.154856026172637939e-01
3.000652194023132324e-01
1.451949030160903931e-01
6.483290195465087891e-01
2.491321861743927002e-01
1.458244621753692627e-01
4.101680517196655273e-01
3.572267889976501465e-01
3.087287545204162598e-01
1.517145484685897827e-01
2.471880167722702026e-01
1.909601986408233643e-01
3.879320025444030762e-01
2.167153358459472656e-01
1.334902197122573853e-01
3.075918853282928467e-01
3.491803407669067383e-01
1.780253052711486816e-01
1.026423797011375427e-01
1.532879769802093506e-01
4.065649509429931641e-01
3.337666988372802734e-01
1.473090052604675293e-01
3.228111267089843750e-01
2.810750305652618408e-01
2.583162188529968262e-01
2.021515369415283203e-01
1.751911938190460205e-01
3.337329626083374023e-01
3.094661831855773926e-01
3.115836977958679199e-01
1.498539000749588013e-01
5.831986665725708008e-01
1.803517788648605347e-01
4.272448420524597168e-01
2.610083222389221191e-01
1.473671942949295044e-01
2.067894339561462402e-01
2.044951617717742920e-01
2.640700042247772217e-01
1.652324646711349487e-01
3.234297633171081543e-01
4.492837190628051758e-01
2.821287810802459717e-01
2.936229407787322998e-01
2.429935634136199951e-01
1.332211792469024658e-01
5.350314378738403320e-01
3.361584246158599854e-01
1.024953201413154602e-01
1.337971091270446777e-01
1.534004509449005127e-01
2.068577408790588379e-01
2.472784519195556641e-01
2.067345082759857178e-01
3.945126533508300781e-01
2.307038605213165283e-01
2.990493774414062500e-01
1.563256382942199707e-01
1.957778483629226685e-01
2.925097346305847168e-01
1.680771708488464355e-01
7.481268048286437988e-01
2.457581311464309692e-01
2.299274802207946777e-01
2.611890435218811035e-01
1.313730627298355103e-01
2.836647927761077881e-01
3.211632072925567627e-01
1.526380181312561035e-01
1.645408719778060913e-01
9.831672906875610352e-02
2.333270609378814697e-01
1.567652672529220581e-01
2.417640835046768188e-01
1.221474856138229370e-01
2.101896852254867554e-01
2.858770787715911865e-01
3.706659674644470215e-01
3.598714768886566162e-01
1.496980488300323486e-01
1.259456872940063477e-01
1.330448091030120850e-01
2.338023036718368530e-01
3.597654104232788086e-01
3.196469545364379883e-01
1.688840985298156738e-01
1.358897686004638672e-01
1.393166780471801758e-01
1.499287188053131104e-01
3.660564124584197998e-01
2.880317568778991699e-01
2.278947234153747559e-01
1.293571740388870239e-01
1.535749286413192749e-01
6.623065471649169922e-01
1.764932721853256226e-01
2.543419897556304932e-01
1.713786274194717407e-01
2.154366523027420044e-01
2.912540435791015625e-01
2.690624296665191650e-01
3.592047691345214844e-01
1.533930003643035889e-01
1.218259930610656738e-01
1.780109405517578125e-01
2.646992206573486328e-01
3.050867021083831787e-01
2.709470987319946289e-01
2.426144480705261230e-01
3.187540769577026367e-01
2.281111627817153931e-01
1.492779999971389771e-01
2.437969744205474854e-01
2.262751609086990356e-01
3.648750483989715576e-01
2.636977732181549072e-01
2.067878842353820801e-01
2.195492684841156006e-01
2.234072387218475342e-01
4.006024599075317383e-01
2.202216684818267822e-01
1.493201255798339844e-01
5.835363864898681641e-01
