3.752477467060089111e-01
3.380148708820343018e-01
6.088672280311584473e-01
6.547673344612121582e-01
1.813245177268981934e+00
1.189895033836364746e+00
1.146571159362792969e+00
8.334911465644836426e-01
9.548456072807312012e-01
7.087690830230712891e-01
5.685353279113769531e-01
8.923580050468444824e-01
5.719916820526123047e-01
5.502672791481018066e-01
8.281654715538024902e-01
9.170327186584472656e-01
5.544638037681579590e-01
4.867680966854095459e-01
6.266236901283264160e-01
5.881729125976562500e-01
6.573368906974792480e-01
5.296642184257507324e-01
5.874525904655456543e-01
7.230424880981445312e-01
4.370115101337432861e-01
5.901411175727844238e-01
6.378101706504821777e-01
5.849149227142333984e-01
5.068906545639038086e-01
4.368519783020019531e-01
5.021071434020996094e-01
5.256791710853576660e-01
5.752182602882385254e-01
5.691382288932800293e-01
5.508509278297424316e-01
3.788886964321136475e-01
5.454550385475158691e-01
4.971867501735687256e-01
4.554097354412078857e-01
3.987067639827728271e-01
3.682707250118255615e-01
6.628881096839904785e-01
3.950706422328948975e-01
2.642982006072998047e-01
7.174348235130310059e-01
5.454316735267639160e-01
3.802838325500488281e-01
5.105229020118713379e-01
4.705166518688201904e-01
3.690759837627410889e-01
4.901079237461090088e-01
3.212572634220123291e-01
4.653419256210327148e-01
4.243554770946502686e-01
3.211525976657867432e-01
9.553475975990295410e-01
3.967353403568267822e-01
3.278745710849761963e-01
4.882566630840301514e-01
3.875371515750885010e-01
3.944146633148193359e-01
9.626467823982238770e-01
4.479071199893951416e-01
3.700953423976898193e-01
4.221239984035491943e-01
3.653560578823089600e-01
3.144208192825317383e-01
2.944804430007934570e-01
3.977286517620086670e-01
4.962211549282073975e-01
2.615889310836791992e-01
3.783137798309326172e-01
3.331464529037475586e-01
5.685080885887145996e-01
4.809838235378265381e-01
3.928147554397583008e-01
4.169560670852661133e-01
3.233250081539154053e-01
4.371510446071624756e-01
2.499108761548995972e-01
2.330438941717147827e-01
3.129180967807769775e-01
3.499564230442047119e-01
2.504033148288726807e-01
3.629266023635864258e-01
3.437879979610443115e-01
3.512450754642486572e-01
4.038623273372650146e-01
3.044967949390411377e-01
4.185626804828643799e-01
2.981595695018768311e-01
3.323648869991302490e-01
3.353757560253143311e-01
7.850399017333984375e-01
2.874010503292083740e-01
4.236603975296020508e-01
3.944602906703948975e-01
3.799135386943817139e-01
2.955057322978973389e-01
4.912695884704589844e-01
3.252972364425659180e-01
3.012535274028778076e-01
3.099971115589141846e-01
4.202962815761566162e-01
5.037593841552734375e-01
3.650831282138824463e-01
3.780727386474609375e-01
4.816684424877166748e-01
2.503648698329925537e-01
3.441945314407348633e-01
2.528507411479949951e-01
3.488157093524932861e-01
3.168194591999053955e-01
3.550402224063873291e-01
3.087816834449768066e-01
3.227628767490386963e-01
5.141883492469787598e-01
4.182472229003906250e-01
3.558201789855957031e-01
2.688389122486114502e-01
2.538881301879882812e-01
3.505626916885375977e-01
2.694903314113616943e-01
5.247775912284851074e-01
3.404048979282379150e-01
3.593346774578094482e-01
3.464038670063018799e-01
2.588593065738677979e-01
3.313079774379730225e-01
5.142838358879089355e-01
5.270782113075256348e-01
4.562792778015136719e-01
3.501682281494140625e-01
2.567792236804962158e-01
2.879768908023834229e-01
2.260008901357650757e-01
4.126125872135162354e-01
2.844760119915008545e-01
2.897073328495025635e-01
3.928509950637817383e-01
2.822041809558868408e-01
5.100934505462646484e-01
3.582675457000732422e-01
3.249472081661224365e-01
5.106380581855773926e-01
3.505508005619049072e-01
2.685364782810211182e-01
4.708651602268218994e-01
3.412377834320068359e-01
4.088139235973358154e-01
2.578717172145843506e-01
2.992265522480010986e-01
2.352510839700698853e-01
2.920833528041839600e-01
2.609921693801879883e-01
3.334069252014160156e-01
2.472867220640182495e-01
2.915197312831878662e-01
3.877890110015869141e-01
2.756675779819488525e-01
4.269731342792510986e-01
2.971766889095306396e-01
2.959203422069549561e-01
4.301104545593261719e-01
3.362424373626708984e-01
3.418454229831695557e-01
2.214912623167037964e-01
3.824194967746734619e-01
2.658843696117401123e-01
2.614925205707550049e-01
2.472746819257736206e-01
2.628783285617828369e-01
4.741229116916656494e-01
3.452490568161010742e-01
6.776974201202392578e-01
3.339231014251708984e-01
2.992924153804779053e-01
3.448247015476226807e-01
2.469990253448486328e-01
5.704411864280700684e-01
3.874580860137939453e-01
3.187551796436309814e-01
2.962444126605987549e-01
2.996675670146942139e-01
2.936880588531494141e-01
4.568196535110473633e-01
3.315480053424835205e-01
3.818736970424652100e-01
2.753573358058929443e-01
3.513740301132202148e-01
2.328028678894042969e-01
3.706969320774078369e-01
3.485238552093505859e-01
2.888041734695434570e-01
2.448294609785079956e-01
4.006721973419189453e-01
4.105089604854583740e-01
2.721795737743377686e-01
3.001361191272735596e-01
3.882632255554199219e-01
3.147988617420196533e-01
2.827418148517608643e-01
3.665364682674407959e-01
2.653828859329223633e-01
2.654168009757995605e-01
2.771365046501159668e-01
2.512494027614593506e-01
3.862284123897552490e-01
3.552595078945159912e-01
3.086141049861907959e-01
2.578383982181549072e-01
2.063708156347274780e-01
3.423555195331573486e-01
3.630449473857879639e-01
2.515060603618621826e-01
2.423666715621948242e-01
2.416095584630966187e-01
3.086726963520050049e-01
2.688495814800262451e-01
2.513305842876434326e-01
2.877606451511383057e-01
3.698792457580566406e-01
3.592481613159179688e-01
3.003065884113311768e-01
1.966608762741088867e-01
2.658308446407318115e-01
3.485531806945800781e-01
3.361967802047729492e-01
4.351984560489654541e-01
2.718812227249145508e-01
2.229330539703369141e-01
4.893695414066314697e-01
3.121463060379028320e-01
4.268479049205780029e-01
3.257689177989959717e-01
4.020920991897583008e-01
3.183340728282928467e-01
2.415155917406082153e-01
4.063024222850799561e-01
3.139250278472900391e-01
3.015445172786712646e-01
3.097480833530426025e-01
3.107635080814361572e-01
3.167950510978698730e-01
2.233856469392776489e-01
2.439862489700317383e-01
3.357050418853759766e-01
2.645196020603179932e-01
3.187620937824249268e-01
2.218996733427047729e-01
4.715734422206878662e-01
3.214999139308929443e-01
2.876782715320587158e-01
3.457789123058319092e-01
3.198511600494384766e-01
3.597567081451416016e-01
3.051644861698150635e-01
2.956502735614776611e-01
2.994323074817657471e-01
4.160053730010986328e-01
3.277259469032287598e-01
3.371909558773040771e-01
2.786330282688140869e-01
2.779784500598907471e-01
2.786981165409088135e-01
2.404913902282714844e-01
2.630088031291961670e-01
2.202967405319213867e-01
3.550983369350433350e-01
1.793378591537475586e-01
2.153641730546951294e-01
3.058991730213165283e-01
3.968160152435302734e-01
4.248380661010742188e-01
3.342552185058593750e-01
3.941722214221954346e-01
4.236381947994232178e-01
2.852843701839447021e-01
1.768400818109512329e-01
2.501029670238494873e-01
2.374299317598342896e-01
3.128784000873565674e-01
2.735239267349243164e-01
2.495920062065124512e-01
1.561680883169174194e-01
2.303051203489303589e-01
2.851407825946807861e-01
2.726869881153106689e-01
3.235261440277099609e-01
3.069004416465759277e-01
2.342638224363327026e-01
2.646979689598083496e-01
2.258325219154357910e-01
2.888788878917694092e-01
2.727567851543426514e-01
3.419804573059082031e-01
2.811615765094757080e-01
2.821467220783233643e-01
4.490747153759002686e-01
3.806445598602294922e-01
2.523434162139892578e-01
2.222418338060379028e-01
4.529974460601806641e-01
2.433743625879287720e-01
3.557960093021392822e-01
4.747255742549896240e-01
3.191788196563720703e-01
3.644120395183563232e-01
4.284457266330718994e-01
3.530065119266510010e-01
2.625722885131835938e-01
3.569878041744232178e-01
2.484665364027023315e-01
3.011707365512847900e-01
2.154638171195983887e-01
3.204235732555389404e-01
4.177743494510650635e-01
3.678382933139801025e-01
2.443795055150985718e-01
2.601722478866577148e-01
3.258216679096221924e-01
4.889763891696929932e-01
3.218345344066619873e-01
2.202809005975723267e-01
3.129666149616241455e-01
2.896552979946136475e-01
3.460698425769805908e-01
2.168589383363723755e-01
3.596061170101165771e-01
2.563005983829498291e-01
3.612057268619537354e-01
2.968693077564239502e-01
2.457543611526489258e-01
2.912403643131256104e-01
2.627432346343994141e-01
3.199129402637481689e-01
2.061875611543655396e-01
3.712716400623321533e-01
3.168554604053497314e-01
3.386324644088745117e-01
1.938141137361526489e-01
2.984333336353302002e-01
2.088801860809326172e-01
3.354502618312835693e-01
4.180321693420410156e-01
2.589577734470367432e-01
4.061264097690582275e-01
4.298745393753051758e-01
2.623497247695922852e-01
2.461318522691726685e-01
3.097113370895385742e-01
3.358255326747894287e-01
3.274852931499481201e-01
4.468263685703277588e-01
2.322959452867507935e-01
5.047129988670349121e-01
3.202553689479827881e-01
3.017235100269317627e-01
3.010107576847076416e-01
2.774357795715332031e-01
2.545165717601776123e-01
3.393356800079345703e-01
3.102977573871612549e-01
2.813428342342376709e-01
3.025605976581573486e-01
3.812442123889923096e-01
4.406260251998901367e-01
2.933969497680664062e-01
3.196678757667541504e-01
2.180572152137756348e-01
3.943489789962768555e-01
3.200653493404388428e-01
3.302386701107025146e-01
2.684444189071655273e-01
2.079681605100631714e-01
2.583986818790435791e-01
2.723520100116729736e-01
3.927040994167327881e-01
2.696735858917236328e-01
2.693518698215484619e-01
3.303732573986053467e-01
3.087324202060699463e-01
3.604000508785247803e-01
2.828803062438964844e-01
2.279823571443557739e-01
3.048548996448516846e-01
2.501942813396453857e-01
2.202299088239669800e-01
2.281284183263778687e-01
3.908987939357757568e-01
2.305862456560134888e-01
3.579796850681304932e-01
4.554711580276489258e-01
2.616747021675109863e-01
4.385010004043579102e-01
2.908309996128082275e-01
4.048459529876708984e-01
2.970703840255737305e-01
2.380850762128829956e-01
3.121911585330963135e-01
2.616344988346099854e-01
2.149767875671386719e-01
3.292585611343383789e-01
3.025615513324737549e-01
2.992849349975585938e-01
2.939767539501190186e-01
3.022258579730987549e-01
3.329614102840423584e-01
3.719398677349090576e-01
2.863979637622833252e-01
2.918285429477691650e-01
2.174157649278640747e-01
3.852707445621490479e-01
2.611653804779052734e-01
3.284164369106292725e-01
3.745617866516113281e-01
4.081070423126220703e-01
2.773352265357971191e-01
4.908415973186492920e-01
3.725698292255401611e-01
4.467729032039642334e-01
2.918524146080017090e-01
3.607941865921020508e-01
3.663836419582366943e-01
2.189298421144485474e-01
2.500311732292175293e-01
3.519711196422576904e-01
2.844400703907012939e-01
2.299006134271621704e-01
2.946602702140808105e-01
2.215141505002975464e-01
2.350314110517501831e-01
3.398134708404541016e-01
3.890083730220794678e-01
2.292116880416870117e-01
1.916752457618713379e-01
3.799461126327514648e-01
5.435486435890197754e-01
3.583126366138458252e-01
3.749929368495941162e-01
3.062435388565063477e-01
3.405979573726654053e-01
2.536845505237579346e-01
3.608876168727874756e-01
2.439134716987609863e-01
3.134758472442626953e-01
2.424000352621078491e-01
3.334303796291351318e-01
2.389210462570190430e-01
6.233227252960205078e-01
4.711796343326568604e-01
2.210641652345657349e-01
2.525784671306610107e-01
3.032296597957611084e-01
2.792831361293792725e-01
3.325183093547821045e-01
4.402702748775482178e-01
3.019790947437286377e-01
2.290244549512863159e-01
2.433983534574508667e-01
3.211929798126220703e-01
2.715172469615936279e-01
2.533834874629974365e-01
2.593589723110198975e-01
3.268511891365051270e-01
2.740325629711151123e-01
2.900637090206146240e-01
4.571654498577117920e-01
2.564049065113067627e-01
2.464709281921386719e-01
3.802714347839355469e-01
2.472406625747680664e-01
3.761700093746185303e-01
2.368979305028915405e-01
3.555041253566741943e-01
2.900631129741668701e-01
2.493875473737716675e-01
3.396728038787841797e-01
2.833699882030487061e-01
2.005432248115539551e-01
2.583875358104705811e-01
2.442008256912231445e-01
2.271353751420974731e-01
3.459239006042480469e-01
4.084154665470123291e-01
2.702796757221221924e-01
3.011449873447418213e-01
1.348144263029098511e-01
3.681789934635162354e-01
4.175115525722503662e-01
4.500996172428131104e-01
2.898007333278656006e-01
2.086205929517745972e-01
2.662565410137176514e-01
2.838250100612640381e-01
3.282603323459625244e-01
2.890114486217498779e-01
2.889554202556610107e-01
2.653198838233947754e-01
2.541433870792388916e-01
2.757581472396850586e-01
2.279041558504104614e-01
4.761391580104827881e-01
4.122315347194671631e-01
3.025563955307006836e-01
3.056506812572479248e-01
2.628619670867919922e-01
3.311725556850433350e-01
2.842460274696350098e-01
2.738712131977081299e-01
3.924527168273925781e-01
2.978576421737670898e-01
4.952467978000640869e-01
3.135536909103393555e-01
3.968702554702758789e-01
2.007783502340316772e-01
1.844236850738525391e-01
2.205072492361068726e-01
2.469447702169418335e-01
2.061862200498580933e-01
2.767616510391235352e-01
2.636966109275817871e-01
2.973575592041015625e-01
4.412375688552856445e-01
3.602391183376312256e-01
3.229755461215972900e-01
4.102200269699096680e-01
2.234346717596054077e-01
3.241460025310516357e-01
3.344330489635467529e-01
2.380504757165908813e-01
3.131248950958251953e-01
3.202438950538635254e-01
3.646416664123535156e-01
2.594300806522369385e-01
2.941507399082183838e-01
3.705213069915771484e-01
3.584468364715576172e-01
2.477042675018310547e-01
3.179384469985961914e-01
2.389626950025558472e-01
5.322077870368957520e-01
3.320685923099517822e-01
2.008848935365676880e-01
3.017766177654266357e-01
2.292222976684570312e-01
2.784892320632934570e-01
3.258410990238189697e-01
4.807724058628082275e-01
2.535343170166015625e-01
3.472720086574554443e-01
3.755330145359039307e-01
2.276581376791000366e-01
3.105795085430145264e-01
3.736835718154907227e-01
2.093977332115173340e-01
2.422371357679367065e-01
2.098330706357955933e-01
4.461791813373565674e-01
2.809672653675079346e-01
3.012497723102569580e-01
3.668889999389648438e-01
3.067544996738433838e-01
2.141170501708984375e-01
3.616138696670532227e-01
2.130389660596847534e-01
3.434941768646240234e-01
1.927581578493118286e-01
2.941164076328277588e-01
2.809390723705291748e-01
2.970289885997772217e-01
3.472865819931030273e-01
3.008497953414916992e-01
2.054214328527450562e-01
2.353630065917968750e-01
3.132986724376678467e-01
2.332537770271301270e-01
2.275735586881637573e-01
3.174644708633422852e-01
2.344467639923095703e-01
4.371303021907806396e-01
2.767079472541809082e-01
2.820845842361450195e-01
3.280903995037078857e-01
2.188481539487838745e-01
3.469448983669281006e-01
2.852156758308410645e-01
4.313130080699920654e-01
2.556358277797698975e-01
4.581505954265594482e-01
2.956343293190002441e-01
2.516783773899078369e-01
2.178153395652770996e-01
2.757255136966705322e-01
4.584588110446929932e-01
3.121624886989593506e-01
3.312706053256988525e-01
2.150115519762039185e-01
1.799613982439041138e-01
2.346611469984054565e-01
4.253716170787811279e-01
2.815376222133636475e-01
2.830710411071777344e-01
2.937747240066528320e-01
2.845969498157501221e-01
3.016830682754516602e-01
2.735688686370849609e-01
2.553815841674804688e-01
2.475544959306716919e-01
2.844774425029754639e-01
2.674943506717681885e-01
3.041549623012542725e-01
3.197418749332427979e-01
2.473192811012268066e-01
3.015928566455841064e-01
3.169506192207336426e-01
2.412858009338378906e-01
3.314133882522583008e-01
3.098559677600860596e-01
2.871309220790863037e-01
2.684158980846405029e-01
2.554167211055755615e-01
3.372468054294586182e-01
2.131357192993164062e-01
3.191541731357574463e-01
3.440046310424804688e-01
2.291015386581420898e-01
2.593137919902801514e-01
2.698961496353149414e-01
3.649150133132934570e-01
2.849908173084259033e-01
2.817226946353912354e-01
3.504239618778228760e-01
3.437889814376831055e-01
2.425517439842224121e-01
2.960297763347625732e-01
3.180708587169647217e-01
2.903569340705871582e-01
3.572952747344970703e-01
2.226706147193908691e-01
3.662557601928710938e-01
2.623937427997589111e-01
2.852886617183685303e-01
2.939471602439880371e-01
3.166348934173583984e-01
4.329693615436553955e-01
1.967959403991699219e-01
2.451959699392318726e-01
3.367762565612792969e-01
2.923499047756195068e-01
4.405236244201660156e-01
2.985768318176269531e-01
2.368243932723999023e-01
4.459654092788696289e-01
2.113518714904785156e-01
2.772014737129211426e-01
3.356368243694305420e-01
2.942867577075958252e-01
2.550644874572753906e-01
1.646548956632614136e-01
2.291547209024429321e-01
4.188100397586822510e-01
1.931651085615158081e-01
2.988720834255218506e-01
2.493320554494857788e-01
3.002066314220428467e-01
4.460180699825286865e-01
3.391450345516204834e-01
2.816490828990936279e-01
2.893486320972442627e-01
3.468884527683258057e-01
3.515175282955169678e-01
1.497163772583007812e-01
3.351669311523437500e-01
2.732921540737152100e-01
2.159644812345504761e-01
3.201767504215240479e-01
3.368701040744781494e-01
3.421394824981689453e-01
2.312824875116348267e-01
1.949160695075988770e-01
3.073704242706298828e-01
3.177987039089202881e-01
2.379250973463058472e-01
3.051441013813018799e-01
2.044074982404708862e-01
2.306171655654907227e-01
1.983872205018997192e-01
2.474727481603622437e-01
2.725292444229125977e-01
2.684684693813323975e-01
3.779089748859405518e-01
2.693351805210113525e-01
2.725074589252471924e-01
2.737764418125152588e-01
2.068696022033691406e-01
2.929612100124359131e-01
2.420713901519775391e-01
4.405634403228759766e-01
3.717081546783447266e-01
3.515693247318267822e-01
3.260964751243591309e-01
2.593400180339813232e-01
4.732196033000946045e-01
1.937687993049621582e-01
2.163174301385879517e-01
3.590594232082366943e-01
3.004320859909057617e-01
4.226019084453582764e-01
3.259200751781463623e-01
3.175996541976928711e-01
2.985707223415374756e-01
2.684822082519531250e-01
3.302100002765655518e-01
4.471424520015716553e-01
3.269159495830535889e-01
4.067628681659698486e-01
5.062706470489501953e-01
2.845781147480010986e-01
2.830674350261688232e-01
3.396355211734771729e-01
3.164218068122863770e-01
2.574654519557952881e-01
3.604249060153961182e-01
3.325345516204833984e-01
2.282922863960266113e-01
2.215638309717178345e-01
3.178814351558685303e-01
3.128992915153503418e-01
2.594960033893585205e-01
2.842010557651519775e-01
3.309248983860015869e-01
2.596276104450225830e-01
2.409749478101730347e-01
4.589307606220245361e-01
1.709954738616943359e-01
2.308777570724487305e-01
3.752200603485107422e-01
2.693494856357574463e-01
3.314368426799774170e-01
3.585020601749420166e-01
2.177229970693588257e-01
3.276115953922271729e-01
2.122280150651931763e-01
3.259799182415008545e-01
2.670501470565795898e-01
3.149281740188598633e-01
3.112805783748626709e-01
2.145410329103469849e-01
1.960188746452331543e-01
3.271838128566741943e-01
2.687674462795257568e-01
2.990108132362365723e-01
2.797760665416717529e-01
2.507894337177276611e-01
2.660832703113555908e-01
2.917332351207733154e-01
3.504821360111236572e-01
2.704630196094512939e-01
3.330702781677246094e-01
1.849783658981323242e-01
2.931145131587982178e-01
2.435382008552551270e-01
3.364264070987701416e-01
2.665407955646514893e-01
1.777669638395309448e-01
3.013057112693786621e-01
2.370108366012573242e-01
2.284132689237594604e-01
2.974899113178253174e-01
2.880423069000244141e-01
2.317818552255630493e-01
4.755561053752899170e-01
2.294101268053054810e-01
2.961238920688629150e-01
3.009156882762908936e-01
4.010022878646850586e-01
2.849664688110351562e-01
2.672655284404754639e-01
3.932912349700927734e-01
3.216894567012786865e-01
2.052415162324905396e-01
3.183954358100891113e-01
2.400467842817306519e-01
1.566225737333297729e-01
2.928558588027954102e-01
3.070013523101806641e-01
2.547748386859893799e-01
3.761675059795379639e-01
3.039898574352264404e-01
2.166905552148818970e-01
4.090676605701446533e-01
2.470917552709579468e-01
3.102569878101348877e-01
3.372295796871185303e-01
3.373699188232421875e-01
3.802350759506225586e-01
2.953226566314697266e-01
3.373629152774810791e-01
2.008326649665832520e-01
2.321616262197494507e-01
2.320299148559570312e-01
2.792839407920837402e-01
2.929296791553497314e-01
2.799823880195617676e-01
2.475655227899551392e-01
2.684904634952545166e-01
2.556085288524627686e-01
3.452267646789550781e-01
2.441714406013488770e-01
2.330969572067260742e-01
2.171812802553176880e-01
2.112999111413955688e-01
3.962208032608032227e-01
3.439941704273223877e-01
2.685086429119110107e-01
4.022469520568847656e-01
2.676527798175811768e-01
2.513349354267120361e-01
2.425679117441177368e-01
4.174058437347412109e-01
2.681188583374023438e-01
2.976690828800201416e-01
3.889877796173095703e-01
3.984106481075286865e-01
2.978273332118988037e-01
2.911030352115631104e-01
3.497890233993530273e-01
2.671079337596893311e-01
3.720506727695465088e-01
2.385293245315551758e-01
4.062857925891876221e-01
3.422655761241912842e-01
2.502051293849945068e-01
2.406377792358398438e-01
4.280321598052978516e-01
2.821356058120727539e-01
2.398201376199722290e-01
2.446866780519485474e-01
2.563836872577667236e-01
5.091292858123779297e-01
2.804054319858551025e-01
2.815959155559539795e-01
1.888183802366256714e-01
3.435166776180267334e-01
4.905111789703369141e-01
3.544725477695465088e-01
2.937820255756378174e-01
3.525211811065673828e-01
3.069968819618225098e-01
2.907003164291381836e-01
2.866838872432708740e-01
3.965253531932830811e-01
2.991744577884674072e-01
2.794041633605957031e-01
3.489858210086822510e-01
1.701835244894027710e-01
2.273036092519760132e-01
3.488941192626953125e-01
2.689755260944366455e-01
2.131852358579635620e-01
2.532390058040618896e-01
2.283789366483688354e-01
2.980675995349884033e-01
2.510883808135986328e-01
2.897776365280151367e-01
2.436916083097457886e-01
5.139836072921752930e-01
2.739850580692291260e-01
2.575023472309112549e-01
2.005742788314819336e-01
2.373585551977157593e-01
4.059509336948394775e-01
3.117009699344635010e-01
2.437388896942138672e-01
6.560131907463073730e-01
3.126957416534423828e-01
3.591843545436859131e-01
2.989373207092285156e-01
2.300843149423599243e-01
2.829395532608032227e-01
2.505376040935516357e-01
2.122593373060226440e-01
2.811209261417388916e-01
2.311155050992965698e-01
3.632092177867889404e-01
2.622156441211700439e-01
2.637699842453002930e-01
1.985359191894531250e-01
3.181396424770355225e-01
2.374003380537033081e-01
1.913046389818191528e-01
2.237477749586105347e-01
4.004956483840942383e-01
2.339673787355422974e-01
2.056354880332946777e-01
2.953834235668182373e-01
1.843836456537246704e-01
2.764103710651397705e-01
2.536804080009460449e-01
2.234476953744888306e-01
4.444791972637176514e-01
2.199410200119018555e-01
4.918909370899200439e-01
2.600043714046478271e-01
3.298540115356445312e-01
2.428995817899703979e-01
2.777437865734100342e-01
3.374806344509124756e-01
4.079246222972869873e-01
2.527319192886352539e-01
2.152747958898544312e-01
3.112479150295257568e-01
2.565213143825531006e-01
2.805511355400085449e-01
3.586848974227905273e-01
3.047508001327514648e-01
2.475430220365524292e-01
2.366632670164108276e-01
2.958353757858276367e-01
2.547171115875244141e-01
3.084648847579956055e-01
2.474236339330673218e-01
3.022146522998809814e-01
2.920462787151336670e-01
2.458692342042922974e-01
1.821809262037277222e-01
2.345915287733078003e-01
3.419127166271209717e-01
3.573402464389801025e-01
2.619400918483734131e-01
2.054976671934127808e-01
3.082013130187988281e-01
2.318485975265502930e-01
2.779819071292877197e-01
2.456772327423095703e-01
3.404849469661712646e-01
2.890957295894622803e-01
2.413559556007385254e-01
3.065761029720306396e-01
2.224344015121459961e-01
2.697444260120391846e-01
2.655635774135589600e-01
2.703042626380920410e-01
3.645209372043609619e-01
4.192402362823486328e-01
2.258193045854568481e-01
3.289805054664611816e-01
2.654576599597930908e-01
3.668633997440338135e-01
1.833797097206115723e-01
2.907583415508270264e-01
2.889687716960906982e-01
2.632504403591156006e-01
2.564784586429595947e-01
2.731294333934783936e-01
3.208530843257904053e-01
2.790180146694183350e-01
4.051243066787719727e-01
3.165472447872161865e-01
3.586785793304443359e-01
1.785634756088256836e-01
3.858760297298431396e-01
3.270691931247711182e-01
2.620115578174591064e-01
2.051770687103271484e-01
2.507261335849761963e-01
2.319067865610122681e-01
2.141137570142745972e-01
1.900550574064254761e-01
2.924170196056365967e-01
2.968230247497558594e-01
2.726381719112396240e-01
2.223478704690933228e-01
2.203639745712280273e-01
3.270287513732910156e-01
2.869960963726043701e-01
3.292067945003509521e-01
2.309579402208328247e-01
2.707758247852325439e-01
2.923623621463775635e-01
2.639249265193939209e-01
2.459423691034317017e-01
3.202460706233978271e-01
2.347227931022644043e-01
2.001001089811325073e-01
3.641881048679351807e-01
2.577399313449859619e-01
1.768261045217514038e-01
2.775223553180694580e-01
2.380784302949905396e-01
3.005598485469818115e-01
2.492444068193435669e-01
2.245706319808959961e-01
2.249374836683273315e-01
1.694502085447311401e-01
2.572161257266998291e-01
2.266624718904495239e-01
3.292858004570007324e-01
2.555816471576690674e-01
4.364894926548004150e-01
2.964369952678680420e-01
2.357859164476394653e-01
2.122005671262741089e-01
2.781640291213989258e-01
3.234779834747314453e-01
4.923560619354248047e-01
1.505194753408432007e-01
2.346322983503341675e-01
4.109095633029937744e-01
2.552194893360137939e-01
3.337726294994354248e-01
2.784452438354492188e-01
4.162172377109527588e-01
2.594003081321716309e-01
3.791457712650299072e-01
2.887864708900451660e-01
2.865648567676544189e-01
2.277915030717849731e-01
2.659406960010528564e-01
2.219967842102050781e-01
2.744664847850799561e-01
1.864267587661743164e-01
4.700420796871185303e-01
1.881987899541854858e-01
2.114819288253784180e-01
3.107860386371612549e-01
3.296054303646087646e-01
2.456085532903671265e-01
2.542750537395477295e-01
4.530777931213378906e-01
2.832270264625549316e-01
2.291556149721145630e-01
3.185139000415802002e-01
2.072438001632690430e-01
2.474393844604492188e-01
2.782820761203765869e-01
2.323823422193527222e-01
6.655687689781188965e-01
2.267487794160842896e-01
2.977583408355712891e-01
2.721046209335327148e-01
2.731195092201232910e-01
1.965697556734085083e-01
3.265360891819000244e-01
2.162510156631469727e-01
3.588876426219940186e-01
2.217703312635421753e-01
2.738555669784545898e-01
2.388171404600143433e-01
2.319089323282241821e-01
3.048495948314666748e-01
4.274013936519622803e-01
3.567764759063720703e-01
1.977483034133911133e-01
2.292375564575195312e-01
2.799505293369293213e-01
2.799790799617767334e-01
3.821983337402343750e-01
2.561783492565155029e-01
2.765612304210662842e-01
3.728636205196380615e-01
2.072966694831848145e-01
2.694730460643768311e-01
2.659474313259124756e-01
2.251944541931152344e-01
2.365372925996780396e-01
3.312498927116394043e-01
2.802569568157196045e-01
2.772125005722045898e-01
3.267565965652465820e-01
2.420811504125595093e-01
3.865450620651245117e-01
2.874463498592376709e-01
1.990907341241836548e-01
1.761761903762817383e-01
2.626205682754516602e-01
2.805730998516082764e-01
2.260489463806152344e-01
2.448071688413619995e-01
2.279177904129028320e-01
1.754856705665588379e-01
2.736495137214660645e-01
1.929131299257278442e-01
2.626554965972900391e-01
2.519909441471099854e-01
4.159439504146575928e-01
3.596269190311431885e-01
2.595263719558715820e-01
2.789885997772216797e-01
5.172795653343200684e-01
2.594819068908691406e-01
2.519260644912719727e-01
2.191987484693527222e-01
2.398969382047653198e-01
3.718179762363433838e-01
2.534929215908050537e-01
3.141454458236694336e-01
4.402733147144317627e-01
2.304072380065917969e-01
3.594254553318023682e-01
2.075320929288864136e-01
2.129530906677246094e-01
2.098012119531631470e-01
2.701255977153778076e-01
3.298105895519256592e-01
2.371451109647750854e-01
2.173505574464797974e-01
3.102671504020690918e-01
2.860349416732788086e-01
2.427109330892562866e-01
3.297510147094726562e-01
2.117529064416885376e-01
3.078273832798004150e-01
2.406325936317443848e-01
2.987506687641143799e-01
2.818177342414855957e-01
2.606502473354339600e-01
2.509855329990386963e-01
3.791569769382476807e-01
2.013348788022994995e-01
2.993311285972595215e-01
2.453447580337524414e-01
2.418988943099975586e-01
2.112339586019515991e-01
2.826714217662811279e-01
2.260041683912277222e-01
2.901358902454376221e-01
2.091286629438400269e-01
2.666669189929962158e-01
2.758515775203704834e-01
3.654586970806121826e-01
2.745449244976043701e-01
2.640925645828247070e-01
3.626712262630462646e-01
2.966588437557220459e-01
3.474636077880859375e-01
2.568506896495819092e-01
2.287648916244506836e-01
3.932364881038665771e-01
4.001835286617279053e-01
2.287319451570510864e-01
2.608959972858428955e-01
2.724451124668121338e-01
3.221812546253204346e-01
5.606631636619567871e-01
3.841802179813385010e-01
2.862432003021240234e-01
3.580608367919921875e-01
3.348439931869506836e-01
3.284940421581268311e-01
2.979832887649536133e-01
2.411628514528274536e-01
2.817031443119049072e-01
2.390886992216110229e-01
2.566806972026824951e-01
3.742396533489227295e-01
2.666630446910858154e-01
3.974629640579223633e-01
2.563487589359283447e-01
3.151456415653228760e-01
3.064901828765869141e-01
2.352179288864135742e-01
2.528578937053680420e-01
3.236316740512847900e-01
3.068827390670776367e-01
2.446144819259643555e-01
2.881747782230377197e-01
2.153527289628982544e-01
2.185832262039184570e-01
2.202778607606887817e-01
3.510778844356536865e-01
2.356603592634201050e-01
5.107939839363098145e-01
2.274945229291915894e-01
3.224563896656036377e-01
2.454050779342651367e-01
2.367331236600875854e-01
3.123281300067901611e-01
2.488288432359695435e-01
2.147198468446731567e-01
2.706112265586853027e-01
2.589009404182434082e-01
2.387004941701889038e-01
2.429670542478561401e-01
2.881118357181549072e-01
2.538628280162811279e-01
2.645635306835174561e-01
3.965733945369720459e-01
2.527252733707427979e-01
2.069487720727920532e-01
2.185012847185134888e-01
3.812528848648071289e-01
3.699139654636383057e-01
2.764820158481597900e-01
1.843324154615402222e-01
2.464395761489868164e-01
2.803278267383575439e-01
2.088311910629272461e-01
2.692504823207855225e-01
3.882800638675689697e-01
2.518252432346343994e-01
2.630686461925506592e-01
2.497984319925308228e-01
3.688498437404632568e-01
2.137600034475326538e-01
2.888742387294769287e-01
2.192732691764831543e-01
2.997301816940307617e-01
2.217183560132980347e-01
2.834953367710113525e-01
3.354856073856353760e-01
2.282800674438476562e-01
2.206980437040328979e-01
2.672230899333953857e-01
3.528974950313568115e-01
1.819489449262619019e-01
2.145696878433227539e-01
2.314972281455993652e-01
3.249316811561584473e-01
2.870115339756011963e-01
2.338268309831619263e-01
3.086276352405548096e-01
2.593929469585418701e-01
2.399237155914306641e-01
3.085794150829315186e-01
2.242489010095596313e-01
3.150070309638977051e-01
8.442074656486511230e-01
2.711054682731628418e-01
4.975846707820892334e-01
2.861679792404174805e-01
2.489179521799087524e-01
3.084678947925567627e-01
3.081893622875213623e-01
2.551117539405822754e-01
2.284030914306640625e-01
2.952574491500854492e-01
2.481016665697097778e-01
2.424228340387344360e-01
2.678681313991546631e-01
2.222086787223815918e-01
2.596923112869262695e-01
2.886715233325958252e-01
2.261043787002563477e-01
2.391973137855529785e-01
3.820824623107910156e-01
2.441338747739791870e-01
1.547145694494247437e-01
2.405536174774169922e-01
2.153391093015670776e-01
2.594670951366424561e-01
1.939635276794433594e-01
2.674194276332855225e-01
2.789850234985351562e-01
2.873394787311553955e-01
2.736570835113525391e-01
5.370967984199523926e-01
2.609496116638183594e-01
1.956168264150619507e-01
3.064731657505035400e-01
3.061935007572174072e-01
2.598799169063568115e-01
1.876422315835952759e-01
2.414763569831848145e-01
3.042478859424591064e-01
3.952811956405639648e-01
3.101590573787689209e-01
2.253459692001342773e-01
4.260976314544677734e-01
1.542016714811325073e-01
3.313300311565399170e-01
2.658177912235260010e-01
2.830963432788848877e-01
2.279946804046630859e-01
3.494334220886230469e-01
2.351987808942794800e-01
2.432544827461242676e-01
4.052887260913848877e-01
2.344793230295181274e-01
3.497409820556640625e-01
3.249758183956146240e-01
2.959448099136352539e-01
2.387338876724243164e-01
2.431452721357345581e-01
2.682928740978240967e-01
2.686852514743804932e-01
2.191047221422195435e-01
3.003382980823516846e-01
2.030712217092514038e-01
2.339191883802413940e-01
2.262384146451950073e-01
3.993572294712066650e-01
2.179339975118637085e-01
2.074756622314453125e-01
2.783631086349487305e-01
2.907595038414001465e-01
2.162969112396240234e-01
3.191165924072265625e-01
2.953482866287231445e-01
4.899834096431732178e-01
2.268314361572265625e-01
3.199979364871978760e-01
3.475220203399658203e-01
2.007270306348800659e-01
3.397986888885498047e-01
3.076913058757781982e-01
2.519496381282806396e-01
4.111965894699096680e-01
2.544949948787689209e-01
2.917934358119964600e-01
2.867861092090606689e-01
2.053779214620590210e-01
2.560522854328155518e-01
2.111367434263229370e-01
2.862467765808105469e-01
2.122567743062973022e-01
3.234386444091796875e-01
3.623035848140716553e-01
3.634746074676513672e-01
2.988823950290679932e-01
3.783636391162872314e-01
2.114861756563186646e-01
3.128107190132141113e-01
2.638200819492340088e-01
2.191663533449172974e-01
3.552426397800445557e-01
2.429689764976501465e-01
2.685057222843170166e-01
3.961298465728759766e-01
2.945188581943511963e-01
2.411360293626785278e-01
3.636989593505859375e-01
2.612464129924774170e-01
2.339849919080734253e-01
3.654173314571380615e-01
2.265701144933700562e-01
1.609424799680709839e-01
2.372683435678482056e-01
2.331841737031936646e-01
2.637645304203033447e-01
2.991863489151000977e-01
2.337594777345657349e-01
2.408562302589416504e-01
3.887191116809844971e-01
2.811793982982635498e-01
2.933868169784545898e-01
2.465838193893432617e-01
3.232088088989257812e-01
3.343326747417449951e-01
2.240288704633712769e-01
1.902961730957031250e-01
3.231073617935180664e-01
2.657918930053710938e-01
3.123092949390411377e-01
3.708883523941040039e-01
2.767588794231414795e-01
4.503033161163330078e-01
2.637743949890136719e-01
2.479621618986129761e-01
2.495915442705154419e-01
2.740075886249542236e-01
2.340425103902816772e-01
2.121016979217529297e-01
2.327117472887039185e-01
2.172406464815139771e-01
2.496168166399002075e-01
2.577133476734161377e-01
1.912126392126083374e-01
3.873883187770843506e-01
2.135626226663589478e-01
4.320633709430694580e-01
2.212703973054885864e-01
3.012290894985198975e-01
2.703491449356079102e-01
3.741012513637542725e-01
2.601632177829742432e-01
5.232833027839660645e-01
2.749153077602386475e-01
2.846953570842742920e-01
2.511256635189056396e-01
3.414626121520996094e-01
2.377545386552810669e-01
2.114255279302597046e-01
2.858668565750122070e-01
3.734624385833740234e-01
2.412505298852920532e-01
2.309519499540328979e-01
3.055415451526641846e-01
2.468872666358947754e-01
3.367840945720672607e-01
2.738652229309082031e-01
2.143548130989074707e-01
3.077919185161590576e-01
3.174940645694732666e-01
2.441926002502441406e-01
2.584647238254547119e-01
3.374715745449066162e-01
2.849721610546112061e-01
1.859048455953598022e-01
1.914422065019607544e-01
2.589777410030364990e-01
2.595000565052032471e-01
2.385649681091308594e-01
2.353408783674240112e-01
3.242743313312530518e-01
2.301644831895828247e-01
2.326574325561523438e-01
1.804196089506149292e-01
2.750900685787200928e-01
2.915649116039276123e-01
2.359757870435714722e-01
4.005802571773529053e-01
1.971291452646255493e-01
4.162918031215667725e-01
3.145897090435028076e-01
3.096166551113128662e-01
2.521901428699493408e-01
2.203819006681442261e-01
2.641192376613616943e-01
2.696773707866668701e-01
4.944203794002532959e-01
3.015552461147308350e-01
2.172311097383499146e-01
2.279231995344161987e-01
3.688891232013702393e-01
2.926229238510131836e-01
3.348219096660614014e-01
2.373535484075546265e-01
3.102404177188873291e-01
2.410992532968521118e-01
3.113521337509155273e-01
2.426375597715377808e-01
4.085226356983184814e-01
2.351079732179641724e-01
2.400356084108352661e-01
2.101017832756042480e-01
3.288381993770599365e-01
2.698167860507965088e-01
2.242635041475296021e-01
2.865451276302337646e-01
3.516561090946197510e-01
2.953857481479644775e-01
2.313880771398544312e-01
2.576702833175659180e-01
1.989619135856628418e-01
2.607161104679107666e-01
2.802209854125976562e-01
2.460248470306396484e-01
2.312396168708801270e-01
2.745021879673004150e-01
2.123774439096450806e-01
2.490337342023849487e-01
2.774435579776763916e-01
3.088315725326538086e-01
2.908289730548858643e-01
2.806205153465270996e-01
3.127308487892150879e-01
2.575358450412750244e-01
2.885893881320953369e-01
2.459036707878112793e-01
4.239940345287322998e-01
2.702543437480926514e-01
1.957095265388488770e-01
3.785095512866973877e-01
2.445073574781417847e-01
2.428702861070632935e-01
2.022331953048706055e-01
2.762776911258697510e-01
2.182461619377136230e-01
2.636144459247589111e-01
3.429949283599853516e-01
4.600814878940582275e-01
1.978579759597778320e-01
3.235446810722351074e-01
3.003393113613128662e-01
2.125080972909927368e-01
2.707127034664154053e-01
2.777222692966461182e-01
3.049735128879547119e-01
3.040674924850463867e-01
3.665659427642822266e-01
2.898926436901092529e-01
2.464123219251632690e-01
2.311764508485794067e-01
2.204799056053161621e-01
2.481631487607955933e-01
2.988661527633666992e-01
2.234999090433120728e-01
3.501565754413604736e-01
3.545731604099273682e-01
2.749125063419342041e-01
2.897366285324096680e-01
2.571341097354888916e-01
3.020215332508087158e-01
2.108022123575210571e-01
2.381430268287658691e-01
3.501755297183990479e-01
3.696490228176116943e-01
2.146431952714920044e-01
2.714515626430511475e-01
2.662291228771209717e-01
2.120381146669387817e-01
2.594451606273651123e-01
2.163192033767700195e-01
5.390603542327880859e-01
2.389266937971115112e-01
2.170294523239135742e-01
3.920584917068481445e-01
2.651540935039520264e-01
2.229498773813247681e-01
2.826088368892669678e-01
2.951588332653045654e-01
1.873277872800827026e-01
3.197284638881683350e-01
2.601178884506225586e-01
2.740770578384399414e-01
3.129703104496002197e-01
1.873720884323120117e-01
2.564750313758850098e-01
2.233596295118331909e-01
2.314175963401794434e-01
2.409841269254684448e-01
2.725091278553009033e-01
2.804768085479736328e-01
5.130578875541687012e-01
2.919361293315887451e-01
4.318911731243133545e-01
2.631889283657073975e-01
2.656759023666381836e-01
2.834062278270721436e-01
1.837484091520309448e-01
2.045452594757080078e-01
3.598182201385498047e-01
2.508629262447357178e-01
3.197223544120788574e-01
2.652123868465423584e-01
1.762326955795288086e-01
2.107866406440734863e-01
2.543515861034393311e-01
2.357917279005050659e-01
3.085770010948181152e-01
2.187886983156204224e-01
2.282189279794692993e-01
2.394489645957946777e-01
2.155100703239440918e-01
2.219739705324172974e-01
2.528216540813446045e-01
3.716902434825897217e-01
2.973225712776184082e-01
1.749248504638671875e-01
2.636867165565490723e-01
3.689713478088378906e-01
2.154000401496887207e-01
2.282914519309997559e-01
3.465264141559600830e-01
2.562146484851837158e-01
3.229246437549591064e-01
3.316386044025421143e-01
3.157652914524078369e-01
2.893288731575012207e-01
5.187221169471740723e-01
3.071855902671813965e-01
2.493954449892044067e-01
2.372541874647140503e-01
3.498147428035736084e-01
2.418001145124435425e-01
1.878513544797897339e-01
2.663567066192626953e-01
2.044601887464523315e-01
2.919973433017730713e-01
2.852599918842315674e-01
3.219487667083740234e-01
2.652842998504638672e-01
3.092768788337707520e-01
3.736754655838012695e-01
2.962954938411712646e-01
3.492601811885833740e-01
2.364929914474487305e-01
3.035583794116973877e-01
2.218196839094161987e-01
4.153513908386230469e-01
3.824268877506256104e-01
2.312962561845779419e-01
2.450952976942062378e-01
1.889870911836624146e-01
3.810144960880279541e-01
4.575514495372772217e-01
3.016861379146575928e-01
2.759323716163635254e-01
1.500223726034164429e-01
2.657196819782257080e-01
3.512736260890960693e-01
3.105103969573974609e-01
2.760978937149047852e-01
2.477740049362182617e-01
2.994415462017059326e-01
2.374026924371719360e-01
2.300515174865722656e-01
2.491401433944702148e-01
3.112857937812805176e-01
4.210445880889892578e-01
3.024742603302001953e-01
2.322188019752502441e-01
2.592696547508239746e-01
2.946601212024688721e-01
3.579158484935760498e-01
2.735737562179565430e-01
4.468877315521240234e-01
2.766484916210174561e-01
2.246582508087158203e-01
2.501220703125000000e-01
1.743314713239669800e-01
2.796489298343658447e-01
4.115431308746337891e-01
2.561917006969451904e-01
1.823906749486923218e-01
2.643315792083740234e-01
2.247869223356246948e-01
2.691916525363922119e-01
2.186404317617416382e-01
4.137194156646728516e-01
2.850578725337982178e-01
3.642765581607818604e-01
3.601625263690948486e-01
3.421842753887176514e-01
3.085986077785491943e-01
2.636792659759521484e-01
2.580399215221405029e-01
2.514257729053497314e-01
2.438307851552963257e-01
2.358977347612380981e-01
4.125703275203704834e-01
2.621159851551055908e-01
2.780555486679077148e-01
2.965113222599029541e-01
2.722795903682708740e-01
2.896122634410858154e-01
3.541077077388763428e-01
2.214190512895584106e-01
3.208770453929901123e-01
3.101521432399749756e-01
3.313656151294708252e-01
3.468566834926605225e-01
2.170392721891403198e-01
2.860524356365203857e-01
9.766335487365722656e-01
3.978627920150756836e-01
2.976476550102233887e-01
1.931667327880859375e-01
2.043860405683517456e-01
3.794727027416229248e-01
2.382380813360214233e-01
2.783089876174926758e-01
3.470681011676788330e-01
2.881169319152832031e-01
3.890314996242523193e-01
2.073685377836227417e-01
2.896137237548828125e-01
3.105659782886505127e-01
2.525559961795806885e-01
2.767947316169738770e-01
3.027992844581604004e-01
2.802346646785736084e-01
3.193758428096771240e-01
1.856663823127746582e-01
2.351435273885726929e-01
3.115722835063934326e-01
2.792580425739288330e-01
5.688109397888183594e-01
3.855527639389038086e-01
4.500678479671478271e-01
1.846401244401931763e-01
2.732668220996856689e-01
3.092093765735626221e-01
5.814962387084960938e-01
2.188812494277954102e-01
2.459738701581954956e-01
2.372857928276062012e-01
2.842696011066436768e-01
3.889115154743194580e-01
2.198980301618576050e-01
2.733304202556610107e-01
2.740714848041534424e-01
2.440367937088012695e-01
2.630990445613861084e-01
2.718476951122283936e-01
4.127919375896453857e-01
3.784146308898925781e-01
3.513755500316619873e-01
3.132441937923431396e-01
3.180873095989227295e-01
2.210236340761184692e-01
3.111008107662200928e-01
3.810180723667144775e-01
3.123324215412139893e-01
3.150803148746490479e-01
3.249630928039550781e-01
2.501175701618194580e-01
2.928507924079895020e-01
2.447089403867721558e-01
2.768720388412475586e-01
2.246484756469726562e-01
3.029464781284332275e-01
2.016464024782180786e-01
2.232826203107833862e-01
3.542249500751495361e-01
2.541866898536682129e-01
2.856454253196716309e-01
3.457696437835693359e-01
2.679332792758941650e-01
3.226064145565032959e-01
2.800154387950897217e-01
2.344921678304672241e-01
2.730560600757598877e-01
2.942968308925628662e-01
2.273623496294021606e-01
1.796323210000991821e-01
3.515094220638275146e-01
2.812260389328002930e-01
2.404747158288955688e-01
2.672781646251678467e-01
4.657330513000488281e-01
3.247849643230438232e-01
4.060294628143310547e-01
2.620311975479125977e-01
2.002122849225997925e-01
2.377146035432815552e-01
2.855404913425445557e-01
2.166692018508911133e-01
3.035333454608917236e-01
1.815364807844161987e-01
2.966924011707305908e-01
2.842672169208526611e-01
2.210086137056350708e-01
3.311188220977783203e-01
4.536028802394866943e-01
2.998069226741790771e-01
1.872302293777465820e-01
2.535241246223449707e-01
2.510197162628173828e-01
2.484218627214431763e-01
6.985118389129638672e-01
6.516777873039245605e-01
2.920614778995513916e-01
3.179965317249298096e-01
2.760177850723266602e-01
1.924269795417785645e-01
3.370414972305297852e-01
2.396237105131149292e-01
2.377084940671920776e-01
2.024746537208557129e-01
2.142658233642578125e-01
3.229114115238189697e-01
1.984581351280212402e-01
2.456808835268020630e-01
2.575408816337585449e-01
2.912040650844573975e-01
4.241186082363128662e-01
3.800827562808990479e-01
2.166510075330734253e-01
2.852075397968292236e-01
2.919496893882751465e-01
2.254751771688461304e-01
3.615808486938476562e-01
2.100027650594711304e-01
2.889809906482696533e-01
2.759260833263397217e-01
3.108590543270111084e-01
2.586850225925445557e-01
1.907115131616592407e-01
2.660255730152130127e-01
1.859714388847351074e-01
2.827351391315460205e-01
2.874931097030639648e-01
2.349200993776321411e-01
3.142336308956146240e-01
2.857685089111328125e-01
2.934322357177734375e-01
2.655353546142578125e-01
2.180968075990676880e-01
2.906248271465301514e-01
3.046123087406158447e-01
5.331873893737792969e-01
3.238687813282012939e-01
2.397839426994323730e-01
3.136273622512817383e-01
2.335914522409439087e-01
2.485055923461914062e-01
2.826989889144897461e-01
2.040665894746780396e-01
2.688252031803131104e-01
2.695780098438262939e-01
2.199772000312805176e-01
3.172162473201751709e-01
2.842505872249603271e-01
2.316355556249618530e-01
2.657883167266845703e-01
2.974800467491149902e-01
3.430754840373992920e-01
2.249148935079574585e-01
3.452835381031036377e-01
3.783257901668548584e-01
4.635336697101593018e-01
2.946856319904327393e-01
3.014124333858489990e-01
3.157609701156616211e-01
2.629719078540802002e-01
2.520217895507812500e-01
2.886868715286254883e-01
2.480036169290542603e-01
2.967018187046051025e-01
2.097530215978622437e-01
2.941968142986297607e-01
2.024746388196945190e-01
3.115742504596710205e-01
2.749539911746978760e-01
2.487675398588180542e-01
2.864899635314941406e-01
3.568332493305206299e-01
2.819761931896209717e-01
2.030860781669616699e-01
2.975744009017944336e-01
2.725229561328887939e-01
2.122958749532699585e-01
6.214432120323181152e-01
2.853389084339141846e-01
1.951493769884109497e-01
3.723248243331909180e-01
3.223048746585845947e-01
1.485791355371475220e-01
2.268088310956954956e-01
2.618436813354492188e-01
1.980206221342086792e-01
2.555609643459320068e-01
3.470808565616607666e-01
4.070893824100494385e-01
2.118200212717056274e-01
2.213647365570068359e-01
2.582680881023406982e-01
3.513473570346832275e-01
2.332071661949157715e-01
3.930696547031402588e-01
3.015525043010711670e-01
3.454979360103607178e-01
2.367020398378372192e-01
2.476332634687423706e-01
2.832113206386566162e-01
2.571296989917755127e-01
2.675060629844665527e-01
3.294562995433807373e-01
2.628540098667144775e-01
2.667057812213897705e-01
2.650911509990692139e-01
2.204011827707290649e-01
2.023779004812240601e-01
1.906568408012390137e-01
1.901242583990097046e-01
3.894983232021331787e-01
2.071130722761154175e-01
3.286221325397491455e-01
3.516205847263336182e-01
2.441192120313644409e-01
3.392141759395599365e-01
1.848462671041488647e-01
1.964514702558517456e-01
2.834619581699371338e-01
2.428539246320724487e-01
6.573374867439270020e-01
2.980673611164093018e-01
3.780258595943450928e-01
3.101012706756591797e-01
2.779768407344818115e-01
3.278513848781585693e-01
2.485801577568054199e-01
3.371736109256744385e-01
3.027652502059936523e-01
3.149600028991699219e-01
2.953813672065734863e-01
3.017772138118743896e-01
2.725763916969299316e-01
2.878737747669219971e-01
4.762250185012817383e-01
2.802115678787231445e-01
2.204967737197875977e-01
2.075320035219192505e-01
3.181446790695190430e-01
2.864155769348144531e-01
3.072595596313476562e-01
1.922426968812942505e-01
2.555409967899322510e-01
2.203220576047897339e-01
2.687001228332519531e-01
2.513459026813507080e-01
2.448219507932662964e-01
2.039383202791213989e-01
2.854065895080566406e-01
3.570995032787322998e-01
3.342579305171966553e-01
2.468375414609909058e-01
3.354425430297851562e-01
2.478065043687820435e-01
2.468014508485794067e-01
3.016739487648010254e-01
4.004420340061187744e-01
3.773084878921508789e-01
1.832374334335327148e-01
2.573131620883941650e-01
2.848735749721527100e-01
2.584366500377655029e-01
3.103602230548858643e-01
2.019302099943161011e-01
2.700493037700653076e-01
2.312226891517639160e-01
2.854374051094055176e-01
2.334373146295547485e-01
2.514252364635467529e-01
2.317387312650680542e-01
3.354397714138031006e-01
2.910392582416534424e-01
2.679505050182342529e-01
1.690979003906250000e-01
2.835312187671661377e-01
2.661650180816650391e-01
2.731994092464447021e-01
2.645793557167053223e-01
2.654391825199127197e-01
2.842755019664764404e-01
2.720614373683929443e-01
5.467855930328369141e-01
3.437604606151580811e-01
2.583489716053009033e-01
5.462234616279602051e-01
3.047129511833190918e-01
4.161008596420288086e-01
3.488030135631561279e-01
3.149180412292480469e-01
3.831690251827239990e-01
2.723313570022583008e-01
2.494513988494873047e-01
2.461122721433639526e-01
2.769932448863983154e-01
2.510351836681365967e-01
3.005014359951019287e-01
2.018315047025680542e-01
2.201856970787048340e-01
2.941345274448394775e-01
1.877614259719848633e-01
3.654565513134002686e-01
2.604253590106964111e-01
2.576945722103118896e-01
2.920643091201782227e-01
2.441965341567993164e-01
2.811698019504547119e-01
3.861857354640960693e-01
3.222961723804473877e-01
4.298488199710845947e-01
3.335004746913909912e-01
2.077254801988601685e-01
4.677951335906982422e-01
3.050588071346282959e-01
2.760707736015319824e-01
2.308546751737594604e-01
2.936632633209228516e-01
3.236139714717864990e-01
2.410913705825805664e-01
2.386202067136764526e-01
2.460940480232238770e-01
2.023704499006271362e-01
2.711966037750244141e-01
2.820675075054168701e-01
3.134564161300659180e-01
2.868408858776092529e-01
2.450576573610305786e-01
2.247070819139480591e-01
2.038077563047409058e-01
2.634612023830413818e-01
2.932212650775909424e-01
2.491918355226516724e-01
1.988761872053146362e-01
2.288241535425186157e-01
2.652999162673950195e-01
2.723808586597442627e-01
2.603729069232940674e-01
2.397253960371017456e-01
2.574365139007568359e-01
3.495282828807830811e-01
2.552844583988189697e-01
3.467584550380706787e-01
2.623674273490905762e-01
2.100161314010620117e-01
3.442109525203704834e-01
3.180133104324340820e-01
2.265852689743041992e-01
2.044021338224411011e-01
2.497993260622024536e-01
4.227246344089508057e-01
2.701644897460937500e-01
3.511898517608642578e-01
3.002041578292846680e-01
2.251130491495132446e-01
2.495167404413223267e-01
1.745377331972122192e-01
2.722568511962890625e-01
3.780437409877777100e-01
3.657285273075103760e-01
3.621897399425506592e-01
1.786836385726928711e-01
2.365762144327163696e-01
2.747775018215179443e-01
2.665439546108245850e-01
2.129732221364974976e-01
2.725772559642791748e-01
2.991071641445159912e-01
1.895896941423416138e-01
2.040216326713562012e-01
2.277569323778152466e-01
2.773965895175933838e-01
3.326816856861114502e-01
2.711096405982971191e-01
2.053692489862442017e-01
2.640618681907653809e-01
2.955245971679687500e-01
1.718903332948684692e-01
2.426054626703262329e-01
1.923395842313766479e-01
2.780444025993347168e-01
1.955810934305191040e-01
2.087245136499404907e-01
2.034330368041992188e-01
4.328933954238891602e-01
2.733460366725921631e-01
2.811081409454345703e-01
1.542818844318389893e-01
3.758741617202758789e-01
3.065395057201385498e-01
3.054697215557098389e-01
3.565606176853179932e-01
1.954955905675888062e-01
2.573937475681304932e-01
2.797564268112182617e-01
3.725601732730865479e-01
1.673877984285354614e-01
2.657273113727569580e-01
2.614550590515136719e-01
2.700839936733245850e-01
2.364619374275207520e-01
3.032325804233551025e-01
3.063065111637115479e-01
2.258408069610595703e-01
3.123336732387542725e-01
3.245450258255004883e-01
2.707566320896148682e-01
2.420846670866012573e-01
2.689920663833618164e-01
2.082254886627197266e-01
3.674203455448150635e-01
3.181367814540863037e-01
2.336349040269851685e-01
2.042692154645919800e-01
2.498569041490554810e-01
2.228767424821853638e-01
2.747863233089447021e-01
3.181598484516143799e-01
2.902099788188934326e-01
2.604318559169769287e-01
3.112238645553588867e-01
3.281183540821075439e-01
2.817541062831878662e-01
2.939953505992889404e-01
2.953670322895050049e-01
2.809546291828155518e-01
2.121260315179824829e-01
2.568611800670623779e-01
3.344068825244903564e-01
2.336263060569763184e-01
4.415261745452880859e-01
2.578146755695343018e-01
3.117090165615081787e-01
2.685716450214385986e-01
3.017602860927581787e-01
4.057029783725738525e-01
2.663559019565582275e-01
3.069086074829101562e-01
2.519004344940185547e-01
2.122076004743576050e-01
2.103996723890304565e-01
3.233459293842315674e-01
2.052850574254989624e-01
2.083711028099060059e-01
2.917210757732391357e-01
3.124843537807464600e-01
2.314333468675613403e-01
2.724500596523284912e-01
2.655234634876251221e-01
2.525505125522613525e-01
3.050915300846099854e-01
3.431739509105682373e-01
2.609836757183074951e-01
2.355506569147109985e-01
2.106486558914184570e-01
3.243093788623809814e-01
2.333815544843673706e-01
2.477505654096603394e-01
2.797573506832122803e-01
4.339915215969085693e-01
2.740273773670196533e-01
2.551178932189941406e-01
2.757456004619598389e-01
2.999223470687866211e-01
2.773339450359344482e-01
3.042584955692291260e-01
2.502782642841339111e-01
1.875516921281814575e-01
3.174748122692108154e-01
3.267699182033538818e-01
2.787277698516845703e-01
1.959611624479293823e-01
3.447146415710449219e-01
2.333135753870010376e-01
2.990333139896392822e-01
2.580879628658294678e-01
2.437723875045776367e-01
2.960042059421539307e-01
2.597551047801971436e-01
2.582611143589019775e-01
2.240342050790786743e-01
3.419673144817352295e-01
3.976259231567382812e-01
2.423949837684631348e-01
3.750369846820831299e-01
1.968484520912170410e-01
1.673387736082077026e-01
1.637098491191864014e-01
3.530395328998565674e-01
2.669808864593505859e-01
3.402328193187713623e-01
2.533938884735107422e-01
3.638831377029418945e-01
2.300273329019546509e-01
2.092980742454528809e-01
2.636600434780120850e-01
3.036845922470092773e-01
2.991788089275360107e-01
2.231318503618240356e-01
2.577748000621795654e-01
3.562689721584320068e-01
1.985276937484741211e-01
2.449258416891098022e-01
3.896877467632293701e-01
3.066002130508422852e-01
2.775088846683502197e-01
2.340211421251296997e-01
2.314581722021102905e-01
2.748824357986450195e-01
2.599542737007141113e-01
2.017816156148910522e-01
3.020517528057098389e-01
5.420535802841186523e-01
3.940630257129669189e-01
2.201207429170608521e-01
2.438537627458572388e-01
2.613307535648345947e-01
3.143357038497924805e-01
2.766182124614715576e-01
2.661339044570922852e-01
2.388315200805664062e-01
2.806536555290222168e-01
2.215199470520019531e-01
1.913671940565109253e-01
2.756828963756561279e-01
3.221515119075775146e-01
2.448634058237075806e-01
2.865166962146759033e-01
3.475154638290405273e-01
3.098667562007904053e-01
2.847569584846496582e-01
2.274234294891357422e-01
2.599667012691497803e-01
3.835549354553222656e-01
2.620690166950225830e-01
2.053650021553039551e-01
3.284253776073455811e-01
2.950806915760040283e-01
1.565932929515838623e-01
2.301497608423233032e-01
3.012253344058990479e-01
2.467143982648849487e-01
4.903208911418914795e-01
2.725163400173187256e-01
2.007268667221069336e-01
1.962078660726547241e-01
2.209981828927993774e-01
2.681129872798919678e-01
2.064876109361648560e-01
2.742587327957153320e-01
2.710541486740112305e-01
2.835234105587005615e-01
2.628199756145477295e-01
2.501435279846191406e-01
2.433077692985534668e-01
3.582628667354583740e-01
1.562445014715194702e-01
2.273809760808944702e-01
2.637025415897369385e-01
2.475057840347290039e-01
2.458391636610031128e-01
1.954158097505569458e-01
1.726016551256179810e-01
2.825943231582641602e-01
2.964212596416473389e-01
2.557835280895233154e-01
2.586513459682464600e-01
3.266536295413970947e-01
1.939848214387893677e-01
2.711007297039031982e-01
2.522781789302825928e-01
2.136569619178771973e-01
2.394123524427413940e-01
2.365859150886535645e-01
2.852991521358489990e-01
5.468813776969909668e-01
2.697054147720336914e-01
3.576319217681884766e-01
2.697983682155609131e-01
3.471280634403228760e-01
2.579648196697235107e-01
2.525255382061004639e-01
2.409001141786575317e-01
2.956862151622772217e-01
1.974379569292068481e-01
2.462460547685623169e-01
4.274705648422241211e-01
1.843159645795822144e-01
2.171965390443801880e-01
2.787787020206451416e-01
3.978123664855957031e-01
1.951097995042800903e-01
2.130019813776016235e-01
2.622729241847991943e-01
3.394218683242797852e-01
2.439417839050292969e-01
2.826956212520599365e-01
1.788882464170455933e-01
2.770310342311859131e-01
2.300503104925155640e-01
2.122866362333297729e-01
2.693651020526885986e-01
3.334561884403228760e-01
3.004931509494781494e-01
2.446080893278121948e-01
3.156701624393463135e-01
3.098646700382232666e-01
3.231529295444488525e-01
2.750611305236816406e-01
4.131754934787750244e-01
1.803774982690811157e-01
4.022130966186523438e-01
2.614264786243438721e-01
2.521402239799499512e-01
1.747842580080032349e-01
4.059009552001953125e-01
2.518124580383300781e-01
3.541455268859863281e-01
2.424173355102539062e-01
3.096632957458496094e-01
3.707156479358673096e-01
3.186043202877044678e-01
2.016801983118057251e-01
2.714704275131225586e-01
2.832942306995391846e-01
3.029751181602478027e-01
2.806860506534576416e-01
2.024352550506591797e-01
3.348394930362701416e-01
3.398667871952056885e-01
4.529244601726531982e-01
3.780102729797363281e-01
3.256554901599884033e-01
2.349391132593154907e-01
2.933951318264007568e-01
2.177033871412277222e-01
3.574583232402801514e-01
3.395204544067382812e-01
2.370926141738891602e-01
2.745101153850555420e-01
2.555787563323974609e-01
3.884477317333221436e-01
2.400334328413009644e-01
2.826558053493499756e-01
1.890235394239425659e-01
2.712114155292510986e-01
2.277564555406570435e-01
2.098715156316757202e-01
1.909892112016677856e-01
3.707761764526367188e-01
4.162026941776275635e-01
3.404065072536468506e-01
2.420419901609420776e-01
2.458092719316482544e-01
2.048326581716537476e-01
3.795580565929412842e-01
2.231808155775070190e-01
3.025934696197509766e-01
2.751919627189636230e-01
1.642030328512191772e-01
2.561691999435424805e-01
3.584854602813720703e-01
2.165120691061019897e-01
2.975069582462310791e-01
3.126080334186553955e-01
3.003882467746734619e-01
3.503015339374542236e-01
2.556542456150054932e-01
3.417183458805084229e-01
2.402371168136596680e-01
2.112652063369750977e-01
3.574852049350738525e-01
1.518957912921905518e-01
3.050310909748077393e-01
2.426067143678665161e-01
3.031908571720123291e-01
2.172458618879318237e-01
2.498300224542617798e-01
2.735297381877899170e-01
1.996793150901794434e-01
2.357846945524215698e-01
2.750523984432220459e-01
3.267330229282379150e-01
2.223958820104598999e-01
2.007443457841873169e-01
2.205716371536254883e-01
2.101294547319412231e-01
2.638446986675262451e-01
2.198513001203536987e-01
5.562598705291748047e-01
3.445687592029571533e-01
3.062049448490142822e-01
1.986015588045120239e-01
2.617888450622558594e-01
2.378732711076736450e-01
2.070857733488082886e-01
2.727741897106170654e-01
2.610273659229278564e-01
4.211983978748321533e-01
2.357699424028396606e-01
5.081743597984313965e-01
2.216143012046813965e-01
3.239009380340576172e-01
4.462755024433135986e-01
2.024029642343521118e-01
3.666101396083831787e-01
2.610892057418823242e-01
2.938456237316131592e-01
2.987132966518402100e-01
2.931790649890899658e-01
3.919533789157867432e-01
2.444831877946853638e-01
2.545451819896697998e-01
2.876539826393127441e-01
2.524273693561553955e-01
2.692286372184753418e-01
3.537049293518066406e-01
1.767931580543518066e-01
2.395086884498596191e-01
2.632970213890075684e-01
1.581400632858276367e-01
2.989469766616821289e-01
3.049677610397338867e-01
2.883225083351135254e-01
2.285638302564620972e-01
2.574069797992706299e-01
2.881635129451751709e-01
1.828993707895278931e-01
3.319015502929687500e-01
2.491939514875411987e-01
2.312320470809936523e-01
1.780147552490234375e-01
2.250440120697021484e-01
2.882702648639678955e-01
2.458288222551345825e-01
2.824192643165588379e-01
3.237490952014923096e-01
4.634029865264892578e-01
2.464622706174850464e-01
2.457756847143173218e-01
2.090644240379333496e-01
2.678199708461761475e-01
2.355907708406448364e-01
7.222525477409362793e-01
3.384943008422851562e-01
2.505880296230316162e-01
3.567205369472503662e-01
2.592944800853729248e-01
2.368012666702270508e-01
1.585672050714492798e-01
2.134817391633987427e-01
2.589018642902374268e-01
3.067647516727447510e-01
2.204041033983230591e-01
4.736458063125610352e-01
2.524786293506622314e-01
3.189219534397125244e-01
4.212512075901031494e-01
2.180293351411819458e-01
3.265992105007171631e-01
2.858662605285644531e-01
2.104686051607131958e-01
3.748724460601806641e-01
2.784409821033477783e-01
1.565777808427810669e-01
2.607643604278564453e-01
5.413250327110290527e-01
2.549370229244232178e-01
3.306632339954376221e-01
2.914640009403228760e-01
2.735663950443267822e-01
2.884766459465026855e-01
1.800405234098434448e-01
2.464599013328552246e-01
2.862983345985412598e-01
2.086796611547470093e-01
2.148419618606567383e-01
3.225077390670776367e-01
1.894236952066421509e-01
3.158979713916778564e-01
3.037834465503692627e-01
2.177821397781372070e-01
1.977866441011428833e-01
4.077226221561431885e-01
1.977624744176864624e-01
3.497072756290435791e-01
2.894800007343292236e-01
2.055001407861709595e-01
2.689819633960723877e-01
1.845004111528396606e-01
2.315431088209152222e-01
2.717397809028625488e-01
2.577422261238098145e-01
3.577060401439666748e-01
2.865584790706634521e-01
2.627519369125366211e-01
2.849777042865753174e-01
2.273259907960891724e-01
6.636680960655212402e-01
3.245745897293090820e-01
3.101289570331573486e-01
2.580750286579132080e-01
3.015266954898834229e-01
3.177837133407592773e-01
2.279202938079833984e-01
3.471734523773193359e-01
2.346864193677902222e-01
2.618097662925720215e-01
2.842516601085662842e-01
2.371790409088134766e-01
3.518929183483123779e-01
2.484375685453414917e-01
4.564140737056732178e-01
3.837751448154449463e-01
3.063877224922180176e-01
2.836363613605499268e-01
2.334269732236862183e-01
3.083410561084747314e-01
3.383812904357910156e-01
3.434977531433105469e-01
3.105661571025848389e-01
3.173367977142333984e-01
3.011010289192199707e-01
2.756801247596740723e-01
1.989062428474426270e-01
2.511697113513946533e-01
2.745685577392578125e-01
2.968370616436004639e-01
3.722056448459625244e-01
2.926729023456573486e-01
2.488893419504165649e-01
3.382214009761810303e-01
3.092189729213714600e-01
2.835116088390350342e-01
3.122291862964630127e-01
3.601149618625640869e-01
2.677468359470367432e-01
2.314093112945556641e-01
2.490628957748413086e-01
2.529617846012115479e-01
2.369991093873977661e-01
2.148744612932205200e-01
3.366653621196746826e-01
3.644629418849945068e-01
2.952932417392730713e-01
2.940012812614440918e-01
3.722980320453643799e-01
2.921656072139739990e-01
4.084089696407318115e-01
2.332221418619155884e-01
1.702442020177841187e-01
2.830956876277923584e-01
5.096898674964904785e-01
2.575659751892089844e-01
2.241312265396118164e-01
2.518263161182403564e-01
3.158007860183715820e-01
3.115948140621185303e-01
2.547028064727783203e-01
2.853454351425170898e-01
3.075184524059295654e-01
5.167285799980163574e-01
3.862877786159515381e-01
2.172240465879440308e-01
2.710880339145660400e-01
2.596017122268676758e-01
3.298039138317108154e-01
3.573286235332489014e-01
4.170141220092773438e-01
2.575346529483795166e-01
3.091552257537841797e-01
3.743226528167724609e-01
1.927902251482009888e-01
2.406676411628723145e-01
2.921109497547149658e-01
3.726268708705902100e-01
2.968251407146453857e-01
2.824357748031616211e-01
3.543121814727783203e-01
2.217298001050949097e-01
2.532226741313934326e-01
3.114928305149078369e-01
2.481172084808349609e-01
2.522550523281097412e-01
2.805017232894897461e-01
2.674458920955657959e-01
2.476614564657211304e-01
3.601997196674346924e-01
2.640148103237152100e-01
2.688287198543548584e-01
2.729073464870452881e-01
2.102818936109542847e-01
2.563197612762451172e-01
3.681271076202392578e-01
3.050373792648315430e-01
1.922827959060668945e-01
5.273368954658508301e-01
2.408440858125686646e-01
2.861583530902862549e-01
1.903018951416015625e-01
1.677319854497909546e-01
1.996115893125534058e-01
4.557870924472808838e-01
3.400006592273712158e-01
2.017843723297119141e-01
2.613001763820648193e-01
2.442772388458251953e-01
2.450269907712936401e-01
3.720365464687347412e-01
3.174477517604827881e-01
2.666627168655395508e-01
4.237828254699707031e-01
1.850378960371017456e-01
2.071724385023117065e-01
2.796396911144256592e-01
3.756902217864990234e-01
1.852350682020187378e-01
2.087341696023941040e-01
1.789977103471755981e-01
4.445450305938720703e-01
2.760360538959503174e-01
2.115273028612136841e-01
2.159601002931594849e-01
2.427988052368164062e-01
2.149193137884140015e-01
2.876448631286621094e-01
1.966314762830734253e-01
2.948757112026214600e-01
3.269038498401641846e-01
3.502764701843261719e-01
2.687945365905761719e-01
3.182045221328735352e-01
2.593220770359039307e-01
1.767322868108749390e-01
2.510679960250854492e-01
2.419989705085754395e-01
2.731628715991973877e-01
2.667102515697479248e-01
2.691538929939270020e-01
5.019564032554626465e-01
2.586662471294403076e-01
2.070115059614181519e-01
2.730074226856231689e-01
2.115750312805175781e-01
3.853115737438201904e-01
2.760557234287261963e-01
2.395105808973312378e-01
3.068761825561523438e-01
2.336341738700866699e-01
3.608881533145904541e-01
3.187103867530822754e-01
6.104267239570617676e-01
2.608606815338134766e-01
2.378101944923400879e-01
2.547647058963775635e-01
2.528508603572845459e-01
2.298767119646072388e-01
2.672405540943145752e-01
2.892173826694488525e-01
5.648086667060852051e-01
