1.610006690025329590e-01
1.634969860315322876e-01
1.927453428506851196e-01
1.975672245025634766e-01
2.522711157798767090e-01
1.838894933462142944e-01
1.701010465621948242e-01
2.172454446554183960e-01
2.415160089731216431e-01
2.121561914682388306e-01
2.200923413038253784e-01
2.004665583372116089e-01
1.922286897897720337e-01
1.662278622388839722e-01
2.693900763988494873e-01
1.970715522766113281e-01
1.905061155557632446e-01
1.715969890356063843e-01
2.032612562179565430e-01
1.700702309608459473e-01
1.666565686464309692e-01
1.818974018096923828e-01
2.256380766630172729e-01
1.627032756805419922e-01
2.534689903259277344e-01
1.985255330801010132e-01
2.058247178792953491e-01
3.644702732563018799e-01
2.202217578887939453e-01
1.948578357696533203e-01
1.576993912458419800e-01
2.225753515958786011e-01
1.956374496221542358e-01
1.692301779985427856e-01
2.469842284917831421e-01
1.681802719831466675e-01
1.981321722269058228e-01
2.243660837411880493e-01
1.915606856346130371e-01
1.844525486230850220e-01
2.022332549095153809e-01
1.815844029188156128e-01
1.878242939710617065e-01
1.636296510696411133e-01
2.048954218626022339e-01
2.054650038480758667e-01
2.207558900117874146e-01
1.837226152420043945e-01
1.739685535430908203e-01
2.027238160371780396e-01
2.516590058803558350e-01
2.146458178758621216e-01
1.886352300643920898e-01
2.456296831369400024e-01
1.729290038347244263e-01
1.770771294832229614e-01
1.870119124650955200e-01
1.836073398590087891e-01
1.824331730604171753e-01
1.984733492136001587e-01
1.486904919147491455e-01
1.811765581369400024e-01
1.955291479825973511e-01
1.620692610740661621e-01
1.624057143926620483e-01
1.901613920927047729e-01
1.814187765121459961e-01
1.848700493574142456e-01
2.023677229881286621e-01
1.883059889078140259e-01
1.871261447668075562e-01
1.819612830877304077e-01
2.097356468439102173e-01
1.933128386735916138e-01
1.764540672302246094e-01
1.875885576009750366e-01
2.098364084959030151e-01
1.920676231384277344e-01
1.722799986600875854e-01
1.695413738489151001e-01
1.858333498239517212e-01
1.647207587957382202e-01
2.339463084936141968e-01
1.589522212743759155e-01
1.925586909055709839e-01
1.783304959535598755e-01
1.844388246536254883e-01
2.083909362554550171e-01
1.673607826232910156e-01
2.206617146730422974e-01
1.711632013320922852e-01
1.828190833330154419e-01
2.375988960266113281e-01
2.228510230779647827e-01
1.888150423765182495e-01
1.990602165460586548e-01
1.606509536504745483e-01
1.583926677703857422e-01
1.678486317396163940e-01
2.759519219398498535e-01
1.964582949876785278e-01
1.909561604261398315e-01
1.625672578811645508e-01
1.925020962953567505e-01
1.812535524368286133e-01
1.959480494260787964e-01
1.916475296020507812e-01
2.366421669721603394e-01
1.819245219230651855e-01
2.732341289520263672e-01
2.042816132307052612e-01
1.833421587944030762e-01
1.974929124116897583e-01
1.957389265298843384e-01
1.490714848041534424e-01
1.914136856794357300e-01
1.714533567428588867e-01
2.437467128038406372e-01
1.719492673873901367e-01
2.687740921974182129e-01
1.796930283308029175e-01
1.617338210344314575e-01
2.540304362773895264e-01
1.890918016433715820e-01
1.972295492887496948e-01
1.892264932394027710e-01
1.859014034271240234e-01
1.830271035432815552e-01
1.667637079954147339e-01
1.895428746938705444e-01
1.912454813718795776e-01
1.835898011922836304e-01
1.858432292938232422e-01
1.921069025993347168e-01
1.720714569091796875e-01
1.841569095849990845e-01
1.514602154493331909e-01
1.882972121238708496e-01
1.787090450525283813e-01
1.861554980278015137e-01
1.611454635858535767e-01
1.819692254066467285e-01
1.555594652891159058e-01
1.735646724700927734e-01
1.590049415826797485e-01
1.815695762634277344e-01
1.990547925233840942e-01
1.651833802461624146e-01
2.116859555244445801e-01
1.777123212814331055e-01
1.633878350257873535e-01
1.922860145568847656e-01
2.265961319208145142e-01
1.636397391557693481e-01
1.865474134683609009e-01
1.636780947446823120e-01
2.713031768798828125e-01
2.017634660005569458e-01
1.608877629041671753e-01
1.538210809230804443e-01
1.882977485656738281e-01
1.883494704961776733e-01
1.569294780492782593e-01
1.920046657323837280e-01
2.245718687772750854e-01
2.138191461563110352e-01
1.623602211475372314e-01
1.784804314374923706e-01
2.292986959218978882e-01
1.650975197553634644e-01
1.937435418367385864e-01
2.709296047687530518e-01
2.205812186002731323e-01
2.225197702646255493e-01
2.213935703039169312e-01
1.911601424217224121e-01
1.846991777420043945e-01
2.459330558776855469e-01
2.106231898069381714e-01
1.799411177635192871e-01
1.989480853080749512e-01
1.945580691099166870e-01
2.080839425325393677e-01
1.584690064191818237e-01
2.007551193237304688e-01
1.616855114698410034e-01
1.903706938028335571e-01
1.675240397453308105e-01
2.667144238948822021e-01
1.807566285133361816e-01
2.282626628875732422e-01
1.672795563936233521e-01
1.766287535429000854e-01
1.953272372484207153e-01
1.684170812368392944e-01
1.636691540479660034e-01
3.198730647563934326e-01
1.708132624626159668e-01
1.633232235908508301e-01
1.975607424974441528e-01
1.748517900705337524e-01
2.339881658554077148e-01
1.720488071441650391e-01
1.731620877981185913e-01
1.562825888395309448e-01
1.763006448745727539e-01
1.856325864791870117e-01
1.989046931266784668e-01
1.635579019784927368e-01
2.239909917116165161e-01
2.184245586395263672e-01
2.147970944643020630e-01
2.001344114542007446e-01
2.138160318136215210e-01
2.060996890068054199e-01
1.697313040494918823e-01
1.751710325479507446e-01
2.327825874090194702e-01
2.346740961074829102e-01
1.486737728118896484e-01
2.009401917457580566e-01
1.654252260923385620e-01
1.919306069612503052e-01
2.143965363502502441e-01
1.850615888833999634e-01
2.848910987377166748e-01
3.001554012298583984e-01
2.257484793663024902e-01
2.410214990377426147e-01
1.705893427133560181e-01
2.040535211563110352e-01
2.341807484626770020e-01
1.727339774370193481e-01
1.661346703767776489e-01
1.811407357454299927e-01
1.852592080831527710e-01
2.126883268356323242e-01
1.735451966524124146e-01
2.262748926877975464e-01
2.592679262161254883e-01
2.199109792709350586e-01
1.679123044013977051e-01
2.370613813400268555e-01
2.508945167064666748e-01
1.586057096719741821e-01
2.263041287660598755e-01
1.638952940702438354e-01
2.278617769479751587e-01
1.910336464643478394e-01
1.878761053085327148e-01
1.701244264841079712e-01
2.012159824371337891e-01
2.743415832519531250e-01
1.831137984991073608e-01
2.158674001693725586e-01
2.242246121168136597e-01
1.831942796707153320e-01
2.068105190992355347e-01
2.180371880531311035e-01
2.383678555488586426e-01
1.969547420740127563e-01
2.065887600183486938e-01
1.646688431501388550e-01
1.859457641839981079e-01
1.810552477836608887e-01
1.822079420089721680e-01
2.160259038209915161e-01
2.500776350498199463e-01
1.855001300573348999e-01
1.881412863731384277e-01
1.948892325162887573e-01
2.182568311691284180e-01
1.904910355806350708e-01
2.571464776992797852e-01
1.758992224931716919e-01
1.976326853036880493e-01
2.156534194946289062e-01
1.816202402114868164e-01
1.620994061231613159e-01
2.271924763917922974e-01
1.642112284898757935e-01
1.871750205755233765e-01
2.073481082916259766e-01
1.718197464942932129e-01
1.580123901367187500e-01
2.180966883897781372e-01
2.522585988044738770e-01
2.081847935914993286e-01
2.346184104681015015e-01
1.579535603523254395e-01
1.843688488006591797e-01
2.691514194011688232e-01
2.071391344070434570e-01
2.004173398017883301e-01
1.775081753730773926e-01
2.572225928306579590e-01
1.629255861043930054e-01
2.015625387430191040e-01
2.346553355455398560e-01
1.924329400062561035e-01
2.145379781723022461e-01
1.552325189113616943e-01
1.793977171182632446e-01
2.022549659013748169e-01
1.860467195510864258e-01
2.197450846433639526e-01
2.124810963869094849e-01
1.600134372711181641e-01
2.105818986892700195e-01
1.760390400886535645e-01
1.506583839654922485e-01
2.145880311727523804e-01
1.968443989753723145e-01
1.732864528894424438e-01
1.635082364082336426e-01
1.774459928274154663e-01
1.852793097496032715e-01
2.442708760499954224e-01
1.584452837705612183e-01
1.560782343149185181e-01
1.772428005933761597e-01
1.708203703165054321e-01
1.849247664213180542e-01
1.655604988336563110e-01
1.646522879600524902e-01
1.949830204248428345e-01
1.743436306715011597e-01
2.163786441087722778e-01
2.079177647829055786e-01
2.511109411716461182e-01
1.803663969039916992e-01
1.843668669462203979e-01
1.696194261312484741e-01
1.784472018480300903e-01
1.764591336250305176e-01
1.859289556741714478e-01
1.643864214420318604e-01
1.521468013525009155e-01
2.099133282899856567e-01
1.961623877286911011e-01
2.062772959470748901e-01
1.698325276374816895e-01
1.747913211584091187e-01
2.454927563667297363e-01
1.809886246919631958e-01
1.707490086555480957e-01
2.373929023742675781e-01
1.899524331092834473e-01
1.783309727907180786e-01
1.831004470586776733e-01
1.776267439126968384e-01
1.670460253953933716e-01
1.608815938234329224e-01
1.987451165914535522e-01
3.229375183582305908e-01
2.315906882286071777e-01
2.611188888549804688e-01
2.562879025936126709e-01
1.860231310129165649e-01
1.778992414474487305e-01
2.271353006362915039e-01
1.565700918436050415e-01
2.187221795320510864e-01
1.569126248359680176e-01
2.231543213129043579e-01
1.476117819547653198e-01
1.693075895309448242e-01
1.636629104614257812e-01
1.682738512754440308e-01
1.800466328859329224e-01
1.984019279479980469e-01
1.782896071672439575e-01
1.798136383295059204e-01
1.909664869308471680e-01
1.879294067621231079e-01
1.976736187934875488e-01
1.804044246673583984e-01
2.182716578245162964e-01
2.330406159162521362e-01
2.226172536611557007e-01
2.649775445461273193e-01
2.381889075040817261e-01
1.694716960191726685e-01
2.055905908346176147e-01
1.499934941530227661e-01
1.430785208940505981e-01
1.924123615026473999e-01
2.263861298561096191e-01
2.375385761260986328e-01
2.131793648004531860e-01
1.761001497507095337e-01
1.809011697769165039e-01
2.600251734256744385e-01
1.803071945905685425e-01
2.026964873075485229e-01
2.021807879209518433e-01
2.191985249519348145e-01
2.358319163322448730e-01
1.861474961042404175e-01
2.076310366392135620e-01
1.928597688674926758e-01
1.956656724214553833e-01
1.660281717777252197e-01
1.729377657175064087e-01
2.689620554447174072e-01
2.599511444568634033e-01
1.792031675577163696e-01
1.731188297271728516e-01
1.829985976219177246e-01
2.221784144639968872e-01
2.681593596935272217e-01
1.863420605659484863e-01
2.031620144844055176e-01
2.970533370971679688e-01
2.073832154273986816e-01
1.753586530685424805e-01
1.838586330413818359e-01
1.976329684257507324e-01
1.814610362052917480e-01
2.244430035352706909e-01
1.681051999330520630e-01
2.174386233091354370e-01
2.047481387853622437e-01
2.105264216661453247e-01
2.236074656248092651e-01
2.102312892675399780e-01
1.767123192548751831e-01
1.808522492647171021e-01
2.038681358098983765e-01
1.869866102933883667e-01
2.375290840864181519e-01
1.813325881958007812e-01
1.761557906866073608e-01
1.619233638048171997e-01
1.979261636734008789e-01
2.328227013349533081e-01
1.779759377241134644e-01
1.995775550603866577e-01
2.247102260589599609e-01
1.674133688211441040e-01
2.797773182392120361e-01
1.718827039003372192e-01
1.576326042413711548e-01
1.626239866018295288e-01
1.635115295648574829e-01
1.463216245174407959e-01
2.494640350341796875e-01
1.893593519926071167e-01
1.765629798173904419e-01
1.575736254453659058e-01
1.882981061935424805e-01
1.987291127443313599e-01
1.677650064229965210e-01
2.024574279785156250e-01
2.490709424018859863e-01
1.656163781881332397e-01
1.796197891235351562e-01
2.115337848663330078e-01
1.897869259119033813e-01
1.948518604040145874e-01
2.043663412332534790e-01
3.292436301708221436e-01
2.154350280761718750e-01
2.090985178947448730e-01
1.899576187133789062e-01
2.031738162040710449e-01
2.294772267341613770e-01
1.828734874725341797e-01
1.979741305112838745e-01
1.865730285644531250e-01
2.066357731819152832e-01
1.888094395399093628e-01
1.789982318878173828e-01
1.657272130250930786e-01
2.395579814910888672e-01
1.753797978162765503e-01
1.934353262186050415e-01
2.114072293043136597e-01
2.300066500902175903e-01
1.775233745574951172e-01
1.575983911752700806e-01
1.672186255455017090e-01
1.798302531242370605e-01
1.728937476873397827e-01
2.270538061857223511e-01
2.168980389833450317e-01
2.033450156450271606e-01
2.009041756391525269e-01
2.129052281379699707e-01
1.786137074232101440e-01
1.836538165807723999e-01
2.041743397712707520e-01
1.932206898927688599e-01
1.966413706541061401e-01
2.197776436805725098e-01
1.747256666421890259e-01
2.041822075843811035e-01
1.854980587959289551e-01
2.369904071092605591e-01
1.829753667116165161e-01
2.466161251068115234e-01
1.924945712089538574e-01
1.824771761894226074e-01
1.665567308664321899e-01
1.598628163337707520e-01
2.016759961843490601e-01
1.868469268083572388e-01
1.879756897687911987e-01
2.333792001008987427e-01
2.282083779573440552e-01
2.389683723449707031e-01
1.827884912490844727e-01
2.019081711769104004e-01
2.121983766555786133e-01
1.862832158803939819e-01
1.558434516191482544e-01
2.294778376817703247e-01
1.620596200227737427e-01
2.648472189903259277e-01
2.653576433658599854e-01
1.687063425779342651e-01
1.888376921415328979e-01
1.772351861000061035e-01
2.171845287084579468e-01
2.209605127573013306e-01
2.025419920682907104e-01
1.767926365137100220e-01
1.956437081098556519e-01
1.977329701185226440e-01
1.845102459192276001e-01
1.579243093729019165e-01
1.871170550584793091e-01
1.556069999933242798e-01
1.646425575017929077e-01
1.809790283441543579e-01
2.009357213973999023e-01
1.654078215360641479e-01
2.890065312385559082e-01
1.764159351587295532e-01
1.705344170331954956e-01
1.686040759086608887e-01
1.794987916946411133e-01
1.610734015703201294e-01
1.660604625940322876e-01
1.725970655679702759e-01
1.750020235776901245e-01
1.695853471755981445e-01
2.025192230939865112e-01
3.216564357280731201e-01
1.946692019701004028e-01
1.786862760782241821e-01
1.827159672975540161e-01
2.235051542520523071e-01
1.807417720556259155e-01
1.863181591033935547e-01
1.979478001594543457e-01
1.832334399223327637e-01
2.549650073051452637e-01
1.754056662321090698e-01
2.108930498361587524e-01
1.774809956550598145e-01
2.144169360399246216e-01
2.217869013547897339e-01
1.762434244155883789e-01
1.815903186798095703e-01
1.574210971593856812e-01
1.822047084569931030e-01
1.704647541046142578e-01
2.032963037490844727e-01
2.063164710998535156e-01
1.964386254549026489e-01
1.731754094362258911e-01
1.629089266061782837e-01
2.447855919599533081e-01
1.711327284574508667e-01
1.752892732620239258e-01
1.949326395988464355e-01
1.861710697412490845e-01
1.802053451538085938e-01
2.411855012178421021e-01
2.698540985584259033e-01
2.423523217439651489e-01
2.018869668245315552e-01
2.083228081464767456e-01
1.827080845832824707e-01
2.250351160764694214e-01
1.620587259531021118e-01
2.128647118806838989e-01
1.896095871925354004e-01
1.965143531560897827e-01
1.833783835172653198e-01
2.473578602075576782e-01
1.842864751815795898e-01
2.715682089328765869e-01
1.612503677606582642e-01
2.429027408361434937e-01
2.717988193035125732e-01
2.135252356529235840e-01
2.418170124292373657e-01
2.334694266319274902e-01
1.828529089689254761e-01
2.842082083225250244e-01
1.989289373159408569e-01
1.801403015851974487e-01
1.800934523344039917e-01
1.900509595870971680e-01
2.168381214141845703e-01
1.786501407623291016e-01
1.905994415283203125e-01
1.803943514823913574e-01
1.919358521699905396e-01
2.201969474554061890e-01
1.879312545061111450e-01
2.176877409219741821e-01
2.497544735670089722e-01
2.663367092609405518e-01
1.861614584922790527e-01
1.645624637603759766e-01
2.413264513015747070e-01
1.996326297521591187e-01
2.205724865198135376e-01
2.589710056781768799e-01
1.826036423444747925e-01
1.836905032396316528e-01
2.172608226537704468e-01
2.539802491664886475e-01
1.928565651178359985e-01
2.064101547002792358e-01
3.001184165477752686e-01
1.536955088376998901e-01
1.629658937454223633e-01
2.337713241577148438e-01
2.072989195585250854e-01
1.715182512998580933e-01
1.909416317939758301e-01
1.912693381309509277e-01
2.204257249832153320e-01
1.948059648275375366e-01
1.791880279779434204e-01
1.841751486063003540e-01
1.882708668708801270e-01
1.735598891973495483e-01
2.202319353818893433e-01
1.728632897138595581e-01
1.785000562667846680e-01
1.903223395347595215e-01
1.831447482109069824e-01
1.750632375478744507e-01
2.610994875431060791e-01
2.061209529638290405e-01
1.729206293821334839e-01
2.032936960458755493e-01
2.287983745336532593e-01
1.661467403173446655e-01
2.002495974302291870e-01
1.884599328041076660e-01
1.976010352373123169e-01
1.773330122232437134e-01
1.795973926782608032e-01
1.890239715576171875e-01
1.555733829736709595e-01
2.521900236606597900e-01
1.865721493959426880e-01
2.094373703002929688e-01
1.501646935939788818e-01
2.218933850526809692e-01
2.117988467216491699e-01
2.057269811630249023e-01
1.894833892583847046e-01
1.736409068107604980e-01
1.643713563680648804e-01
1.829637885093688965e-01
1.806090921163558960e-01
2.222725152969360352e-01
1.645469814538955688e-01
1.848989576101303101e-01
2.355632930994033813e-01
2.433468103408813477e-01
1.893128007650375366e-01
1.906634420156478882e-01
1.713006049394607544e-01
1.804043501615524292e-01
2.240312695503234863e-01
1.490436643362045288e-01
1.666236668825149536e-01
1.915580481290817261e-01
1.969037503004074097e-01
2.107713669538497925e-01
2.087752223014831543e-01
1.906582117080688477e-01
2.168708592653274536e-01
1.764689832925796509e-01
2.241965383291244507e-01
1.971864551305770874e-01
1.864318102598190308e-01
2.116613388061523438e-01
1.704398989677429199e-01
1.741169244050979614e-01
1.682485491037368774e-01
2.137685269117355347e-01
2.330204248428344727e-01
1.634782552719116211e-01
1.561951637268066406e-01
2.743457257747650146e-01
2.407906651496887207e-01
1.671253442764282227e-01
1.545148938894271851e-01
1.806950420141220093e-01
1.822710037231445312e-01
2.103686332702636719e-01
1.865438073873519897e-01
1.758777946233749390e-01
1.869053244590759277e-01
2.009845376014709473e-01
1.897385120391845703e-01
1.684264093637466431e-01
1.557566970586776733e-01
1.732437461614608765e-01
2.095714062452316284e-01
1.742296218872070312e-01
2.259576767683029175e-01
1.823086589574813843e-01
2.260363847017288208e-01
2.512507140636444092e-01
2.652965188026428223e-01
1.769529730081558228e-01
1.748601347208023071e-01
1.733577698469161987e-01
2.288548201322555542e-01
1.777524501085281372e-01
1.992743462324142456e-01
1.665685772895812988e-01
2.224170416593551636e-01
1.664476245641708374e-01
1.660127043724060059e-01
1.981416195631027222e-01
1.983930319547653198e-01
1.747290343046188354e-01
1.973475068807601929e-01
2.071764469146728516e-01
1.988605707883834839e-01
2.192209213972091675e-01
1.759992092847824097e-01
1.922412067651748657e-01
1.672689169645309448e-01
1.777316331863403320e-01
1.483069658279418945e-01
2.121511101722717285e-01
1.894809752702713013e-01
2.273561209440231323e-01
1.778435707092285156e-01
1.788343936204910278e-01
1.880223006010055542e-01
1.742133945226669312e-01
1.939367800951004028e-01
2.074060887098312378e-01
1.752991527318954468e-01
2.124260067939758301e-01
1.973511725664138794e-01
1.707507222890853882e-01
2.249851822853088379e-01
1.796614527702331543e-01
1.708497554063796997e-01
2.135990262031555176e-01
2.128504365682601929e-01
1.448734402656555176e-01
1.606442928314208984e-01
2.339042276144027710e-01
1.958996504545211792e-01
1.772804707288742065e-01
1.510963439941406250e-01
2.520152628421783447e-01
1.843672543764114380e-01
1.757031083106994629e-01
1.625799685716629028e-01
1.527217030525207520e-01
1.980518698692321777e-01
1.894550323486328125e-01
2.062196284532546997e-01
1.609134525060653687e-01
1.859663128852844238e-01
2.174954861402511597e-01
2.185321301221847534e-01
2.294036746025085449e-01
1.568459123373031616e-01
1.783026009798049927e-01
1.652132570743560791e-01
2.312117218971252441e-01
1.755073219537734985e-01
1.837987899780273438e-01
1.764869540929794312e-01
2.249614745378494263e-01
1.788676828145980835e-01
1.677557229995727539e-01
1.717106550931930542e-01
1.632762402296066284e-01
1.795729249715805054e-01
2.667391300201416016e-01
1.808185577392578125e-01
1.643873155117034912e-01
1.953553557395935059e-01
2.674095332622528076e-01
1.645223647356033325e-01
2.115523219108581543e-01
1.867229789495468140e-01
3.167942464351654053e-01
2.237807363271713257e-01
2.107715457677841187e-01
2.341787368059158325e-01
1.846955567598342896e-01
1.687707453966140747e-01
2.146752625703811646e-01
1.583295911550521851e-01
1.896831989288330078e-01
1.788832694292068481e-01
1.881182193756103516e-01
2.213208675384521484e-01
1.808852106332778931e-01
1.941875368356704712e-01
1.802178621292114258e-01
1.864166259765625000e-01
2.331327050924301147e-01
2.213949412107467651e-01
2.336379885673522949e-01
1.761947721242904663e-01
1.997403055429458618e-01
1.826310902833938599e-01
2.610993385314941406e-01
2.342648506164550781e-01
1.906598806381225586e-01
2.482183128595352173e-01
2.114487141370773315e-01
1.626830697059631348e-01
1.763944178819656372e-01
2.174411267042160034e-01
2.013887614011764526e-01
1.717533022165298462e-01
1.801866292953491211e-01
1.956670880317687988e-01
1.757889389991760254e-01
1.675863862037658691e-01
2.186614871025085449e-01
1.676944494247436523e-01
1.804105192422866821e-01
2.725665271282196045e-01
1.809801608324050903e-01
1.932571083307266235e-01
2.433260083198547363e-01
1.699045896530151367e-01
2.013093978166580200e-01
1.890284866094589233e-01
1.785245686769485474e-01
1.851702183485031128e-01
2.036514282226562500e-01
2.652881443500518799e-01
2.682981789112091064e-01
2.028201222419738770e-01
1.826064735651016235e-01
1.855654716491699219e-01
2.367535680532455444e-01
2.064039260149002075e-01
1.996577233076095581e-01
1.907087564468383789e-01
1.704759448766708374e-01
1.738766878843307495e-01
1.793471127748489380e-01
1.774608045816421509e-01
1.704583317041397095e-01
1.703047603368759155e-01
1.726368516683578491e-01
1.804510354995727539e-01
1.697577387094497681e-01
1.940333098173141479e-01
1.691452115774154663e-01
2.001292258501052856e-01
2.598738968372344971e-01
2.082986086606979370e-01
1.630575358867645264e-01
1.640981286764144897e-01
1.771453171968460083e-01
1.853140145540237427e-01
1.873325556516647339e-01
1.512157320976257324e-01
1.648992002010345459e-01
2.347139716148376465e-01
1.827046275138854980e-01
1.671922951936721802e-01
2.330275028944015503e-01
1.829202920198440552e-01
1.781113892793655396e-01
1.953592300415039062e-01
1.929864734411239624e-01
1.770899295806884766e-01
1.831586956977844238e-01
1.855626851320266724e-01
3.511886596679687500e-01
1.776522845029830933e-01
1.849249601364135742e-01
1.991094350814819336e-01
1.595126837491989136e-01
2.076847404241561890e-01
1.818960458040237427e-01
2.135583758354187012e-01
1.941057890653610229e-01
1.673963218927383423e-01
2.173145264387130737e-01
1.604817658662796021e-01
1.465942263603210449e-01
2.116919010877609253e-01
1.757572293281555176e-01
1.631715148687362671e-01
1.850871443748474121e-01
1.799375265836715698e-01
2.178667783737182617e-01
1.687528491020202637e-01
1.829050034284591675e-01
1.719644069671630859e-01
1.806585192680358887e-01
1.690324693918228149e-01
1.836410611867904663e-01
1.875068396329879761e-01
1.874058693647384644e-01
1.783767193555831909e-01
1.773918271064758301e-01
2.234276384115219116e-01
2.436950653791427612e-01
1.839081794023513794e-01
2.018557339906692505e-01
2.284576743841171265e-01
1.777416467666625977e-01
1.686596125364303589e-01
1.837332844734191895e-01
1.972453147172927856e-01
1.802950948476791382e-01
2.174392193555831909e-01
1.931184083223342896e-01
1.622487306594848633e-01
1.747729927301406860e-01
2.009972184896469116e-01
1.665671467781066895e-01
2.067596763372421265e-01
1.615186333656311035e-01
2.023797035217285156e-01
2.509517371654510498e-01
1.901551038026809692e-01
1.772084236145019531e-01
1.669992953538894653e-01
1.781071573495864868e-01
2.145161032676696777e-01
1.664677411317825317e-01
1.675578951835632324e-01
1.791765838861465454e-01
1.984328478574752808e-01
1.778463870286941528e-01
1.827943474054336548e-01
1.819176077842712402e-01
2.782311141490936279e-01
2.614092230796813965e-01
2.746503651142120361e-01
1.838981658220291138e-01
1.676945835351943970e-01
1.763272136449813843e-01
1.762025207281112671e-01
2.061476111412048340e-01
2.407597154378890991e-01
2.225575298070907593e-01
1.808433085680007935e-01
2.307655662298202515e-01
1.734852045774459839e-01
2.043203711509704590e-01
1.968661546707153320e-01
1.633172631263732910e-01
2.278329730033874512e-01
1.872215867042541504e-01
1.823071390390396118e-01
1.837597489356994629e-01
1.860145926475524902e-01
2.345298975706100464e-01
1.794275045394897461e-01
1.976866722106933594e-01
1.572860628366470337e-01
2.070057839155197144e-01
1.737619191408157349e-01
1.806760430335998535e-01
2.567985057830810547e-01
1.852434128522872925e-01
1.797808557748794556e-01
1.658328324556350708e-01
1.820756345987319946e-01
1.688319891691207886e-01
1.849207431077957153e-01
2.059566229581832886e-01
1.993639618158340454e-01
1.713422387838363647e-01
1.813715845346450806e-01
1.787837147712707520e-01
1.608220189809799194e-01
1.524818688631057739e-01
2.103908509016036987e-01
1.974209696054458618e-01
1.509208679199218750e-01
1.952240467071533203e-01
1.641282588243484497e-01
2.120629400014877319e-01
1.960314661264419556e-01
1.736787408590316772e-01
2.320010513067245483e-01
2.284382432699203491e-01
1.575138121843338013e-01
1.812468618154525757e-01
2.385949343442916870e-01
1.703497171401977539e-01
1.712964028120040894e-01
1.809550672769546509e-01
2.039925009012222290e-01
1.641104966402053833e-01
1.755846589803695679e-01
2.126337736845016479e-01
1.852318048477172852e-01
1.826175302267074585e-01
1.654077470302581787e-01
2.119737863540649414e-01
1.664920300245285034e-01
1.849695593118667603e-01
1.991866677999496460e-01
2.556292116641998291e-01
1.809976845979690552e-01
2.084295898675918579e-01
1.823554486036300659e-01
2.108710855245590210e-01
1.646651178598403931e-01
1.803674101829528809e-01
1.708442419767379761e-01
2.156386524438858032e-01
2.273799031972885132e-01
2.250371426343917847e-01
2.057375460863113403e-01
1.933820247650146484e-01
1.807351857423782349e-01
1.624564379453659058e-01
1.815406680107116699e-01
2.109911888837814331e-01
2.363391071557998657e-01
1.575473994016647339e-01
1.998580247163772583e-01
2.193095833063125610e-01
2.326257824897766113e-01
1.670689731836318970e-01
2.444116920232772827e-01
2.015860229730606079e-01
1.618865877389907837e-01
1.860278248786926270e-01
1.907119750976562500e-01
2.102134972810745239e-01
1.940948218107223511e-01
1.903236955404281616e-01
1.672229021787643433e-01
2.154509872198104858e-01
2.063550502061843872e-01
3.612745702266693115e-01
1.750722080469131470e-01
2.239827066659927368e-01
1.800196170806884766e-01
2.004697918891906738e-01
2.392345219850540161e-01
3.597178161144256592e-01
1.886195391416549683e-01
2.158473581075668335e-01
1.802755147218704224e-01
1.757430881261825562e-01
1.820720434188842773e-01
1.661576926708221436e-01
1.767328530550003052e-01
2.211851328611373901e-01
1.930973976850509644e-01
1.706977486610412598e-01
1.903017014265060425e-01
1.696087568998336792e-01
1.715325564146041870e-01
1.498188525438308716e-01
1.517511606216430664e-01
1.744282692670822144e-01
2.031988501548767090e-01
1.838959008455276489e-01
2.805421352386474609e-01
1.645952612161636353e-01
1.891206651926040649e-01
2.498059421777725220e-01
1.948737651109695435e-01
2.585767805576324463e-01
2.250086814165115356e-01
1.831564456224441528e-01
1.745079755783081055e-01
1.773775368928909302e-01
1.646236330270767212e-01
2.141319662332534790e-01
1.616644114255905151e-01
2.460176497697830200e-01
2.009810954332351685e-01
2.866648435592651367e-01
2.139860242605209351e-01
2.615338861942291260e-01
2.182830721139907837e-01
2.102570384740829468e-01
1.842447519302368164e-01
1.691056936979293823e-01
2.018433064222335815e-01
1.642680317163467407e-01
1.644918769598007202e-01
1.551138609647750854e-01
1.696596294641494751e-01
1.732468754053115845e-01
2.034369558095932007e-01
2.111548036336898804e-01
1.964629292488098145e-01
1.840659230947494507e-01
2.769136726856231689e-01
2.413681000471115112e-01
1.903403252363204956e-01
3.058482408523559570e-01
2.198697477579116821e-01
1.901303976774215698e-01
1.784143894910812378e-01
1.696706861257553101e-01
1.927825808525085449e-01
1.836849898099899292e-01
1.769145280122756958e-01
2.073510736227035522e-01
1.596978455781936646e-01
2.004262059926986694e-01
2.228831201791763306e-01
1.771009415388107300e-01
2.007492333650588989e-01
1.984333842992782593e-01
1.529608964920043945e-01
1.850474476814270020e-01
1.831594705581665039e-01
2.621506154537200928e-01
1.902172118425369263e-01
2.106309533119201660e-01
2.316396832466125488e-01
1.527443677186965942e-01
1.502741426229476929e-01
1.716820448637008667e-01
2.671847343444824219e-01
1.900032758712768555e-01
2.886728048324584961e-01
2.009811848402023315e-01
1.880330294370651245e-01
2.307817190885543823e-01
2.447580695152282715e-01
2.054079324007034302e-01
1.801883578300476074e-01
1.583120226860046387e-01
1.774954348802566528e-01
1.949690133333206177e-01
1.721158027648925781e-01
2.192700952291488647e-01
1.854913085699081421e-01
2.208360284566879272e-01
1.774755567312240601e-01
1.816708892583847046e-01
2.009503990411758423e-01
2.303314208984375000e-01
2.462646365165710449e-01
1.820870637893676758e-01
1.976563930511474609e-01
2.031741738319396973e-01
1.942907422780990601e-01
1.740936785936355591e-01
1.818246692419052124e-01
1.717160344123840332e-01
2.161175012588500977e-01
1.671645790338516235e-01
2.560578882694244385e-01
1.747276186943054199e-01
2.262022495269775391e-01
2.395664453506469727e-01
2.711283266544342041e-01
2.265123575925827026e-01
1.944813728332519531e-01
2.521476447582244873e-01
1.610479205846786499e-01
1.947874277830123901e-01
1.797947138547897339e-01
1.691329926252365112e-01
1.705555170774459839e-01
2.327132225036621094e-01
1.858574151992797852e-01
2.114604562520980835e-01
2.000203579664230347e-01
1.747403293848037720e-01
2.297735214233398438e-01
1.759199351072311401e-01
1.873701065778732300e-01
1.741793900728225708e-01
1.723316162824630737e-01
1.793783158063888550e-01
1.556950360536575317e-01
1.716994047164916992e-01
1.864844560623168945e-01
1.752086132764816284e-01
2.180979996919631958e-01
1.744980216026306152e-01
2.502416372299194336e-01
1.879057288169860840e-01
1.930014640092849731e-01
1.983857005834579468e-01
1.998475939035415649e-01
2.343407720327377319e-01
1.590214371681213379e-01
2.172008007764816284e-01
2.296163439750671387e-01
1.741073280572891235e-01
2.309152036905288696e-01
2.860830724239349365e-01
1.972329169511795044e-01
1.862235516309738159e-01
2.003866434097290039e-01
1.983930021524429321e-01
1.841393113136291504e-01
1.848109960556030273e-01
1.685963422060012817e-01
2.435974627733230591e-01
1.656864881515502930e-01
1.957555264234542847e-01
1.831537932157516479e-01
1.670640558004379272e-01
1.672002673149108887e-01
1.949707716703414917e-01
2.083205729722976685e-01
1.672474145889282227e-01
1.761485189199447632e-01
1.986969113349914551e-01
1.776049137115478516e-01
1.935576200485229492e-01
1.913167983293533325e-01
2.190398722887039185e-01
2.182047218084335327e-01
1.936138719320297241e-01
2.729035317897796631e-01
2.045754939317703247e-01
1.893687397241592407e-01
1.876760274171829224e-01
1.825978010892868042e-01
1.930533498525619507e-01
1.985867172479629517e-01
1.917964816093444824e-01
1.979788988828659058e-01
1.737655401229858398e-01
2.537640929222106934e-01
1.745483130216598511e-01
1.964469701051712036e-01
2.286719083786010742e-01
2.090912461280822754e-01
1.651295274496078491e-01
2.063682675361633301e-01
2.016145735979080200e-01
1.703209131956100464e-01
2.072684764862060547e-01
1.993951201438903809e-01
1.540393084287643433e-01
1.620260328054428101e-01
1.867574602365493774e-01
1.995399445295333862e-01
2.209824770689010620e-01
1.887433379888534546e-01
1.730490475893020630e-01
1.589764803647994995e-01
1.799792051315307617e-01
2.754197716712951660e-01
1.895168572664260864e-01
2.068735957145690918e-01
1.824863553047180176e-01
2.010557651519775391e-01
1.767061948776245117e-01
1.782349497079849243e-01
1.703341007232666016e-01
2.143830060958862305e-01
1.841621547937393188e-01
1.911824196577072144e-01
2.246991842985153198e-01
1.705819964408874512e-01
2.590213418006896973e-01
1.685335040092468262e-01
1.849647611379623413e-01
1.706801503896713257e-01
1.720252782106399536e-01
2.369048595428466797e-01
2.412307262420654297e-01
1.675771027803421021e-01
1.728203296661376953e-01
1.564737707376480103e-01
2.032236009836196899e-01
1.973123401403427124e-01
2.167836874723434448e-01
2.994512319564819336e-01
1.819366663694381714e-01
1.947093755006790161e-01
1.978979855775833130e-01
1.840763837099075317e-01
2.359991520643234253e-01
2.155719250440597534e-01
1.629023998975753784e-01
2.848469913005828857e-01
1.944231390953063965e-01
1.905867457389831543e-01
2.454936504364013672e-01
2.049117088317871094e-01
1.680654883384704590e-01
1.705193072557449341e-01
1.849058419466018677e-01
1.779602169990539551e-01
2.042594403028488159e-01
1.835175752639770508e-01
2.216942161321640015e-01
1.875774860382080078e-01
1.796019673347473145e-01
2.172318696975708008e-01
1.830703169107437134e-01
1.789187043905258179e-01
1.752618998289108276e-01
1.800984591245651245e-01
1.625752300024032593e-01
2.420674711465835571e-01
2.324512004852294922e-01
3.048110604286193848e-01
2.091658562421798706e-01
3.078025281429290771e-01
1.817510873079299927e-01
1.911620497703552246e-01
1.820083707571029663e-01
1.839044541120529175e-01
1.927887350320816040e-01
2.108491063117980957e-01
1.587006449699401855e-01
1.748638004064559937e-01
1.789258569478988647e-01
3.229834437370300293e-01
1.818689703941345215e-01
1.726169139146804810e-01
1.751465648412704468e-01
2.129856348037719727e-01
1.896136552095413208e-01
2.179229706525802612e-01
1.745768338441848755e-01
1.821903139352798462e-01
1.755424886941909790e-01
1.712062805891036987e-01
1.538746654987335205e-01
1.721957176923751831e-01
1.640526801347732544e-01
1.804333925247192383e-01
1.664385348558425903e-01
1.901422888040542603e-01
3.003323972225189209e-01
2.027775794267654419e-01
1.934210807085037231e-01
2.202541083097457886e-01
1.875300854444503784e-01
2.386303693056106567e-01
1.666969209909439087e-01
1.701900810003280640e-01
2.759060859680175781e-01
1.801070570945739746e-01
1.849275976419448853e-01
2.024911493062973022e-01
2.013677954673767090e-01
2.298701852560043335e-01
1.613158732652664185e-01
1.904731243848800659e-01
1.749914884567260742e-01
2.764567434787750244e-01
2.547623813152313232e-01
2.170769721269607544e-01
1.961825937032699585e-01
2.015937119722366333e-01
1.833165735006332397e-01
1.881985813379287720e-01
1.698370426893234253e-01
1.729423403739929199e-01
1.668078154325485229e-01
1.582479476928710938e-01
2.115273475646972656e-01
2.025145143270492554e-01
2.202569097280502319e-01
1.844245642423629761e-01
2.041702717542648315e-01
1.693999767303466797e-01
1.698382347822189331e-01
1.559954136610031128e-01
1.680127829313278198e-01
2.381819933652877808e-01
2.379088252782821655e-01
1.838661879301071167e-01
2.062926143407821655e-01
1.773114800453186035e-01
2.095556259155273438e-01
2.159229367971420288e-01
1.911691874265670776e-01
1.587132662534713745e-01
1.684758663177490234e-01
2.009152919054031372e-01
1.862112283706665039e-01
1.876540631055831909e-01
1.675217598676681519e-01
1.882769465446472168e-01
1.891817599534988403e-01
1.914821267127990723e-01
1.736410111188888550e-01
1.596795469522476196e-01
3.214293420314788818e-01
1.754320412874221802e-01
1.560795158147811890e-01
1.882787495851516724e-01
1.684875488281250000e-01
1.553322970867156982e-01
1.688032150268554688e-01
1.682490557432174683e-01
2.052769213914871216e-01
1.700645238161087036e-01
1.903209239244461060e-01
2.182972878217697144e-01
1.621221154928207397e-01
1.788474917411804199e-01
2.429549694061279297e-01
1.882692575454711914e-01
1.660968959331512451e-01
1.919873952865600586e-01
1.646193116903305054e-01
1.882151365280151367e-01
1.944413334131240845e-01
2.166237682104110718e-01
2.192412018775939941e-01
1.925621181726455688e-01
1.941386610269546509e-01
2.304247766733169556e-01
1.577816903591156006e-01
2.045014947652816772e-01
2.049117535352706909e-01
1.590127795934677124e-01
2.441591769456863403e-01
2.211227416992187500e-01
2.114932388067245483e-01
2.294181138277053833e-01
1.966112852096557617e-01
1.925210803747177124e-01
2.141687870025634766e-01
1.975772380828857422e-01
2.070108205080032349e-01
2.045625001192092896e-01
2.065444439649581909e-01
1.759434193372726440e-01
1.741154640913009644e-01
1.799019575119018555e-01
2.067826390266418457e-01
1.697944253683090210e-01
1.524424105882644653e-01
1.482495367527008057e-01
1.547243446111679077e-01
1.501594930887222290e-01
1.489838659763336182e-01
2.034475207328796387e-01
1.899636536836624146e-01
1.904132813215255737e-01
1.871685534715652466e-01
2.154405266046524048e-01
2.003443390130996704e-01
1.843387931585311890e-01
1.640938371419906616e-01
1.963928490877151489e-01
1.926351040601730347e-01
1.928988248109817505e-01
1.642261743545532227e-01
2.350217252969741821e-01
1.600221246480941772e-01
1.888577491044998169e-01
2.643286883831024170e-01
2.056506723165512085e-01
1.924520283937454224e-01
1.974069625139236450e-01
2.445614486932754517e-01
1.669148355722427368e-01
1.607998460531234741e-01
1.919519305229187012e-01
2.028381675481796265e-01
2.006694674491882324e-01
1.548697501420974731e-01
1.561527550220489502e-01
2.366643399000167847e-01
1.704456806182861328e-01
1.965565681457519531e-01
1.677113026380538940e-01
1.733954548835754395e-01
1.605952978134155273e-01
2.464710921049118042e-01
2.090341895818710327e-01
2.019196599721908569e-01
1.789310723543167114e-01
1.799042075872421265e-01
1.960728019475936890e-01
1.605808138847351074e-01
1.989907026290893555e-01
1.687316894531250000e-01
2.113926857709884644e-01
2.099555134773254395e-01
1.741113215684890747e-01
1.701601743698120117e-01
1.882762759923934937e-01
1.672354191541671753e-01
1.857590526342391968e-01
1.520754545927047729e-01
2.336259335279464722e-01
1.957850456237792969e-01
1.634515076875686646e-01
1.919717192649841309e-01
2.742657065391540527e-01
2.105387896299362183e-01
2.111077904701232910e-01
1.666016876697540283e-01
1.839673072099685669e-01
1.960306614637374878e-01
2.252655178308486938e-01
2.233268618583679199e-01
1.722769141197204590e-01
2.126997560262680054e-01
1.676072925329208374e-01
1.939087957143783569e-01
2.308537811040878296e-01
1.564920097589492798e-01
1.713924407958984375e-01
1.434516012668609619e-01
2.037615925073623657e-01
1.922122985124588013e-01
2.198026627302169800e-01
1.943009942770004272e-01
2.051760405302047729e-01
2.972915470600128174e-01
1.910583972930908203e-01
1.879438161849975586e-01
1.811349391937255859e-01
1.978012770414352417e-01
2.209398746490478516e-01
1.824429482221603394e-01
2.188486456871032715e-01
1.546111702919006348e-01
1.728069335222244263e-01
2.710203230381011963e-01
1.794408410787582397e-01
1.615045517683029175e-01
2.039029598236083984e-01
2.526286840438842773e-01
1.972822546958923340e-01
2.338543385267257690e-01
2.184531837701797485e-01
2.075402289628982544e-01
1.701540499925613403e-01
2.316823452711105347e-01
1.957332491874694824e-01
1.826796531677246094e-01
2.177631855010986328e-01
1.679379791021347046e-01
1.608415991067886353e-01
2.169443815946578979e-01
1.860759258270263672e-01
1.829828768968582153e-01
1.749878078699111938e-01
1.729123443365097046e-01
2.008127123117446899e-01
1.645366400480270386e-01
1.568454056978225708e-01
1.957422494888305664e-01
1.915878206491470337e-01
1.909331232309341431e-01
2.341975420713424683e-01
1.951059848070144653e-01
1.386289745569229126e-01
1.891887933015823364e-01
1.929740309715270996e-01
1.663814038038253784e-01
1.792532205581665039e-01
2.122536748647689819e-01
2.243665605783462524e-01
1.752762198448181152e-01
1.744090467691421509e-01
1.677663773298263550e-01
2.261716723442077637e-01
2.381626218557357788e-01
2.129672318696975708e-01
1.741944700479507446e-01
2.615103423595428467e-01
1.787151545286178589e-01
1.871760338544845581e-01
1.951428055763244629e-01
2.618695795536041260e-01
2.113278955221176147e-01
1.712034791707992554e-01
2.735785543918609619e-01
1.640406399965286255e-01
2.008228152990341187e-01
1.767153888940811157e-01
1.617824286222457886e-01
1.672562360763549805e-01
2.118255943059921265e-01
1.773375868797302246e-01
2.177052944898605347e-01
1.748730093240737915e-01
2.107914239168167114e-01
2.213659286499023438e-01
1.683772057294845581e-01
2.611283361911773682e-01
1.607927680015563965e-01
2.233923673629760742e-01
1.695124655961990356e-01
2.013002783060073853e-01
1.644247919321060181e-01
1.795804351568222046e-01
1.809546202421188354e-01
1.834240406751632690e-01
1.673016995191574097e-01
2.039969563484191895e-01
2.279939055442810059e-01
1.771734952926635742e-01
1.755111962556838989e-01
2.165528386831283569e-01
1.480916589498519897e-01
1.497250050306320190e-01
1.753232628107070923e-01
1.682222336530685425e-01
2.612451612949371338e-01
2.060838192701339722e-01
2.244883775711059570e-01
3.512463867664337158e-01
1.986031532287597656e-01
1.638809442520141602e-01
1.776665449142456055e-01
1.663412153720855713e-01
1.526796072721481323e-01
1.878821849822998047e-01
1.646220684051513672e-01
1.911873817443847656e-01
1.733177751302719116e-01
1.640417873859405518e-01
1.599713265895843506e-01
1.798685938119888306e-01
1.684711724519729614e-01
2.049679756164550781e-01
1.890823394060134888e-01
1.908529996871948242e-01
1.676995903253555298e-01
1.754794567823410034e-01
1.861384361982345581e-01
2.295124977827072144e-01
2.264563292264938354e-01
2.422043681144714355e-01
1.757443100214004517e-01
2.767263948917388916e-01
2.182426303625106812e-01
1.703051477670669556e-01
2.931816279888153076e-01
2.135152816772460938e-01
2.116753011941909790e-01
1.654644161462783813e-01
1.764696985483169556e-01
2.096076607704162598e-01
1.789007931947708130e-01
1.954771280288696289e-01
1.829558163881301880e-01
1.436489522457122803e-01
1.797146350145339966e-01
1.937913745641708374e-01
1.910614818334579468e-01
1.679519265890121460e-01
1.750303059816360474e-01
1.866386532783508301e-01
1.723406463861465454e-01
2.067275047302246094e-01
1.615522354841232300e-01
1.629083007574081421e-01
2.356396913528442383e-01
1.659530401229858398e-01
1.848225146532058716e-01
2.489733546972274780e-01
1.727797389030456543e-01
1.775095909833908081e-01
2.250085920095443726e-01
1.886686235666275024e-01
2.004095315933227539e-01
2.085938006639480591e-01
2.397533655166625977e-01
1.825054287910461426e-01
2.024863809347152710e-01
2.322232127189636230e-01
1.844340115785598755e-01
2.024871259927749634e-01
1.768941134214401245e-01
1.959510594606399536e-01
2.089770287275314331e-01
2.255077958106994629e-01
1.829169839620590210e-01
1.599064916372299194e-01
1.954675465822219849e-01
1.612091064453125000e-01
1.801640391349792480e-01
2.319976091384887695e-01
1.632613986730575562e-01
1.818004250526428223e-01
1.677990406751632690e-01
1.774946898221969604e-01
1.806086301803588867e-01
2.234622836112976074e-01
1.838001161813735962e-01
2.783758342266082764e-01
1.937704831361770630e-01
1.825655251741409302e-01
1.933510899543762207e-01
1.932615190744400024e-01
2.081978470087051392e-01
1.561741977930068970e-01
1.834198087453842163e-01
2.030297964811325073e-01
2.357244491577148438e-01
2.003351897001266479e-01
2.568051218986511230e-01
1.487098187208175659e-01
1.784865111112594604e-01
1.623486727476119995e-01
1.714296340942382812e-01
1.901204586029052734e-01
1.614498943090438843e-01
2.117794752120971680e-01
1.632685512304306030e-01
1.879436820745468140e-01
1.523519307374954224e-01
1.911236196756362915e-01
1.808668971061706543e-01
1.671826839447021484e-01
2.041879296302795410e-01
3.243007659912109375e-01
1.599412113428115845e-01
1.778154969215393066e-01
2.290315032005310059e-01
2.045587897300720215e-01
1.988954544067382812e-01
1.564411073923110962e-01
1.411950737237930298e-01
2.052245736122131348e-01
2.148453742265701294e-01
1.699919551610946655e-01
2.382473945617675781e-01
1.845247745513916016e-01
1.792455911636352539e-01
1.978998631238937378e-01
1.875899285078048706e-01
2.083678245544433594e-01
1.832615882158279419e-01
1.717970371246337891e-01
1.568778157234191895e-01
1.973134875297546387e-01
1.891533285379409790e-01
1.564182490110397339e-01
1.971494704484939575e-01
1.838284134864807129e-01
1.933116167783737183e-01
1.846867352724075317e-01
1.723334342241287231e-01
1.741674542427062988e-01
1.750866919755935669e-01
1.891884803771972656e-01
1.597393304109573364e-01
2.363149970769882202e-01
1.977422982454299927e-01
1.736245751380920410e-01
2.189019769430160522e-01
1.752280741930007935e-01
2.062316685914993286e-01
1.683132648468017578e-01
2.344910651445388794e-01
1.848657280206680298e-01
2.129240632057189941e-01
2.127109318971633911e-01
1.835249513387680054e-01
1.789736598730087280e-01
1.781869679689407349e-01
1.847376376390457153e-01
1.572128385305404663e-01
1.954727917909622192e-01
1.780222058296203613e-01
1.981562376022338867e-01
1.673650741577148438e-01
1.702270954847335815e-01
1.717733889818191528e-01
1.730455160140991211e-01
1.665450781583786011e-01
2.154911011457443237e-01
1.963791698217391968e-01
1.918580085039138794e-01
1.924498230218887329e-01
2.126554995775222778e-01
1.837704628705978394e-01
2.409885972738265991e-01
1.830205172300338745e-01
1.637502759695053101e-01
2.233913540840148926e-01
1.877482384443283081e-01
1.882950812578201294e-01
1.689110398292541504e-01
2.074132710695266724e-01
2.121596187353134155e-01
1.859170943498611450e-01
1.566382050514221191e-01
1.918966025114059448e-01
2.093665152788162231e-01
2.186031341552734375e-01
2.192737609148025513e-01
1.791414171457290649e-01
1.794149428606033325e-01
1.941430419683456421e-01
1.659582108259201050e-01
1.803692430257797241e-01
1.681586951017379761e-01
1.743116378784179688e-01
1.768542081117630005e-01
1.898338198661804199e-01
1.927786320447921753e-01
1.788713932037353516e-01
1.654729843139648438e-01
1.545258164405822754e-01
1.937912106513977051e-01
2.709939479827880859e-01
2.628374993801116943e-01
1.665386408567428589e-01
2.057870179414749146e-01
2.275568693876266479e-01
1.887157708406448364e-01
1.539374589920043945e-01
1.734343022108078003e-01
1.820546835660934448e-01
1.999326497316360474e-01
1.873820424079895020e-01
2.116332799196243286e-01
1.868853718042373657e-01
2.156294733285903931e-01
3.555988371372222900e-01
2.522806823253631592e-01
1.939619332551956177e-01
1.585666686296463013e-01
2.077299356460571289e-01
1.677414029836654663e-01
1.671323031187057495e-01
2.072281837463378906e-01
1.624454855918884277e-01
1.926429271697998047e-01
1.524938195943832397e-01
2.061608880758285522e-01
2.299074679613113403e-01
1.786502599716186523e-01
2.082051187753677368e-01
1.672262996435165405e-01
1.839026659727096558e-01
2.083508819341659546e-01
2.017949968576431274e-01
1.945881843566894531e-01
1.467835754156112671e-01
1.524709612131118774e-01
2.044054418802261353e-01
1.620200276374816895e-01
1.904891729354858398e-01
2.523868381977081299e-01
2.011928111314773560e-01
2.402220368385314941e-01
2.549552023410797119e-01
2.138815075159072876e-01
2.148789763450622559e-01
1.646657735109329224e-01
1.636620163917541504e-01
1.527047008275985718e-01
1.815624088048934937e-01
2.035775929689407349e-01
1.838576942682266235e-01
2.227851599454879761e-01
2.065341472625732422e-01
1.858559250831604004e-01
2.378826886415481567e-01
1.614128947257995605e-01
1.509166359901428223e-01
2.118377238512039185e-01
2.320168614387512207e-01
1.478713601827621460e-01
2.660268247127532959e-01
1.532030850648880005e-01
2.028958350419998169e-01
1.827127933502197266e-01
2.725794613361358643e-01
2.361134290695190430e-01
1.988318711519241333e-01
2.954369187355041504e-01
1.792892813682556152e-01
1.618983000516891479e-01
1.779695302248001099e-01
2.186525464057922363e-01
2.358173877000808716e-01
1.839764863252639771e-01
1.920672059059143066e-01
1.755214929580688477e-01
1.745938211679458618e-01
2.239251285791397095e-01
1.641629785299301147e-01
2.068633288145065308e-01
1.786549240350723267e-01
2.210854738950729370e-01
1.859409958124160767e-01
1.735261529684066772e-01
1.595333367586135864e-01
2.066659778356552124e-01
2.168563008308410645e-01
4.115485250949859619e-01
1.620725244283676147e-01
1.689045876264572144e-01
2.234455794095993042e-01
1.554980278015136719e-01
1.850814819335937500e-01
2.134481668472290039e-01
1.935790181159973145e-01
1.851218938827514648e-01
1.890035420656204224e-01
1.599350720643997192e-01
1.878931373357772827e-01
2.260018587112426758e-01
2.388838082551956177e-01
1.854625493288040161e-01
2.573891580104827881e-01
2.237067073583602905e-01
3.778336346149444580e-01
2.289527654647827148e-01
1.740588098764419556e-01
1.610816270112991333e-01
2.034512758255004883e-01
2.193016260862350464e-01
1.896017342805862427e-01
1.673252433538436890e-01
1.864640861749649048e-01
1.983194202184677124e-01
1.579013913869857788e-01
2.430806159973144531e-01
1.993000507354736328e-01
1.651484519243240356e-01
2.200642228126525879e-01
1.857676357030868530e-01
2.110772132873535156e-01
1.654909998178482056e-01
1.754507869482040405e-01
1.651348620653152466e-01
1.907132416963577271e-01
3.098441362380981445e-01
1.750603169202804565e-01
2.548517882823944092e-01
1.503736525774002075e-01
1.685806363821029663e-01
1.841440647840499878e-01
1.975449323654174805e-01
1.586463600397109985e-01
1.802487373352050781e-01
1.607285141944885254e-01
1.883570402860641479e-01
1.817512512207031250e-01
1.921115666627883911e-01
1.828040927648544312e-01
1.847463101148605347e-01
1.777278929948806763e-01
1.937670856714248657e-01
2.386616319417953491e-01
1.645953655242919922e-01
1.982852965593338013e-01
1.473393440246582031e-01
1.798647791147232056e-01
1.659985780715942383e-01
2.085453271865844727e-01
1.924787908792495728e-01
1.816776543855667114e-01
2.084033936262130737e-01
1.662447899580001831e-01
1.794436424970626831e-01
1.549718528985977173e-01
2.077533006668090820e-01
1.771585792303085327e-01
1.876915693283081055e-01
1.737091094255447388e-01
1.662938296794891357e-01
1.888118237257003784e-01
2.024570852518081665e-01
2.608521878719329834e-01
1.603368967771530151e-01
2.373692393302917480e-01
2.004297524690628052e-01
2.259527295827865601e-01
1.738403290510177612e-01
1.861156672239303589e-01
1.625872105360031128e-01
2.081823199987411499e-01
1.597773879766464233e-01
1.724453121423721313e-01
2.014276236295700073e-01
2.138655036687850952e-01
1.802008152008056641e-01
1.781336069107055664e-01
1.595866680145263672e-01
1.948211044073104858e-01
2.242535352706909180e-01
1.804669350385665894e-01
1.961594820022583008e-01
2.136867791414260864e-01
1.959625631570816040e-01
1.768662482500076294e-01
1.790505796670913696e-01
2.621464431285858154e-01
2.405287176370620728e-01
1.657834947109222412e-01
1.791240721940994263e-01
2.088362127542495728e-01
2.013622969388961792e-01
1.742143779993057251e-01
1.794285029172897339e-01
2.251195162534713745e-01
1.774091124534606934e-01
1.762458682060241699e-01
2.681496143341064453e-01
1.846200972795486450e-01
1.861737817525863647e-01
2.038990408182144165e-01
1.828754395246505737e-01
1.852341890335083008e-01
2.637208998203277588e-01
1.804246157407760620e-01
2.349300980567932129e-01
1.741210222244262695e-01
1.795387119054794312e-01
1.700991988182067871e-01
2.022699713706970215e-01
1.773787885904312134e-01
1.993644237518310547e-01
1.699389815330505371e-01
2.628384530544281006e-01
1.966675519943237305e-01
2.053386569023132324e-01
2.001551836729049683e-01
1.962762326002120972e-01
2.567144930362701416e-01
2.343634814023971558e-01
2.060284763574600220e-01
1.906241178512573242e-01
1.969024389982223511e-01
1.866234540939331055e-01
1.865707188844680786e-01
1.719478964805603027e-01
2.891200780868530273e-01
2.366151362657546997e-01
1.742336601018905640e-01
1.757298707962036133e-01
1.793882995843887329e-01
2.079476863145828247e-01
2.159699201583862305e-01
2.157012075185775757e-01
1.777382493019104004e-01
1.686386466026306152e-01
2.043672800064086914e-01
1.722664684057235718e-01
2.216294556856155396e-01
1.770093888044357300e-01
2.533245384693145752e-01
1.518126726150512695e-01
1.853918582201004028e-01
1.785600632429122925e-01
1.884351223707199097e-01
1.889199018478393555e-01
1.685461997985839844e-01
1.696147173643112183e-01
2.009455412626266479e-01
2.138335704803466797e-01
1.695492416620254517e-01
2.184029221534729004e-01
1.763000041246414185e-01
2.851316630840301514e-01
1.734662055969238281e-01
1.696491241455078125e-01
2.264788597822189331e-01
2.185049057006835938e-01
1.664655655622482300e-01
1.872919201850891113e-01
1.616343706846237183e-01
1.855152994394302368e-01
1.551208645105361938e-01
1.844008713960647583e-01
1.784144639968872070e-01
1.865515857934951782e-01
1.618790775537490845e-01
2.659610807895660400e-01
1.595363914966583252e-01
2.036318331956863403e-01
2.108032256364822388e-01
2.031792253255844116e-01
1.649885326623916626e-01
1.754034161567687988e-01
1.686836928129196167e-01
2.255031019449234009e-01
1.621877998113632202e-01
1.551895290613174438e-01
1.530673354864120483e-01
1.698324531316757202e-01
1.871363967657089233e-01
1.875094920396804810e-01
1.544357687234878540e-01
1.770189851522445679e-01
1.761930137872695923e-01
2.039985656738281250e-01
2.441539317369461060e-01
1.870739609003067017e-01
1.887498348951339722e-01
1.852497011423110962e-01
1.738386899232864380e-01
1.699856966733932495e-01
1.704359799623489380e-01
2.777577340602874756e-01
1.997258067131042480e-01
2.856710851192474365e-01
2.628915309906005859e-01
2.355376631021499634e-01
1.786439865827560425e-01
1.676509529352188110e-01
1.929913014173507690e-01
1.940074115991592407e-01
1.937226504087448120e-01
1.725341826677322388e-01
1.910694390535354614e-01
1.655338555574417114e-01
1.960023194551467896e-01
2.019442319869995117e-01
1.994464248418807983e-01
1.552864760160446167e-01
1.601047515869140625e-01
1.926277428865432739e-01
1.507180929183959961e-01
1.879289150238037109e-01
1.869650036096572876e-01
1.953321844339370728e-01
1.851969510316848755e-01
2.065495252609252930e-01
1.731972247362136841e-01
1.736655086278915405e-01
1.927915960550308228e-01
1.994833946228027344e-01
1.939404010772705078e-01
2.225152701139450073e-01
1.824261397123336792e-01
1.657745838165283203e-01
1.626331657171249390e-01
1.990247964859008789e-01
1.748900413513183594e-01
1.781131476163864136e-01
2.106654047966003418e-01
1.943594217300415039e-01
2.074890136718750000e-01
1.844703108072280884e-01
1.589270979166030884e-01
2.780300974845886230e-01
1.531158238649368286e-01
1.751263290643692017e-01
1.846205443143844604e-01
1.715151816606521606e-01
1.976793557405471802e-01
1.512841582298278809e-01
1.856777667999267578e-01
2.009159922599792480e-01
1.975193619728088379e-01
1.794423013925552368e-01
1.941648274660110474e-01
2.767918109893798828e-01
2.834984958171844482e-01
1.634469479322433472e-01
1.689745038747787476e-01
2.177924066781997681e-01
2.058027982711791992e-01
2.012065649032592773e-01
1.512756347656250000e-01
1.991782635450363159e-01
2.479847073554992676e-01
1.634393185377120972e-01
1.710101217031478882e-01
1.880953162908554077e-01
1.729004234075546265e-01
1.646817922592163086e-01
1.836394071578979492e-01
1.858949661254882812e-01
1.843934208154678345e-01
1.537935584783554077e-01
1.850030422210693359e-01
1.632191687822341919e-01
1.748572140932083130e-01
1.848375201225280762e-01
2.693821489810943604e-01
1.702810525894165039e-01
2.061904221773147583e-01
1.753261834383010864e-01
1.825572103261947632e-01
1.673078089952468872e-01
2.034602314233779907e-01
1.655519753694534302e-01
1.702677458524703979e-01
1.662447154521942139e-01
1.729301661252975464e-01
1.741866320371627808e-01
1.943815797567367554e-01
2.277855128049850464e-01
1.626934856176376343e-01
1.642394214868545532e-01
1.630272120237350464e-01
1.812793016433715820e-01
1.754371970891952515e-01
2.038411647081375122e-01
1.735372543334960938e-01
1.800598055124282837e-01
1.626162081956863403e-01
1.773207634687423706e-01
1.762373298406600952e-01
1.430142223834991455e-01
1.994999051094055176e-01
1.674818992614746094e-01
2.036126852035522461e-01
2.382884472608566284e-01
1.662231236696243286e-01
2.644201815128326416e-01
1.853234171867370605e-01
1.684734374284744263e-01
1.539480537176132202e-01
1.616344153881072998e-01
2.335660308599472046e-01
1.806993633508682251e-01
1.706193834543228149e-01
1.774997860193252563e-01
2.275523394346237183e-01
2.450442761182785034e-01
1.640873104333877563e-01
2.038714736700057983e-01
2.469034343957901001e-01
2.227723151445388794e-01
2.208812385797500610e-01
1.786349564790725708e-01
2.059467285871505737e-01
2.113446742296218872e-01
2.048590034246444702e-01
2.745960354804992676e-01
3.041344881057739258e-01
1.846813708543777466e-01
1.648526936769485474e-01
1.662400215864181519e-01
1.714084744453430176e-01
1.937280148267745972e-01
1.520019918680191040e-01
1.628981977701187134e-01
1.946882754564285278e-01
2.226459234952926636e-01
1.961318701505661011e-01
1.926723122596740723e-01
2.008008807897567749e-01
2.146076560020446777e-01
1.867279261350631714e-01
1.776506453752517700e-01
2.197289615869522095e-01
1.722134351730346680e-01
1.810033768415451050e-01
1.677110642194747925e-01
1.588505059480667114e-01
2.015652060508728027e-01
1.727744191884994507e-01
1.807172447443008423e-01
1.881489753723144531e-01
1.742749363183975220e-01
1.659277826547622681e-01
1.756853014230728149e-01
1.787680387496948242e-01
3.013985157012939453e-01
2.469053268432617188e-01
1.829710453748703003e-01
1.541764587163925171e-01
2.160060256719589233e-01
1.608512401580810547e-01
2.161908149719238281e-01
1.684128791093826294e-01
1.849616169929504395e-01
1.683283001184463501e-01
1.922884732484817505e-01
1.870674043893814087e-01
1.801159381866455078e-01
1.629402190446853638e-01
1.805056780576705933e-01
2.312010675668716431e-01
1.981515735387802124e-01
1.509314924478530884e-01
1.789681464433670044e-01
1.610756516456604004e-01
2.024325132369995117e-01
1.937690973281860352e-01
1.823732405900955200e-01
1.679545491933822632e-01
2.015885263681411743e-01
1.609086841344833374e-01
1.661019772291183472e-01
1.570490002632141113e-01
2.109997272491455078e-01
1.717927902936935425e-01
1.561149507761001587e-01
1.855355054140090942e-01
1.713239550590515137e-01
1.614573150873184204e-01
1.764352172613143921e-01
1.595222651958465576e-01
1.790470480918884277e-01
1.742097288370132446e-01
1.669707745313644409e-01
1.764491647481918335e-01
2.048274278640747070e-01
1.843765825033187866e-01
1.539492756128311157e-01
1.788679510354995728e-01
1.620970070362091064e-01
1.886382699012756348e-01
2.006166428327560425e-01
1.751285046339035034e-01
1.932899504899978638e-01
1.629380732774734497e-01
2.415035516023635864e-01
1.787073761224746704e-01
1.619670987129211426e-01
2.402572184801101685e-01
3.043200671672821045e-01
1.887788325548171997e-01
2.076040953397750854e-01
1.588328480720520020e-01
2.451379448175430298e-01
1.731823682785034180e-01
2.267127484083175659e-01
1.917936205863952637e-01
1.837266087532043457e-01
1.908081173896789551e-01
1.620340049266815186e-01
1.771744489669799805e-01
1.891103833913803101e-01
2.252149134874343872e-01
2.035918235778808594e-01
1.487277150154113770e-01
1.977182775735855103e-01
1.783726960420608521e-01
1.650904715061187744e-01
2.112951278686523438e-01
1.930129677057266235e-01
1.837108880281448364e-01
2.342677712440490723e-01
1.714675277471542358e-01
2.002182006835937500e-01
1.720867007970809937e-01
1.768836975097656250e-01
1.851380467414855957e-01
2.101737856864929199e-01
2.362538129091262817e-01
2.149651199579238892e-01
2.268770933151245117e-01
2.132147997617721558e-01
1.981067657470703125e-01
1.934412866830825806e-01
1.805161386728286743e-01
2.316362857818603516e-01
1.618513911962509155e-01
1.916493177413940430e-01
2.147653549909591675e-01
1.737838387489318848e-01
1.574469357728958130e-01
1.640066802501678467e-01
1.814457923173904419e-01
1.834467202425003052e-01
2.182227224111557007e-01
1.747915148735046387e-01
1.599902659654617310e-01
2.017565518617630005e-01
2.277860492467880249e-01
1.572671532630920410e-01
2.653905451297760010e-01
1.779518574476242065e-01
1.699225455522537231e-01
1.837837100028991699e-01
1.675882786512374878e-01
2.235254496335983276e-01
1.822038888931274414e-01
1.672091335058212280e-01
1.682015061378479004e-01
2.088043540716171265e-01
1.833490878343582153e-01
1.911265403032302856e-01
1.727363020181655884e-01
2.399464994668960571e-01
1.659668833017349243e-01
2.201349139213562012e-01
1.998688131570816040e-01
1.822502613067626953e-01
1.744820326566696167e-01
2.010376602411270142e-01
1.619221270084381104e-01
2.541193366050720215e-01
2.156562954187393188e-01
1.584693193435668945e-01
1.521296352148056030e-01
1.912677139043807983e-01
1.987333148717880249e-01
1.879997104406356812e-01
2.145805209875106812e-01
1.642609238624572754e-01
2.070080488920211792e-01
2.218437939882278442e-01
2.564650475978851318e-01
1.754976361989974976e-01
2.104498744010925293e-01
1.763433218002319336e-01
1.854098439216613770e-01
1.937361508607864380e-01
1.667243689298629761e-01
2.333783656358718872e-01
1.930930167436599731e-01
1.829098463058471680e-01
1.619691401720046997e-01
1.845768690109252930e-01
1.975193768739700317e-01
1.756501793861389160e-01
2.131671458482742310e-01
2.610251605510711670e-01
1.877297312021255493e-01
1.816276758909225464e-01
1.834442168474197388e-01
1.705372333526611328e-01
2.009305208921432495e-01
1.818831712007522583e-01
1.958868652582168579e-01
1.676588505506515503e-01
1.675968021154403687e-01
1.624554693698883057e-01
1.746690422296524048e-01
1.824829429388046265e-01
2.222140282392501831e-01
1.893948912620544434e-01
1.504470705986022949e-01
1.649354696273803711e-01
1.883291006088256836e-01
2.482524365186691284e-01
2.032694369554519653e-01
1.795876175165176392e-01
2.468885928392410278e-01
1.497656702995300293e-01
1.759820431470870972e-01
2.176015377044677734e-01
2.045131176710128784e-01
1.662018299102783203e-01
1.709827333688735962e-01
1.724628806114196777e-01
1.768119335174560547e-01
2.128391265869140625e-01
2.119555324316024780e-01
1.893626898527145386e-01
2.028871178627014160e-01
2.358440905809402466e-01
1.594523340463638306e-01
1.670141369104385376e-01
2.193601876497268677e-01
2.256225794553756714e-01
2.076563090085983276e-01
1.656236648559570312e-01
2.571812868118286133e-01
2.050153166055679321e-01
2.198838144540786743e-01
1.906521469354629517e-01
1.974910646677017212e-01
1.739017516374588013e-01
1.644208729267120361e-01
1.913915872573852539e-01
1.677743941545486450e-01
1.911312490701675415e-01
1.841319054365158081e-01
1.531312316656112671e-01
1.513686031103134155e-01
1.555755585432052612e-01
1.655906885862350464e-01
1.639770120382308960e-01
2.160036414861679077e-01
2.679684758186340332e-01
1.780357807874679565e-01
1.888257116079330444e-01
1.577312499284744263e-01
2.401195764541625977e-01
2.124912589788436890e-01
1.799785941839218140e-01
1.607887595891952515e-01
2.230128645896911621e-01
1.875975728034973145e-01
1.647211164236068726e-01
1.771780103445053101e-01
2.497213631868362427e-01
1.420627087354660034e-01
2.295249253511428833e-01
1.576630324125289917e-01
1.660773009061813354e-01
1.741093248128890991e-01
1.736076027154922485e-01
1.635260581970214844e-01
1.736023873090744019e-01
1.502103209495544434e-01
1.756033152341842651e-01
1.682707518339157104e-01
1.760031133890151978e-01
1.727648228406906128e-01
2.194131463766098022e-01
1.611384898424148560e-01
2.192724943161010742e-01
2.310549020767211914e-01
1.754544526338577271e-01
2.017771750688552856e-01
1.692290753126144409e-01
2.170202136039733887e-01
1.666228175163269043e-01
1.935958415269851685e-01
1.541199237108230591e-01
2.300337105989456177e-01
2.263305783271789551e-01
1.747763156890869141e-01
2.132277935743331909e-01
1.856166273355484009e-01
2.805872857570648193e-01
1.928838044404983521e-01
1.728072166442871094e-01
2.132653146982192993e-01
1.564869284629821777e-01
1.826306581497192383e-01
2.323415726423263550e-01
1.672682315111160278e-01
2.054084539413452148e-01
2.209352403879165649e-01
1.791827827692031860e-01
1.604948490858078003e-01
2.060406208038330078e-01
1.756369024515151978e-01
2.439845800399780273e-01
1.875744313001632690e-01
1.721139103174209595e-01
1.897213459014892578e-01
2.125401347875595093e-01
1.658484190702438354e-01
2.301808744668960571e-01
2.017816901206970215e-01
1.992161870002746582e-01
1.535816192626953125e-01
2.015469670295715332e-01
1.653311848640441895e-01
2.587393820285797119e-01
1.810094565153121948e-01
1.666250079870223999e-01
1.989962011575698853e-01
2.047293633222579956e-01
1.605723798274993896e-01
1.814040690660476685e-01
1.974629014730453491e-01
2.035815864801406860e-01
3.015504181385040283e-01
1.765063256025314331e-01
1.609003543853759766e-01
1.727794408798217773e-01
1.658021658658981323e-01
1.928060054779052734e-01
2.034313678741455078e-01
2.041213065385818481e-01
1.926374584436416626e-01
2.035737484693527222e-01
1.932960003614425659e-01
1.558869034051895142e-01
1.801949143409729004e-01
1.828867197036743164e-01
2.023062556982040405e-01
1.500514000654220581e-01
2.311640530824661255e-01
1.622519344091415405e-01
2.061928063631057739e-01
1.903437823057174683e-01
1.659904569387435913e-01
1.666866391897201538e-01
1.773777455091476440e-01
1.975868791341781616e-01
1.600770503282546997e-01
1.951445341110229492e-01
1.587610095739364624e-01
1.535400599241256714e-01
1.627607494592666626e-01
2.173865288496017456e-01
2.182838767766952515e-01
2.165014296770095825e-01
1.659049093723297119e-01
1.942204087972640991e-01
1.541955918073654175e-01
1.444342881441116333e-01
1.654474586248397827e-01
1.924980729818344116e-01
2.615817189216613770e-01
