1.015949323773384094e-01
1.374950706958770752e-01
1.634905785322189331e-01
1.590991765260696411e-01
1.904130429029464722e-01
2.339592725038528442e-01
1.777261644601821899e-01
1.775633096694946289e-01
1.324508637189865112e-01
2.264036685228347778e-01
1.682312488555908203e-01
1.901634186506271362e-01
1.709776669740676880e-01
1.895537823438644409e-01
1.257645338773727417e-01
1.515416353940963745e-01
1.610381007194519043e-01
1.762892752885818481e-01
1.461673229932785034e-01
1.277004629373550415e-01
1.565406173467636108e-01
2.196612805128097534e-01
1.171196475625038147e-01
1.128919795155525208e-01
1.520972847938537598e-01
1.362475752830505371e-01
1.719938963651657104e-01
1.641659438610076904e-01
1.382961869239807129e-01
1.347138285636901855e-01
1.844533681869506836e-01
1.262524574995040894e-01
1.359021067619323730e-01
1.536130309104919434e-01
1.723768115043640137e-01
9.911579638719558716e-02
1.577991992235183716e-01
1.548716276884078979e-01
1.789039224386215210e-01
1.061213612556457520e-01
1.156748607754707336e-01
1.961826831102371216e-01
1.324718594551086426e-01
1.402292251586914062e-01
1.315110921859741211e-01
1.751701980829238892e-01
1.711300760507583618e-01
1.323229819536209106e-01
2.030266523361206055e-01
8.663624525070190430e-02
1.904394477605819702e-01
9.087079018354415894e-02
1.080583930015563965e-01
1.550593972206115723e-01
1.115830317139625549e-01
1.390996426343917847e-01
1.413898468017578125e-01
1.331170052289962769e-01
1.151100993156433105e-01
1.633424758911132812e-01
1.072384789586067200e-01
2.382063865661621094e-01
1.469945460557937622e-01
9.705839306116104126e-02
2.147776037454605103e-01
9.667032212018966675e-02
1.225933805108070374e-01
1.399713605642318726e-01
1.416726261377334595e-01
1.380327492952346802e-01
1.414663791656494141e-01
1.265701651573181152e-01
1.255513429641723633e-01
1.834217309951782227e-01
1.402500271797180176e-01
1.473530381917953491e-01
1.471032947301864624e-01
9.775232523679733276e-02
1.490797400474548340e-01
7.777782529592514038e-02
1.571307927370071411e-01
9.833446890115737915e-02
1.567818969488143921e-01
1.081379279494285583e-01
1.154241487383842468e-01
1.796218752861022949e-01
1.478188782930374146e-01
1.499952077865600586e-01
1.629316210746765137e-01
1.673864275217056274e-01
1.180692538619041443e-01
1.522550731897354126e-01
1.470523923635482788e-01
1.905089616775512695e-01
1.520387679338455200e-01
1.318363100290298462e-01
1.344582736492156982e-01
1.271253675222396851e-01
1.146305575966835022e-01
1.307489424943923950e-01
1.773775964975357056e-01
1.044940724968910217e-01
1.110964342951774597e-01
1.508856862783432007e-01
1.352825611829757690e-01
2.047373056411743164e-01
1.272390633821487427e-01
1.555879563093185425e-01
1.332950294017791748e-01
1.348229646682739258e-01
1.657667309045791626e-01
7.978229969739913940e-02
1.474161595106124878e-01
1.189769282937049866e-01
1.146016940474510193e-01
1.442308276891708374e-01
1.300524026155471802e-01
9.810236096382141113e-02
9.873553365468978882e-02
1.386490017175674438e-01
9.625879675149917603e-02
1.687779426574707031e-01
1.067662239074707031e-01
1.499780267477035522e-01
1.219514012336730957e-01
1.265747994184494019e-01
1.557878404855728149e-01
1.452764570713043213e-01
1.280359774827957153e-01
1.509449034929275513e-01
1.164379343390464783e-01
9.156358242034912109e-02
1.696199923753738403e-01
1.302285641431808472e-01
9.323575347661972046e-02
1.168822124600410461e-01
1.162272468209266663e-01
1.129667684435844421e-01
1.205994263291358948e-01
1.308509856462478638e-01
1.407721340656280518e-01
1.312958300113677979e-01
1.234556660056114197e-01
1.434837132692337036e-01
1.055320277810096741e-01
2.038741856813430786e-01
1.285060197114944458e-01
8.566174656152725220e-02
1.168173030018806458e-01
1.094139292836189270e-01
1.007153019309043884e-01
1.665950715541839600e-01
9.795314073562622070e-02
9.699747711420059204e-02
1.143416985869407654e-01
1.205632463097572327e-01
1.672991514205932617e-01
1.251152753829956055e-01
1.256865710020065308e-01
9.494191408157348633e-02
1.287879496812820435e-01
1.580758541822433472e-01
8.804380148649215698e-02
9.702319651842117310e-02
1.352547556161880493e-01
1.389344483613967896e-01
1.645890474319458008e-01
1.758942455053329468e-01
1.241185665130615234e-01
1.517688781023025513e-01
1.385146528482437134e-01
1.476647704839706421e-01
1.227580085396766663e-01
9.598129987716674805e-02
8.009657263755798340e-02
1.675713062286376953e-01
1.118254661560058594e-01
1.041282787919044495e-01
1.728720515966415405e-01
1.265003830194473267e-01
1.388375312089920044e-01
1.937625259160995483e-01
1.278321295976638794e-01
1.265473663806915283e-01
1.609761863946914673e-01
1.368980705738067627e-01
1.248397454619407654e-01
1.457424014806747437e-01
9.738039225339889526e-02
1.237847432494163513e-01
1.184167936444282532e-01
1.360927820205688477e-01
1.168138384819030762e-01
1.589222997426986694e-01
1.391129642724990845e-01
1.775641590356826782e-01
4.884943962097167969e-01
8.664345741271972656e-02
1.105833426117897034e-01
1.261775940656661987e-01
1.517451852560043335e-01
1.169582232832908630e-01
1.377061158418655396e-01
1.240059733390808105e-01
1.026007011532783508e-01
1.697023361921310425e-01
1.129631996154785156e-01
1.299869567155838013e-01
1.387724727392196655e-01
1.731816530227661133e-01
2.734307646751403809e-01
1.238487735390663147e-01
1.664973646402359009e-01
1.681687235832214355e-01
1.379082053899765015e-01
1.260606646537780762e-01
1.021403893828392029e-01
1.210105642676353455e-01
1.434539854526519775e-01
1.002535447478294373e-01
1.186302080750465393e-01
1.170412227511405945e-01
1.314978152513504028e-01
1.461385637521743774e-01
1.114151254296302795e-01
1.113454103469848633e-01
1.323505491018295288e-01
1.341490894556045532e-01
1.621354818344116211e-01
1.372473090887069702e-01
1.702958196401596069e-01
1.277054101228713989e-01
1.785613149404525757e-01
1.093160808086395264e-01
1.374690532684326172e-01
1.843292266130447388e-01
1.035989299416542053e-01
1.483609229326248169e-01
1.206526532769203186e-01
1.667816489934921265e-01
1.558737456798553467e-01
1.940805912017822266e-01
1.882005929946899414e-01
1.247429773211479187e-01
1.281200498342514038e-01
9.398546069860458374e-02
9.739708900451660156e-02
2.150480747222900391e-01
8.353254944086074829e-02
1.556656509637832642e-01
1.799830645322799683e-01
1.368302553892135620e-01
1.122542843222618103e-01
1.418009847402572632e-01
1.051086261868476868e-01
1.468157917261123657e-01
1.388873904943466187e-01
1.134028434753417969e-01
1.437995433807373047e-01
1.256539076566696167e-01
4.055015146732330322e-01
1.499788761138916016e-01
1.006512269377708435e-01
1.611155718564987183e-01
8.586493134498596191e-02
1.103333011269569397e-01
1.762673258781433105e-01
1.457138508558273315e-01
1.212603971362113953e-01
9.411248564720153809e-02
1.625394076108932495e-01
1.400666087865829468e-01
1.288493424654006958e-01
1.923353075981140137e-01
1.290238946676254272e-01
1.136212944984436035e-01
9.219786524772644043e-02
8.623442798852920532e-02
1.248177960515022278e-01
1.826524287462234497e-01
1.092079207301139832e-01
2.165356129407882690e-01
2.475829124450683594e-01
1.492468267679214478e-01
1.663133502006530762e-01
1.705350130796432495e-01
1.579105705022811890e-01
1.068787202239036560e-01
1.167810633778572083e-01
1.895987838506698608e-01
1.454508453607559204e-01
9.879551082849502563e-02
1.289498955011367798e-01
1.019517183303833008e-01
1.075842455029487610e-01
1.543949395418167114e-01
9.918179363012313843e-02
1.811034679412841797e-01
1.775877326726913452e-01
1.193853691220283508e-01
1.056453064084053040e-01
1.129818335175514221e-01
1.276778429746627808e-01
1.486237198114395142e-01
9.067314118146896362e-02
1.800924539566040039e-01
1.196766793727874756e-01
1.719003915786743164e-01
2.050112932920455933e-01
1.314934939146041870e-01
1.394061446189880371e-01
1.118136867880821228e-01
1.120799556374549866e-01
1.411463171243667603e-01
1.588540822267532349e-01
1.611090600490570068e-01
1.188854575157165527e-01
1.702720969915390015e-01
1.714851707220077515e-01
1.153886616230010986e-01
1.609411388635635376e-01
1.012495085597038269e-01
1.182360649108886719e-01
2.661632895469665527e-01
1.428936272859573364e-01
9.272911399602890015e-02
1.104514002799987793e-01
1.037826836109161377e-01
9.664653986692428589e-02
1.272345930337905884e-01
1.111287251114845276e-01
7.755246758460998535e-02
1.457539349794387817e-01
1.436775177717208862e-01
1.176819875836372375e-01
1.469529867172241211e-01
1.174458637833595276e-01
8.051800727844238281e-02
8.268859237432479858e-02
1.360803842544555664e-01
1.304254829883575439e-01
6.505440920591354370e-02
1.324243396520614624e-01
1.234570145606994629e-01
1.546671390533447266e-01
1.399395018815994263e-01
1.254094392061233521e-01
1.353823989629745483e-01
1.275786608457565308e-01
1.222324147820472717e-01
1.204582452774047852e-01
1.442575603723526001e-01
9.840366244316101074e-02
1.273933649063110352e-01
1.900901645421981812e-01
1.123839840292930603e-01
1.543706804513931274e-01
2.853259742259979248e-01
1.390731334686279297e-01
1.533639132976531982e-01
3.331962227821350098e-01
1.177068054676055908e-01
1.399337053298950195e-01
1.465542614459991455e-01
1.226711794734001160e-01
1.772972494363784790e-01
1.344419270753860474e-01
1.181821227073669434e-01
1.624635457992553711e-01
1.392756849527359009e-01
1.803270131349563599e-01
1.357291489839553833e-01
1.228118911385536194e-01
1.058997884392738342e-01
1.914883852005004883e-01
1.241963282227516174e-01
1.501957029104232788e-01
1.752228289842605591e-01
1.506238430738449097e-01
1.582224220037460327e-01
5.600517392158508301e-01
1.081165298819541931e-01
9.944257885217666626e-02
1.397224068641662598e-01
1.498744636774063110e-01
1.338417679071426392e-01
1.836504936218261719e-01
1.467543244361877441e-01
1.009794250130653381e-01
1.440078467130661011e-01
1.566648334264755249e-01
1.850267201662063599e-01
1.258435249328613281e-01
1.169119775295257568e-01
1.589141339063644409e-01
1.319729238748550415e-01
1.339413970708847046e-01
1.504465192556381226e-01
1.631455868482589722e-01
1.479933112859725952e-01
1.138510107994079590e-01
1.060578152537345886e-01
1.553949117660522461e-01
1.155696809291839600e-01
1.282853931188583374e-01
1.240083798766136169e-01
1.518090367317199707e-01
1.936333775520324707e-01
1.684214025735855103e-01
1.341314762830734253e-01
1.094105467200279236e-01
1.381445080041885376e-01
1.147557497024536133e-01
2.089691907167434692e-01
1.431393772363662720e-01
1.164514124393463135e-01
1.360116153955459595e-01
1.123458221554756165e-01
1.098876371979713440e-01
1.233804300427436829e-01
1.733533740043640137e-01
1.360983103513717651e-01
1.517291367053985596e-01
1.484179347753524780e-01
1.278806179761886597e-01
1.288119554519653320e-01
1.578580737113952637e-01
1.167879104614257812e-01
1.540447026491165161e-01
1.609717309474945068e-01
1.404622048139572144e-01
8.065193146467208862e-02
1.968577653169631958e-01
9.054998308420181274e-02
1.421734243631362915e-01
1.618615537881851196e-01
1.447886079549789429e-01
1.222082376480102539e-01
8.011353760957717896e-02
1.210798993706703186e-01
1.151013374328613281e-01
1.530137360095977783e-01
1.024790629744529724e-01
1.675326377153396606e-01
1.593907624483108521e-01
1.172420382499694824e-01
2.063263505697250366e-01
1.365795284509658813e-01
9.049240499734878540e-02
1.671158522367477417e-01
8.754322677850723267e-02
2.086264640092849731e-01
1.491388380527496338e-01
1.395046859979629517e-01
1.162820234894752502e-01
1.670217663049697876e-01
1.307250857353210449e-01
1.118540763854980469e-01
1.348797231912612915e-01
9.772813320159912109e-02
2.043046504259109497e-01
1.365846246480941772e-01
1.344207376241683960e-01
1.269656866788864136e-01
9.719175845384597778e-02
8.974618464708328247e-02
1.501423567533493042e-01
1.655139774084091187e-01
1.068381667137145996e-01
1.420840024948120117e-01
1.382991522550582886e-01
1.503303796052932739e-01
1.850926429033279419e-01
9.435711055994033813e-02
1.127571463584899902e-01
1.710340231657028198e-01
1.241028532385826111e-01
1.430088728666305542e-01
1.529798954725265503e-01
1.023066043853759766e-01
1.553699374198913574e-01
8.581656962633132935e-02
9.185785055160522461e-02
1.039094403386116028e-01
3.745894730091094971e-01
8.388203382492065430e-02
1.455486863851547241e-01
9.686279296875000000e-02
1.255581527948379517e-01
1.226229369640350342e-01
4.652059376239776611e-01
1.483536511659622192e-01
1.345783323049545288e-01
9.409061819314956665e-02
1.197070255875587463e-01
2.430351525545120239e-01
1.614568531513214111e-01
1.647308915853500366e-01
1.075150966644287109e-01
1.220569238066673279e-01
1.492186039686203003e-01
1.309371143579483032e-01
1.756561994552612305e-01
1.415573358535766602e-01
9.410277009010314941e-02
1.415836960077285767e-01
1.422559767961502075e-01
1.103673800826072693e-01
1.144711077213287354e-01
1.498821228742599487e-01
9.330316632986068726e-02
1.327526122331619263e-01
1.121196523308753967e-01
9.222158044576644897e-02
1.209272518754005432e-01
1.784975081682205200e-01
1.303725838661193848e-01
7.935076951980590820e-02
1.332912296056747437e-01
1.118069887161254883e-01
1.362041383981704712e-01
1.771118640899658203e-01
1.549966782331466675e-01
1.218339130282402039e-01
1.653878837823867798e-01
8.098617941141128540e-02
1.146089509129524231e-01
1.157145276665687561e-01
1.352271884679794312e-01
1.166303753852844238e-01
9.070155024528503418e-02
1.722799688577651978e-01
7.693987339735031128e-02
1.155962347984313965e-01
1.331221312284469604e-01
1.260458678007125854e-01
1.164280101656913757e-01
1.550277322530746460e-01
1.163198128342628479e-01
1.138112321496009827e-01
1.192541122436523438e-01
8.300917595624923706e-02
1.096409261226654053e-01
1.637174636125564575e-01
1.351323425769805908e-01
1.080701574683189392e-01
1.362085789442062378e-01
1.378370672464370728e-01
1.432604640722274780e-01
1.321652978658676147e-01
1.055914163589477539e-01
1.332104057073593140e-01
1.227160319685935974e-01
1.462093293666839600e-01
6.730564683675765991e-02
1.768484562635421753e-01
1.033422648906707764e-01
1.367200613021850586e-01
1.061809360980987549e-01
1.299684196710586548e-01
9.446681290864944458e-02
1.205024793744087219e-01
1.781054735183715820e-01
1.481313258409500122e-01
1.164001524448394775e-01
1.387817412614822388e-01
2.083048224449157715e-01
8.214763551950454712e-02
1.396582722663879395e-01
1.990845203399658203e-01
1.025846824049949646e-01
1.130951121449470520e-01
1.651116013526916504e-01
1.069136038422584534e-01
1.382850408554077148e-01
1.217939183115959167e-01
1.217782795429229736e-01
1.425773948431015015e-01
1.612548977136611938e-01
8.881527185440063477e-02
1.442295759916305542e-01
1.371952742338180542e-01
1.158718466758728027e-01
8.623943477869033813e-02
1.788779348134994507e-01
8.920943737030029297e-02
1.084919571876525879e-01
1.456289440393447876e-01
1.486298888921737671e-01
1.680494993925094604e-01
1.138590052723884583e-01
1.163280308246612549e-01
1.360036134719848633e-01
1.486930400133132935e-01
1.427069902420043945e-01
1.357659846544265747e-01
1.512704044580459595e-01
9.365395456552505493e-02
1.216808184981346130e-01
1.727247983217239380e-01
1.358222514390945435e-01
1.467172503471374512e-01
1.571508049964904785e-01
3.373449742794036865e-01
1.341461092233657837e-01
1.663832813501358032e-01
1.272296160459518433e-01
1.422200053930282593e-01
1.227741464972496033e-01
2.073483914136886597e-01
1.560075581073760986e-01
1.250416934490203857e-01
1.105683147907257080e-01
1.373428255319595337e-01
1.293539106845855713e-01
1.238674744963645935e-01
1.602881699800491333e-01
1.172275543212890625e-01
1.445109397172927856e-01
1.135979667305946350e-01
1.355286985635757446e-01
1.694411486387252808e-01
1.185528114438056946e-01
1.608450263738632202e-01
1.308774352073669434e-01
8.051040768623352051e-02
1.382680982351303101e-01
1.031700745224952698e-01
1.167577430605888367e-01
1.181270852684974670e-01
1.317374706268310547e-01
7.268723100423812866e-02
1.138156875967979431e-01
1.453419476747512817e-01
1.119388565421104431e-01
1.651463508605957031e-01
1.548148244619369507e-01
1.427846401929855347e-01
1.484451740980148315e-01
1.837716102600097656e-01
1.157860979437828064e-01
1.413293480873107910e-01
1.195204034447669983e-01
8.392377942800521851e-02
2.202218919992446899e-01
1.154111996293067932e-01
1.469633430242538452e-01
1.225303635001182556e-01
1.214727163314819336e-01
1.344081908464431763e-01
9.192211180925369263e-02
1.050568744540214539e-01
1.030666828155517578e-01
1.079446300864219666e-01
1.105790361762046814e-01
1.272331923246383667e-01
1.192934587597846985e-01
1.096015051007270813e-01
8.340813964605331421e-02
1.115649715065956116e-01
1.127778664231300354e-01
1.095935106277465820e-01
1.475451588630676270e-01
1.138483360409736633e-01
1.678699702024459839e-01
1.020453199744224548e-01
1.310743093490600586e-01
1.282772272825241089e-01
1.091980561614036560e-01
1.376607120037078857e-01
1.519295722246170044e-01
8.481212705373764038e-02
1.220350638031959534e-01
1.054551005363464355e-01
3.264118731021881104e-01
1.220887526869773865e-01
1.620511561632156372e-01
8.778079599142074585e-02
1.193245872855186462e-01
8.960959315299987793e-02
1.269667744636535645e-01
1.821610778570175171e-01
9.677678346633911133e-02
1.236482858657836914e-01
1.154378280043601990e-01
1.828620433807373047e-01
1.509096622467041016e-01
1.359269171953201294e-01
8.636794239282608032e-02
1.356074959039688110e-01
1.626665592193603516e-01
1.199846267700195312e-01
1.142219081521034241e-01
1.759134083986282349e-01
1.052049174904823303e-01
1.077119112014770508e-01
2.826690673828125000e-01
1.552716046571731567e-01
1.686959266662597656e-01
1.073489189147949219e-01
1.606798619031906128e-01
1.287302672863006592e-01
1.302995234727859497e-01
8.938476443290710449e-02
1.021789535880088806e-01
1.378174424171447754e-01
1.095604375004768372e-01
9.544902294874191284e-02
1.488105505704879761e-01
1.333711296319961548e-01
1.281671971082687378e-01
1.223471388220787048e-01
1.150271669030189514e-01
1.261001229286193848e-01
1.066279709339141846e-01
1.418706327676773071e-01
1.089339032769203186e-01
1.065637245774269104e-01
1.027407422661781311e-01
1.655511409044265747e-01
1.667135208845138550e-01
1.622367948293685913e-01
1.445115655660629272e-01
1.039102450013160706e-01
1.418615132570266724e-01
1.663275808095932007e-01
1.452355533838272095e-01
8.560381084680557251e-02
1.431222856044769287e-01
1.087891459465026855e-01
1.150591000914573669e-01
1.138867959380149841e-01
1.980603188276290894e-01
1.391545236110687256e-01
9.105151146650314331e-02
9.717380255460739136e-02
1.005140766501426697e-01
1.492321640253067017e-01
8.024331182241439819e-02
1.343646049499511719e-01
1.058396697044372559e-01
1.296193152666091919e-01
2.100437134504318237e-01
1.259762942790985107e-01
8.816161006689071655e-02
1.507430225610733032e-01
1.091933622956275940e-01
1.492814868688583374e-01
1.169294938445091248e-01
1.490263193845748901e-01
1.542388349771499634e-01
1.319633275270462036e-01
1.321515291929244995e-01
1.115072369575500488e-01
1.536065191030502319e-01
1.310781985521316528e-01
1.219858303666114807e-01
1.243471503257751465e-01
1.499831080436706543e-01
1.053314805030822754e-01
3.941220045089721680e-01
1.339258104562759399e-01
1.197685524821281433e-01
1.696424931287765503e-01
1.504217982292175293e-01
1.307951658964157104e-01
1.047411039471626282e-01
8.409119397401809692e-02
1.943285465240478516e-01
1.262354403734207153e-01
1.098932847380638123e-01
9.417822211980819702e-02
1.214793100953102112e-01
1.190527677536010742e-01
1.592165231704711914e-01
8.354391902685165405e-02
1.702021211385726929e-01
1.083618476986885071e-01
1.582174450159072876e-01
1.232895627617835999e-01
1.060018464922904968e-01
1.272390186786651611e-01
1.689084321260452271e-01
1.437692940235137939e-01
1.373778879642486572e-01
8.739616721868515015e-02
1.490477770566940308e-01
1.052622273564338684e-01
1.171488389372825623e-01
1.189741119742393494e-01
1.201289221644401550e-01
1.034045591950416565e-01
1.805774569511413574e-01
1.737828850746154785e-01
1.310455054044723511e-01
8.082232624292373657e-02
1.437145024538040161e-01
1.545823365449905396e-01
3.280069828033447266e-01
2.048300355672836304e-01
1.008323207497596741e-01
9.349180012941360474e-02
1.371096223592758179e-01
1.103302910923957825e-01
1.317627280950546265e-01
1.186506748199462891e-01
1.094272956252098083e-01
1.327386349439620972e-01
9.497276693582534790e-02
1.772655993700027466e-01
1.718142181634902954e-01
1.478953510522842407e-01
1.452197432518005371e-01
1.323117017745971680e-01
1.204478964209556580e-01
1.359790712594985962e-01
9.557107090950012207e-02
7.774706929922103882e-02
1.303060799837112427e-01
1.203265190124511719e-01
1.253838390111923218e-01
9.155025333166122437e-02
1.235032752156257629e-01
1.208827719092369080e-01
1.453087329864501953e-01
1.413415521383285522e-01
1.287588328123092651e-01
1.040259599685668945e-01
1.087353751063346863e-01
1.395669132471084595e-01
1.767867356538772583e-01
1.511614173650741577e-01
1.166793107986450195e-01
1.623177677392959595e-01
1.235646605491638184e-01
9.616357833147048950e-02
1.599216312170028687e-01
9.194419533014297485e-02
1.382944434881210327e-01
7.941128313541412354e-02
9.826993197202682495e-02
7.594069093465805054e-02
1.275369971990585327e-01
1.022948920726776123e-01
1.613919883966445923e-01
1.142060682177543640e-01
1.222604289650917053e-01
1.415546983480453491e-01
1.048737987875938416e-01
8.530712127685546875e-02
9.422251582145690918e-02
1.789641529321670532e-01
1.287229061126708984e-01
1.554971188306808472e-01
1.533785313367843628e-01
1.472312510013580322e-01
1.173000335693359375e-01
1.329957991838455200e-01
1.670574694871902466e-01
9.783848375082015991e-02
1.311071366071701050e-01
8.553304523229598999e-02
8.937258273363113403e-02
1.875743865966796875e-01
1.254046708345413208e-01
1.181236281991004944e-01
1.193897351622581482e-01
1.310485154390335083e-01
1.425828486680984497e-01
1.032134294509887695e-01
2.050978988409042358e-01
9.789302945137023926e-02
1.359291821718215942e-01
8.676878362894058228e-02
1.523066014051437378e-01
9.771139174699783325e-02
1.175631284713745117e-01
1.048881039023399353e-01
1.700180321931838989e-01
1.521485298871994019e-01
9.061286598443984985e-02
9.669271856546401978e-02
1.511626690626144409e-01
1.342707276344299316e-01
1.137603595852851868e-01
1.497928798198699951e-01
9.424233436584472656e-02
1.123047098517417908e-01
1.076358482241630554e-01
1.165972426533699036e-01
1.054354906082153320e-01
1.185171827673912048e-01
9.461140632629394531e-02
9.164571017026901245e-02
1.315864771604537964e-01
1.296055465936660767e-01
8.761463314294815063e-02
1.411681771278381348e-01
1.194806471467018127e-01
1.287285834550857544e-01
9.471771866083145142e-02
1.323175281286239624e-01
1.268036961555480957e-01
1.419695168733596802e-01
1.028187796473503113e-01
9.495067596435546875e-02
1.377747505903244019e-01
2.084476351737976074e-01
1.084105372428894043e-01
1.087082028388977051e-01
9.728673845529556274e-02
1.570153832435607910e-01
1.404499262571334839e-01
1.591450870037078857e-01
1.001382395625114441e-01
1.001577302813529968e-01
1.567172408103942871e-01
1.298723816871643066e-01
1.349336355924606323e-01
1.802288144826889038e-01
9.750894457101821899e-02
1.201689839363098145e-01
1.265680193901062012e-01
1.448523849248886108e-01
1.135114356875419617e-01
1.100092530250549316e-01
1.043234542012214661e-01
1.574260741472244263e-01
1.033506467938423157e-01
8.181712776422500610e-02
8.605615049600601196e-02
1.347093135118484497e-01
9.366196393966674805e-02
9.994164109230041504e-02
1.658715456724166870e-01
1.188101172447204590e-01
1.426413059234619141e-01
1.110144481062889099e-01
1.353296339511871338e-01
1.480714827775955200e-01
1.669195145368576050e-01
1.805322170257568359e-01
1.316231936216354370e-01
1.905600428581237793e-01
1.386827826499938965e-01
7.609102874994277954e-02
1.385212987661361694e-01
9.335940331220626831e-02
1.001570895314216614e-01
1.127416118979454041e-01
9.474786370992660522e-02
1.417172551155090332e-01
1.257607936859130859e-01
1.061253771185874939e-01
1.586070954799652100e-01
1.557648032903671265e-01
7.970172911882400513e-02
1.161153241991996765e-01
1.812700778245925903e-01
8.594638109207153320e-02
1.701743751764297485e-01
1.158899590373039246e-01
1.285857111215591431e-01
1.203111931681632996e-01
1.483374387025833130e-01
7.114978879690170288e-02
8.487078547477722168e-02
1.576534360647201538e-01
2.127719968557357788e-01
1.014416217803955078e-01
9.286778420209884644e-02
1.319875121116638184e-01
1.135613098740577698e-01
1.170159950852394104e-01
8.491924405097961426e-02
5.311132669448852539e-01
1.795003265142440796e-01
1.195309758186340332e-01
1.142747998237609863e-01
1.105064675211906433e-01
1.119124218821525574e-01
1.464316844940185547e-01
1.497826427221298218e-01
1.244839504361152649e-01
1.207359209656715393e-01
9.603238105773925781e-02
1.118513345718383789e-01
1.086787804961204529e-01
1.191141903400421143e-01
8.321507275104522705e-02
1.263167113065719604e-01
1.079177185893058777e-01
1.655686348676681519e-01
1.003138497471809387e-01
1.141869798302650452e-01
1.069829687476158142e-01
1.602445095777511597e-01
1.231607124209403992e-01
1.040200814604759216e-01
1.157423928380012512e-01
1.062069758772850037e-01
1.079386174678802490e-01
1.579159945249557495e-01
1.465949416160583496e-01
1.734090596437454224e-01
1.073942184448242188e-01
1.687075346708297729e-01
1.098668202757835388e-01
1.095958724617958069e-01
1.811131238937377930e-01
1.154050529003143311e-01
1.014044657349586487e-01
9.026535600423812866e-02
2.649422883987426758e-01
1.217602714896202087e-01
1.178697571158409119e-01
6.711523979902267456e-02
1.274651736021041870e-01
1.373330503702163696e-01
8.329684287309646606e-02
8.048771321773529053e-02
1.124308705329895020e-01
1.455612033605575562e-01
1.222239956259727478e-01
8.315753191709518433e-02
1.122304424643516541e-01
1.070772781968116760e-01
1.059472560882568359e-01
1.192793473601341248e-01
1.841289401054382324e-01
1.102008447051048279e-01
1.420636475086212158e-01
1.104251965880393982e-01
8.748575299978256226e-02
1.180654987692832947e-01
1.363567560911178589e-01
1.224239170551300049e-01
7.936517149209976196e-02
1.211028173565864563e-01
8.412400633096694946e-02
9.968171268701553345e-02
1.239568963646888733e-01
1.342551708221435547e-01
1.282322406768798828e-01
1.287090629339218140e-01
1.126212254166603088e-01
1.206943169236183167e-01
1.263860911130905151e-01
1.374767422676086426e-01
1.205411925911903381e-01
1.003669425845146179e-01
1.667796820402145386e-01
1.290837079286575317e-01
1.003497019410133362e-01
1.144399642944335938e-01
1.126759946346282959e-01
1.812368184328079224e-01
1.478794366121292114e-01
1.356273442506790161e-01
1.482845395803451538e-01
1.076093539595603943e-01
1.023683175444602966e-01
8.496847003698348999e-02
1.160094961524009705e-01
1.541443765163421631e-01
1.542619019746780396e-01
9.296425431966781616e-02
1.178207993507385254e-01
1.021237745881080627e-01
1.407675892114639282e-01
1.319207847118377686e-01
1.413209587335586548e-01
1.085576936602592468e-01
1.071777716279029846e-01
1.271743029356002808e-01
9.151049703359603882e-02
1.510873734951019287e-01
1.798977255821228027e-01
1.542448848485946655e-01
1.456887871026992798e-01
1.554407626390457153e-01
1.676886081695556641e-01
1.308418363332748413e-01
1.034429073333740234e-01
1.199359297752380371e-01
9.751510620117187500e-02
1.434916704893112183e-01
9.940338134765625000e-02
1.096623763442039490e-01
1.132911220192909241e-01
8.659438043832778931e-02
1.402997970581054688e-01
9.554449468851089478e-02
9.686108678579330444e-02
1.203164234757423401e-01
1.225846186280250549e-01
1.481101363897323608e-01
1.110389530658721924e-01
2.052373886108398438e-01
1.060524582862854004e-01
1.191183626651763916e-01
1.282193660736083984e-01
1.282860189676284790e-01
1.233349218964576721e-01
1.115691438317298889e-01
1.181047335267066956e-01
9.120073914527893066e-02
1.200673058629035950e-01
1.393697708845138550e-01
1.579174548387527466e-01
1.069026589393615723e-01
3.061435818672180176e-01
1.063829958438873291e-01
6.270280480384826660e-02
8.845525979995727539e-02
8.323442190885543823e-02
1.275560110807418823e-01
1.264099478721618652e-01
1.111740544438362122e-01
9.922516345977783203e-02
1.154813766479492188e-01
1.512095332145690918e-01
1.006529852747917175e-01
1.551958918571472168e-01
1.592747718095779419e-01
1.107353940606117249e-01
1.017958521842956543e-01
1.209266558289527893e-01
3.403403759002685547e-01
1.085957810282707214e-01
1.273075342178344727e-01
9.650928527116775513e-02
1.738890409469604492e-01
1.236280128359794617e-01
1.030593588948249817e-01
1.577260941267013550e-01
1.289580613374710083e-01
1.123352870345115662e-01
1.629444807767868042e-01
1.139516606926918030e-01
1.331894397735595703e-01
1.632795184850692749e-01
9.987591952085494995e-02
1.486699879169464111e-01
9.297564625740051270e-02
1.577696949243545532e-01
9.734785556793212891e-02
1.177264526486396790e-01
1.298965513706207275e-01
1.553091555833816528e-01
1.625065058469772339e-01
1.082806214690208435e-01
1.311547756195068359e-01
1.177064254879951477e-01
9.347067028284072876e-02
1.256314069032669067e-01
1.513072103261947632e-01
9.897888451814651489e-02
8.509507030248641968e-02
1.418702602386474609e-01
1.198297664523124695e-01
1.211633905768394470e-01
1.095482483506202698e-01
9.823334217071533203e-02
2.048078328371047974e-01
1.104781851172447205e-01
1.354723125696182251e-01
9.220638126134872437e-02
3.348930776119232178e-01
1.164644658565521240e-01
1.216693297028541565e-01
1.024862900376319885e-01
1.236820146441459656e-01
1.172921657562255859e-01
1.010011807084083557e-01
1.240026727318763733e-01
1.139651238918304443e-01
1.183001175522804260e-01
1.167453303933143616e-01
1.160558387637138367e-01
1.287211477756500244e-01
1.344245076179504395e-01
1.394111663103103638e-01
1.449970752000808716e-01
8.794962614774703979e-02
1.379653960466384888e-01
1.192891299724578857e-01
1.591473966836929321e-01
1.254433095455169678e-01
1.016437187790870667e-01
1.305168271064758301e-01
2.142390161752700806e-01
8.979001641273498535e-02
1.212703213095664978e-01
1.796464920043945312e-01
1.104971170425415039e-01
1.224440559744834900e-01
3.136020600795745850e-01
1.291642934083938599e-01
2.096193283796310425e-01
1.053150668740272522e-01
1.796999722719192505e-01
1.128883138298988342e-01
9.649615734815597534e-02
1.328688710927963257e-01
1.137961968779563904e-01
1.889090687036514282e-01
1.261491328477859497e-01
1.073994562029838562e-01
1.076935529708862305e-01
1.419159173965454102e-01
1.318537145853042603e-01
1.310317367315292358e-01
1.085970625281333923e-01
1.223094537854194641e-01
1.322587877511978149e-01
1.611697077751159668e-01
7.827786356210708618e-02
1.199458017945289612e-01
1.167740449309349060e-01
1.228751912713050842e-01
1.557081937789916992e-01
1.017621532082557678e-01
1.300629377365112305e-01
1.282348185777664185e-01
1.355382055044174194e-01
1.176506206393241882e-01
1.837219446897506714e-01
1.211397945880889893e-01
1.082551181316375732e-01
1.404414325952529907e-01
1.447613537311553955e-01
1.570606976747512817e-01
9.378558397293090820e-02
1.467968970537185669e-01
1.338267177343368530e-01
9.725042432546615601e-02
1.138864383101463318e-01
1.336603313684463501e-01
1.630214452743530273e-01
1.600398272275924683e-01
1.962612718343734741e-01
1.020272895693778992e-01
2.797996103763580322e-01
1.037540435791015625e-01
1.401663273572921753e-01
1.213312968611717224e-01
1.177210733294487000e-01
1.287826746702194214e-01
1.727311015129089355e-01
1.116482242941856384e-01
1.309276074171066284e-01
1.519391089677810669e-01
9.478292614221572876e-02
1.061449125409126282e-01
7.672979682683944702e-02
1.573882699012756348e-01
8.261997252702713013e-02
1.283695250749588013e-01
1.104667186737060547e-01
1.307036727666854858e-01
1.312960535287857056e-01
1.199755445122718811e-01
1.402339339256286621e-01
1.490614414215087891e-01
1.355783790349960327e-01
1.004265770316123962e-01
1.400699466466903687e-01
1.227853074669837952e-01
1.398531049489974976e-01
1.209568902850151062e-01
1.623791456222534180e-01
1.075910702347755432e-01
1.449307650327682495e-01
1.301319748163223267e-01
5.039572119712829590e-01
8.797782659530639648e-02
1.388074010610580444e-01
1.410158127546310425e-01
1.268635243177413940e-01
1.306822597980499268e-01
1.771958321332931519e-01
1.265623122453689575e-01
1.928776353597640991e-01
1.419783681631088257e-01
1.176814213395118713e-01
1.092032268643379211e-01
1.208739280700683594e-01
1.264097094535827637e-01
1.118075624108314514e-01
9.773683547973632812e-02
9.808748960494995117e-02
1.281578391790390015e-01
1.006935015320777893e-01
1.009682938456535339e-01
1.048400178551673889e-01
9.050961583852767944e-02
9.958562999963760376e-02
1.314016729593276978e-01
1.268609166145324707e-01
1.222453713417053223e-01
1.293534636497497559e-01
8.156020939350128174e-02
1.334484219551086426e-01
2.796550691127777100e-01
1.059045419096946716e-01
1.271526068449020386e-01
1.178743764758110046e-01
9.550765156745910645e-02
1.000418961048126221e-01
1.448745578527450562e-01
1.143492162227630615e-01
1.092640459537506104e-01
1.397533565759658813e-01
1.008440852165222168e-01
1.394536048173904419e-01
1.017850041389465332e-01
8.850731700658798218e-02
1.440183669328689575e-01
1.260914504528045654e-01
1.455246657133102417e-01
1.054815873503684998e-01
1.339709609746932983e-01
1.471866220235824585e-01
1.332148760557174683e-01
1.917924284934997559e-01
1.374535560607910156e-01
1.311237812042236328e-01
2.279861569404602051e-01
1.083783581852912903e-01
1.043534949421882629e-01
6.570531427860260010e-02
1.220002695918083191e-01
1.083998382091522217e-01
1.285468786954879761e-01
1.108680739998817444e-01
1.605895906686782837e-01
1.258401721715927124e-01
1.268584877252578735e-01
1.019392386078834534e-01
1.515418589115142822e-01
1.132145449519157410e-01
1.203700304031372070e-01
8.129764348268508911e-02
1.512629389762878418e-01
1.446418911218643188e-01
1.459528803825378418e-01
9.862598776817321777e-02
1.456780284643173218e-01
1.343822628259658813e-01
1.009728983044624329e-01
8.642616122961044312e-02
1.469019204378128052e-01
1.110520064830780029e-01
3.191992640495300293e-01
1.403573602437973022e-01
1.205017566680908203e-01
1.643714755773544312e-01
1.250650733709335327e-01
1.635732203722000122e-01
1.419660598039627075e-01
1.056419387459754944e-01
1.262424886226654053e-01
1.213470697402954102e-01
1.383121758699417114e-01
1.342500001192092896e-01
3.221788406372070312e-01
1.438842266798019409e-01
1.055448651313781738e-01
1.628190428018569946e-01
1.386310905218124390e-01
1.593370735645294189e-01
1.046699285507202148e-01
1.632856726646423340e-01
1.716565489768981934e-01
1.006612405180931091e-01
1.102308630943298340e-01
1.634639501571655273e-01
1.104096993803977966e-01
1.460715532302856445e-01
1.008709594607353210e-01
1.530895531177520752e-01
1.210582926869392395e-01
1.799394339323043823e-01
1.148128211498260498e-01
2.457010000944137573e-01
1.461088806390762329e-01
1.466827243566513062e-01
1.282124817371368408e-01
9.660294651985168457e-02
1.800931543111801147e-01
9.897162765264511108e-02
2.041947692632675171e-01
1.175703778862953186e-01
9.863855689764022827e-02
1.073852479457855225e-01
5.476076006889343262e-01
1.745987385511398315e-01
1.178059801459312439e-01
1.313826590776443481e-01
1.376988738775253296e-01
1.777004152536392212e-01
1.234051585197448730e-01
1.429745703935623169e-01
8.498428016901016235e-02
1.008458361029624939e-01
1.295545846223831177e-01
1.603609472513198853e-01
1.099618077278137207e-01
9.943366050720214844e-02
1.126920655369758606e-01
1.794815510511398315e-01
1.474004238843917847e-01
2.604896426200866699e-01
1.335495859384536743e-01
1.880810707807540894e-01
1.174928769469261169e-01
1.271397024393081665e-01
4.478542804718017578e-01
1.436812132596969604e-01
1.195324584841728210e-01
1.156631708145141602e-01
1.122037842869758606e-01
1.574529558420181274e-01
1.347689479589462280e-01
1.193675622344017029e-01
1.269891113042831421e-01
1.335628479719161987e-01
1.070451140403747559e-01
1.643547564744949341e-01
1.503870189189910889e-01
1.027203425765037537e-01
1.388862878084182739e-01
1.328793317079544067e-01
9.797961264848709106e-02
1.218824088573455811e-01
1.164557114243507385e-01
1.085680201649665833e-01
2.244689464569091797e-01
1.339647322893142700e-01
2.322628498077392578e-01
1.095715761184692383e-01
1.144022420048713684e-01
1.526212841272354126e-01
1.319258362054824829e-01
1.287425011396408081e-01
1.670363694429397583e-01
1.037930026650428772e-01
1.967721730470657349e-01
1.515940129756927490e-01
2.087722271680831909e-01
1.325126737356185913e-01
1.036088839173316956e-01
1.103896275162696838e-01
1.449918597936630249e-01
1.076521649956703186e-01
1.410828977823257446e-01
1.355349421501159668e-01
1.660781502723693848e-01
1.203265190124511719e-01
9.988213330507278442e-02
2.034442871809005737e-01
1.818270236253738403e-01
1.643486618995666504e-01
1.250317245721817017e-01
8.618665486574172974e-02
1.649993360042572021e-01
1.695130318403244019e-01
1.588642597198486328e-01
1.132333576679229736e-01
1.344371587038040161e-01
1.068926677107810974e-01
1.275102049112319946e-01
1.102529168128967285e-01
1.605788171291351318e-01
1.325687617063522339e-01
1.291292309761047363e-01
1.177974864840507507e-01
1.242270544171333313e-01
1.263850331306457520e-01
1.316178590059280396e-01
1.128896474838256836e-01
1.570242047309875488e-01
1.326342672109603882e-01
1.070740297436714172e-01
1.765848845243453979e-01
1.812653541564941406e-01
1.155751422047615051e-01
1.585047692060470581e-01
1.357066184282302856e-01
1.261512786149978638e-01
1.124770417809486389e-01
1.895493417978286743e-01
9.288296848535537720e-02
9.030758589506149292e-02
1.442610621452331543e-01
1.622777730226516724e-01
1.477741450071334839e-01
1.203717291355133057e-01
1.360459178686141968e-01
1.311519593000411987e-01
8.901608735322952271e-02
1.321676373481750488e-01
9.267729520797729492e-02
1.497462540864944458e-01
1.175067424774169922e-01
1.018758788704872131e-01
1.200175508856773376e-01
1.280467659235000610e-01
1.401077061891555786e-01
9.548220783472061157e-02
1.296449154615402222e-01
7.164633274078369141e-02
1.005701050162315369e-01
1.133827045559883118e-01
9.369649738073348999e-02
9.057829529047012329e-02
1.248776018619537354e-01
1.077355742454528809e-01
1.816733628511428833e-01
1.028573811054229736e-01
1.810616701841354370e-01
1.328127682209014893e-01
1.503800302743911743e-01
1.131711006164550781e-01
1.232672706246376038e-01
1.224927529692649841e-01
1.870524138212203979e-01
9.293403476476669312e-02
1.161183938384056091e-01
1.904809921979904175e-01
1.131783425807952881e-01
1.261457353830337524e-01
1.106445416808128357e-01
1.215302422642707825e-01
1.213974356651306152e-01
1.459019482135772705e-01
8.134905248880386353e-02
1.449167430400848389e-01
7.703793048858642578e-02
1.332212537527084351e-01
1.355438381433486938e-01
1.460853666067123413e-01
1.637541651725769043e-01
1.226678788661956787e-01
8.342417329549789429e-02
1.558702141046524048e-01
8.701441437005996704e-02
1.018437743186950684e-01
1.161607727408409119e-01
1.017557755112648010e-01
1.123272553086280823e-01
1.122567430138587952e-01
1.303497701883316040e-01
1.739338636398315430e-01
1.268175989389419556e-01
1.325082629919052124e-01
1.310010701417922974e-01
1.403542011976242065e-01
8.113373070955276489e-02
1.150096058845520020e-01
1.682300418615341187e-01
9.147136658430099487e-02
1.149525269865989685e-01
1.672465056180953979e-01
1.012622788548469543e-01
9.247639775276184082e-02
1.386501789093017578e-01
1.009822115302085876e-01
1.162296310067176819e-01
8.355012536048889160e-02
1.103872284293174744e-01
9.626568108797073364e-02
1.934137344360351562e-01
2.245233505964279175e-01
1.057230010628700256e-01
1.302664875984191895e-01
1.105709373950958252e-01
1.123269423842430115e-01
1.673896759748458862e-01
9.663795679807662964e-02
1.034610942006111145e-01
7.195209711790084839e-02
1.471782177686691284e-01
1.467119157314300537e-01
1.116706356406211853e-01
7.415138930082321167e-02
1.062548086047172546e-01
9.057342261075973511e-02
7.809630036354064941e-02
1.217584833502769470e-01
8.649661391973495483e-02
1.300414055585861206e-01
8.001079410314559937e-02
1.172598227858543396e-01
1.239569559693336487e-01
1.080932840704917908e-01
2.843431532382965088e-01
1.064995750784873962e-01
9.981621056795120239e-02
1.168264374136924744e-01
1.189278364181518555e-01
1.282570362091064453e-01
1.205384358763694763e-01
1.690744608640670776e-01
1.271830052137374878e-01
1.339810043573379517e-01
1.367050260305404663e-01
2.034092694520950317e-01
1.399194747209548950e-01
1.672366857528686523e-01
1.440673619508743286e-01
1.160188093781471252e-01
1.118191778659820557e-01
1.426344215869903564e-01
1.320275366306304932e-01
1.301336884498596191e-01
1.913870126008987427e-01
1.470162868499755859e-01
1.453397721052169800e-01
1.339663565158843994e-01
1.024195775389671326e-01
1.605801433324813843e-01
1.739349365234375000e-01
1.714715957641601562e-01
1.221960559487342834e-01
2.039675712585449219e-01
2.740007638931274414e-01
1.575987190008163452e-01
1.876849532127380371e-01
1.167752519249916077e-01
1.070717796683311462e-01
1.250871866941452026e-01
1.226840838789939880e-01
1.779170036315917969e-01
1.335723102092742920e-01
9.981047362089157104e-02
6.874726712703704834e-02
1.226085424423217773e-01
1.568989604711532593e-01
1.185062751173973083e-01
1.279294937849044800e-01
1.200039982795715332e-01
9.470387548208236694e-02
9.694889932870864868e-02
1.197851300239562988e-01
1.093577444553375244e-01
1.178056299686431885e-01
1.279734522104263306e-01
1.064934954047203064e-01
1.386364996433258057e-01
1.122230291366577148e-01
2.753085196018218994e-01
8.552672713994979858e-02
1.606269478797912598e-01
1.000333204865455627e-01
1.623857766389846802e-01
1.541154235601425171e-01
1.001587286591529846e-01
1.300530135631561279e-01
1.192888692021369934e-01
1.222331300377845764e-01
1.201662048697471619e-01
1.317455917596817017e-01
1.250288933515548706e-01
1.976766437292098999e-01
1.049640998244285583e-01
1.205648854374885559e-01
1.122172549366950989e-01
6.765296310186386108e-02
1.000024303793907166e-01
1.191509440541267395e-01
1.078223586082458496e-01
1.731474548578262329e-01
8.877611160278320312e-02
2.541413605213165283e-01
1.289220005273818970e-01
1.119172945618629456e-01
1.438545137643814087e-01
1.803857088088989258e-01
1.055934205651283264e-01
1.267708986997604370e-01
1.011563315987586975e-01
9.298729151487350464e-02
1.074939146637916565e-01
1.491895318031311035e-01
1.284336000680923462e-01
9.622592478990554810e-02
8.685436099767684937e-02
1.539985388517379761e-01
1.330148130655288696e-01
1.598239839076995850e-01
1.544814109802246094e-01
9.227323532104492188e-02
1.291807889938354492e-01
9.249716997146606445e-02
1.023525819182395935e-01
9.048092365264892578e-02
9.998780488967895508e-02
1.803832799196243286e-01
1.359544843435287476e-01
1.369069069623947144e-01
1.119681969285011292e-01
1.320229172706604004e-01
8.783707767724990845e-02
1.125286892056465149e-01
1.130960956215858459e-01
9.347180277109146118e-02
1.533062011003494263e-01
1.626269221305847168e-01
9.196188300848007202e-02
1.637719422578811646e-01
1.211146488785743713e-01
1.066273152828216553e-01
1.484111100435256958e-01
1.276561617851257324e-01
1.361560970544815063e-01
1.391890943050384521e-01
1.314561814069747925e-01
1.137653216719627380e-01
1.194900497794151306e-01
1.214790567755699158e-01
1.360721737146377563e-01
1.103835627436637878e-01
1.513819396495819092e-01
9.697359055280685425e-02
1.617436259984970093e-01
1.005233228206634521e-01
1.934038400650024414e-01
1.527931541204452515e-01
1.053661704063415527e-01
1.181630492210388184e-01
1.437455564737319946e-01
1.562612205743789673e-01
8.195828646421432495e-02
1.435333341360092163e-01
8.516541868448257446e-02
1.719456464052200317e-01
1.462907642126083374e-01
1.352043151855468750e-01
1.236261352896690369e-01
1.404969841241836548e-01
1.543185561895370483e-01
1.488236933946609497e-01
1.061096712946891785e-01
1.043326333165168762e-01
1.379416733980178833e-01
9.570872783660888672e-02
1.371036618947982788e-01
1.547986268997192383e-01
9.134969115257263184e-02
9.477230906486511230e-02
1.062308326363563538e-01
1.313252002000808716e-01
8.996053785085678101e-02
1.142122969031333923e-01
9.944623708724975586e-02
8.334503322839736938e-02
9.235052019357681274e-02
2.102681398391723633e-01
1.375613510608673096e-01
1.041617393493652344e-01
1.323924660682678223e-01
1.767993122339248657e-01
1.269602626562118530e-01
1.228954419493675232e-01
1.303608417510986328e-01
1.656762957572937012e-01
2.059238404035568237e-01
1.125828251242637634e-01
1.146904751658439636e-01
1.834846735000610352e-01
1.093203201889991760e-01
1.625349968671798706e-01
1.442396491765975952e-01
1.394082307815551758e-01
1.170094236731529236e-01
1.131540164351463318e-01
1.302260309457778931e-01
1.446777135133743286e-01
1.909721940755844116e-01
1.066388785839080811e-01
1.828716397285461426e-01
1.392067670822143555e-01
1.387154310941696167e-01
1.217066422104835510e-01
1.376699805259704590e-01
9.176981449127197266e-02
9.812065213918685913e-02
9.909254312515258789e-02
9.125056117773056030e-02
1.151342615485191345e-01
9.609296172857284546e-02
1.161143407225608826e-01
1.130953133106231689e-01
1.204461231827735901e-01
7.745977491140365601e-02
1.350327581167221069e-01
1.274715065956115723e-01
1.049970164895057678e-01
1.127228140830993652e-01
8.569667488336563110e-02
1.402126848697662354e-01
1.162413358688354492e-01
2.338483482599258423e-01
1.190234050154685974e-01
1.489508748054504395e-01
1.511168628931045532e-01
9.905987232923507690e-02
1.434187442064285278e-01
1.247764155268669128e-01
2.290784120559692383e-01
7.680424302816390991e-02
7.580453902482986450e-02
1.228077039122581482e-01
1.241909787058830261e-01
1.594045162200927734e-01
9.526006132364273071e-02
1.793514937162399292e-01
1.594083160161972046e-01
1.481079161167144775e-01
1.429397314786911011e-01
1.015749573707580566e-01
1.001399829983711243e-01
1.519709378480911255e-01
1.079502999782562256e-01
3.787592947483062744e-01
1.620728820562362671e-01
1.273317039012908936e-01
1.649845242500305176e-01
3.260087668895721436e-01
1.543464213609695435e-01
1.329596191644668579e-01
1.544634550809860229e-01
1.280543953180313110e-01
1.062041521072387695e-01
1.331393271684646606e-01
8.411207050085067749e-02
9.979466348886489868e-02
1.320825070142745972e-01
1.005038693547248840e-01
1.489913314580917358e-01
1.612883061170578003e-01
1.288053989410400391e-01
9.226458519697189331e-02
1.109156236052513123e-01
1.397502571344375610e-01
1.844527721405029297e-01
1.096515059471130371e-01
1.462423205375671387e-01
1.329079419374465942e-01
1.202115640044212341e-01
1.285317391157150269e-01
1.283495873212814331e-01
2.197640985250473022e-01
1.141448840498924255e-01
1.050037369132041931e-01
1.270160824060440063e-01
1.492918878793716431e-01
8.768224716186523438e-02
1.085085049271583557e-01
1.060235723853111267e-01
2.304731458425521851e-01
1.321347206830978394e-01
1.748666316270828247e-01
1.162207797169685364e-01
1.190180182456970215e-01
1.189118549227714539e-01
1.232671514153480530e-01
1.114851534366607666e-01
1.470403820276260376e-01
1.306795328855514526e-01
1.123754605650901794e-01
1.815566569566726685e-01
1.268161684274673462e-01
1.136227846145629883e-01
1.124237775802612305e-01
1.094091758131980896e-01
8.369050174951553345e-02
1.426249891519546509e-01
1.292978078126907349e-01
1.246131062507629395e-01
1.155903935432434082e-01
1.814761161804199219e-01
9.215199947357177734e-02
1.354435235261917114e-01
1.078043878078460693e-01
1.493426412343978882e-01
1.466681808233261108e-01
9.939975291490554810e-02
1.315214335918426514e-01
9.978859871625900269e-02
1.142700240015983582e-01
1.480153352022171021e-01
1.258757263422012329e-01
1.402535587549209595e-01
1.443482786417007446e-01
1.116967126727104187e-01
1.299386173486709595e-01
1.099707260727882385e-01
9.011521190404891968e-02
1.665175110101699829e-01
9.381046146154403687e-02
9.530109912157058716e-02
1.274362802505493164e-01
1.215130463242530823e-01
1.785696595907211304e-01
1.136633157730102539e-01
1.587979644536972046e-01
8.411020040512084961e-02
8.773577213287353516e-02
1.447075754404067993e-01
1.177078783512115479e-01
1.500386148691177368e-01
1.281998604536056519e-01
8.538398891687393188e-02
1.336592584848403931e-01
1.174011006951332092e-01
1.626957058906555176e-01
1.558216661214828491e-01
9.279000759124755859e-02
1.342974901199340820e-01
1.304130107164382935e-01
8.768896013498306274e-02
1.013311743736267090e-01
1.231746375560760498e-01
1.242246702313423157e-01
1.089340448379516602e-01
1.509165316820144653e-01
1.157124638557434082e-01
1.005983352661132812e-01
1.121836081147193909e-01
2.621951103210449219e-01
1.097383722662925720e-01
2.319862097501754761e-01
8.952331542968750000e-02
1.334629803895950317e-01
1.404400020837783813e-01
1.193770468235015869e-01
1.935894638299942017e-01
1.624632477760314941e-01
2.825554609298706055e-01
1.347013562917709351e-01
1.864160299301147461e-01
1.191771700978279114e-01
1.479661911725997925e-01
1.664822548627853394e-01
3.125756680965423584e-01
1.297109127044677734e-01
1.728919297456741333e-01
2.421689182519912720e-01
1.607572883367538452e-01
1.388497054576873779e-01
1.672055274248123169e-01
1.269829869270324707e-01
1.504332870244979858e-01
1.195164546370506287e-01
1.606841534376144409e-01
1.144593954086303711e-01
1.206112578511238098e-01
9.161541610956192017e-02
1.672456413507461548e-01
1.257223486900329590e-01
1.432685852050781250e-01
1.629076004028320312e-01
1.507903486490249634e-01
1.591428220272064209e-01
1.915006488561630249e-01
9.954094886779785156e-02
1.384398192167282104e-01
1.562952399253845215e-01
1.409721374511718750e-01
1.463625282049179077e-01
1.116765961050987244e-01
1.551584452390670776e-01
1.038784906268119812e-01
1.638587713241577148e-01
1.165054440498352051e-01
9.835245460271835327e-02
9.186697751283645630e-02
2.636882960796356201e-01
1.136316284537315369e-01
1.777862757444381714e-01
1.567208021879196167e-01
1.153233647346496582e-01
1.239812150597572327e-01
1.247683763504028320e-01
9.699843078851699829e-02
1.043888702988624573e-01
1.679100394248962402e-01
1.678749173879623413e-01
9.811440110206604004e-02
1.577429026365280151e-01
1.460326761007308960e-01
1.542810350656509399e-01
9.466102719306945801e-02
9.155140072107315063e-02
1.147962436079978943e-01
1.032476723194122314e-01
1.076811179518699646e-01
1.559885591268539429e-01
1.274062842130661011e-01
1.867685168981552124e-01
1.166072785854339600e-01
1.164357662200927734e-01
1.579080671072006226e-01
1.260199099779129028e-01
1.550301909446716309e-01
1.395623534917831421e-01
1.668625324964523315e-01
1.526116579771041870e-01
1.897515654563903809e-01
1.149084195494651794e-01
1.844623833894729614e-01
1.714033633470535278e-01
1.286276727914810181e-01
1.715192198753356934e-01
1.476522833108901978e-01
1.095588803291320801e-01
9.146574139595031738e-02
1.812121272087097168e-01
7.365238666534423828e-02
8.140742778778076172e-02
1.037565767765045166e-01
2.108578830957412720e-01
1.258790940046310425e-01
1.474005132913589478e-01
1.095318123698234558e-01
2.040236145257949829e-01
1.222752556204795837e-01
1.202938780188560486e-01
2.154183834791183472e-01
1.298190504312515259e-01
1.191733554005622864e-01
8.988048881292343140e-02
1.525583118200302124e-01
1.937526315450668335e-01
1.257237195968627930e-01
1.151847839355468750e-01
9.870758652687072754e-02
9.381530433893203735e-02
1.030565127730369568e-01
9.475734084844589233e-02
1.036095023155212402e-01
1.563251316547393799e-01
1.142789721488952637e-01
1.418239921331405640e-01
9.687227010726928711e-02
1.154263317584991455e-01
8.641215413808822632e-02
1.021092906594276428e-01
1.429816931486129761e-01
1.192286908626556396e-01
1.285452693700790405e-01
9.159237146377563477e-02
1.117902994155883789e-01
1.394494175910949707e-01
1.167936399579048157e-01
1.147455945611000061e-01
1.466560363769531250e-01
1.646331846714019775e-01
1.285340189933776855e-01
1.198182329535484314e-01
1.115919947624206543e-01
1.086244657635688782e-01
1.161942556500434875e-01
1.134872436523437500e-01
1.319514065980911255e-01
1.182764545083045959e-01
1.475052386522293091e-01
1.557699292898178101e-01
1.111158356070518494e-01
1.192385852336883545e-01
1.277683824300765991e-01
1.476614028215408325e-01
1.382308602333068848e-01
1.563187241554260254e-01
9.445907920598983765e-02
1.560137569904327393e-01
1.595344990491867065e-01
1.508893817663192749e-01
1.353151649236679077e-01
1.101024746894836426e-01
1.076361760497093201e-01
1.004543900489807129e-01
1.079345345497131348e-01
8.636683225631713867e-02
1.004281938076019287e-01
1.017381772398948669e-01
1.237882971763610840e-01
1.415543556213378906e-01
1.285720467567443848e-01
1.519315689802169800e-01
1.050831899046897888e-01
9.910687059164047241e-02
1.152090057730674744e-01
1.236366853117942810e-01
1.412097811698913574e-01
1.518443375825881958e-01
1.142518594861030579e-01
1.372460126876831055e-01
1.393959224224090576e-01
1.116992235183715820e-01
1.458721309900283813e-01
1.286041289567947388e-01
1.371339708566665649e-01
1.218998208642005920e-01
1.858646124601364136e-01
1.102987527847290039e-01
1.089257225394248962e-01
1.508939862251281738e-01
3.828713595867156982e-01
1.915423870086669922e-01
1.537873148918151855e-01
1.463970392942428589e-01
1.945636272430419922e-01
1.572919785976409912e-01
1.191708743572235107e-01
1.606893986463546753e-01
1.138400658965110779e-01
1.243096664547920227e-01
1.176583245396614075e-01
1.481972485780715942e-01
1.254345923662185669e-01
1.247585192322731018e-01
1.491803079843521118e-01
1.350802034139633179e-01
1.632122248411178589e-01
8.869007974863052368e-02
1.312585175037384033e-01
1.206383034586906433e-01
1.383142620325088501e-01
1.154537722468376160e-01
8.129046112298965454e-02
9.645065665245056152e-02
1.364539861679077148e-01
1.468325853347778320e-01
9.125056117773056030e-02
1.052608564496040344e-01
9.716615825891494751e-02
1.029288470745086670e-01
1.760335415601730347e-01
8.074495941400527954e-02
1.587075442075729370e-01
1.532402634620666504e-01
1.165906563401222229e-01
1.649985760450363159e-01
9.324621409177780151e-02
1.018495857715606689e-01
1.111949160695075989e-01
1.153763532638549805e-01
1.061545237898826599e-01
9.871577471494674683e-02
1.294143944978713989e-01
1.264010220766067505e-01
1.042034626007080078e-01
1.145046353340148926e-01
1.294268071651458740e-01
1.168671473860740662e-01
1.163248345255851746e-01
1.200792789459228516e-01
1.198532059788703918e-01
1.622761785984039307e-01
1.220759674906730652e-01
1.582385450601577759e-01
1.757211089134216309e-01
1.253581494092941284e-01
1.783614605665206909e-01
8.585140854120254517e-02
1.276297569274902344e-01
1.210850700736045837e-01
9.064310044050216675e-02
1.569864004850387573e-01
1.181501150131225586e-01
1.390477567911148071e-01
6.908995658159255981e-02
2.052047848701477051e-01
1.358288079500198364e-01
1.291019320487976074e-01
1.486039012670516968e-01
2.207825034856796265e-01
9.583875536918640137e-02
1.490062326192855835e-01
1.353935152292251587e-01
1.004428640007972717e-01
1.396356672048568726e-01
1.300988942384719849e-01
3.839693069458007812e-01
2.122528553009033203e-01
1.814411133527755737e-01
1.409838497638702393e-01
1.553842574357986450e-01
1.480240076780319214e-01
1.430114507675170898e-01
1.379518657922744751e-01
1.548162251710891724e-01
1.103640794754028320e-01
1.387795954942703247e-01
1.439324170351028442e-01
1.040724888443946838e-01
1.397437006235122681e-01
1.520130336284637451e-01
1.308542639017105103e-01
1.327574700117111206e-01
1.216903328895568848e-01
1.384754329919815063e-01
1.359597593545913696e-01
1.116605475544929504e-01
6.877952069044113159e-02
1.154269874095916748e-01
1.197153553366661072e-01
1.119256690144538879e-01
8.380941301584243774e-02
1.336894631385803223e-01
1.281300038099288940e-01
9.506330639123916626e-02
1.088941618800163269e-01
7.567679136991500854e-02
1.060249432921409607e-01
1.206529736518859863e-01
1.142129376530647278e-01
1.131042763590812683e-01
1.457433551549911499e-01
1.116722524166107178e-01
1.352434605360031128e-01
1.092992648482322693e-01
1.837370246648788452e-01
1.100869476795196533e-01
1.058542132377624512e-01
1.096571087837219238e-01
1.605532914400100708e-01
1.060482561588287354e-01
1.970943659543991089e-01
1.393809765577316284e-01
9.521953016519546509e-02
1.072175279259681702e-01
1.072977781295776367e-01
1.700788289308547974e-01
9.775307029485702515e-02
8.350732177495956421e-02
1.345466524362564087e-01
1.605215072631835938e-01
1.057795360684394836e-01
1.136919930577278137e-01
9.345802664756774902e-02
9.715228527784347534e-02
1.144129708409309387e-01
1.244647279381752014e-01
2.154367119073867798e-01
1.104745194315910339e-01
1.350937038660049438e-01
1.214115843176841736e-01
1.416660845279693604e-01
1.010893359780311584e-01
1.242521330714225769e-01
1.163489595055580139e-01
1.511773914098739624e-01
1.330466121435165405e-01
1.444032043218612671e-01
1.386598646640777588e-01
1.312743723392486572e-01
1.538368314504623413e-01
1.339537054300308228e-01
9.816385060548782349e-02
7.307347655296325684e-02
1.454049199819564819e-01
1.273234486579895020e-01
1.289830654859542847e-01
1.787052601575851440e-01
1.655596941709518433e-01
8.218675106763839722e-02
1.215895712375640869e-01
1.100131869316101074e-01
1.288676261901855469e-01
1.804248541593551636e-01
1.211921349167823792e-01
1.073525249958038330e-01
1.892547756433486938e-01
1.143581196665763855e-01
1.517580002546310425e-01
1.248116716742515564e-01
8.350870758295059204e-02
1.214424297213554382e-01
1.040934249758720398e-01
1.201117038726806641e-01
1.045177206397056580e-01
9.748560935258865356e-02
1.222564876079559326e-01
1.618127673864364624e-01
1.119881868362426758e-01
1.211820468306541443e-01
1.193158850073814392e-01
1.236553490161895752e-01
8.335877209901809692e-02
1.013253554701805115e-01
1.112624481320381165e-01
1.270433366298675537e-01
1.313267648220062256e-01
1.117380484938621521e-01
1.550147682428359985e-01
2.084537744522094727e-01
1.183298006653785706e-01
1.296924203634262085e-01
1.133501902222633362e-01
1.358052939176559448e-01
1.353800445795059204e-01
1.548559963703155518e-01
1.601571887731552124e-01
1.380494087934494019e-01
1.154217198491096497e-01
1.371158659458160400e-01
1.577694863080978394e-01
1.089754030108451843e-01
1.548093557357788086e-01
1.112278327345848083e-01
1.284992098808288574e-01
1.787670105695724487e-01
1.133312210440635681e-01
1.436656862497329712e-01
1.416299939155578613e-01
1.562443077564239502e-01
1.104038134217262268e-01
1.428085565567016602e-01
1.977765709161758423e-01
9.047885984182357788e-02
1.255456209182739258e-01
1.094939708709716797e-01
1.296443492174148560e-01
1.611259728670120239e-01
1.770288944244384766e-01
1.007051244378089905e-01
2.781429290771484375e-01
1.188127100467681885e-01
1.627978086471557617e-01
8.689688891172409058e-02
1.503904759883880615e-01
1.063846051692962646e-01
1.017564162611961365e-01
1.029138192534446716e-01
1.075291037559509277e-01
1.095004454255104065e-01
1.437784582376480103e-01
1.087512671947479248e-01
1.198478713631629944e-01
1.296159625053405762e-01
1.435533314943313599e-01
1.225654706358909607e-01
1.205160021781921387e-01
1.576711535453796387e-01
1.032667756080627441e-01
1.026849374175071716e-01
1.329878270626068115e-01
1.187367513775825500e-01
8.791774511337280273e-02
1.757200211286544800e-01
1.495799422264099121e-01
1.225816607475280762e-01
1.183191910386085510e-01
2.009609490633010864e-01
3.401027917861938477e-01
1.117328032851219177e-01
1.543571501970291138e-01
1.479263752698898315e-01
1.047344282269477844e-01
1.030651628971099854e-01
9.873989969491958618e-02
1.135439649224281311e-01
3.594577610492706299e-01
1.677959412336349487e-01
1.447228640317916870e-01
8.122352510690689087e-02
1.278421878814697266e-01
1.632641404867172241e-01
1.903180927038192749e-01
1.381710916757583618e-01
4.141344130039215088e-01
1.180193200707435608e-01
8.571442961692810059e-02
1.228152289986610413e-01
1.339313834905624390e-01
1.163294911384582520e-01
1.141870543360710144e-01
1.197422072291374207e-01
2.320810556411743164e-01
1.036249622702598572e-01
1.371719092130661011e-01
1.878857165575027466e-01
1.401223689317703247e-01
1.069937720894813538e-01
1.500928550958633423e-01
1.383430212736129761e-01
1.176879182457923889e-01
1.549990177154541016e-01
1.399911791086196899e-01
1.246042475104331970e-01
1.709234714508056641e-01
1.361645311117172241e-01
1.269810646772384644e-01
1.226833164691925049e-01
1.126222983002662659e-01
1.253202259540557861e-01
1.128037199378013611e-01
1.363869607448577881e-01
2.072457224130630493e-01
8.186009526252746582e-02
1.000451222062110901e-01
1.506812572479248047e-01
1.259560734033584595e-01
9.052526950836181641e-02
1.199824288487434387e-01
1.356482952833175659e-01
1.129173710942268372e-01
1.389189511537551880e-01
1.484591811895370483e-01
1.105215623974800110e-01
1.054450944066047668e-01
1.545552760362625122e-01
1.020799800753593445e-01
1.150297895073890686e-01
1.057050451636314392e-01
1.296141147613525391e-01
1.428746730089187622e-01
1.258841753005981445e-01
1.438461095094680786e-01
1.466781198978424072e-01
1.170300245285034180e-01
1.060483455657958984e-01
1.811921596527099609e-01
1.046859100461006165e-01
1.171974912285804749e-01
1.369400471448898315e-01
1.052823290228843689e-01
1.045691967010498047e-01
1.224256977438926697e-01
1.365527510643005371e-01
1.375551670789718628e-01
9.996668249368667603e-02
1.581016331911087036e-01
8.280905336141586304e-02
1.107404530048370361e-01
1.044886484742164612e-01
9.291911125183105469e-02
9.033376723527908325e-02
8.137471973896026611e-02
1.709012389183044434e-01
1.200763657689094543e-01
2.395801991224288940e-01
1.123051866888999939e-01
1.214846074581146240e-01
1.491372138261795044e-01
1.244097054004669189e-01
1.075649932026863098e-01
1.764290332794189453e-01
8.666356652975082397e-02
1.352102905511856079e-01
1.410267502069473267e-01
8.775802701711654663e-02
1.414409428834915161e-01
1.659275144338607788e-01
1.079340800642967224e-01
1.223684921860694885e-01
1.348786205053329468e-01
1.191584691405296326e-01
1.659672111272811890e-01
1.112402006983757019e-01
1.493432968854904175e-01
9.820439666509628296e-02
1.052726209163665771e-01
1.060989275574684143e-01
1.213986054062843323e-01
1.161294355988502502e-01
1.439752727746963501e-01
1.496311724185943604e-01
9.943946450948715210e-02
1.767547875642776489e-01
1.096128225326538086e-01
9.135454148054122925e-02
1.272977590560913086e-01
1.486236453056335449e-01
1.459773033857345581e-01
9.958852082490921021e-02
1.169125214219093323e-01
7.620036602020263672e-02
1.019990220665931702e-01
1.240855529904365540e-01
1.381326466798782349e-01
1.243227794766426086e-01
1.579962521791458130e-01
1.233498454093933105e-01
9.578440338373184204e-02
1.120144128799438477e-01
1.355878561735153198e-01
1.068927049636840820e-01
9.201396256685256958e-02
4.623372554779052734e-01
1.437809914350509644e-01
1.183424219489097595e-01
1.270618736743927002e-01
1.294452100992202759e-01
1.663464605808258057e-01
1.350934952497482300e-01
9.114054590463638306e-02
1.558236628770828247e-01
1.339841485023498535e-01
8.987364172935485840e-02
1.702858209609985352e-01
1.179631352424621582e-01
1.274621635675430298e-01
9.391778707504272461e-02
9.710141271352767944e-02
1.287897527217864990e-01
1.349433213472366333e-01
1.147230044007301331e-01
1.274240761995315552e-01
1.577586978673934937e-01
1.786690950393676758e-01
1.043707653880119324e-01
1.298659592866897583e-01
1.014301776885986328e-01
1.223618611693382263e-01
1.107315123081207275e-01
1.099771261215209961e-01
1.744272708892822266e-01
1.167670711874961853e-01
1.323771029710769653e-01
1.186190620064735413e-01
1.084569171071052551e-01
1.478632092475891113e-01
8.926235884428024292e-02
1.131188645958900452e-01
1.056299731135368347e-01
9.894382953643798828e-02
1.254155486822128296e-01
1.606620103120803833e-01
1.514807194471359253e-01
1.117812618613243103e-01
1.688078641891479492e-01
1.165187433362007141e-01
1.729807257652282715e-01
2.399321347475051880e-01
1.377540975809097290e-01
9.046715497970581055e-02
1.118680834770202637e-01
1.845428347587585449e-01
9.988451004028320312e-02
1.281009167432785034e-01
1.602913588285446167e-01
9.892777353525161743e-02
1.118195056915283203e-01
1.215241178870201111e-01
1.090671792626380920e-01
1.467865258455276489e-01
1.312283873558044434e-01
9.640157967805862427e-02
9.013576060533523560e-02
1.212254986166954041e-01
1.220659837126731873e-01
7.180544734001159668e-02
1.229248121380805969e-01
9.113330394029617310e-02
1.110290363430976868e-01
1.202685758471488953e-01
1.180338859558105469e-01
1.253066211938858032e-01
1.686456352472305298e-01
1.113948747515678406e-01
9.172882884740829468e-02
1.091355308890342712e-01
9.855985641479492188e-02
1.284014135599136353e-01
1.579026877880096436e-01
2.086002081632614136e-01
1.212325692176818848e-01
1.356781274080276489e-01
1.869469135999679565e-01
1.144966557621955872e-01
1.233630776405334473e-01
8.405157178640365601e-02
1.069162264466285706e-01
1.334535926580429077e-01
9.902105480432510376e-02
1.403859406709671021e-01
1.292024403810501099e-01
8.911556005477905273e-02
1.687621623277664185e-01
1.425444334745407104e-01
1.391739398241043091e-01
1.020057797431945801e-01
1.139316782355308533e-01
1.067505851387977600e-01
1.349256783723831177e-01
1.506686508655548096e-01
1.372161060571670532e-01
9.221916645765304565e-02
1.229444816708564758e-01
2.159133702516555786e-01
1.250188201665878296e-01
1.218164935708045959e-01
2.378534823656082153e-01
1.252447515726089478e-01
1.484310775995254517e-01
1.220100596547126770e-01
7.616543024778366089e-02
1.163640990853309631e-01
1.485446244478225708e-01
8.566931635141372681e-02
