1.061176136136054993e-01
1.148481294512748718e-01
1.106998398900032043e-01
9.848251938819885254e-02
1.569008082151412964e-01
1.071829423308372498e-01
1.221610978245735168e-01
1.139454469084739685e-01
1.861066371202468872e-01
1.340010017156600952e-01
1.377215236425399780e-01
1.640751808881759644e-01
1.174462512135505676e-01
1.786103993654251099e-01
2.119514197111129761e-01
1.016722097992897034e-01
1.358165442943572998e-01
1.435397863388061523e-01
1.048894897103309631e-01
1.582505553960800171e-01
1.234814450144767761e-01
1.380285918712615967e-01
1.620652526617050171e-01
1.194011196494102478e-01
1.588898152112960815e-01
1.260771751403808594e-01
1.502653956413269043e-01
2.237112969160079956e-01
2.747890353202819824e-01
1.291890740394592285e-01
1.020881608128547668e-01
1.766215562820434570e-01
1.456249505281448364e-01
1.036018654704093933e-01
1.193427518010139465e-01
1.926898211240768433e-01
1.269195228815078735e-01
1.477090716361999512e-01
1.089653372764587402e-01
1.208798959851264954e-01
1.018705070018768311e-01
1.241902485489845276e-01
1.136437729001045227e-01
1.332249492406845093e-01
1.259136348962783813e-01
2.166986465454101562e-01
1.279556602239608765e-01
1.390728503465652466e-01
1.171500906348228455e-01
6.858750432729721069e-02
1.347242444753646851e-01
7.686456292867660522e-02
1.285806000232696533e-01
1.030861958861351013e-01
1.636858731508255005e-01
1.044225171208381653e-01
1.370320171117782593e-01
1.209802851080894470e-01
1.085783615708351135e-01
1.845393925905227661e-01
1.586710959672927856e-01
1.185741201043128967e-01
1.281228065490722656e-01
1.347983330488204956e-01
1.367662400007247925e-01
1.409783810377120972e-01
1.280922442674636841e-01
1.290406882762908936e-01
2.060702592134475708e-01
9.475409984588623047e-02
1.479278951883316040e-01
1.202173754572868347e-01
1.502204239368438721e-01
1.244508326053619385e-01
1.736527234315872192e-01
1.693812161684036255e-01
1.401884406805038452e-01
1.204384639859199524e-01
1.240713223814964294e-01
1.410843729972839355e-01
9.807840734720230103e-02
1.226885393261909485e-01
1.584397107362747192e-01
1.926413625478744507e-01
1.528185456991195679e-01
1.608217209577560425e-01
1.388869732618331909e-01
1.724798232316970825e-01
1.006291285157203674e-01
1.534494161605834961e-01
1.299970000982284546e-01
1.546861380338668823e-01
2.048410624265670776e-01
1.302338689565658569e-01
1.218402981758117676e-01
1.550977677106857300e-01
1.171321347355842590e-01
1.330270916223526001e-01
1.143731549382209778e-01
1.602649539709091187e-01
1.210813596844673157e-01
1.720100045204162598e-01
1.245975792407989502e-01
1.717005521059036255e-01
1.671200543642044067e-01
1.259303539991378784e-01
1.457369178533554077e-01
1.123662814497947693e-01
1.367193907499313354e-01
1.331134885549545288e-01
1.073960959911346436e-01
1.248730197548866272e-01
1.339074522256851196e-01
1.660353094339370728e-01
1.373487561941146851e-01
1.755598038434982300e-01
1.348649263381958008e-01
1.138442382216453552e-01
1.389550417661666870e-01
1.009249463677406311e-01
1.471433937549591064e-01
2.336304336786270142e-01
1.467002481222152710e-01
2.400816082954406738e-01
1.283202320337295532e-01
1.555182486772537231e-01
1.215097382664680481e-01
1.338378041982650757e-01
1.534142494201660156e-01
1.382371932268142700e-01
1.121788620948791504e-01
1.519623398780822754e-01
1.526982188224792480e-01
1.000720262527465820e-01
1.599384099245071411e-01
1.361095756292343140e-01
1.175210252404212952e-01
2.023227661848068237e-01
1.526660919189453125e-01
1.231974735856056213e-01
1.538886278867721558e-01
1.000455990433692932e-01
1.184281632304191589e-01
1.261441558599472046e-01
1.273321062326431274e-01
1.284417062997817993e-01
1.455244868993759155e-01
1.175135448575019836e-01
1.361927092075347900e-01
1.369557231664657593e-01
1.150708198547363281e-01
1.569898128509521484e-01
1.470634788274765015e-01
1.143775656819343567e-01
1.125644370913505554e-01
1.592329889535903931e-01
1.329326629638671875e-01
1.440480947494506836e-01
1.342241317033767700e-01
1.497962921857833862e-01
1.183688864111900330e-01
1.141141280531883240e-01
1.373621076345443726e-01
1.004453599452972412e-01
8.814879506826400757e-02
1.373903751373291016e-01
1.279345601797103882e-01
1.179034113883972168e-01
1.741527318954467773e-01
1.200591623783111572e-01
1.044054105877876282e-01
1.023767516016960144e-01
1.318296641111373901e-01
1.092561185359954834e-01
1.100826635956764221e-01
1.464138627052307129e-01
1.790866404771804810e-01
1.750935167074203491e-01
1.188358440995216370e-01
1.036849915981292725e-01
1.631986945867538452e-01
1.271666288375854492e-01
1.339071989059448242e-01
1.313928812742233276e-01
1.414759457111358643e-01
1.406001597642898560e-01
1.575249284505844116e-01
1.353185027837753296e-01
1.350661218166351318e-01
1.187195554375648499e-01
1.709958463907241821e-01
1.064101457595825195e-01
1.477554738521575928e-01
1.396998614072799683e-01
1.641298383474349976e-01
1.417260617017745972e-01
1.198121979832649231e-01
1.049588248133659363e-01
1.130154654383659363e-01
1.299284249544143677e-01
1.145236790180206299e-01
1.471543610095977783e-01
8.250911533832550049e-02
1.296775490045547485e-01
1.219813451170921326e-01
1.413190513849258423e-01
1.573890447616577148e-01
1.520895957946777344e-01
2.151657342910766602e-01
1.311200112104415894e-01
1.879245787858963013e-01
1.937100887298583984e-01
1.334183812141418457e-01
1.211839690804481506e-01
1.488142460584640503e-01
1.495111137628555298e-01
1.249376907944679260e-01
1.295797377824783325e-01
1.493039429187774658e-01
1.430044472217559814e-01
1.500530987977981567e-01
1.639586836099624634e-01
1.177996024489402771e-01
1.729020327329635620e-01
1.523325890302658081e-01
1.541477292776107788e-01
1.780548840761184692e-01
1.715514659881591797e-01
1.436151713132858276e-01
1.734716147184371948e-01
1.439217180013656616e-01
1.291740685701370239e-01
1.687713861465454102e-01
9.575006365776062012e-02
1.029880642890930176e-01
1.532715111970901489e-01
1.670716255903244019e-01
1.789553612470626831e-01
1.407924592494964600e-01
1.287957429885864258e-01
1.548659056425094604e-01
1.438683271408081055e-01
1.691320985555648804e-01
1.207382455468177795e-01
1.314903348684310913e-01
1.273130923509597778e-01
1.095261499285697937e-01
1.211717948317527771e-01
9.642650932073593140e-02
1.450171321630477905e-01
1.248363330960273743e-01
1.264424920082092285e-01
1.812561154365539551e-01
1.553883105516433716e-01
1.470710188150405884e-01
1.508787125349044800e-01
1.282785832881927490e-01
1.680881977081298828e-01
1.282929480075836182e-01
1.510119885206222534e-01
1.443739533424377441e-01
1.398197859525680542e-01
1.041238829493522644e-01
1.158868595957756042e-01
9.194587916135787964e-02
1.170353516936302185e-01
1.572460234165191650e-01
1.687609553337097168e-01
1.053863093256950378e-01
1.359489709138870239e-01
1.675209552049636841e-01
1.103149279952049255e-01
1.318039149045944214e-01
1.049635186791419983e-01
1.086271032691001892e-01
1.538579016923904419e-01
1.178669929504394531e-01
1.241523921489715576e-01
1.349849998950958252e-01
1.331981718540191650e-01
1.358226984739303589e-01
1.140496507287025452e-01
1.434248536825180054e-01
1.392773240804672241e-01
1.291668862104415894e-01
1.118244826793670654e-01
1.845923066139221191e-01
1.353172659873962402e-01
1.129488274455070496e-01
1.370262950658798218e-01
8.756276965141296387e-02
1.596291810274124146e-01
1.556636840105056763e-01
1.104264780879020691e-01
1.441215425729751587e-01
1.230035200715065002e-01
1.416967958211898804e-01
1.538002789020538330e-01
1.449213027954101562e-01
1.207757070660591125e-01
1.840829253196716309e-01
1.430928260087966919e-01
1.336138248443603516e-01
1.348022073507308960e-01
1.431189775466918945e-01
1.444411128759384155e-01
9.956791996955871582e-02
1.374863535165786743e-01
1.242529973387718201e-01
1.347301751375198364e-01
1.099700331687927246e-01
1.440406590700149536e-01
9.098424762487411499e-02
1.278873383998870850e-01
1.171337589621543884e-01
1.268415600061416626e-01
8.750068396329879761e-02
1.592889279127120972e-01
1.292474269866943359e-01
1.503782123327255249e-01
1.523547619581222534e-01
1.221000552177429199e-01
1.112850233912467957e-01
9.960602968931198120e-02
1.327063441276550293e-01
1.170767769217491150e-01
1.128989979624748230e-01
1.023539081215858459e-01
1.685001999139785767e-01
1.259088367223739624e-01
1.544890999794006348e-01
1.332210451364517212e-01
1.533319056034088135e-01
1.357118338346481323e-01
1.607412844896316528e-01
9.423521906137466431e-02
1.640934497117996216e-01
1.712225228548049927e-01
1.059216782450675964e-01
1.460015028715133667e-01
1.163592040538787842e-01
1.908047646284103394e-01
1.359399855136871338e-01
1.253162473440170288e-01
4.728926122188568115e-01
1.449587792158126831e-01
1.705015152692794800e-01
1.188805177807807922e-01
2.085095643997192383e-01
1.191539466381072998e-01
1.915213018655776978e-01
1.333758383989334106e-01
1.606852859258651733e-01
1.102675795555114746e-01
1.328459829092025757e-01
1.062208712100982666e-01
1.571037322282791138e-01
1.353209316730499268e-01
1.445684283971786499e-01
1.697621345520019531e-01
1.741181612014770508e-01
1.154449954628944397e-01
1.316303461790084839e-01
1.445141285657882690e-01
1.227887272834777832e-01
1.415048390626907349e-01
1.326249390840530396e-01
1.674001663923263550e-01
1.329737752676010132e-01
1.087121441960334778e-01
1.624543815851211548e-01
1.290869414806365967e-01
1.895484477281570435e-01
1.421013027429580688e-01
1.560988724231719971e-01
1.343344748020172119e-01
1.178203746676445007e-01
1.323455870151519775e-01
1.276963204145431519e-01
1.557593047618865967e-01
1.916841864585876465e-01
1.672667413949966431e-01
1.497954577207565308e-01
1.431454569101333618e-01
1.438831090927124023e-01
1.369633525609970093e-01
1.597497314214706421e-01
8.842057734727859497e-02
1.570360511541366577e-01
1.446368843317031860e-01
1.180182173848152161e-01
1.162978485226631165e-01
1.164673566818237305e-01
1.377412527799606323e-01
1.552419513463973999e-01
1.506495028734207153e-01
1.135335639119148254e-01
1.463015079498291016e-01
1.102624163031578064e-01
1.279147118330001831e-01
1.321855634450912476e-01
1.641368269920349121e-01
1.499160975217819214e-01
1.181828379631042480e-01
1.053104996681213379e-01
1.200389638543128967e-01
1.203472912311553955e-01
1.347762793302536011e-01
1.240050569176673889e-01
1.193108633160591125e-01
1.101200878620147705e-01
1.622885465621948242e-01
1.004606187343597412e-01
1.728665232658386230e-01
1.316282600164413452e-01
1.502511352300643921e-01
1.848567724227905273e-01
1.473609209060668945e-01
1.852986812591552734e-01
9.074241667985916138e-02
1.258976012468338013e-01
1.256682425737380981e-01
1.085141599178314209e-01
1.106740832328796387e-01
1.477469950914382935e-01
1.197077631950378418e-01
1.346955448389053345e-01
1.557729393243789673e-01
9.931793063879013062e-02
1.554878801107406616e-01
1.027194857597351074e-01
1.533607542514801025e-01
1.385058313608169556e-01
1.296180188655853271e-01
1.110673472285270691e-01
1.728900223970413208e-01
1.434449702501296997e-01
1.496154814958572388e-01
8.019581437110900879e-02
1.312206685543060303e-01
1.154373064637184143e-01
1.918313056230545044e-01
1.337984800338745117e-01
1.507613211870193481e-01
1.374136954545974731e-01
1.901158541440963745e-01
1.360178440809249878e-01
1.799225956201553345e-01
1.222703829407691956e-01
1.431473046541213989e-01
1.583933681249618530e-01
1.842343062162399292e-01
1.269032657146453857e-01
1.586465835571289062e-01
1.247701570391654968e-01
1.364028900861740112e-01
1.503373235464096069e-01
1.497696489095687866e-01
1.144886687397956848e-01
1.554694920778274536e-01
1.673545837402343750e-01
1.318417042493820190e-01
1.050087213516235352e-01
1.245889887213706970e-01
1.044727563858032227e-01
1.546462923288345337e-01
1.488583385944366455e-01
1.471986174583435059e-01
1.561555117368698120e-01
1.281968206167221069e-01
1.256547421216964722e-01
8.872795104980468750e-02
1.127603873610496521e-01
1.187598332762718201e-01
1.123502179980278015e-01
1.596186608076095581e-01
1.292970776557922363e-01
1.401257812976837158e-01
1.045283153653144836e-01
1.072988137602806091e-01
1.903324276208877563e-01
1.245628967881202698e-01
1.457136422395706177e-01
1.017980873584747314e-01
1.064924299716949463e-01
9.526800364255905151e-02
1.530625671148300171e-01
1.568089425563812256e-01
1.534952372312545776e-01
1.448089331388473511e-01
1.278716772794723511e-01
1.048365607857704163e-01
1.189241409301757812e-01
1.253100484609603882e-01
1.331795603036880493e-01
1.657503694295883179e-01
1.176857873797416687e-01
1.148940697312355042e-01
1.438544243574142456e-01
1.333460658788681030e-01
1.115275844931602478e-01
1.381854563951492310e-01
1.026824936270713806e-01
1.060916483402252197e-01
1.807586401700973511e-01
1.197576150298118591e-01
1.270172595977783203e-01
1.248992681503295898e-01
1.655379384756088257e-01
1.257660835981369019e-01
2.986756861209869385e-01
1.267781108617782593e-01
1.010879054665565491e-01
1.353795975446701050e-01
1.478847265243530273e-01
1.007785275578498840e-01
1.821566224098205566e-01
1.068125143647193909e-01
1.409444659948348999e-01
1.343467980623245239e-01
1.160892844200134277e-01
1.492332220077514648e-01
1.087153851985931396e-01
1.080087423324584961e-01
1.854258775711059570e-01
1.220751479268074036e-01
9.983686357736587524e-02
1.409459710121154785e-01
1.279699206352233887e-01
1.518198400735855103e-01
1.379021257162094116e-01
1.158135309815406799e-01
1.421618163585662842e-01
1.349656283855438232e-01
1.304670423269271851e-01
1.251356452703475952e-01
1.483776420354843140e-01
1.569731384515762329e-01
1.443595141172409058e-01
1.124502420425415039e-01
1.143215224146842957e-01
1.152544990181922913e-01
1.524439901113510132e-01
1.351981163024902344e-01
1.953355818986892700e-01
1.234038248658180237e-01
1.124587878584861755e-01
1.346508115530014038e-01
1.416207104921340942e-01
1.623808890581130981e-01
1.190869435667991638e-01
1.418928951025009155e-01
1.601350605487823486e-01
1.055917218327522278e-01
1.487912684679031372e-01
1.284173130989074707e-01
1.395749300718307495e-01
1.409731954336166382e-01
1.224611699581146240e-01
9.302618354558944702e-02
1.056053414940834045e-01
9.716235846281051636e-02
1.573157459497451782e-01
1.059026792645454407e-01
1.686811596155166626e-01
1.114152595400810242e-01
1.065930649638175964e-01
1.365203112363815308e-01
1.618940979242324829e-01
1.490594148635864258e-01
1.164902076125144958e-01
1.046953871846199036e-01
1.406767368316650391e-01
1.051456034183502197e-01
1.357130557298660278e-01
1.391481608152389526e-01
1.235545501112937927e-01
1.137839779257774353e-01
1.403978615999221802e-01
1.128212437033653259e-01
1.202329471707344055e-01
1.310515552759170532e-01
1.391367763280868530e-01
1.365175694227218628e-01
1.336472183465957642e-01
1.299869120121002197e-01
1.106603369116783142e-01
1.468540281057357788e-01
1.162396296858787537e-01
1.069032847881317139e-01
1.170323491096496582e-01
1.131753325462341309e-01
9.902954846620559692e-02
1.191300153732299805e-01
1.297653168439865112e-01
1.599809676408767700e-01
9.290898591279983521e-02
1.649034023284912109e-01
1.331695765256881714e-01
1.327041089534759521e-01
9.758880734443664551e-02
1.057553216814994812e-01
1.284874677658081055e-01
1.461948454380035400e-01
1.237596496939659119e-01
1.599435359239578247e-01
1.050419732928276062e-01
1.694387644529342651e-01
1.620966494083404541e-01
1.400455832481384277e-01
1.331336796283721924e-01
1.316654086112976074e-01
1.287395358085632324e-01
3.152012825012207031e-01
1.177291646599769592e-01
1.370824277400970459e-01
3.274723887443542480e-01
1.410732865333557129e-01
1.221589446067810059e-01
1.410604566335678101e-01
9.797248989343643188e-02
1.320454627275466919e-01
1.478106528520584106e-01
1.357414126396179199e-01
1.492684185504913330e-01
1.278251856565475464e-01
1.870073080062866211e-01
1.544458419084548950e-01
1.187393292784690857e-01
1.644142568111419678e-01
1.038767322897911072e-01
1.187248602509498596e-01
1.428128629922866821e-01
1.218682602047920227e-01
1.060383394360542297e-01
1.641607433557510376e-01
1.390414386987686157e-01
1.095376908779144287e-01
2.514727115631103516e-01
1.678019165992736816e-01
1.591254472732543945e-01
1.372772008180618286e-01
9.753771871328353882e-02
3.622546494007110596e-01
1.125359758734703064e-01
1.555887013673782349e-01
3.341382741928100586e-01
1.128361001610755920e-01
1.287082284688949585e-01
1.450733989477157593e-01
1.119919642806053162e-01
1.450429707765579224e-01
1.426054984331130981e-01
1.450915336608886719e-01
1.587468385696411133e-01
1.250865310430526733e-01
1.504200696945190430e-01
1.195036768913269043e-01
9.786904603242874146e-02
1.356078535318374634e-01
1.243612468242645264e-01
1.535083055496215820e-01
1.365591138601303101e-01
8.323142677545547485e-02
2.071783691644668579e-01
1.147336587309837341e-01
1.219093874096870422e-01
1.333027034997940063e-01
1.388100236654281616e-01
1.187923774123191833e-01
1.421903818845748901e-01
1.237986311316490173e-01
1.212410256266593933e-01
1.302786916494369507e-01
1.444808244705200195e-01
1.327163875102996826e-01
1.256228536367416382e-01
1.767203211784362793e-01
1.544279903173446655e-01
1.493756324052810669e-01
1.107903644442558289e-01
1.331379562616348267e-01
9.550830721855163574e-02
1.134427785873413086e-01
1.368390321731567383e-01
1.090712919831275940e-01
9.375161677598953247e-02
1.608510017395019531e-01
1.073728799819946289e-01
1.173304244875907898e-01
1.096651926636695862e-01
1.240810677409172058e-01
1.474146395921707153e-01
1.513820439577102661e-01
1.881744414567947388e-01
1.167028322815895081e-01
2.628828585147857666e-01
1.083784103393554688e-01
1.445743888616561890e-01
1.260745674371719360e-01
2.046902626752853394e-01
1.226227506995201111e-01
1.111521348357200623e-01
1.018906906247138977e-01
1.524290889501571655e-01
1.409615576267242432e-01
1.454873830080032349e-01
1.188240945339202881e-01
1.608839482069015503e-01
2.176746577024459839e-01
1.317873597145080566e-01
1.453461050987243652e-01
1.226187869906425476e-01
1.652911454439163208e-01
8.787190169095993042e-02
1.981408149003982544e-01
9.356500953435897827e-02
1.220602169632911682e-01
1.513333320617675781e-01
1.034975424408912659e-01
1.026757955551147461e-01
1.286742240190505981e-01
1.677853614091873169e-01
1.201683208346366882e-01
1.366084367036819458e-01
1.407851725816726685e-01
1.406830698251724243e-01
1.474816352128982544e-01
9.794899076223373413e-02
1.988831907510757446e-01
1.300783604383468628e-01
1.293177455663681030e-01
2.163608670234680176e-01
9.970697760581970215e-02
1.499220579862594604e-01
1.204638481140136719e-01
1.028022989630699158e-01
1.291941106319427490e-01
1.294367909431457520e-01
1.243874132633209229e-01
1.512355953454971313e-01
1.115241646766662598e-01
1.123423054814338684e-01
1.157566010951995850e-01
8.518451452255249023e-02
1.000538691878318787e-01
1.530195325613021851e-01
1.699498742818832397e-01
1.440312564373016357e-01
1.715578883886337280e-01
1.105052232742309570e-01
1.665623933076858521e-01
1.293142437934875488e-01
1.114049330353736877e-01
1.177088990807533264e-01
1.212066635489463806e-01
3.116385638713836670e-01
1.623428016901016235e-01
1.426939815282821655e-01
1.593027859926223755e-01
1.047271862626075745e-01
8.630105853080749512e-02
1.404222100973129272e-01
1.331774890422821045e-01
1.515645980834960938e-01
1.025409474968910217e-01
1.210989132523536682e-01
1.191029325127601624e-01
1.299538165330886841e-01
1.392163932323455811e-01
1.258107721805572510e-01
1.662968099117279053e-01
1.672617346048355103e-01
1.620982289314270020e-01
1.087069436907768250e-01
1.661779731512069702e-01
1.498711556196212769e-01
1.637480407953262329e-01
1.044595241546630859e-01
1.169085279107093811e-01
1.007299348711967468e-01
1.217989549040794373e-01
1.372952610254287720e-01
1.288396269083023071e-01
1.114991679787635803e-01
1.833544522523880005e-01
1.244448646903038025e-01
1.692424416542053223e-01
1.583028286695480347e-01
1.030491217970848083e-01
9.111230820417404175e-02
1.200001835823059082e-01
1.307438462972640991e-01
1.440682858228683472e-01
1.413556784391403198e-01
1.199019178748130798e-01
1.277017295360565186e-01
1.256355345249176025e-01
1.218556985259056091e-01
1.261679828166961670e-01
1.447032243013381958e-01
1.280487626791000366e-01
1.402874588966369629e-01
9.556207805871963501e-02
8.799204975366592407e-02
1.141737103462219238e-01
1.379180401563644409e-01
1.863907128572463989e-01
1.642276793718338013e-01
1.298563331365585327e-01
1.400152742862701416e-01
1.462267488241195679e-01
1.769845485687255859e-01
1.443984210491180420e-01
1.528001427650451660e-01
1.289495974779129028e-01
1.095206663012504578e-01
1.189805865287780762e-01
1.495475023984909058e-01
9.593851119279861450e-02
1.229646578431129456e-01
9.287747740745544434e-02
1.307130604982376099e-01
1.166657432913780212e-01
2.123602032661437988e-01
1.220590770244598389e-01
1.045346483588218689e-01
1.657020002603530884e-01
1.612590402364730835e-01
1.220118328928947449e-01
1.063263788819313049e-01
1.323675215244293213e-01
1.725059002637863159e-01
1.558375507593154907e-01
1.208711043000221252e-01
1.274735331535339355e-01
1.463193744421005249e-01
1.729136258363723755e-01
1.243953108787536621e-01
1.451596766710281372e-01
1.108986437320709229e-01
1.286645233631134033e-01
1.708681583404541016e-01
1.540754586458206177e-01
1.378557831048965454e-01
9.744081646203994751e-02
1.103722080588340759e-01
9.838394075632095337e-02
1.554585546255111694e-01
1.375868767499923706e-01
1.210510507225990295e-01
1.363783031702041626e-01
1.557347923517227173e-01
1.387303322553634644e-01
1.097882017493247986e-01
1.477718800306320190e-01
1.073960363864898682e-01
1.371019631624221802e-01
1.550257951021194458e-01
9.475504606962203979e-02
1.290869563817977905e-01
1.249256953597068787e-01
1.041949912905693054e-01
1.211628615856170654e-01
1.245512887835502625e-01
1.018729582428932190e-01
1.327161043882369995e-01
1.263706684112548828e-01
1.161899045109748840e-01
9.100320190191268921e-02
1.458741873502731323e-01
1.316144913434982300e-01
8.493872731924057007e-02
3.220746815204620361e-01
1.284440308809280396e-01
1.229712069034576416e-01
1.570342630147933960e-01
1.524756103754043579e-01
1.233881711959838867e-01
1.664848625659942627e-01
1.682009547948837280e-01
1.700028926134109497e-01
1.199942752718925476e-01
1.366634815931320190e-01
1.726100295782089233e-01
1.304761618375778198e-01
1.338504701852798462e-01
1.786225438117980957e-01
1.276956349611282349e-01
1.587225049734115601e-01
1.553258299827575684e-01
1.489664018154144287e-01
1.204812228679656982e-01
1.174652948975563049e-01
2.480892539024353027e-01
9.492433816194534302e-02
1.401513963937759399e-01
1.690364032983779907e-01
1.052074655890464783e-01
1.115294694900512695e-01
1.771836727857589722e-01
1.519579440355300903e-01
1.448565274477005005e-01
1.532740741968154907e-01
1.535304784774780273e-01
1.050895377993583679e-01
1.344680488109588623e-01
1.305019706487655640e-01
1.433960199356079102e-01
1.360524594783782959e-01
1.510852724313735962e-01
1.261762827634811401e-01
1.528611183166503906e-01
1.051190793514251709e-01
1.176474094390869141e-01
1.374717801809310913e-01
1.343149542808532715e-01
1.321561932563781738e-01
1.782150268554687500e-01
1.582035422325134277e-01
1.273749470710754395e-01
1.319922059774398804e-01
1.287920027971267700e-01
9.317937493324279785e-02
1.637358516454696655e-01
1.452811211347579956e-01
1.199608370661735535e-01
9.964299201965332031e-02
1.732724159955978394e-01
1.135860085487365723e-01
1.383883804082870483e-01
1.203112900257110596e-01
1.060805320739746094e-01
1.266359239816665649e-01
1.132059991359710693e-01
1.617517471313476562e-01
1.803759336471557617e-01
1.688708811998367310e-01
1.645793169736862183e-01
1.188101842999458313e-01
1.159636378288269043e-01
1.140131577849388123e-01
9.008451551198959351e-02
1.720423698425292969e-01
1.535744220018386841e-01
1.337148994207382202e-01
1.183919683098793030e-01
1.485036164522171021e-01
1.670114994049072266e-01
1.227431893348693848e-01
1.266129463911056519e-01
1.268666237592697144e-01
1.085974201560020447e-01
1.836145371198654175e-01
9.845291823148727417e-02
1.448246836662292480e-01
1.209884211421012878e-01
1.533162444829940796e-01
9.921989589929580688e-02
9.446775168180465698e-02
1.805512160062789917e-01
1.414477378129959106e-01
1.478213667869567871e-01
1.366613507270812988e-01
1.418075859546661377e-01
1.521476060152053833e-01
1.671099066734313965e-01
1.721664518117904663e-01
1.397899687290191650e-01
1.033186689019203186e-01
1.353196799755096436e-01
3.147481977939605713e-01
1.296069473028182983e-01
1.584339588880538940e-01
1.234163418412208557e-01
1.196994110941886902e-01
1.297435015439987183e-01
1.815539002418518066e-01
9.851624816656112671e-02
1.565097421407699585e-01
1.528057307004928589e-01
9.859005361795425415e-02
1.530530601739883423e-01
1.197249367833137512e-01
1.620915681123733521e-01
1.077943369746208191e-01
1.362493485212326050e-01
1.230264604091644287e-01
8.749151974916458130e-02
1.804152280092239380e-01
1.104382798075675964e-01
1.049820706248283386e-01
1.453607529401779175e-01
1.868979185819625854e-01
9.676694124937057495e-02
1.188777759671211243e-01
1.595779359340667725e-01
1.611492484807968140e-01
1.198767349123954773e-01
1.215030476450920105e-01
1.508269459009170532e-01
1.115884259343147278e-01
1.652302891016006470e-01
1.276364475488662720e-01
1.487500518560409546e-01
8.495965600013732910e-02
1.590640842914581299e-01
1.238360926508903503e-01
1.564188152551651001e-01
1.420312821865081787e-01
1.278042793273925781e-01
1.476853191852569580e-01
1.489055603742599487e-01
1.423699259757995605e-01
1.202115342020988464e-01
1.222941502928733826e-01
1.446873098611831665e-01
1.275275051593780518e-01
1.719983220100402832e-01
1.912558823823928833e-01
1.698871403932571411e-01
9.575539827346801758e-02
1.335246711969375610e-01
1.168850287795066833e-01
1.335338801145553589e-01
1.166821196675300598e-01
1.354631632566452026e-01
1.107534766197204590e-01
1.580192446708679199e-01
1.150635257363319397e-01
1.236054226756095886e-01
1.035288795828819275e-01
1.475709229707717896e-01
1.302723735570907593e-01
1.247134134173393250e-01
1.311252266168594360e-01
3.225216865539550781e-01
1.558318585157394409e-01
1.414069682359695435e-01
1.404729634523391724e-01
1.467542648315429688e-01
1.543739885091781616e-01
1.136673167347908020e-01
1.015398278832435608e-01
1.387752741575241089e-01
8.860510587692260742e-02
1.254397034645080566e-01
1.654379814863204956e-01
1.012091413140296936e-01
1.664185971021652222e-01
1.448923796415328979e-01
1.271343082189559937e-01
1.022274419665336609e-01
1.142280176281929016e-01
1.341416686773300171e-01
1.360930055379867554e-01
1.254757195711135864e-01
1.628508120775222778e-01
1.187688484787940979e-01
1.556449383497238159e-01
1.393618285655975342e-01
1.551582515239715576e-01
1.436875313520431519e-01
2.524000108242034912e-01
1.275478154420852661e-01
1.447406858205795288e-01
2.370122224092483521e-01
1.733138412237167358e-01
1.431125253438949585e-01
1.297104805707931519e-01
1.264545917510986328e-01
1.484660655260086060e-01
1.419069319963455200e-01
1.242052093148231506e-01
1.153656840324401855e-01
1.231293678283691406e-01
1.493607312440872192e-01
1.050060614943504333e-01
9.330872446298599243e-02
1.236178278923034668e-01
1.395622193813323975e-01
1.635436117649078369e-01
1.230126097798347473e-01
4.664401113986968994e-01
1.381660550832748413e-01
2.059426158666610718e-01
1.525840610265731812e-01
1.182559728622436523e-01
1.333638876676559448e-01
1.082045510411262512e-01
1.777841597795486450e-01
8.743248134851455688e-02
1.248762235045433044e-01
1.400270462036132812e-01
1.389180272817611694e-01
1.209962069988250732e-01
1.468209922313690186e-01
1.110190451145172119e-01
1.238169595599174500e-01
8.927839994430541992e-02
1.888384819030761719e-01
1.402053385972976685e-01
1.492034792900085449e-01
1.411718875169754028e-01
1.150081828236579895e-01
1.139789000153541565e-01
1.095398366451263428e-01
1.554602682590484619e-01
1.100848689675331116e-01
1.431691795587539673e-01
1.482059806585311890e-01
1.675248742103576660e-01
1.110400632023811340e-01
1.630084067583084106e-01
1.394703388214111328e-01
1.229229792952537537e-01
1.462258249521255493e-01
1.024024784564971924e-01
1.173531785607337952e-01
2.174362540245056152e-01
1.708127260208129883e-01
1.135307252407073975e-01
2.381094247102737427e-01
1.204513981938362122e-01
1.346002668142318726e-01
1.127056181430816650e-01
1.375692486763000488e-01
1.052912175655364990e-01
1.509373784065246582e-01
1.250215321779251099e-01
1.709642857313156128e-01
1.253868192434310913e-01
1.679785400629043579e-01
1.523642987012863159e-01
1.290245801210403442e-01
1.521100103855133057e-01
1.211748421192169189e-01
1.818214803934097290e-01
1.602885872125625610e-01
1.243044212460517883e-01
1.684314161539077759e-01
1.032277643680572510e-01
1.503672599792480469e-01
1.808395236730575562e-01
1.705565005540847778e-01
1.376929879188537598e-01
1.192799285054206848e-01
1.133765503764152527e-01
1.320578902959823608e-01
1.659887284040451050e-01
1.650186479091644287e-01
1.452540904283523560e-01
1.562124341726303101e-01
1.606489121913909912e-01
1.680842190980911255e-01
1.463161408901214600e-01
1.928075104951858521e-01
1.718450337648391724e-01
9.414283186197280884e-02
1.465557813644409180e-01
1.313606500625610352e-01
1.175365373492240906e-01
1.193166747689247131e-01
1.176796033978462219e-01
1.570639312267303467e-01
1.287147402763366699e-01
9.893035143613815308e-02
1.720993369817733765e-01
1.394914239645004272e-01
8.002290874719619751e-02
1.410790979862213135e-01
1.143659874796867371e-01
1.219898238778114319e-01
1.762570291757583618e-01
1.418808102607727051e-01
8.414116501808166504e-02
1.206490099430084229e-01
1.361353248357772827e-01
1.487971395254135132e-01
1.083527728915214539e-01
1.457707285881042480e-01
1.300500035285949707e-01
1.751693487167358398e-01
1.560087651014328003e-01
1.100473627448081970e-01
1.363201588392257690e-01
1.310397535562515259e-01
1.348318159580230713e-01
1.296433359384536743e-01
1.739642620086669922e-01
1.739229559898376465e-01
1.115220859646797180e-01
1.910778880119323730e-01
1.761834770441055298e-01
1.303643733263015747e-01
1.542959660291671753e-01
1.040151938796043396e-01
1.536619514226913452e-01
1.666417121887207031e-01
1.511813849210739136e-01
1.029167845845222473e-01
1.307746917009353638e-01
1.152409687638282776e-01
1.128925755620002747e-01
1.426401287317276001e-01
1.072869896888732910e-01
1.288341134786605835e-01
1.406297683715820312e-01
1.726220995187759399e-01
1.505341380834579468e-01
1.441582739353179932e-01
1.141990944743156433e-01
1.574367433786392212e-01
1.481004804372787476e-01
1.370588541030883789e-01
1.246598437428474426e-01
1.372919678688049316e-01
1.642207056283950806e-01
2.031299620866775513e-01
1.057139635086059570e-01
1.298260092735290527e-01
1.023038923740386963e-01
1.200911179184913635e-01
1.035523787140846252e-01
1.630527526140213013e-01
1.513430923223495483e-01
1.584538072347640991e-01
1.390175670385360718e-01
1.475671678781509399e-01
1.496819108724594116e-01
1.004223302006721497e-01
1.077410355210304260e-01
1.208842024207115173e-01
1.172750890254974365e-01
1.611971408128738403e-01
1.658292710781097412e-01
1.347551643848419189e-01
1.328314393758773804e-01
1.629586964845657349e-01
1.335318982601165771e-01
1.395837664604187012e-01
1.468895524740219116e-01
1.585057824850082397e-01
1.454879194498062134e-01
1.446411758661270142e-01
1.134810969233512878e-01
1.492397189140319824e-01
1.545007675886154175e-01
1.586911529302597046e-01
1.806628257036209106e-01
1.470867991447448730e-01
1.423500180244445801e-01
1.244248673319816589e-01
9.998059272766113281e-02
1.224466040730476379e-01
1.414829343557357788e-01
1.388826668262481689e-01
1.203526929020881653e-01
1.394790858030319214e-01
1.436971873044967651e-01
1.315006762742996216e-01
1.345449984073638916e-01
1.179594770073890686e-01
1.023643389344215393e-01
1.653954386711120605e-01
1.246004775166511536e-01
1.173509880900382996e-01
1.373623013496398926e-01
9.603484719991683960e-02
1.883682757616043091e-01
1.257519125938415527e-01
1.584584861993789673e-01
1.559431105852127075e-01
1.232010945677757263e-01
1.579564213752746582e-01
1.358665078878402710e-01
1.116665974259376526e-01
1.922477632761001587e-01
1.055656895041465759e-01
1.672685593366622925e-01
1.351767182350158691e-01
1.317500323057174683e-01
1.061179637908935547e-01
1.364004760980606079e-01
1.969669908285140991e-01
1.194256246089935303e-01
1.169933304190635681e-01
1.332991868257522583e-01
8.773987740278244019e-02
1.277842521667480469e-01
1.371199041604995728e-01
1.359345614910125732e-01
1.302564293146133423e-01
1.337759941816329956e-01
1.535123884677886963e-01
1.277257651090621948e-01
1.802069097757339478e-01
1.283343285322189331e-01
1.211960986256599426e-01
1.164109334349632263e-01
1.498526334762573242e-01
1.549630314111709595e-01
1.238107010722160339e-01
1.338140219449996948e-01
3.465867042541503906e-01
1.546301692724227905e-01
1.398931592702865601e-01
1.194394603371620178e-01
1.618557870388031006e-01
1.003917977213859558e-01
1.309651434421539307e-01
9.664561599493026733e-02
1.659274846315383911e-01
1.573370546102523804e-01
1.256170421838760376e-01
1.284727007150650024e-01
1.912517398595809937e-01
9.451583027839660645e-02
1.179887726902961731e-01
1.282917708158493042e-01
2.164032310247421265e-01
9.524574130773544312e-02
3.757598102092742920e-01
2.263495326042175293e-01
1.382854431867599487e-01
1.399246603250503540e-01
1.376670151948928833e-01
1.364551633596420288e-01
1.433034986257553101e-01
1.008747443556785583e-01
1.278799325227737427e-01
1.213816031813621521e-01
1.715490818023681641e-01
1.326531618833541870e-01
1.639420539140701294e-01
2.061434984207153320e-01
1.644953340291976929e-01
1.173196658492088318e-01
1.258271485567092896e-01
1.242082193493843079e-01
1.311473101377487183e-01
1.490903496742248535e-01
1.292292177677154541e-01
1.249815002083778381e-01
1.183792054653167725e-01
1.342207789421081543e-01
1.277943998575210571e-01
1.493213027715682983e-01
1.200132295489311218e-01
1.932875514030456543e-01
9.922516345977783203e-02
2.245662063360214233e-01
1.593061834573745728e-01
1.170450523495674133e-01
1.618036329746246338e-01
1.374749690294265747e-01
1.294300407171249390e-01
1.316194087266921997e-01
1.200935840606689453e-01
1.518329083919525146e-01
1.730284690856933594e-01
1.301763802766799927e-01
9.521598368883132935e-02
1.287909597158432007e-01
1.763948649168014526e-01
1.348666995763778687e-01
1.101687252521514893e-01
1.371262520551681519e-01
1.118570342659950256e-01
1.020506843924522400e-01
1.403996199369430542e-01
1.075982674956321716e-01
1.456994116306304932e-01
1.905066370964050293e-01
1.394727379083633423e-01
9.901276975870132446e-02
1.051280796527862549e-01
1.321300417184829712e-01
1.620458811521530151e-01
1.222910359501838684e-01
1.344055980443954468e-01
1.363410502672195435e-01
1.422567367553710938e-01
1.083476468920707703e-01
1.279125064611434937e-01
1.373743712902069092e-01
2.181866019964218140e-01
1.856900602579116821e-01
1.269971579313278198e-01
4.736553430557250977e-01
1.394458860158920288e-01
1.901783347129821777e-01
9.480094909667968750e-02
1.591602861881256104e-01
1.235393881797790527e-01
1.767816543579101562e-01
1.556719243526458740e-01
1.573358774185180664e-01
1.220651268959045410e-01
1.646410375833511353e-01
9.927804023027420044e-02
1.520128399133682251e-01
1.188911572098731995e-01
2.084114104509353638e-01
1.734489947557449341e-01
1.400524228811264038e-01
1.246194019913673401e-01
9.567674994468688965e-02
1.489198356866836548e-01
1.373086720705032349e-01
1.124504208564758301e-01
1.681217998266220093e-01
1.815853565931320190e-01
1.083015725016593933e-01
2.257313579320907593e-01
1.248414739966392517e-01
1.340540796518325806e-01
1.486092358827590942e-01
1.201991960406303406e-01
3.440476357936859131e-01
1.214102804660797119e-01
1.085526943206787109e-01
1.170436814427375793e-01
1.242167279124259949e-01
1.560899019241333008e-01
1.337165981531143188e-01
1.138608381152153015e-01
1.253548115491867065e-01
1.257116794586181641e-01
1.543024182319641113e-01
1.311013549566268921e-01
1.538382470607757568e-01
1.350318491458892822e-01
1.197390034794807434e-01
1.736436635255813599e-01
1.011445149779319763e-01
1.689269989728927612e-01
9.125622361898422241e-02
1.418978124856948853e-01
1.434888243675231934e-01
9.653898328542709351e-02
1.423734277486801147e-01
1.109208688139915466e-01
1.393273472785949707e-01
1.059509143233299255e-01
1.001088991761207581e-01
1.150807067751884460e-01
1.430547684431076050e-01
1.386863738298416138e-01
1.783867329359054565e-01
1.401017159223556519e-01
1.156667172908782959e-01
1.553922593593597412e-01
1.037684679031372070e-01
1.421052664518356323e-01
1.119576171040534973e-01
1.699473410844802856e-01
1.145401597023010254e-01
1.059592738747596741e-01
1.331120878458023071e-01
1.513471454381942749e-01
1.280369907617568970e-01
1.160188689827919006e-01
1.292831748723983765e-01
1.373884826898574829e-01
1.058092787861824036e-01
1.100559309124946594e-01
1.424580514430999756e-01
1.611198931932449341e-01
1.581978797912597656e-01
1.178994774818420410e-01
1.064543426036834717e-01
9.810274839401245117e-02
1.143595278263092041e-01
1.682369261980056763e-01
2.659445405006408691e-01
1.107520759105682373e-01
1.264534592628479004e-01
1.354164034128189087e-01
1.462420672178268433e-01
1.259585022926330566e-01
1.457219570875167847e-01
1.360087394714355469e-01
1.452846378087997437e-01
1.386346071958541870e-01
1.400183588266372681e-01
1.350082308053970337e-01
1.384401470422744751e-01
1.257260888814926147e-01
4.719800949096679688e-01
1.246402189135551453e-01
1.916418075561523438e-01
1.093960776925086975e-01
1.316887885332107544e-01
1.262772828340530396e-01
1.411930173635482788e-01
1.745899468660354614e-01
1.169838681817054749e-01
1.072078719735145569e-01
1.347775459289550781e-01
1.199856176972389221e-01
9.926120191812515259e-02
1.938408613204956055e-01
1.294078379869461060e-01
1.131863668560981750e-01
1.294897347688674927e-01
1.408327966928482056e-01
1.675969809293746948e-01
1.296203881502151489e-01
1.902497261762619019e-01
1.653090715408325195e-01
1.388908028602600098e-01
1.207931265234947205e-01
1.308742612600326538e-01
1.116503700613975525e-01
1.425379365682601929e-01
1.258954852819442749e-01
1.773238033056259155e-01
1.039022430777549744e-01
1.753156185150146484e-01
1.019771620631217957e-01
1.776093840599060059e-01
1.446101367473602295e-01
1.238555014133453369e-01
1.514711529016494751e-01
1.313967853784561157e-01
1.881037950515747070e-01
1.609200686216354370e-01
1.485807150602340698e-01
1.533572375774383545e-01
1.020296439528465271e-01
1.501922160387039185e-01
1.255740523338317871e-01
1.039301678538322449e-01
1.668504625558853149e-01
1.170231625437736511e-01
1.302069425582885742e-01
1.183124184608459473e-01
1.109514907002449036e-01
1.121157780289649963e-01
1.388407498598098755e-01
1.131988242268562317e-01
1.166813299059867859e-01
1.198866367340087891e-01
1.182785630226135254e-01
1.812160760164260864e-01
1.568471193313598633e-01
1.882828027009963989e-01
1.277062892913818359e-01
1.076799854636192322e-01
1.177377700805664062e-01
2.229131311178207397e-01
1.390553563833236694e-01
1.408176273107528687e-01
1.254187077283859253e-01
1.288923770189285278e-01
1.477023959159851074e-01
1.375538855791091919e-01
1.095356345176696777e-01
1.199954748153686523e-01
1.475841850042343140e-01
1.098668202757835388e-01
1.419824808835983276e-01
1.123522520065307617e-01
1.400274634361267090e-01
1.507653445005416870e-01
1.366890519857406616e-01
1.305439025163650513e-01
1.684631109237670898e-01
1.512544006109237671e-01
1.115372106432914734e-01
1.357993930578231812e-01
1.568666100502014160e-01
2.039080709218978882e-01
1.296320110559463501e-01
1.499828100204467773e-01
1.252470612525939941e-01
1.079745218157768250e-01
1.330715119838714600e-01
9.352705627679824829e-02
1.044140085577964783e-01
1.491593867540359497e-01
1.340993642807006836e-01
1.957492828369140625e-01
1.615322679281234741e-01
8.259572833776473999e-02
1.190297082066535950e-01
1.781329959630966187e-01
7.919815927743911743e-02
1.377465277910232544e-01
1.553739756345748901e-01
1.242004409432411194e-01
1.697424203157424927e-01
4.063049852848052979e-01
1.381181627511978149e-01
1.279849410057067871e-01
1.255855262279510498e-01
1.822550743818283081e-01
1.453043520450592041e-01
1.632521599531173706e-01
1.945672482252120972e-01
9.652049094438552856e-02
1.776210665702819824e-01
1.460758298635482788e-01
1.450503021478652954e-01
1.051321253180503845e-01
1.291674375534057617e-01
1.370742917060852051e-01
1.222863197326660156e-01
1.484500765800476074e-01
1.461794376373291016e-01
1.525002121925354004e-01
1.311502009630203247e-01
1.088233664631843567e-01
8.888634294271469116e-02
1.467099636793136597e-01
1.218769848346710205e-01
1.074156835675239563e-01
1.375478655099868774e-01
1.416071653366088867e-01
1.236679255962371826e-01
1.331358999013900757e-01
1.229482069611549377e-01
1.132529079914093018e-01
1.320886164903640747e-01
9.854320436716079712e-02
1.156529262661933899e-01
1.168350204825401306e-01
1.906577348709106445e-01
1.256309896707534790e-01
1.675146222114562988e-01
1.308957189321517944e-01
1.348061561584472656e-01
1.563396602869033813e-01
1.069606319069862366e-01
1.253283768892288208e-01
2.167330384254455566e-01
1.390312463045120239e-01
9.870640188455581665e-02
1.180530190467834473e-01
1.922997236251831055e-01
1.292883306741714478e-01
1.431351751089096069e-01
1.529039591550827026e-01
1.225731074810028076e-01
1.260463744401931763e-01
1.148755475878715515e-01
9.595137834548950195e-02
1.316871494054794312e-01
2.758010923862457275e-01
1.437216401100158691e-01
1.289941221475601196e-01
1.157148703932762146e-01
1.063646376132965088e-01
1.977458000183105469e-01
1.176904812455177307e-01
1.231828406453132629e-01
1.361588090658187866e-01
1.657550930976867676e-01
1.172394677996635437e-01
1.387208253145217896e-01
1.545998752117156982e-01
1.335408240556716919e-01
1.511325389146804810e-01
1.232431456446647644e-01
1.102561131119728088e-01
1.382490247488021851e-01
1.369659900665283203e-01
1.034376099705696106e-01
1.344694346189498901e-01
1.151602640748023987e-01
1.394657939672470093e-01
1.350296586751937866e-01
1.116558909416198730e-01
1.390849053859710693e-01
1.230270639061927795e-01
1.064150556921958923e-01
1.538826674222946167e-01
1.377008706331253052e-01
2.687669098377227783e-01
1.185561195015907288e-01
1.830240637063980103e-01
1.222446337342262268e-01
2.323949933052062988e-01
1.366182118654251099e-01
1.007703766226768494e-01
2.029329389333724976e-01
1.504866927862167358e-01
9.587180614471435547e-02
1.187639161944389343e-01
1.196455657482147217e-01
1.406427919864654541e-01
1.662855893373489380e-01
1.726154088973999023e-01
2.188552170991897583e-01
1.978439837694168091e-01
1.148787736892700195e-01
1.199491024017333984e-01
1.406773477792739868e-01
1.140099465847015381e-01
1.245593205094337463e-01
1.261063814163208008e-01
1.504469811916351318e-01
1.469045281410217285e-01
1.573287993669509888e-01
8.938954025506973267e-02
1.438789218664169312e-01
1.141544058918952942e-01
1.604816913604736328e-01
1.586011797189712524e-01
1.691777557134628296e-01
1.366134285926818848e-01
1.605147272348403931e-01
1.205853745341300964e-01
1.233647465705871582e-01
1.599222272634506226e-01
1.832019239664077759e-01
1.487333327531814575e-01
1.393738836050033569e-01
1.439325064420700073e-01
1.252253055572509766e-01
1.395343393087387085e-01
1.421036124229431152e-01
1.672325134277343750e-01
1.268607825040817261e-01
1.745432168245315552e-01
1.558191180229187012e-01
1.647201329469680786e-01
1.496066600084304810e-01
1.260554939508438110e-01
9.934363514184951782e-02
1.446202248334884644e-01
1.254646927118301392e-01
1.090606525540351868e-01
1.105093732476234436e-01
9.781748801469802856e-02
1.543052345514297485e-01
1.696733385324478149e-01
1.411329358816146851e-01
1.081004738807678223e-01
1.309712827205657959e-01
1.116732433438301086e-01
1.193002685904502869e-01
1.631769239902496338e-01
1.558835357427597046e-01
1.293029636144638062e-01
1.194503828883171082e-01
1.280826181173324585e-01
1.300791054964065552e-01
1.453015059232711792e-01
1.353754103183746338e-01
1.193317696452140808e-01
1.030507683753967285e-01
1.146281734108924866e-01
1.011452302336692810e-01
1.390436589717864990e-01
9.746529906988143921e-02
1.559091359376907349e-01
9.430697560310363770e-02
1.115402281284332275e-01
1.603974550962448120e-01
1.629375070333480835e-01
1.055335029959678650e-01
1.167575195431709290e-01
1.905727833509445190e-01
1.449715197086334229e-01
1.158885061740875244e-01
1.164340674877166748e-01
1.612147837877273560e-01
1.344660520553588867e-01
9.531780332326889038e-02
1.443616598844528198e-01
2.018326520919799805e-01
1.443358510732650757e-01
1.146968007087707520e-01
1.294275671243667603e-01
1.229241862893104553e-01
1.796748638153076172e-01
1.157394275069236755e-01
9.582941979169845581e-02
1.031915172934532166e-01
1.220904961228370667e-01
1.284129172563552856e-01
1.218861415982246399e-01
1.173678040504455566e-01
1.161546409130096436e-01
1.143267378211021423e-01
1.096460893750190735e-01
1.319139152765274048e-01
1.481658667325973511e-01
1.331790834665298462e-01
1.253233850002288818e-01
1.234995201230049133e-01
1.339868307113647461e-01
1.647113710641860962e-01
1.103452444076538086e-01
1.226236447691917419e-01
1.521012932062149048e-01
1.510536074638366699e-01
1.383093595504760742e-01
1.576961576938629150e-01
1.120543479919433594e-01
1.155341267585754395e-01
1.297136098146438599e-01
1.511327773332595825e-01
1.733689755201339722e-01
1.406678110361099243e-01
1.277755349874496460e-01
1.116944253444671631e-01
9.771838784217834473e-02
1.307154148817062378e-01
1.455208510160446167e-01
1.182482838630676270e-01
1.655385643243789673e-01
1.899339407682418823e-01
1.330159306526184082e-01
1.590802222490310669e-01
1.880422979593276978e-01
1.260506361722946167e-01
1.701554805040359497e-01
1.741795688867568970e-01
1.616478115320205688e-01
1.499254554510116577e-01
1.438450217247009277e-01
1.472543627023696899e-01
1.256260573863983154e-01
1.339278668165206909e-01
1.369549036026000977e-01
1.486978381872177124e-01
1.302949935197830200e-01
1.274998486042022705e-01
1.321456283330917358e-01
1.255732327699661255e-01
1.258983761072158813e-01
1.195346191525459290e-01
1.101476177573204041e-01
9.136072546243667603e-02
1.127246841788291931e-01
1.095196381211280823e-01
1.199592351913452148e-01
1.303342431783676147e-01
1.004294976592063904e-01
1.555362492799758911e-01
1.323144286870956421e-01
1.388360410928726196e-01
2.441762685775756836e-01
1.378909498453140259e-01
1.272467225790023804e-01
1.322076171636581421e-01
8.268817514181137085e-02
1.280004829168319702e-01
9.838855266571044922e-02
1.265076547861099243e-01
1.932644397020339966e-01
1.831977218389511108e-01
1.656394451856613159e-01
1.738219708204269409e-01
1.072340235114097595e-01
1.131188571453094482e-01
1.156954765319824219e-01
9.623574465513229370e-02
9.838840365409851074e-02
1.578652113676071167e-01
1.180913150310516357e-01
1.705255359411239624e-01
1.203377172350883484e-01
1.211528778076171875e-01
1.182827278971672058e-01
3.770608603954315186e-01
1.286764740943908691e-01
1.322158426046371460e-01
1.697621196508407593e-01
1.366934180259704590e-01
1.335786730051040649e-01
1.369601339101791382e-01
1.384577602148056030e-01
1.117478385567665100e-01
1.280293017625808716e-01
3.153218924999237061e-01
1.173165142536163330e-01
1.449738144874572754e-01
9.092625230550765991e-02
1.443057507276535034e-01
1.367585062980651855e-01
1.507630646228790283e-01
1.354391127824783325e-01
8.682132512331008911e-02
1.464515328407287598e-01
1.387254595756530762e-01
1.309777945280075073e-01
1.192991510033607483e-01
1.298941969871520996e-01
1.191377416253089905e-01
2.832548618316650391e-01
1.344824284315109253e-01
1.497365683317184448e-01
1.274337321519851685e-01
1.204047203063964844e-01
9.252280741930007935e-02
1.327663809061050415e-01
7.716096192598342896e-02
1.326182484626770020e-01
1.015286445617675781e-01
1.347295194864273071e-01
1.478356271982192993e-01
1.282341033220291138e-01
2.289561480283737183e-01
9.599443525075912476e-02
1.244925260543823242e-01
1.542594879865646362e-01
9.804833680391311646e-02
1.939592510461807251e-01
1.383533626794815063e-01
1.114830002188682556e-01
1.390307098627090454e-01
1.149883344769477844e-01
1.107579246163368225e-01
1.421193927526473999e-01
9.292951226234436035e-02
1.548457592725753784e-01
1.659737825393676758e-01
1.364836841821670532e-01
1.320386677980422974e-01
1.712788194417953491e-01
1.001763045787811279e-01
1.230250895023345947e-01
1.440354436635971069e-01
1.435522884130477905e-01
1.144462898373603821e-01
2.247988432645797729e-01
1.489481627941131592e-01
1.654465347528457642e-01
1.116409674286842346e-01
1.373458653688430786e-01
1.258144229650497437e-01
1.278478056192398071e-01
1.495318114757537842e-01
1.442731469869613647e-01
1.345354020595550537e-01
1.163380220532417297e-01
1.271530389785766602e-01
1.052316501736640930e-01
1.101545915007591248e-01
1.154915317893028259e-01
1.096453443169593811e-01
1.477429419755935669e-01
1.121314689517021179e-01
1.233153939247131348e-01
1.465012282133102417e-01
1.365039795637130737e-01
1.361284852027893066e-01
1.680562645196914673e-01
1.041943058371543884e-01
1.273130923509597778e-01
1.567112058401107788e-01
1.564558595418930054e-01
8.911851048469543457e-02
7.461855560541152954e-02
1.182407811284065247e-01
1.194200292229652405e-01
1.173826232552528381e-01
1.916266232728958130e-01
1.297564357519149780e-01
1.138487085700035095e-01
1.789640039205551147e-01
1.145395636558532715e-01
2.315313816070556641e-01
1.265673637390136719e-01
8.486658334732055664e-02
1.516241878271102905e-01
1.221643015742301941e-01
2.479440122842788696e-01
1.319744735956192017e-01
1.546446233987808228e-01
1.324654519557952881e-01
1.303110569715499878e-01
1.520109623670578003e-01
1.146618649363517761e-01
1.506576687097549438e-01
1.136617287993431091e-01
1.082480773329734802e-01
2.138587683439254761e-01
6.701942086219787598e-01
1.095302104949951172e-01
1.469671279191970825e-01
9.939080476760864258e-02
1.200945973396301270e-01
2.179369926452636719e-01
1.373441666364669800e-01
1.176316142082214355e-01
1.391911953687667847e-01
2.277493625879287720e-01
1.301921755075454712e-01
1.285166293382644653e-01
1.468531936407089233e-01
1.412521153688430786e-01
1.316248774528503418e-01
1.326638609170913696e-01
1.146384701132774353e-01
1.771264821290969849e-01
1.346291452646255493e-01
1.487340778112411499e-01
1.323622167110443115e-01
1.329442113637924194e-01
1.521555036306381226e-01
8.698418736457824707e-02
9.880810230970382690e-02
1.383590549230575562e-01
1.460259407758712769e-01
1.202900186181068420e-01
1.293763667345046997e-01
1.134820580482482910e-01
1.150276660919189453e-01
1.244047060608863831e-01
1.668563336133956909e-01
1.623134166002273560e-01
2.474607229232788086e-01
1.363898664712905884e-01
2.491722106933593750e-01
1.331848651170730591e-01
1.286870390176773071e-01
1.377409249544143677e-01
1.147665008902549744e-01
1.285561472177505493e-01
1.422453671693801880e-01
1.477651149034500122e-01
1.574729233980178833e-01
1.193260625004768372e-01
1.430203467607498169e-01
1.122926846146583557e-01
1.168162748217582703e-01
1.259910017251968384e-01
9.122925996780395508e-02
1.400160193443298340e-01
1.316586285829544067e-01
1.091179251670837402e-01
1.440559327602386475e-01
1.280369609594345093e-01
1.568026244640350342e-01
1.507033854722976685e-01
1.093958914279937744e-01
1.211103498935699463e-01
1.366976350545883179e-01
1.226597055792808533e-01
1.310015022754669189e-01
1.407612115144729614e-01
1.966205090284347534e-01
1.232120096683502197e-01
8.097191900014877319e-02
1.616643816232681274e-01
1.037487015128135681e-01
1.565963476896286011e-01
1.050060987472534180e-01
1.090363860130310059e-01
1.992377042770385742e-01
1.934882402420043945e-01
8.345962315797805786e-02
1.401230692863464355e-01
1.712940484285354614e-01
1.390063762664794922e-01
9.681814163923263550e-02
1.299659013748168945e-01
1.551166623830795288e-01
1.427249461412429810e-01
1.110245585441589355e-01
1.143569946289062500e-01
1.781056374311447144e-01
1.494988352060317993e-01
1.524095982313156128e-01
1.279828697443008423e-01
1.601288169622421265e-01
1.710944622755050659e-01
1.033386215567588806e-01
1.307862251996994019e-01
1.427705734968185425e-01
1.386552304029464722e-01
1.385448426008224487e-01
1.388649940490722656e-01
1.478409320116043091e-01
1.073208674788475037e-01
1.307981759309768677e-01
1.101930439472198486e-01
1.219674572348594666e-01
1.164285540580749512e-01
1.621782034635543823e-01
1.553239971399307251e-01
1.041123494505882263e-01
1.048250123858451843e-01
1.486533880233764648e-01
1.436641365289688110e-01
1.402683109045028687e-01
1.843717098236083984e-01
1.065299883484840393e-01
1.375043839216232300e-01
1.532897055149078369e-01
1.424019187688827515e-01
1.369547843933105469e-01
9.461452811956405640e-02
1.595313102006912231e-01
1.290998309850692749e-01
1.101607084274291992e-01
1.166671141982078552e-01
1.793090850114822388e-01
2.043563872575759888e-01
1.155239120125770569e-01
9.959689527750015259e-02
1.331539601087570190e-01
1.287242025136947632e-01
1.170042976737022400e-01
1.747479438781738281e-01
1.408344358205795288e-01
1.428674012422561646e-01
1.453206539154052734e-01
1.276665180921554565e-01
1.742317080497741699e-01
1.084676161408424377e-01
1.365957856178283691e-01
1.209541559219360352e-01
1.611721962690353394e-01
1.644633561372756958e-01
1.523159444332122803e-01
1.443358659744262695e-01
3.478704392910003662e-01
1.018294468522071838e-01
1.158738955855369568e-01
1.222012042999267578e-01
1.301315575838088989e-01
1.652025580406188965e-01
1.580930352210998535e-01
1.160129681229591370e-01
1.361825317144393921e-01
1.729685664176940918e-01
1.111053302884101868e-01
2.911513745784759521e-01
1.076014414429664612e-01
1.210496202111244202e-01
9.661030769348144531e-02
1.138712763786315918e-01
1.309071332216262817e-01
1.023292914032936096e-01
1.488544642925262451e-01
1.079105436801910400e-01
1.159738823771476746e-01
1.114152595400810242e-01
1.467337459325790405e-01
1.669237613677978516e-01
1.529771834611892700e-01
8.685619384050369263e-02
1.448115557432174683e-01
1.123759970068931580e-01
1.588957607746124268e-01
1.420302540063858032e-01
1.329818367958068848e-01
1.742410063743591309e-01
2.390853017568588257e-01
1.271531581878662109e-01
1.484623700380325317e-01
9.642034769058227539e-02
1.415567100048065186e-01
2.496281862258911133e-01
1.631689667701721191e-01
1.303360760211944580e-01
1.346141248941421509e-01
1.440010666847229004e-01
1.463009268045425415e-01
8.794832229614257812e-02
1.546911746263504028e-01
2.093350887298583984e-01
8.381060510873794556e-02
1.730286926031112671e-01
1.411730796098709106e-01
1.258116960525512695e-01
1.887158006429672241e-01
1.131196320056915283e-01
1.085407733917236328e-01
1.415364891290664673e-01
1.380928903818130493e-01
1.504168957471847534e-01
1.378898471593856812e-01
1.225264146924018860e-01
1.324209421873092651e-01
1.897851973772048950e-01
1.414099484682083130e-01
1.535922586917877197e-01
1.424901634454727173e-01
1.131962910294532776e-01
1.042959317564964294e-01
2.512277066707611084e-01
1.641185730695724487e-01
1.308548748493194580e-01
1.290190964937210083e-01
1.299962699413299561e-01
8.528346568346023560e-02
1.392656564712524414e-01
1.201272532343864441e-01
1.326182037591934204e-01
1.293305903673171997e-01
1.532074958086013794e-01
1.233447790145874023e-01
1.412882357835769653e-01
8.364722132682800293e-02
1.152835413813591003e-01
1.105444654822349548e-01
1.549323797225952148e-01
1.072549000382423401e-01
1.164345517754554749e-01
1.429089903831481934e-01
1.523161828517913818e-01
2.057072669267654419e-01
1.198288276791572571e-01
1.127293184399604797e-01
1.145525276660919189e-01
1.016140058636665344e-01
1.304259747266769409e-01
1.400492638349533081e-01
1.552137583494186401e-01
1.134242117404937744e-01
1.403357088565826416e-01
1.101906672120094299e-01
1.273031830787658691e-01
1.055994704365730286e-01
9.973106533288955688e-02
1.542502492666244507e-01
1.698348075151443481e-01
1.390436887741088867e-01
1.263901144266128540e-01
1.256641000509262085e-01
1.599232703447341919e-01
1.163253709673881531e-01
8.706135302782058716e-02
8.793840557336807251e-02
1.450662910938262939e-01
1.441474556922912598e-01
1.451046615839004517e-01
1.762253046035766602e-01
1.656484901905059814e-01
1.267276406288146973e-01
1.011790037155151367e-01
1.635416001081466675e-01
1.624491363763809204e-01
1.455820351839065552e-01
1.443306654691696167e-01
1.556497812271118164e-01
1.183072105050086975e-01
1.374350041151046753e-01
1.409575343132019043e-01
1.347746402025222778e-01
1.155486330389976501e-01
1.708087176084518433e-01
1.521711349487304688e-01
1.501421779394149780e-01
1.232454553246498108e-01
1.626390963792800903e-01
1.863276958465576172e-01
1.009709909558296204e-01
1.302552372217178345e-01
1.505201458930969238e-01
1.414298415184020996e-01
1.520725637674331665e-01
8.414569497108459473e-02
1.064361557364463806e-01
1.372763365507125854e-01
1.437344700098037720e-01
1.816525608301162720e-01
1.378613412380218506e-01
1.474220007658004761e-01
1.543387025594711304e-01
1.676851958036422729e-01
1.312639564275741577e-01
1.032261252403259277e-01
1.279179304838180542e-01
1.279338151216506958e-01
1.918302178382873535e-01
1.516652256250381470e-01
1.210626140236854553e-01
1.935501247644424438e-01
1.176506057381629944e-01
1.491758078336715698e-01
1.338602751493453979e-01
1.245871782302856445e-01
1.720441579818725586e-01
1.411022990942001343e-01
1.324334740638732910e-01
1.374599337577819824e-01
1.384908109903335571e-01
9.593550115823745728e-02
1.539669185876846313e-01
1.142263486981391907e-01
1.048144325613975525e-01
1.076888963580131531e-01
1.424292474985122681e-01
1.021423563361167908e-01
1.290742307901382446e-01
1.242097392678260803e-01
1.470244973897933960e-01
1.191256418824195862e-01
1.539313048124313354e-01
1.088027730584144592e-01
1.519337445497512817e-01
1.225748062133789062e-01
9.956388920545578003e-02
1.297017186880111694e-01
1.200667843222618103e-01
1.465423554182052612e-01
1.549305766820907593e-01
1.413236558437347412e-01
1.486759334802627563e-01
1.280358582735061646e-01
1.133574843406677246e-01
1.208187416195869446e-01
1.409932225942611694e-01
1.503477245569229126e-01
1.418790072202682495e-01
1.421507298946380615e-01
1.316375881433486938e-01
1.270251125097274780e-01
1.753881126642227173e-01
9.004948288202285767e-02
1.200431808829307556e-01
1.572415977716445923e-01
2.669615745544433594e-01
1.160464361310005188e-01
1.052738428115844727e-01
1.265056878328323364e-01
1.458417624235153198e-01
1.906674653291702271e-01
1.797164231538772583e-01
1.120113506913185120e-01
1.265533566474914551e-01
1.486698836088180542e-01
1.186240836977958679e-01
1.329517066478729248e-01
1.206819117069244385e-01
1.295061409473419189e-01
1.515182405710220337e-01
1.686353683471679688e-01
1.686713099479675293e-01
1.645386070013046265e-01
1.168481335043907166e-01
1.100328639149665833e-01
1.212019845843315125e-01
1.433928161859512329e-01
1.250611096620559692e-01
1.108117103576660156e-01
2.100242525339126587e-01
1.018099784851074219e-01
1.173854097723960876e-01
1.651436835527420044e-01
1.370684206485748291e-01
1.578114777803421021e-01
1.409721225500106812e-01
2.245567291975021362e-01
1.127898320555686951e-01
1.240233480930328369e-01
1.423721164464950562e-01
1.379529833793640137e-01
1.438350230455398560e-01
1.528957933187484741e-01
1.277071684598922729e-01
1.422789543867111206e-01
1.197564601898193359e-01
1.133773699402809143e-01
1.059823706746101379e-01
1.147390007972717285e-01
1.217171624302864075e-01
1.049936115741729736e-01
1.239837333559989929e-01
1.327149420976638794e-01
1.069169938564300537e-01
1.086903735995292664e-01
1.701940447092056274e-01
1.134462282061576843e-01
1.248363256454467773e-01
1.103225052356719971e-01
9.870669245719909668e-02
1.241756677627563477e-01
1.284537762403488159e-01
1.280570626258850098e-01
1.186042055487632751e-01
1.340347677469253540e-01
8.245613425970077515e-02
1.275565624237060547e-01
1.153697147965431213e-01
1.341960430145263672e-01
1.406823396682739258e-01
1.237157955765724182e-01
1.617706716060638428e-01
1.386191695928573608e-01
1.036216020584106445e-01
1.574128568172454834e-01
1.293118149042129517e-01
1.164868101477622986e-01
1.084477230906486511e-01
1.154025569558143616e-01
1.199723407626152039e-01
1.145918890833854675e-01
2.023063898086547852e-01
1.294940710067749023e-01
1.374409198760986328e-01
1.491101831197738647e-01
2.523947954177856445e-01
1.724076867103576660e-01
1.148554459214210510e-01
1.185181513428688049e-01
1.802945137023925781e-01
1.158788576722145081e-01
1.244642511010169983e-01
1.391920894384384155e-01
1.591866016387939453e-01
9.776375442743301392e-02
1.384135335683822632e-01
1.466940492391586304e-01
1.692302823066711426e-01
1.652292460203170776e-01
1.266416758298873901e-01
2.202380299568176270e-01
1.929352432489395142e-01
1.448731720447540283e-01
2.609840631484985352e-01
1.039557978510856628e-01
1.457428932189941406e-01
1.314108371734619141e-01
1.364620178937911987e-01
1.451145857572555542e-01
1.365805119276046753e-01
1.367285400629043579e-01
1.133207455277442932e-01
1.205702051520347595e-01
9.419072419404983521e-02
1.263147741556167603e-01
1.604905724525451660e-01
1.232296228408813477e-01
1.111103817820549011e-01
1.663999110460281372e-01
1.301011294126510620e-01
1.054517552256584167e-01
2.001626491546630859e-01
1.434545218944549561e-01
1.288383752107620239e-01
1.065777316689491272e-01
1.177675947546958923e-01
1.607715338468551636e-01
1.335985958576202393e-01
1.347291916608810425e-01
1.323717832565307617e-01
9.799418598413467407e-02
9.227851778268814087e-02
1.323455125093460083e-01
1.046248748898506165e-01
1.225904449820518494e-01
9.962027519941329956e-02
1.431787312030792236e-01
1.285427063703536987e-01
1.756003648042678833e-01
1.419867128133773804e-01
1.524107605218887329e-01
1.437389403581619263e-01
1.410924345254898071e-01
1.361629217863082886e-01
1.103437840938568115e-01
1.666011214256286621e-01
1.448469907045364380e-01
1.417688578367233276e-01
1.410859525203704834e-01
1.447159796953201294e-01
1.451148241758346558e-01
1.071365848183631897e-01
1.348933577537536621e-01
1.471246033906936646e-01
1.341395229101181030e-01
1.630135774612426758e-01
1.448599100112915039e-01
1.416539102792739868e-01
1.799603849649429321e-01
2.646565139293670654e-01
1.075105667114257812e-01
1.728505492210388184e-01
2.055234163999557495e-01
1.315985918045043945e-01
1.268903762102127075e-01
1.302551180124282837e-01
1.378491371870040894e-01
1.358057111501693726e-01
1.290381103754043579e-01
1.652116626501083374e-01
1.035547927021980286e-01
1.821832209825515747e-01
1.231191381812095642e-01
1.339570730924606323e-01
1.563306152820587158e-01
4.270060956478118896e-01
1.209284886717796326e-01
1.497545689344406128e-01
1.331262588500976562e-01
1.767429709434509277e-01
1.082526370882987976e-01
1.495440155267715454e-01
1.434783190488815308e-01
8.618795871734619141e-02
1.486045271158218384e-01
1.252862066030502319e-01
1.242234632372856140e-01
1.378859132528305054e-01
1.214029416441917419e-01
1.514017432928085327e-01
1.634778529405593872e-01
1.489165872335433960e-01
1.527092605829238892e-01
1.363358944654464722e-01
2.197216749191284180e-01
1.376552730798721313e-01
1.416180580854415894e-01
1.392393559217453003e-01
1.654860824346542358e-01
1.054152622818946838e-01
1.844376921653747559e-01
1.452627927064895630e-01
1.630939841270446777e-01
1.389630883932113647e-01
1.585429608821868896e-01
1.105504631996154785e-01
1.162101998925209045e-01
1.205105558037757874e-01
1.286836713552474976e-01
1.338264495134353638e-01
1.597038656473159790e-01
1.185702979564666748e-01
1.298737823963165283e-01
1.240882575511932373e-01
1.049627959728240967e-01
1.244773194193840027e-01
1.534177511930465698e-01
1.738799363374710083e-01
1.355570107698440552e-01
1.506911814212799072e-01
9.579217433929443359e-02
1.735554933547973633e-01
1.338340789079666138e-01
1.191828548908233643e-01
1.533489823341369629e-01
2.055079191923141479e-01
1.708720177412033081e-01
1.300323158502578735e-01
1.337294578552246094e-01
1.386166960000991821e-01
1.334321349859237671e-01
1.492877155542373657e-01
1.705804914236068726e-01
1.241378709673881531e-01
1.282001584768295288e-01
1.530844867229461670e-01
2.649646699428558350e-01
1.201441809535026550e-01
1.564682573080062866e-01
1.114188358187675476e-01
1.239008307456970215e-01
1.793335527181625366e-01
1.516410112380981445e-01
1.575277596712112427e-01
1.148680970072746277e-01
1.636555492877960205e-01
1.769182831048965454e-01
1.473248451948165894e-01
1.497677713632583618e-01
1.524495333433151245e-01
1.520794779062271118e-01
1.076613292098045349e-01
1.451588124036788940e-01
1.367119997739791870e-01
9.677457809448242188e-02
1.806035637855529785e-01
1.837655752897262573e-01
9.569335728883743286e-02
1.230562552809715271e-01
1.972777098417282104e-01
1.033649668097496033e-01
1.242068111896514893e-01
1.060841456055641174e-01
1.080397441983222961e-01
1.879928112030029297e-01
1.205402836203575134e-01
1.271333098411560059e-01
1.197732016444206238e-01
1.482110917568206787e-01
1.052331030368804932e-01
1.736723333597183228e-01
1.287837028503417969e-01
1.051034405827522278e-01
1.853360086679458618e-01
1.309898048639297485e-01
1.404077261686325073e-01
1.493068337440490723e-01
2.874460518360137939e-01
1.197732463479042053e-01
1.153163686394691467e-01
1.558219939470291138e-01
1.016794815659523010e-01
1.615531891584396362e-01
1.336427181959152222e-01
5.068932771682739258e-01
1.066236868500709534e-01
2.794621586799621582e-01
1.183308288455009460e-01
1.025178208947181702e-01
1.640159636735916138e-01
1.536880880594253540e-01
