8.043245226144790649e-02
1.403263062238693237e-01
1.382268816232681274e-01
1.137773692607879639e-01
1.099398508667945862e-01
1.200163960456848145e-01
8.976269513368606567e-02
8.244159072637557983e-02
1.175316572189331055e-01
1.240965649485588074e-01
1.144593730568885803e-01
1.255899667739868164e-01
1.333520859479904175e-01
1.019857525825500488e-01
7.430422306060791016e-02
1.182500943541526794e-01
9.191729873418807983e-02
1.148072481155395508e-01
1.049302741885185242e-01
1.005184426903724670e-01
9.978234022855758667e-02
1.413970291614532471e-01
1.049070656299591064e-01
2.188950330018997192e-01
6.859909743070602417e-02
1.239333674311637878e-01
2.646861374378204346e-01
7.627259194850921631e-02
9.426214545965194702e-02
1.202170029282569885e-01
9.303785115480422974e-02
9.010404348373413086e-02
1.040206551551818848e-01
1.056434437632560730e-01
1.034691855311393738e-01
1.041707098484039307e-01
1.497719138860702515e-01
9.435873478651046753e-02
7.364464551210403442e-02
9.297588467597961426e-02
9.875308722257614136e-02
8.776625990867614746e-02
1.171010136604309082e-01
1.128971278667449951e-01
1.468235105276107788e-01
1.136475279927253723e-01
1.294546127319335938e-01
1.021783277392387390e-01
1.197313666343688965e-01
1.382363289594650269e-01
1.012958362698554993e-01
1.072650179266929626e-01
1.194384917616844177e-01
1.008684262633323669e-01
1.575355082750320435e-01
1.314714401960372925e-01
9.961586445569992065e-02
1.137554049491882324e-01
1.605766415596008301e-01
6.892717629671096802e-02
7.355590909719467163e-02
1.160744205117225647e-01
8.501378446817398071e-02
1.260757893323898315e-01
1.071811318397521973e-01
1.032094880938529968e-01
1.439304500818252563e-01
1.126546785235404968e-01
9.252818673849105835e-02
1.202918887138366699e-01
1.385423690080642700e-01
9.392622858285903931e-02
1.080098971724510193e-01
1.156537160277366638e-01
1.420567482709884644e-01
9.307158738374710083e-02
1.319770216941833496e-01
1.444420665502548218e-01
1.083499491214752197e-01
1.142778769135475159e-01
9.103831648826599121e-02
1.309800297021865845e-01
7.548987120389938354e-02
9.143494814634323120e-02
8.741394430398941040e-02
1.024666652083396912e-01
2.250162810087203979e-01
1.062755808234214783e-01
1.095897629857063293e-01
1.056134328246116638e-01
7.182252407073974609e-02
9.830495715141296387e-02
8.174433559179306030e-02
1.315520107746124268e-01
1.260506808757781982e-01
9.970114380121231079e-02
1.037461459636688232e-01
6.881366670131683350e-02
8.023527264595031738e-02
1.469550877809524536e-01
1.124255061149597168e-01
1.174861714243888855e-01
5.087964236736297607e-02
8.330393582582473755e-02
1.373182237148284912e-01
1.250048428773880005e-01
9.915804862976074219e-02
2.911839187145233154e-01
9.984008222818374634e-02
1.260814219713211060e-01
8.782889693975448608e-02
9.533434361219406128e-02
8.102788776159286499e-02
1.139226853847503662e-01
1.266766637563705444e-01
1.623358577489852905e-01
1.432216018438339233e-01
1.053071841597557068e-01
1.225770488381385803e-01
1.116087809205055237e-01
1.356148868799209595e-01
1.286100745201110840e-01
8.899324387311935425e-02
1.215442493557929993e-01
8.266330510377883911e-02
1.038737967610359192e-01
9.543491154909133911e-02
1.538096815347671509e-01
1.437635868787765503e-01
8.368525654077529907e-02
1.146916225552558899e-01
8.566995710134506226e-02
8.909118175506591797e-02
1.107027307152748108e-01
1.001688241958618164e-01
1.442416757345199585e-01
1.053126826882362366e-01
1.052457764744758606e-01
1.271254867315292358e-01
1.089065372943878174e-01
1.148826554417610168e-01
1.288996189832687378e-01
1.190260648727416992e-01
9.650838375091552734e-02
1.075672730803489685e-01
9.458293765783309937e-02
7.775019109249114990e-02
7.530292868614196777e-02
1.266842186450958252e-01
1.281916946172714233e-01
1.387829780578613281e-01
6.933215260505676270e-02
1.180133596062660217e-01
1.109133437275886536e-01
1.484676450490951538e-01
1.144018545746803284e-01
1.362767219543457031e-01
1.173124909400939941e-01
9.889334440231323242e-02
1.091419830918312073e-01
1.149326562881469727e-01
8.973781019449234009e-02
1.821164637804031372e-01
1.350196152925491333e-01
1.132877171039581299e-01
1.243907809257507324e-01
9.394382685422897339e-02
1.075439527630805969e-01
8.229938149452209473e-02
7.881059497594833374e-02
1.212995946407318115e-01
1.189233362674713135e-01
1.154603138566017151e-01
1.105638742446899414e-01
8.920317143201828003e-02
1.207455694675445557e-01
8.738437294960021973e-02
8.359527587890625000e-02
1.257815808057785034e-01
1.337592750787734985e-01
1.152962222695350647e-01
1.196141615509986877e-01
1.039587482810020447e-01
9.452235698699951172e-02
1.381967216730117798e-01
9.203474968671798706e-02
1.150998100638389587e-01
1.044208183884620667e-01
9.994974732398986816e-02
1.138541996479034424e-01
1.076254621148109436e-01
1.060082912445068359e-01
9.034628421068191528e-02
9.923442453145980835e-02
2.699940502643585205e-01
1.067260876297950745e-01
1.440646648406982422e-01
9.328586608171463013e-02
2.839315831661224365e-01
1.008089780807495117e-01
1.365300565958023071e-01
9.182459115982055664e-02
1.054659485816955566e-01
1.010865792632102966e-01
9.487661719322204590e-02
1.261389702558517456e-01
8.827092498540878296e-02
9.337816387414932251e-02
9.143101423978805542e-02
8.349937200546264648e-02
1.031358316540718079e-01
1.382171362638473511e-01
1.298427581787109375e-01
1.086409762501716614e-01
1.058237329125404358e-01
7.325003296136856079e-02
8.166873455047607422e-02
1.338303983211517334e-01
1.338826864957809448e-01
1.156575083732604980e-01
9.207811206579208374e-02
1.161736845970153809e-01
1.163212135434150696e-01
1.262707710266113281e-01
1.004483476281166077e-01
9.741110354661941528e-02
1.049887910485267639e-01
1.865223050117492676e-01
8.578202873468399048e-02
8.466615527868270874e-02
1.442197412252426147e-01
1.246367618441581726e-01
7.757959514856338501e-02
1.500667929649353027e-01
9.509623050689697266e-02
9.811681509017944336e-02
1.051657423377037048e-01
1.147666797041893005e-01
9.179971367120742798e-02
7.873401790857315063e-02
1.119985058903694153e-01
1.304054409265518188e-01
1.388752162456512451e-01
1.241164728999137878e-01
7.844407111406326294e-02
1.273639053106307983e-01
1.198985874652862549e-01
1.893513202667236328e-01
9.283087402582168579e-02
1.116106286644935608e-01
1.134689226746559143e-01
1.195011958479881287e-01
9.893856197595596313e-02
1.975632458925247192e-01
1.313952058553695679e-01
1.261484771966934204e-01
9.858780354261398315e-02
1.410691440105438232e-01
1.510032415390014648e-01
1.083323732018470764e-01
9.462860226631164551e-02
1.274098008871078491e-01
8.763880282640457153e-02
9.179490804672241211e-02
1.025350093841552734e-01
1.265544146299362183e-01
1.158795952796936035e-01
1.005021333694458008e-01
7.475598901510238647e-02
1.452890932559967041e-01
1.221013292670249939e-01
1.157054305076599121e-01
9.742632508277893066e-02
1.251093298196792603e-01
1.005022451281547546e-01
1.132052242755889893e-01
1.101760566234588623e-01
1.231562420725822449e-01
1.250371187925338745e-01
1.085875630378723145e-01
1.224436461925506592e-01
1.017536222934722900e-01
9.644486755132675171e-02
1.415284276008605957e-01
8.133696764707565308e-02
1.021689772605895996e-01
1.057543456554412842e-01
1.189751550555229187e-01
9.905726462602615356e-02
1.086210981011390686e-01
1.381490975618362427e-01
8.926537632942199707e-02
1.030520424246788025e-01
3.601913154125213623e-01
1.421644389629364014e-01
1.076345443725585938e-01
8.792030811309814453e-02
8.745228499174118042e-02
1.170521974563598633e-01
1.449500322341918945e-01
8.877027034759521484e-02
7.834424078464508057e-02
9.834960103034973145e-02
1.011026874184608459e-01
9.117513895034790039e-02
1.443846970796585083e-01
1.190724745392799377e-01
1.097282543778419495e-01
9.830062836408615112e-02
2.339898198843002319e-01
9.327646344900131226e-02
1.111190319061279297e-01
1.071954965591430664e-01
1.142595112323760986e-01
8.800411969423294067e-02
1.345278471708297729e-01
1.234225630760192871e-01
1.252849847078323364e-01
1.116131544113159180e-01
1.149696186184883118e-01
9.339395165443420410e-02
1.165430322289466858e-01
1.217503026127815247e-01
1.130974590778350830e-01
9.132424741983413696e-02
1.219268962740898132e-01
1.315901428461074829e-01
8.851731568574905396e-02
6.989239901304244995e-02
9.964334964752197266e-02
1.333071142435073853e-01
1.272769421339035034e-01
9.130328893661499023e-02
8.032038807868957520e-02
1.016577407717704773e-01
9.698573499917984009e-02
1.237537860870361328e-01
8.771862834692001343e-02
1.075608134269714355e-01
1.318382173776626587e-01
1.443300098180770874e-01
1.345205903053283691e-01
9.000504761934280396e-02
1.131210997700691223e-01
8.878082782030105591e-02
1.283357739448547363e-01
1.746688932180404663e-01
7.727074623107910156e-02
9.303790330886840820e-02
1.231374517083168030e-01
1.187961474061012268e-01
1.257253438234329224e-01
9.710138291120529175e-02
9.961088746786117554e-02
1.061128005385398865e-01
8.757311105728149414e-02
1.129615008831024170e-01
1.585454642772674561e-01
9.695786237716674805e-02
1.338339000940322876e-01
8.361813426017761230e-02
1.900962144136428833e-01
9.704903513193130493e-02
8.796956390142440796e-02
8.597701787948608398e-02
9.025663882493972778e-02
8.597046881914138794e-02
1.529896110296249390e-01
1.270132213830947876e-01
8.801379054784774780e-02
6.927636265754699707e-02
2.148581594228744507e-01
1.476156860589981079e-01
9.032062441110610962e-02
9.553726762533187866e-02
1.498018056154251099e-01
1.223630309104919434e-01
1.316614896059036255e-01
7.273384183645248413e-02
1.334104537963867188e-01
1.144690737128257751e-01
9.456133842468261719e-02
7.976628839969635010e-02
6.108596548438072205e-02
1.105716153979301453e-01
9.935631603002548218e-02
9.897893667221069336e-02
1.189954876899719238e-01
1.108940914273262024e-01
9.617189317941665649e-02
1.287838369607925415e-01
9.138983488082885742e-02
9.901352971792221069e-02
1.142012476921081543e-01
1.247834637761116028e-01
9.721591323614120483e-02
1.302294880151748657e-01
1.119937896728515625e-01
8.178519457578659058e-02
8.896774798631668091e-02
1.122257485985755920e-01
1.408386975526809692e-01
4.324841499328613281e-02
9.642582386732101440e-02
8.007808774709701538e-02
1.393303424119949341e-01
1.114354506134986877e-01
9.573685377836227417e-02
1.222658157348632812e-01
1.438788622617721558e-01
1.390573531389236450e-01
1.060084700584411621e-01
1.141452491283416748e-01
1.021445766091346741e-01
7.901618629693984985e-02
1.047278419137001038e-01
1.086274981498718262e-01
1.002572104334831238e-01
8.906506747007369995e-02
1.422031372785568237e-01
9.500107914209365845e-02
9.191620349884033203e-02
1.120437458157539368e-01
7.738158106803894043e-02
1.181214079260826111e-01
1.078726947307586670e-01
8.766631036996841431e-02
1.398891359567642212e-01
9.635818749666213989e-02
9.336441755294799805e-02
8.586820214986801147e-02
1.112427115440368652e-01
1.270859986543655396e-01
1.046760082244873047e-01
1.186820566654205322e-01
7.640733569860458374e-02
7.285978645086288452e-02
1.134448423981666565e-01
1.042001023888587952e-01
1.326660364866256714e-01
9.660755842924118042e-02
8.302193135023117065e-02
9.794589132070541382e-02
1.238812729716300964e-01
9.222350269556045532e-02
1.014283895492553711e-01
7.584723085165023804e-02
1.087888106703758240e-01
1.195646598935127258e-01
1.334851086139678955e-01
1.208362579345703125e-01
1.226779744029045105e-01
1.208558902144432068e-01
1.346948742866516113e-01
3.718235492706298828e-01
1.384645998477935791e-01
8.977065235376358032e-02
1.203899756073951721e-01
8.549688011407852173e-02
8.878492563962936401e-02
8.066847175359725952e-02
1.153748556971549988e-01
1.425969451665878296e-01
8.771712332963943481e-02
1.131046637892723083e-01
9.895801544189453125e-02
9.146797657012939453e-02
1.098956465721130371e-01
1.360362917184829712e-01
9.819177538156509399e-02
1.213982030749320984e-01
1.546267122030258179e-01
1.269026249647140503e-01
9.817996621131896973e-02
1.116227880120277405e-01
8.558871597051620483e-02
9.461685270071029663e-02
8.258610963821411133e-02
7.590824365615844727e-02
1.138029471039772034e-01
9.331029653549194336e-02
8.577224612236022949e-02
1.504877060651779175e-01
1.480689644813537598e-01
1.294007748365402222e-01
1.083606481552124023e-01
1.270954906940460205e-01
1.006935313344001770e-01
1.181906089186668396e-01
8.583092689514160156e-02
1.214839890599250793e-01
1.456215381622314453e-01
8.919519931077957153e-02
1.355171948671340942e-01
1.065239682793617249e-01
1.215881332755088806e-01
1.000023707747459412e-01
1.032539531588554382e-01
9.667199105024337769e-02
1.465754061937332153e-01
1.096936464309692383e-01
7.917329668998718262e-02
7.650006562471389771e-02
1.068854928016662598e-01
1.443461030721664429e-01
8.969608694314956665e-02
1.111838817596435547e-01
1.358562856912612915e-01
8.162804692983627319e-02
1.317189931869506836e-01
8.762260526418685913e-02
1.078509017825126648e-01
1.418061703443527222e-01
9.239846467971801758e-02
8.675181865692138672e-02
8.775565773248672485e-02
1.006886437535285950e-01
9.732007980346679688e-02
1.147877946496009827e-01
9.414876252412796021e-02
7.871525734663009644e-02
1.263504028320312500e-01
9.064619988203048706e-02
9.597469121217727661e-02
1.263073086738586426e-01
1.053779348731040955e-01
1.422937363386154175e-01
1.009579300880432129e-01
7.608672231435775757e-02
1.374468803405761719e-01
1.140583455562591553e-01
9.714749455451965332e-02
9.017189592123031616e-02
1.432928889989852905e-01
8.871778100728988647e-02
9.818591922521591187e-02
2.227502614259719849e-01
1.229152679443359375e-01
1.406213790178298950e-01
9.104186296463012695e-02
1.470362693071365356e-01
1.200769618153572083e-01
9.331727772951126099e-02
7.816835492849349976e-02
1.104016527533531189e-01
1.094017326831817627e-01
1.067558154463768005e-01
1.278685033321380615e-01
1.141440793871879578e-01
1.178589835762977600e-01
7.954879105091094971e-02
1.181816235184669495e-01
7.231967151165008545e-02
1.422368735074996948e-01
8.767149597406387329e-02
1.093609556555747986e-01
1.770929545164108276e-01
1.144221797585487366e-01
1.307524591684341431e-01
6.504368036985397339e-02
1.142270192503929138e-01
8.933919668197631836e-02
1.248323693871498108e-01
9.232011437416076660e-02
1.215798854827880859e-01
9.644826501607894897e-02
1.627033799886703491e-01
1.490020304918289185e-01
9.661357849836349487e-02
1.104679480195045471e-01
1.204708516597747803e-01
1.425346285104751587e-01
1.710535138845443726e-01
1.201540827751159668e-01
1.562349349260330200e-01
1.986639946699142456e-01
1.147529408335685730e-01
8.102693408727645874e-02
1.086209416389465332e-01
1.300503909587860107e-01
9.021535515785217285e-02
8.731316775083541870e-02
7.853486388921737671e-02
9.757248312234878540e-02
1.177237629890441895e-01
1.104686632752418518e-01
1.211150512099266052e-01
1.068040952086448669e-01
8.771555870771408081e-02
1.086507216095924377e-01
1.306585371494293213e-01
5.712109804153442383e-02
1.221581920981407166e-01
1.095731556415557861e-01
1.199676692485809326e-01
9.609384089708328247e-02
9.930176287889480591e-02
1.251732707023620605e-01
1.628646105527877808e-01
1.591557413339614868e-01
1.332951337099075317e-01
1.224656924605369568e-01
9.406419843435287476e-02
1.357141584157943726e-01
1.211812794208526611e-01
9.737336635589599609e-02
1.058897003531455994e-01
1.436060667037963867e-01
1.315358430147171021e-01
9.199333190917968750e-02
1.246671974658966064e-01
1.267078965902328491e-01
9.936827421188354492e-02
1.063494682312011719e-01
9.669413417577743530e-02
1.220931410789489746e-01
1.080677211284637451e-01
1.180286779999732971e-01
8.250244706869125366e-02
7.429442554712295532e-02
9.989898651838302612e-02
9.807316213846206665e-02
1.041630282998085022e-01
1.025086119771003723e-01
1.139026805758476257e-01
8.260196447372436523e-02
8.527678251266479492e-02
1.944890469312667847e-01
7.370802760124206543e-02
1.141374930739402771e-01
1.045035347342491150e-01
9.022817760705947876e-02
1.623185425996780396e-01
1.272673308849334717e-01
2.804600894451141357e-01
1.293380111455917358e-01
1.103078722953796387e-01
7.223657518625259399e-02
9.973474591970443726e-02
7.885514944791793823e-02
1.261990368366241455e-01
1.459700316190719604e-01
9.748522192239761353e-02
1.173229217529296875e-01
8.231238275766372681e-02
8.634575456380844116e-02
7.302672415971755981e-02
1.244124397635459900e-01
7.667469233274459839e-02
7.894116640090942383e-02
1.144046261906623840e-01
1.104429736733436584e-01
9.246894717216491699e-02
1.254221200942993164e-01
7.034625113010406494e-02
1.164654195308685303e-01
1.152335181832313538e-01
1.091760993003845215e-01
1.344611644744873047e-01
8.702507615089416504e-02
1.089158579707145691e-01
8.053792268037796021e-02
1.315142065286636353e-01
1.155940517783164978e-01
8.464061468839645386e-02
9.512892365455627441e-02
9.650484472513198853e-02
9.361580014228820801e-02
9.846463799476623535e-02
1.108664050698280334e-01
1.286699026823043823e-01
1.197352781891822815e-01
1.152622476220130920e-01
1.224938035011291504e-01
2.150360792875289917e-01
7.323396205902099609e-02
9.435985237360000610e-02
1.082420349121093750e-01
9.773867577314376831e-02
9.294167906045913696e-02
9.347405284643173218e-02
9.382726997137069702e-02
7.268125563859939575e-02
1.221206411719322205e-01
8.335121721029281616e-02
1.015078350901603699e-01
1.231076195836067200e-01
1.472745090723037720e-01
1.146080568432807922e-01
9.233435243368148804e-02
1.261158138513565063e-01
1.672668904066085815e-01
1.180227175354957581e-01
1.233915761113166809e-01
1.287996321916580200e-01
9.705275297164916992e-02
8.962025493383407593e-02
1.007530093193054199e-01
1.135673522949218750e-01
9.464156627655029297e-02
1.168355941772460938e-01
1.070316210389137268e-01
1.117975637316703796e-01
1.261288970708847046e-01
9.750197082757949829e-02
7.641536742448806763e-02
1.013180613517761230e-01
8.146231621503829956e-02
9.676293283700942993e-02
1.579685658216476440e-01
1.074711680412292480e-01
1.047293767333030701e-01
1.052544713020324707e-01
1.417355388402938843e-01
1.505189687013626099e-01
1.721688061952590942e-01
8.428444713354110718e-02
1.105348393321037292e-01
9.404125809669494629e-02
1.235046908259391785e-01
1.466281861066818237e-01
1.238831654191017151e-01
1.289758086204528809e-01
9.270594269037246704e-02
1.304312795400619507e-01
1.205680593848228455e-01
9.619986265897750854e-02
1.209204569458961487e-01
9.304759651422500610e-02
9.536621719598770142e-02
1.066055074334144592e-01
7.894632220268249512e-02
2.258305102586746216e-01
1.325616389513015747e-01
1.159598231315612793e-01
1.087995842099189758e-01
1.395972520112991333e-01
1.307892799377441406e-01
1.142900213599205017e-01
9.593560546636581421e-02
1.124503239989280701e-01
1.377365440130233765e-01
1.183752343058586121e-01
7.279327511787414551e-02
9.533610194921493530e-02
9.003087133169174194e-02
8.306280523538589478e-02
8.343797922134399414e-02
8.786632865667343140e-02
1.619276255369186401e-01
1.339452862739562988e-01
9.792882949113845825e-02
9.288716316223144531e-02
8.098102360963821411e-02
7.408673316240310669e-02
1.096377745270729065e-01
8.891580253839492798e-02
9.890174865722656250e-02
1.257737129926681519e-01
9.735511988401412964e-02
1.027347519993782043e-01
1.387521028518676758e-01
1.282553821802139282e-01
1.479506492614746094e-01
1.245316639542579651e-01
9.417489916086196899e-02
1.080239191651344299e-01
8.328194171190261841e-02
9.498399496078491211e-02
9.575983136892318726e-02
9.242381900548934937e-02
8.963593095541000366e-02
9.691110998392105103e-02
1.000421643257141113e-01
1.220057010650634766e-01
7.412499934434890747e-02
9.932589530944824219e-02
1.042329668998718262e-01
1.129812225699424744e-01
9.749376028776168823e-02
1.017829999327659607e-01
1.049295440316200256e-01
7.144453376531600952e-02
1.168760880827903748e-01
1.118319630622863770e-01
1.206631287932395935e-01
1.041858568787574768e-01
8.578408509492874146e-02
1.291193664073944092e-01
9.066093713045120239e-02
1.081898808479309082e-01
8.077438920736312866e-02
1.261613219976425171e-01
1.074487566947937012e-01
1.204845681786537170e-01
9.946956485509872437e-02
9.065136313438415527e-02
1.275251954793930054e-01
1.075720116496086121e-01
7.286352664232254028e-02
1.024060845375061035e-01
1.372324526309967041e-01
7.888122648000717163e-02
8.180520683526992798e-02
8.949842303991317749e-02
1.459054350852966309e-01
8.275599032640457153e-02
6.012455001473426819e-02
1.204666122794151306e-01
1.294301152229309082e-01
1.161643639206886292e-01
1.067130863666534424e-01
8.494979143142700195e-02
1.325064450502395630e-01
1.030059233307838440e-01
1.300215870141983032e-01
1.154550313949584961e-01
1.546333283185958862e-01
9.272953122854232788e-02
7.501173764467239380e-02
8.361866325139999390e-02
1.369944065809249878e-01
8.263884484767913818e-02
9.059825539588928223e-02
1.242635175585746765e-01
1.098666563630104065e-01
7.436066865921020508e-02
1.867515593767166138e-01
1.593368947505950928e-01
7.576852291822433472e-02
8.498811721801757812e-02
7.174563407897949219e-02
8.725344389677047729e-02
9.377620369195938110e-02
1.013171002268791199e-01
8.882259577512741089e-02
1.018914207816123962e-01
1.140382513403892517e-01
8.952202647924423218e-02
7.176292687654495239e-02
9.414974600076675415e-02
1.180537864565849304e-01
1.695259362459182739e-01
8.343511819839477539e-02
1.531852334737777710e-01
1.381283253431320190e-01
7.463075965642929077e-02
9.802981466054916382e-02
1.273620128631591797e-01
1.014293804764747620e-01
1.349267959594726562e-01
9.267141669988632202e-02
9.029257297515869141e-02
1.075810790061950684e-01
1.099936589598655701e-01
7.874243706464767456e-02
1.165645644068717957e-01
1.877667158842086792e-01
1.120348051190376282e-01
1.336790770292282104e-01
1.152482852339744568e-01
1.127023175358772278e-01
8.986041694879531860e-02
1.311345994472503662e-01
1.079920008778572083e-01
1.325811743736267090e-01
1.159780025482177734e-01
1.067362055182456970e-01
9.247701615095138550e-02
8.194090425968170166e-02
7.290071994066238403e-02
1.026208996772766113e-01
1.502208411693572998e-01
1.237344071269035339e-01
1.240253448486328125e-01
1.004254221916198730e-01
1.290792673826217651e-01
1.402943134307861328e-01
8.932129293680191040e-02
1.515014320611953735e-01
7.949253171682357788e-02
1.941937208175659180e-01
1.064618900418281555e-01
7.405710965394973755e-02
8.782144635915756226e-02
1.377528458833694458e-01
9.458457678556442261e-02
9.501885622739791870e-02
1.233113035559654236e-01
8.835489302873611450e-02
1.070347204804420471e-01
1.100319549441337585e-01
1.197778061032295227e-01
1.307872086763381958e-01
1.004949212074279785e-01
7.546483725309371948e-02
1.196442022919654846e-01
9.923344850540161133e-02
1.033568009734153748e-01
1.190042272210121155e-01
8.967553824186325073e-02
1.168721541762351990e-01
1.145165339112281799e-01
8.300384134054183960e-02
1.007253751158714294e-01
6.985298544168472290e-02
1.328330934047698975e-01
1.198330149054527283e-01
9.102770686149597168e-02
8.028888702392578125e-02
7.534566521644592285e-02
5.531849339604377747e-02
8.786650747060775757e-02
8.276809751987457275e-02
8.684211969375610352e-02
8.357226848602294922e-02
1.279026418924331665e-01
1.231856122612953186e-01
1.264387518167495728e-01
1.188484430313110352e-01
7.869401574134826660e-02
9.985891729593276978e-02
1.042400673031806946e-01
1.184072494506835938e-01
7.352971285581588745e-02
1.030895039439201355e-01
1.047595217823982239e-01
1.000643447041511536e-01
9.120306372642517090e-02
9.493086487054824829e-02
8.931466192007064819e-02
8.948295563459396362e-02
1.418946236371994019e-01
1.106839776039123535e-01
1.847453564405441284e-01
8.072458207607269287e-02
1.144923791289329529e-01
1.090037897229194641e-01
7.662317156791687012e-02
1.109140515327453613e-01
1.035966575145721436e-01
1.187170967459678650e-01
1.127709075808525085e-01
1.629841178655624390e-01
1.251313388347625732e-01
1.377374082803726196e-01
1.295441240072250366e-01
8.436534553766250610e-02
1.782322376966476440e-01
7.769901305437088013e-02
1.136199459433555603e-01
1.191794052720069885e-01
1.117714643478393555e-01
1.345341950654983521e-01
1.006151959300041199e-01
9.320590645074844360e-02
1.175258532166481018e-01
8.669028431177139282e-02
7.153492420911788940e-02
1.292111426591873169e-01
1.443408280611038208e-01
9.578131884336471558e-02
7.665207982063293457e-02
8.515902608633041382e-02
9.459350258111953735e-02
1.447173804044723511e-01
1.128005012869834900e-01
1.030420660972595215e-01
1.387096047401428223e-01
1.164175793528556824e-01
1.095266565680503845e-01
9.177234023809432983e-02
7.069954276084899902e-02
1.128000244498252869e-01
8.359602093696594238e-02
1.006141379475593567e-01
9.619686752557754517e-02
1.323795616626739502e-01
9.029445797204971313e-02
1.543259620666503906e-01
1.055367812514305115e-01
9.542161226272583008e-02
1.112509295344352722e-01
1.318626254796981812e-01
8.536646515130996704e-02
1.683225482702255249e-01
1.496523469686508179e-01
1.065730750560760498e-01
9.250947833061218262e-02
8.162375539541244507e-02
7.299073785543441772e-02
8.778566122055053711e-02
5.824222788214683533e-02
1.185080185532569885e-01
7.945440709590911865e-02
7.062832266092300415e-02
1.203704550862312317e-01
7.306189835071563721e-02
9.609428793191909790e-02
1.249849200248718262e-01
1.378379017114639282e-01
1.552055627107620239e-01
1.168387904763221741e-01
1.047849431633949280e-01
1.523624211549758911e-01
9.471926838159561157e-02
9.121542423963546753e-02
1.217139959335327148e-01
1.351573914289474487e-01
1.291864812374114990e-01
1.043915152549743652e-01
9.208699315786361694e-02
1.175239160656929016e-01
1.224946007132530212e-01
1.188414394855499268e-01
9.795980900526046753e-02
1.219993457198143005e-01
1.153954640030860901e-01
1.532057970762252808e-01
1.762879639863967896e-01
1.123461052775382996e-01
1.356743127107620239e-01
9.042374044656753540e-02
1.044827476143836975e-01
1.212604120373725891e-01
1.161376833915710449e-01
1.024858132004737854e-01
7.715416699647903442e-02
1.016845628619194031e-01
1.262259632349014282e-01
1.266508847475051880e-01
1.438832134008407593e-01
1.036635860800743103e-01
9.649936109781265259e-02
9.850726276636123657e-02
8.133184164762496948e-02
7.953117787837982178e-02
1.489815264940261841e-01
6.397735327482223511e-02
1.100216135382652283e-01
1.224434599280357361e-01
1.312126517295837402e-01
9.213342517614364624e-02
1.042153313755989075e-01
1.044526025652885437e-01
1.194434985518455505e-01
1.064859032630920410e-01
1.172802820801734924e-01
9.534428268671035767e-02
1.330902725458145142e-01
1.241532191634178162e-01
9.799608588218688965e-02
1.190984621644020081e-01
1.152591407299041748e-01
8.935382217168807983e-02
8.682486414909362793e-02
9.692647308111190796e-02
9.077471494674682617e-02
1.234431862831115723e-01
8.766009658575057983e-02
7.912372797727584839e-02
7.975061982870101929e-02
7.615198940038681030e-02
1.175392270088195801e-01
1.036459580063819885e-01
9.559279680252075195e-02
6.895473599433898926e-02
1.363375335931777954e-01
9.181643277406692505e-02
8.409842848777770996e-02
1.256643682718276978e-01
1.054651439189910889e-01
1.149104014039039612e-01
1.424844712018966675e-01
1.201482191681861877e-01
1.046418547630310059e-01
7.766956090927124023e-02
1.015614047646522522e-01
9.810703992843627930e-02
1.039818748831748962e-01
1.363229602575302124e-01
9.722856432199478149e-02
1.387219280004501343e-01
7.448900490999221802e-02
1.007319092750549316e-01
8.590292185544967651e-02
9.224156290292739868e-02
1.031087413430213928e-01
1.006546393036842346e-01
1.228951886296272278e-01
1.171217262744903564e-01
1.194936633110046387e-01
7.872667908668518066e-02
1.112836822867393494e-01
1.485856622457504272e-01
8.437523990869522095e-02
1.169920787215232849e-01
8.312342315912246704e-02
2.153277248144149780e-01
1.411404013633728027e-01
1.154671609401702881e-01
1.219242587685585022e-01
1.161825358867645264e-01
6.124676391482353210e-02
7.831839472055435181e-02
9.597873687744140625e-02
1.383971422910690308e-01
9.522199630737304688e-02
1.190555393695831299e-01
1.174831092357635498e-01
9.391354769468307495e-02
7.726012915372848511e-02
1.282396167516708374e-01
1.450239717960357666e-01
1.425735652446746826e-01
1.376626640558242798e-01
1.623795926570892334e-01
1.543472409248352051e-01
1.479374766349792480e-01
1.257271468639373779e-01
7.406739145517349243e-02
1.419638097286224365e-01
1.165471374988555908e-01
1.042129024863243103e-01
9.998634457588195801e-02
1.555626988410949707e-01
9.789014607667922974e-02
9.245236963033676147e-02
1.121524944901466370e-01
1.023863852024078369e-01
1.070903539657592773e-01
1.125071868300437927e-01
1.072906851768493652e-01
1.412862241268157959e-01
1.548262238502502441e-01
1.420213133096694946e-01
1.117844581604003906e-01
8.632140606641769409e-02
1.569170802831649780e-01
1.349386274814605713e-01
9.817997366189956665e-02
1.351597905158996582e-01
1.159734800457954407e-01
1.550890356302261353e-01
1.493354588747024536e-01
1.442774087190628052e-01
1.359227895736694336e-01
1.279159933328628540e-01
8.286175876855850220e-02
7.625482231378555298e-02
9.626448154449462891e-02
9.696956723928451538e-02
1.016557887196540833e-01
1.077578663825988770e-01
9.442192316055297852e-02
1.138721182942390442e-01
8.391507714986801147e-02
1.237424388527870178e-01
1.907750815153121948e-01
7.002569735050201416e-02
9.633964300155639648e-02
8.947382122278213501e-02
5.980795621871948242e-02
1.079425439238548279e-01
1.021243706345558167e-01
9.892147779464721680e-02
1.049791574478149414e-01
1.542749702930450439e-01
1.080424264073371887e-01
1.411008685827255249e-01
1.125000342726707458e-01
9.700234979391098022e-02
1.025293692946434021e-01
9.359522908926010132e-02
1.191637739539146423e-01
2.205962687730789185e-01
9.483173489570617676e-02
1.536711901426315308e-01
1.350656598806381226e-01
9.509565681219100952e-02
9.993693977594375610e-02
8.550285547971725464e-02
7.619047909975051880e-02
1.368736922740936279e-01
9.076789021492004395e-02
8.432298898696899414e-02
1.315744668245315552e-01
1.437116265296936035e-01
1.043610349297523499e-01
9.902882575988769531e-02
9.911283850669860840e-02
1.217685118317604065e-01
1.368055790662765503e-01
9.362699836492538452e-02
1.342983692884445190e-01
1.221307739615440369e-01
1.123374104499816895e-01
9.515514224767684937e-02
1.224828362464904785e-01
1.171981468796730042e-01
1.021514609456062317e-01
9.757244586944580078e-02
1.530953049659729004e-01
8.691494911909103394e-02
1.044596806168556213e-01
1.251942366361618042e-01
1.669258922338485718e-01
7.485950738191604614e-02
7.667069882154464722e-02
1.385410279035568237e-01
1.017433181405067444e-01
9.093733876943588257e-02
8.693746477365493774e-02
1.096322461962699890e-01
1.503790467977523804e-01
1.069726571440696716e-01
8.305298537015914917e-02
9.483028203248977661e-02
2.070398777723312378e-01
9.894789010286331177e-02
8.022984117269515991e-02
9.806972742080688477e-02
1.168135404586791992e-01
1.024950146675109863e-01
6.506278365850448608e-02
1.649544090032577515e-01
6.700246781110763550e-02
1.124023720622062683e-01
1.104481592774391174e-01
1.054925993084907532e-01
7.011175900697708130e-02
1.020497456192970276e-01
9.859212487936019897e-02
7.602941989898681641e-02
8.537850528955459595e-02
1.035148277878761292e-01
1.619939357042312622e-01
7.668130099773406982e-02
1.362632811069488525e-01
1.305126249790191650e-01
1.781878620386123657e-01
1.152620390057563782e-01
8.279822021722793579e-02
1.699385792016983032e-01
1.316552758216857910e-01
1.112013459205627441e-01
1.268098354339599609e-01
1.017018780112266541e-01
1.488791257143020630e-01
1.417640298604965210e-01
8.428331464529037476e-02
1.036007478833198547e-01
8.863154053688049316e-02
8.513357490301132202e-02
8.349964767694473267e-02
1.033376827836036682e-01
9.127667546272277832e-02
7.529030740261077881e-02
1.032166853547096252e-01
1.175071969628334045e-01
1.239768639206886292e-01
1.436671614646911621e-01
1.094531193375587463e-01
1.107706651091575623e-01
1.048391684889793396e-01
1.044721230864524841e-01
8.275604248046875000e-02
1.026183962821960449e-01
1.153340563178062439e-01
9.645441174507141113e-02
1.123867407441139221e-01
1.108433008193969727e-01
1.434584259986877441e-01
1.519746333360671997e-01
9.421183913946151733e-02
1.419752091169357300e-01
1.179226636886596680e-01
1.090487614274024963e-01
1.578328460454940796e-01
8.525446802377700806e-02
9.181336313486099243e-02
1.550618410110473633e-01
1.271884590387344360e-01
1.273092478513717651e-01
1.114702448248863220e-01
1.068871691823005676e-01
1.075970828533172607e-01
9.801509231328964233e-02
1.321620941162109375e-01
1.257479041814804077e-01
1.094758138060569763e-01
9.778777509927749634e-02
8.251918107271194458e-02
1.196037530899047852e-01
6.648466736078262329e-02
1.464584022760391235e-01
1.188739836215972900e-01
1.532413959503173828e-01
1.103331819176673889e-01
1.030795797705650330e-01
1.149995923042297363e-01
1.002264022827148438e-01
7.105724513530731201e-02
9.321054071187973022e-02
1.029492914676666260e-01
5.941655859351158142e-02
1.196421757340431213e-01
9.552147239446640015e-02
1.058762595057487488e-01
1.250228732824325562e-01
9.589073807001113892e-02
6.050123646855354309e-02
1.036335825920104980e-01
1.007590219378471375e-01
7.644759118556976318e-02
9.908915311098098755e-02
9.341734647750854492e-02
1.366207152605056763e-01
1.125712469220161438e-01
8.810466527938842773e-02
1.069190278649330139e-01
1.255423873662948608e-01
1.297125071287155151e-01
1.032358482480049133e-01
1.033094301819801331e-01
7.932514697313308716e-02
9.164991229772567749e-02
9.498392790555953979e-02
1.287976354360580444e-01
1.091109290719032288e-01
1.508284062147140503e-01
9.464289993047714233e-02
1.071063652634620667e-01
6.570176035165786743e-02
1.674689054489135742e-01
1.685112267732620239e-01
8.228244632482528687e-02
8.758612722158432007e-02
7.375545054674148560e-02
8.885622024536132812e-02
1.484372615814208984e-01
1.074110940098762512e-01
1.133904680609703064e-01
1.291214674711227417e-01
9.732066839933395386e-02
1.140667200088500977e-01
8.514747768640518188e-02
1.593741029500961304e-01
1.104753017425537109e-01
8.532955497503280640e-02
3.285079896450042725e-01
1.028427109122276306e-01
1.088260337710380554e-01
7.913140952587127686e-02
1.275044232606887817e-01
1.044884249567985535e-01
1.014625653624534607e-01
1.054996848106384277e-01
1.049858927726745605e-01
1.408284753561019897e-01
9.879700094461441040e-02
1.108777225017547607e-01
1.106595918536186218e-01
1.220963597297668457e-01
8.097707480192184448e-02
7.000830024480819702e-02
1.133112907409667969e-01
1.568998545408248901e-01
1.037572026252746582e-01
1.047212406992912292e-01
7.135573774576187134e-02
1.153658628463745117e-01
1.678941398859024048e-01
1.076501533389091492e-01
1.045404300093650818e-01
3.113407790660858154e-01
1.080542430281639099e-01
8.705478906631469727e-02
1.100355759263038635e-01
8.419511467218399048e-02
8.164288848638534546e-02
1.309897899627685547e-01
1.132865920662879944e-01
7.485232502222061157e-02
1.208554431796073914e-01
1.360456198453903198e-01
8.196777105331420898e-02
9.032541513442993164e-02
7.704252004623413086e-02
1.103517413139343262e-01
1.108983382582664490e-01
1.353891789913177490e-01
9.372965246438980103e-02
1.319800615310668945e-01
1.272518932819366455e-01
9.704174846410751343e-02
8.491480350494384766e-02
1.022957265377044678e-01
1.145704984664916992e-01
9.303290396928787231e-02
1.252578347921371460e-01
1.129953265190124512e-01
1.000182852149009705e-01
1.243316456675529480e-01
8.446086198091506958e-02
1.143545880913734436e-01
1.305419653654098511e-01
5.838992074131965637e-02
1.062115207314491272e-01
1.222836598753929138e-01
1.249142959713935852e-01
9.892207384109497070e-02
1.066759154200553894e-01
6.741588562726974487e-02
8.636639267206192017e-02
7.548952847719192505e-02
9.113691002130508423e-02
1.083556413650512695e-01
9.407544136047363281e-02
8.600958436727523804e-02
1.009538397192955017e-01
1.286298632621765137e-01
9.310015290975570679e-02
1.207492426037788391e-01
9.143789857625961304e-02
6.870900839567184448e-02
1.684685200452804565e-01
1.110723689198493958e-01
1.226568445563316345e-01
9.350297600030899048e-02
1.034530624747276306e-01
1.057911515235900879e-01
9.772348403930664062e-02
1.059922799468040466e-01
1.715274602174758911e-01
1.384938210248947144e-01
1.059321984648704529e-01
9.228006750345230103e-02
8.692177385091781616e-02
1.030084416270256042e-01
1.037332490086555481e-01
6.528332084417343140e-02
1.462021321058273315e-01
6.205435469746589661e-02
1.290799677371978760e-01
6.576197594404220581e-02
7.034797966480255127e-02
9.180150181055068970e-02
7.014406472444534302e-02
1.603245735168457031e-01
1.041173115372657776e-01
9.527128934860229492e-02
7.299835234880447388e-02
9.435915946960449219e-02
1.064737141132354736e-01
1.444124430418014526e-01
8.858721703290939331e-02
6.369823962450027466e-02
1.112725362181663513e-01
1.153405532240867615e-01
1.301635652780532837e-01
1.085269674658775330e-01
9.076333045959472656e-02
2.053741216659545898e-01
1.200000345706939697e-01
1.195902228355407715e-01
1.095782890915870667e-01
9.498184174299240112e-02
7.533317059278488159e-02
1.065231785178184509e-01
9.432631731033325195e-02
8.548104763031005859e-02
1.237115263938903809e-01
1.118586733937263489e-01
7.677514106035232544e-02
9.127835184335708618e-02
1.188870072364807129e-01
1.275603771209716797e-01
1.109433248639106750e-01
1.217915639281272888e-01
1.039031445980072021e-01
7.494894415140151978e-02
8.449665457010269165e-02
9.558054059743881226e-02
1.326625794172286987e-01
1.221675574779510498e-01
8.464653044939041138e-02
9.692432731389999390e-02
9.631889313459396362e-02
7.685390114784240723e-02
8.592891693115234375e-02
1.059748157858848572e-01
1.057949960231781006e-01
9.292853623628616333e-02
1.461187452077865601e-01
8.024790138006210327e-02
6.278014928102493286e-02
8.361303806304931641e-02
1.273960918188095093e-01
8.003628998994827271e-02
9.937193989753723145e-02
1.342189013957977295e-01
8.880800753831863403e-02
1.099842861294746399e-01
9.313333779573440552e-02
1.017432510852813721e-01
1.278734654188156128e-01
8.162625879049301147e-02
8.286254853010177612e-02
1.041600108146667480e-01
1.157783195376396179e-01
8.355356007814407349e-02
1.179128065705299377e-01
1.188807263970375061e-01
8.378770947456359863e-02
1.409292966127395630e-01
9.077528864145278931e-02
1.328868418931961060e-01
1.116378605365753174e-01
1.384866237640380859e-01
9.964413195848464966e-02
1.441591829061508179e-01
1.328158229589462280e-01
1.258200556039810181e-01
1.094109043478965759e-01
7.843711972236633301e-02
1.241031512618064880e-01
1.030237972736358643e-01
1.165357530117034912e-01
1.090184748172760010e-01
1.093401685357093811e-01
1.121615171432495117e-01
9.359896183013916016e-02
1.074213683605194092e-01
8.059140294790267944e-02
7.017878443002700806e-02
1.084254384040832520e-01
9.455022215843200684e-02
9.137905389070510864e-02
8.581322431564331055e-02
1.048699542880058289e-01
9.421455860137939453e-02
8.367216587066650391e-02
1.214142441749572754e-01
1.612835377454757690e-01
1.219554916024208069e-01
1.590734869241714478e-01
9.855526685714721680e-02
9.103637933731079102e-02
9.675524383783340454e-02
8.392884582281112671e-02
1.225790977478027344e-01
1.106676533818244934e-01
1.082360073924064636e-01
1.368452161550521851e-01
1.484485417604446411e-01
9.161666780710220337e-02
8.007454872131347656e-02
1.232764720916748047e-01
9.020224213600158691e-02
1.205111965537071228e-01
7.475555688142776489e-02
9.502923488616943359e-02
7.439207285642623901e-02
5.230938792228698730e-01
7.048244774341583252e-02
6.240658089518547058e-02
7.443869858980178833e-02
1.391584277153015137e-01
1.057736948132514954e-01
1.028150394558906555e-01
1.383840441703796387e-01
1.350197345018386841e-01
8.395111560821533203e-02
8.681853860616683960e-02
8.871392160654067993e-02
1.272959411144256592e-01
9.884444624185562134e-02
8.594586700201034546e-02
1.100190058350563049e-01
1.575395613908767700e-01
1.054784730076789856e-01
8.913218975067138672e-02
9.146196395158767700e-02
1.227532029151916504e-01
8.292838186025619507e-02
1.191684082150459290e-01
1.295519024133682251e-01
7.465323805809020996e-02
1.200760230422019958e-01
1.048249602317810059e-01
1.134413853287696838e-01
1.121627017855644226e-01
9.423705190420150757e-02
9.527286142110824585e-02
1.232725381851196289e-01
1.319512277841567993e-01
9.724476188421249390e-02
1.158348694443702698e-01
1.026322841644287109e-01
8.057884126901626587e-02
1.295646876096725464e-01
9.431513398885726929e-02
1.340154260396957397e-01
1.004271134734153748e-01
9.385222196578979492e-02
1.158950403332710266e-01
1.125724092125892639e-01
8.710966259241104126e-02
1.323444545269012451e-01
1.012699306011199951e-01
9.913372993469238281e-02
1.568309217691421509e-01
9.107646346092224121e-02
1.167520657181739807e-01
1.150912567973136902e-01
1.111180782318115234e-01
9.301535040140151978e-02
1.253432780504226685e-01
1.043180227279663086e-01
8.390948176383972168e-02
9.782689809799194336e-02
1.137269362807273865e-01
1.364198178052902222e-01
1.129803657531738281e-01
1.170321181416511536e-01
9.297273308038711548e-02
1.677004545927047729e-01
7.995914667844772339e-02
1.103802695870399475e-01
1.107504442334175110e-01
1.019371524453163147e-01
1.043619737029075623e-01
6.593415886163711548e-02
1.128940582275390625e-01
1.285985857248306274e-01
1.223345771431922913e-01
9.287261962890625000e-02
1.195009127259254456e-01
7.386202365159988403e-02
9.552732855081558228e-02
1.258109360933303833e-01
8.684709668159484863e-02
1.249054446816444397e-01
1.022194102406501770e-01
8.904161304235458374e-02
1.446956843137741089e-01
9.879191964864730835e-02
8.137167245149612427e-02
1.160998940467834473e-01
7.888840883970260620e-02
1.119644418358802795e-01
1.066066548228263855e-01
1.028760075569152832e-01
8.301553130149841309e-02
1.407135128974914551e-01
1.369266957044601440e-01
9.758484363555908203e-02
9.785673022270202637e-02
1.213000044226646423e-01
1.177735999226570129e-01
1.016398593783378601e-01
1.251759082078933716e-01
9.247239679098129272e-02
1.483877152204513550e-01
1.088748276233673096e-01
6.963197141885757446e-02
9.429164975881576538e-02
7.898671180009841919e-02
8.065451681613922119e-02
1.153043285012245178e-01
9.211596101522445679e-02
8.699134737253189087e-02
1.293500214815139771e-01
7.952775806188583374e-02
1.108086109161376953e-01
6.868240982294082642e-02
8.855857700109481812e-02
9.024458378553390503e-02
9.773709625005722046e-02
8.066155761480331421e-02
1.060441359877586365e-01
9.067671746015548706e-02
1.213959455490112305e-01
9.179940074682235718e-02
1.074530109763145447e-01
6.967673450708389282e-02
1.750827282667160034e-01
1.335826516151428223e-01
1.109591424465179443e-01
9.892959147691726685e-02
1.070992946624755859e-01
1.206792369484901428e-01
1.434859782457351685e-01
6.582202762365341187e-02
9.915377944707870483e-02
7.024385035037994385e-02
1.158522143959999084e-01
1.421252936124801636e-01
1.083647832274436951e-01
1.143716573715209961e-01
1.195384487509727478e-01
9.992718696594238281e-02
1.107608079910278320e-01
1.341068595647811890e-01
9.629905223846435547e-02
9.362602978944778442e-02
1.053177490830421448e-01
8.734845370054244995e-02
9.307088702917098999e-02
1.152263283729553223e-01
9.139972925186157227e-02
1.028764620423316956e-01
1.166715994477272034e-01
1.174399852752685547e-01
1.503345221281051636e-01
1.096096932888031006e-01
1.047297939658164978e-01
9.137686342000961304e-02
1.082585453987121582e-01
1.155964359641075134e-01
7.592525333166122437e-02
9.140881150960922241e-02
1.016708388924598694e-01
1.269809156656265259e-01
1.301917582750320435e-01
1.137254014611244202e-01
9.742494672536849976e-02
1.327199786901473999e-01
1.035629883408546448e-01
1.223104968667030334e-01
1.089347228407859802e-01
1.250437945127487183e-01
1.176554560661315918e-01
1.120264306664466858e-01
8.390461653470993042e-02
7.376672327518463135e-02
1.299231499433517456e-01
9.519985318183898926e-02
1.114015579223632812e-01
1.158857271075248718e-01
8.191858977079391479e-02
9.719767421483993530e-02
1.090043410658836365e-01
1.485862135887145996e-01
1.034127250313758850e-01
1.231303811073303223e-01
9.835028648376464844e-02
9.664110094308853149e-02
1.440903395414352417e-01
8.406694978475570679e-02
1.187756955623626709e-01
6.788258999586105347e-02
1.014274954795837402e-01
1.274778097867965698e-01
8.128388226032257080e-02
1.528535932302474976e-01
9.442176669836044312e-02
9.250897914171218872e-02
8.505409955978393555e-02
1.337053775787353516e-01
1.126382574439048767e-01
1.120079532265663147e-01
1.057895794510841370e-01
7.783440500497817993e-02
1.055165454745292664e-01
8.311920613050460815e-02
1.011881232261657715e-01
1.004575192928314209e-01
7.273004204034805298e-02
6.414981931447982788e-02
1.137805953621864319e-01
1.150816008448600769e-01
9.311711043119430542e-02
1.144675090909004211e-01
1.122810468077659607e-01
1.104878559708595276e-01
1.291750818490982056e-01
1.135206818580627441e-01
9.595742076635360718e-02
1.343252062797546387e-01
1.389875113964080811e-01
1.407738178968429565e-01
1.109893247485160828e-01
1.210536062717437744e-01
1.176504418253898621e-01
1.118317469954490662e-01
1.118574440479278564e-01
8.269532024860382080e-02
8.279332518577575684e-02
1.134228110313415527e-01
9.890020638704299927e-02
1.655249595642089844e-01
1.132842898368835449e-01
1.007632613182067871e-01
1.224659755825996399e-01
1.205185130238533020e-01
7.924004644155502319e-02
8.521744608879089355e-02
6.573577970266342163e-02
1.294712275266647339e-01
1.178894639015197754e-01
9.438586235046386719e-02
1.142113283276557922e-01
7.410038262605667114e-02
1.463056653738021851e-01
1.452451497316360474e-01
1.338522434234619141e-01
6.734587997198104858e-02
8.877700567245483398e-02
1.190003752708435059e-01
1.078940853476524353e-01
8.052626252174377441e-02
9.064671397209167480e-02
9.730487316846847534e-02
1.170845255255699158e-01
8.788637071847915649e-02
8.521146327257156372e-02
1.399160176515579224e-01
1.141271293163299561e-01
8.030311018228530884e-02
8.534413576126098633e-02
1.051887348294258118e-01
1.117975339293479919e-01
1.028393134474754333e-01
9.777403622865676880e-02
1.290204972028732300e-01
1.102836504578590393e-01
9.937310963869094849e-02
1.282271891832351685e-01
8.642602711915969849e-02
1.174380779266357422e-01
1.066973209381103516e-01
1.015830934047698975e-01
9.818235784769058228e-02
9.233992546796798706e-02
1.509171724319458008e-01
1.261228621006011963e-01
1.215022206306457520e-01
7.788162678480148315e-02
1.168718114495277405e-01
9.146064519882202148e-02
9.940266609191894531e-02
1.143999770283699036e-01
1.092006191611289978e-01
1.088364347815513611e-01
1.028586402535438538e-01
1.304114013910293579e-01
9.888103604316711426e-02
1.182032823562622070e-01
1.277323514223098755e-01
1.111793741583824158e-01
1.215075477957725525e-01
6.443793326616287231e-02
1.882878541946411133e-01
1.202928796410560608e-01
7.492235302925109863e-02
1.519158929586410522e-01
9.030792117118835449e-02
9.658844023942947388e-02
9.979876875877380371e-02
1.478285938501358032e-01
8.222147822380065918e-02
1.205331906676292419e-01
1.167666092514991760e-01
1.310840845108032227e-01
1.073209270834922791e-01
1.197070404887199402e-01
1.514033526182174683e-01
9.120061248540878296e-02
1.031100749969482422e-01
1.010614335536956787e-01
1.058530136942863464e-01
7.895622402429580688e-02
1.386614590883255005e-01
9.206914156675338745e-02
9.345331043004989624e-02
1.120790839195251465e-01
1.057825163006782532e-01
1.004625558853149414e-01
1.035330668091773987e-01
1.109540835022926331e-01
1.105083450675010681e-01
9.968202561140060425e-02
9.340756386518478394e-02
1.015096530318260193e-01
1.471028178930282593e-01
1.699633151292800903e-01
9.830772876739501953e-02
1.071618422865867615e-01
1.087383404374122620e-01
1.039167419075965881e-01
8.588611334562301636e-02
1.604157239198684692e-01
1.090506687760353088e-01
1.122345104813575745e-01
9.814375638961791992e-02
7.490348070859909058e-02
1.043217778205871582e-01
1.334598809480667114e-01
1.495383381843566895e-01
1.045007109642028809e-01
8.966221660375595093e-02
1.092527881264686584e-01
1.146718263626098633e-01
1.025198101997375488e-01
1.433420181274414062e-01
1.005757674574851990e-01
1.310231834650039673e-01
7.753283530473709106e-02
1.168077886104583740e-01
8.998850733041763306e-02
6.567776948213577271e-02
9.603200107812881470e-02
1.434695720672607422e-01
9.603986144065856934e-02
7.843119651079177856e-02
1.035972833633422852e-01
1.172008141875267029e-01
8.215843886137008667e-02
7.530757784843444824e-02
1.090017557144165039e-01
1.015295162796974182e-01
1.101529002189636230e-01
1.269375681877136230e-01
1.090648546814918518e-01
1.133546009659767151e-01
7.624699920415878296e-02
1.393148005008697510e-01
1.003518402576446533e-01
8.870387077331542969e-02
1.527423262596130371e-01
9.945703297853469849e-02
1.256967782974243164e-01
1.053176224231719971e-01
1.363262385129928589e-01
1.235596612095832825e-01
1.331434994935989380e-01
1.243350431323051453e-01
1.476411074399948120e-01
1.165640130639076233e-01
1.349734812974929810e-01
1.310455650091171265e-01
1.791030019521713257e-01
1.199105009436607361e-01
9.113756567239761353e-02
1.044756546616554260e-01
9.438095241785049438e-02
1.307736784219741821e-01
1.260872632265090942e-01
1.334901303052902222e-01
7.736080139875411987e-02
1.029469743371009827e-01
1.081373393535614014e-01
1.134519949555397034e-01
8.307521790266036987e-02
1.516303569078445435e-01
7.994580268859863281e-02
2.174009680747985840e-01
1.458919644355773926e-01
1.093387007713317871e-01
2.634560763835906982e-01
7.846661657094955444e-02
1.183385923504829407e-01
9.390997141599655151e-02
8.809497952461242676e-02
1.312090009450912476e-01
1.381550431251525879e-01
1.115524247288703918e-01
1.521577984094619751e-01
1.161359474062919617e-01
1.031643524765968323e-01
1.329037100076675415e-01
2.915255725383758545e-01
9.727507829666137695e-02
1.295195668935775757e-01
1.276482492685317993e-01
1.037264466285705566e-01
1.697057485580444336e-01
1.402107477188110352e-01
8.715400844812393188e-02
1.324470192193984985e-01
8.499979227781295776e-02
1.119361743330955505e-01
1.424003988504409790e-01
8.966729789972305298e-02
9.198546409606933594e-02
1.088399216532707214e-01
1.072338595986366272e-01
1.601323336362838745e-01
1.116627082228660583e-01
1.172676905989646912e-01
1.433852165937423706e-01
1.043782234191894531e-01
1.283336132764816284e-01
7.605984807014465332e-02
1.179410517215728760e-01
1.251047998666763306e-01
7.717605680227279663e-02
1.228871345520019531e-01
1.016099229454994202e-01
1.033581495285034180e-01
1.072773039340972900e-01
9.224054962396621704e-02
1.442995965480804443e-01
1.588200777769088745e-01
1.201907768845558167e-01
1.219008341431617737e-01
1.559285372495651245e-01
8.231669664382934570e-02
1.022280082106590271e-01
1.170459315180778503e-01
1.032075062394142151e-01
1.039602160453796387e-01
8.102090656757354736e-02
1.324308961629867554e-01
9.071940928697586060e-02
9.832780808210372925e-02
9.958043694496154785e-02
8.307515829801559448e-02
9.730417281389236450e-02
9.717407077550888062e-02
1.842371076345443726e-01
1.264555007219314575e-01
8.978039026260375977e-02
9.319863468408584595e-02
1.069168075919151306e-01
1.296749860048294067e-01
1.105201020836830139e-01
9.426388889551162720e-02
1.047764196991920471e-01
9.728893637657165527e-02
1.047219038009643555e-01
1.059891581535339355e-01
9.910017251968383789e-02
1.144636943936347961e-01
1.192363202571868896e-01
1.018569543957710266e-01
8.665701746940612793e-02
9.783986955881118774e-02
1.079735681414604187e-01
7.723467797040939331e-02
9.175416827201843262e-02
9.207382053136825562e-02
8.905085176229476929e-02
1.189068555831909180e-01
1.425635218620300293e-01
9.056794643402099609e-02
1.162794455885887146e-01
1.067926362156867981e-01
9.696542471647262573e-02
9.726494550704956055e-02
1.182744130492210388e-01
1.026150211691856384e-01
1.082193031907081604e-01
1.703739613294601440e-01
1.319778114557266235e-01
8.891729265451431274e-02
1.063733696937561035e-01
9.114760905504226685e-02
1.064905747771263123e-01
1.197771057486534119e-01
1.728743314743041992e-01
9.222110360860824585e-02
1.195223033428192139e-01
9.051454812288284302e-02
1.245067343115806580e-01
8.587368577718734741e-02
1.563748568296432495e-01
8.173485845327377319e-02
8.860573917627334595e-02
1.284657567739486694e-01
1.027995571494102478e-01
8.744329214096069336e-02
1.156307458877563477e-01
1.209312751889228821e-01
1.313828527927398682e-01
8.930242061614990234e-02
7.484585791826248169e-02
1.280276924371719360e-01
1.125796437263488770e-01
7.555607706308364868e-02
1.291136443614959717e-01
1.054886952042579651e-01
8.681664615869522095e-02
8.029633760452270508e-02
1.123014464974403381e-01
1.337193697690963745e-01
6.739032268524169922e-02
9.326756000518798828e-02
9.156312793493270874e-02
1.202174127101898193e-01
8.623371273279190063e-02
8.981740474700927734e-02
9.768446534872055054e-02
9.838142246007919312e-02
9.213194996118545532e-02
1.482979357242584229e-01
1.206566393375396729e-01
1.333027034997940063e-01
9.629026800394058228e-02
7.322365045547485352e-02
1.172865107655525208e-01
8.930041640996932983e-02
8.156459778547286987e-02
1.311125755310058594e-01
1.110340952873229980e-01
1.391520947217941284e-01
1.267862915992736816e-01
1.052756235003471375e-01
9.088174253702163696e-02
1.013569235801696777e-01
9.544057399034500122e-02
1.242904663085937500e-01
9.649894386529922485e-02
1.022492274641990662e-01
7.926055043935775757e-02
9.752533584833145142e-02
1.039575263857841492e-01
1.072618588805198669e-01
1.045855656266212463e-01
2.033708840608596802e-01
9.522521495819091797e-02
1.213437393307685852e-01
9.132456034421920776e-02
9.695017337799072266e-02
8.366411924362182617e-02
1.099965795874595642e-01
1.318210810422897339e-01
1.625942587852478027e-01
1.330964714288711548e-01
1.344855874776840210e-01
1.042102202773094177e-01
1.238627210259437561e-01
9.645152091979980469e-02
1.094322577118873596e-01
1.579473167657852173e-01
9.421348571777343750e-02
8.149716258049011230e-02
8.667364716529846191e-02
3.769768774509429932e-01
1.042482182383537292e-01
1.062806248664855957e-01
1.044356897473335266e-01
1.162970364093780518e-01
1.086315885186195374e-01
9.556907415390014648e-02
7.145031541585922241e-02
8.943653106689453125e-02
1.182220578193664551e-01
1.478810161352157593e-01
9.737151861190795898e-02
1.317692548036575317e-01
9.736952930688858032e-02
1.094816923141479492e-01
1.385821700096130371e-01
1.011247262358665466e-01
1.048971116542816162e-01
2.131721526384353638e-01
8.999953418970108032e-02
1.318403333425521851e-01
8.936991542577743530e-02
1.379426717758178711e-01
1.023188829421997070e-01
1.168685555458068848e-01
1.217134371399879456e-01
1.298820674419403076e-01
1.059492826461791992e-01
2.667400538921356201e-01
9.528845548629760742e-02
1.094252541661262512e-01
1.273908466100692749e-01
7.169121503829956055e-02
9.115562587976455688e-02
1.113462075591087341e-01
1.209081634879112244e-01
6.871552020311355591e-02
9.248181432485580444e-02
7.235071063041687012e-02
1.241664662957191467e-01
1.447859257459640503e-01
1.841022223234176636e-01
9.985872358083724976e-02
1.411694139242172241e-01
9.149701148271560669e-02
1.121297106146812439e-01
1.017602682113647461e-01
9.715965390205383301e-02
1.055104508996009827e-01
9.338416904211044312e-02
9.796560555696487427e-02
1.240060105919837952e-01
9.531991928815841675e-02
1.288422197103500366e-01
7.868633419275283813e-02
9.304755181074142456e-02
9.031560271978378296e-02
1.172772943973541260e-01
1.160892471671104431e-01
6.601616740226745605e-02
8.456116914749145508e-02
1.387922167778015137e-01
1.372714787721633911e-01
9.464713186025619507e-02
9.314581006765365601e-02
1.241479441523551941e-01
1.060192212462425232e-01
1.297252625226974487e-01
1.245590969920158386e-01
1.131537333130836487e-01
8.197750896215438843e-02
8.452910184860229492e-02
7.115485519170761108e-02
9.409087151288986206e-02
1.050930395722389221e-01
1.199578866362571716e-01
9.393768757581710815e-02
1.177791133522987366e-01
6.234103813767433167e-02
8.733011037111282349e-02
6.393861770629882812e-02
1.237910687923431396e-01
1.116122603416442871e-01
8.872279524803161621e-02
1.404255777597427368e-01
1.067028716206550598e-01
8.674094080924987793e-02
1.370600312948226929e-01
1.001076102256774902e-01
1.373005509376525879e-01
1.118766367435455322e-01
1.090643033385276794e-01
9.553378075361251831e-02
1.416095793247222900e-01
9.682447463274002075e-02
9.288997203111648560e-02
1.177404820919036865e-01
6.502418220043182373e-02
8.678785711526870728e-02
1.089693829417228699e-01
1.510498374700546265e-01
9.617748111486434937e-02
8.133854717016220093e-02
2.238158434629440308e-01
1.560229212045669556e-01
1.301675289869308472e-01
9.074211120605468750e-02
1.098014116287231445e-01
1.144548282027244568e-01
8.608887344598770142e-02
1.394423544406890869e-01
1.137832179665565491e-01
1.253501325845718384e-01
1.260004490613937378e-01
6.032435968518257141e-02
1.138915047049522400e-01
1.310997605323791504e-01
9.649273008108139038e-02
9.220725297927856445e-02
1.526978760957717896e-01
1.061440110206604004e-01
7.165971398353576660e-02
1.159757748246192932e-01
1.269123405218124390e-01
1.070673689246177673e-01
9.599358588457107544e-02
1.424034088850021362e-01
1.178582012653350830e-01
1.082641258835792542e-01
1.414852440357208252e-01
1.229041293263435364e-01
6.979160755872726440e-02
1.115261912345886230e-01
2.250127047300338745e-01
8.641632646322250366e-02
1.286498606204986572e-01
1.224384903907775879e-01
1.437339633703231812e-01
9.911450743675231934e-02
1.356942206621170044e-01
8.116290718317031860e-02
1.351211816072463989e-01
1.641595214605331421e-01
1.213756576180458069e-01
1.142871379852294922e-01
1.120303794741630554e-01
7.559170573949813843e-02
9.091481566429138184e-02
1.823761910200119019e-01
8.596825599670410156e-02
1.212495565414428711e-01
1.187167391180992126e-01
1.175606846809387207e-01
1.158672198653221130e-01
8.555692434310913086e-02
2.288131713867187500e-01
1.179765835404396057e-01
8.287992328405380249e-02
1.620299071073532104e-01
1.058985367417335510e-01
8.448201417922973633e-02
1.057685837149620056e-01
9.006503224372863770e-02
1.412120163440704346e-01
1.000570878386497498e-01
1.043455377221107483e-01
8.751841634511947632e-02
1.409884691238403320e-01
9.437394142150878906e-02
1.088247671723365784e-01
1.231744885444641113e-01
8.451212197542190552e-02
1.011867746710777283e-01
1.277971118688583374e-01
1.147750839591026306e-01
9.781571477651596069e-02
7.084421068429946899e-02
1.603546887636184692e-01
1.164837181568145752e-01
1.058797016739845276e-01
8.937364816665649414e-02
9.605882316827774048e-02
8.173000067472457886e-02
1.332411170005798340e-01
1.254252344369888306e-01
1.315770745277404785e-01
1.393000036478042603e-01
8.865352720022201538e-02
1.415284723043441772e-01
1.086726710200309753e-01
9.735187143087387085e-02
1.293561607599258423e-01
8.754274994134902954e-02
8.809596300125122070e-02
8.799403160810470581e-02
9.347536414861679077e-02
1.132066771388053894e-01
8.403169363737106323e-02
8.755441755056381226e-02
1.260021328926086426e-01
1.430036425590515137e-01
1.112699806690216064e-01
1.239612922072410583e-01
8.104645460844039917e-02
8.970578759908676147e-02
1.199839711189270020e-01
9.237005561590194702e-02
9.482512623071670532e-02
9.550941735506057739e-02
9.320590645074844360e-02
1.050776243209838867e-01
7.943475991487503052e-02
1.089403852820396423e-01
1.109212040901184082e-01
1.067937836050987244e-01
9.641366451978683472e-02
7.381712645292282104e-02
1.251802891492843628e-01
1.324105411767959595e-01
8.878275007009506226e-02
8.872982859611511230e-02
1.143061742186546326e-01
1.570897549390792847e-01
1.119596660137176514e-01
9.303412586450576782e-02
8.936113119125366211e-02
8.460062742233276367e-02
8.662763237953186035e-02
8.506753295660018921e-02
1.051843985915184021e-01
8.839938789606094360e-02
6.677895784378051758e-02
8.637523651123046875e-02
1.077925562858581543e-01
1.095858588814735413e-01
2.070952653884887695e-01
1.070891246199607849e-01
1.121025085449218750e-01
1.204657256603240967e-01
1.083019897341728210e-01
1.173922419548034668e-01
1.013120189309120178e-01
9.082487225532531738e-02
1.152823790907859802e-01
1.227817460894584656e-01
1.299021095037460327e-01
1.059293970465660095e-01
7.574636489152908325e-02
1.071734726428985596e-01
1.172122061252593994e-01
7.605855911970138550e-02
8.989558368921279907e-02
9.990469366312026978e-02
1.418886631727218628e-01
9.394154697656631470e-02
1.316932439804077148e-01
1.136827468872070312e-01
9.211537986993789673e-02
1.181180104613304138e-01
1.529636234045028687e-01
8.718425035476684570e-02
1.052606478333473206e-01
9.407684952020645142e-02
1.350207477807998657e-01
1.354979127645492554e-01
1.257389336824417114e-01
5.177516117691993713e-02
9.493456035852432251e-02
1.131152287125587463e-01
1.083704903721809387e-01
1.219149231910705566e-01
1.272455304861068726e-01
1.092425212264060974e-01
7.915724068880081177e-02
8.853674679994583130e-02
1.290793865919113159e-01
1.642828583717346191e-01
1.028319820761680603e-01
9.161480516195297241e-02
1.069157943129539490e-01
2.780306041240692139e-01
1.058380007743835449e-01
1.018427908420562744e-01
1.159120202064514160e-01
1.319392472505569458e-01
9.094778448343276978e-02
1.292502135038375854e-01
1.052077710628509521e-01
9.054744243621826172e-02
1.007579937577247620e-01
1.071215569972991943e-01
1.247406229376792908e-01
1.100745424628257751e-01
1.291189342737197876e-01
1.687824726104736328e-01
8.957230299711227417e-02
1.103593930602073669e-01
1.109977737069129944e-01
9.784790873527526855e-02
8.229156583547592163e-02
8.747477084398269653e-02
1.291918009519577026e-01
1.027574762701988220e-01
8.946853131055831909e-02
1.158251091837882996e-01
1.005464196205139160e-01
1.985909193754196167e-01
1.223947629332542419e-01
8.502829819917678833e-02
9.264530986547470093e-02
7.503804564476013184e-02
7.846203446388244629e-02
8.198326826095581055e-02
1.095498204231262207e-01
1.335961669683456421e-01
1.159618869423866272e-01
1.234096288681030273e-01
1.523654609918594360e-01
7.692456245422363281e-02
9.206221252679824829e-02
1.354056447744369507e-01
7.713480293750762939e-02
1.138622984290122986e-01
1.287525296211242676e-01
9.967974573373794556e-02
1.067220568656921387e-01
1.143202781677246094e-01
7.893366366624832153e-02
9.706959873437881470e-02
1.087616309523582458e-01
1.139291748404502869e-01
1.204620674252510071e-01
1.375157982110977173e-01
9.079230576753616333e-02
1.265290528535842896e-01
1.097306981682777405e-01
7.436398416757583618e-02
1.084840521216392517e-01
1.006470620632171631e-01
1.510257273912429810e-01
9.167354553937911987e-02
1.135505139827728271e-01
8.657166361808776855e-02
1.046131849288940430e-01
5.098785087466239929e-02
1.214885935187339783e-01
1.314436197280883789e-01
8.226183056831359863e-02
7.049378007650375366e-02
1.379826068878173828e-01
1.048099324107170105e-01
1.009078025817871094e-01
1.693521589040756226e-01
7.595055550336837769e-02
9.505677223205566406e-02
8.648107200860977173e-02
8.061865717172622681e-02
1.059792861342430115e-01
1.100255474448204041e-01
7.134831696748733521e-02
9.787464141845703125e-02
1.286382079124450684e-01
9.813962131738662720e-02
1.263489574193954468e-01
7.720109075307846069e-02
8.330723643302917480e-02
1.227820739150047302e-01
1.051451191306114197e-01
1.256520897150039673e-01
1.164922118186950684e-01
1.455851942300796509e-01
8.120107650756835938e-02
1.105430200695991516e-01
1.106712818145751953e-01
1.083856448531150818e-01
7.308093458414077759e-02
7.301516085863113403e-02
1.367117911577224731e-01
9.549665451049804688e-02
6.837909668684005737e-02
9.923216700553894043e-02
1.217785701155662537e-01
1.379231661558151245e-01
1.032321229577064514e-01
1.176804900169372559e-01
1.338880211114883423e-01
9.834133833646774292e-02
9.108420461416244507e-02
1.310062557458877563e-01
1.329978257417678833e-01
1.164652407169342041e-01
1.153801083564758301e-01
1.117624118924140930e-01
7.132873684167861938e-02
9.302570670843124390e-02
8.488091081380844116e-02
7.706023007631301880e-02
8.971639722585678101e-02
8.344305306673049927e-02
1.045056506991386414e-01
2.503536045551300049e-01
8.133953809738159180e-02
1.520903706550598145e-01
9.313106536865234375e-02
1.074700132012367249e-01
1.612931489944458008e-01
1.249340400099754333e-01
9.320115298032760620e-02
1.023246124386787415e-01
1.130373775959014893e-01
1.019905582070350647e-01
1.018458902835845947e-01
1.316867023706436157e-01
6.435474008321762085e-02
2.189295291900634766e-01
1.204718351364135742e-01
9.976291656494140625e-02
9.428092837333679199e-02
1.272726505994796753e-01
1.080338731408119202e-01
8.306520432233810425e-02
1.059512197971343994e-01
8.284271508455276489e-02
1.173035800457000732e-01
1.148783937096595764e-01
1.164819598197937012e-01
1.237467303872108459e-01
1.127888932824134827e-01
1.039801314473152161e-01
1.029892787337303162e-01
1.000114679336547852e-01
1.070412322878837585e-01
8.236224204301834106e-02
9.309661388397216797e-02
3.369947671890258789e-01
8.048903942108154297e-02
9.142007678747177124e-02
1.124921217560768127e-01
8.744531124830245972e-02
8.624459058046340942e-02
2.377262264490127563e-01
1.243317946791648865e-01
6.944704055786132812e-02
1.050803363323211670e-01
1.117583811283111572e-01
8.823386579751968384e-02
1.005019471049308777e-01
1.066711321473121643e-01
1.362196654081344604e-01
1.116215661168098450e-01
1.230674311518669128e-01
1.006778553128242493e-01
1.309753507375717163e-01
1.099228933453559875e-01
1.268597245216369629e-01
9.884849935770034790e-02
9.602879732847213745e-02
9.523757547140121460e-02
1.396308690309524536e-01
1.107443049550056458e-01
1.124049425125122070e-01
6.906687468290328979e-02
1.111353039741516113e-01
9.919464588165283203e-02
1.004424467682838440e-01
9.058199822902679443e-02
