5.065259337425231934e-02
4.403768107295036316e-02
4.078108444809913635e-02
2.176504023373126984e-02
5.016209557652473450e-02
4.625209048390388489e-02
4.431824013590812683e-02
1.149232760071754456e-01
6.396640837192535400e-02
2.228325605392456055e-02
2.751823700964450836e-02
2.560052089393138885e-02
9.820898622274398804e-02
6.131872534751892090e-02
2.938027679920196533e-02
6.378040462732315063e-02
6.851225346326828003e-02
2.760125696659088135e-02
2.638330310583114624e-02
7.420342415571212769e-02
5.109386146068572998e-02
5.070866644382476807e-02
8.182780444622039795e-02
1.667050272226333618e-02
3.128339722752571106e-02
3.490795195102691650e-02
5.627390742301940918e-02
5.322934314608573914e-02
2.294129319489002228e-02
4.180824384093284607e-02
2.208873443305492401e-02
1.428180932998657227e-01
2.950796298682689667e-02
3.633851185441017151e-02
2.279358357191085815e-02
2.370110712945461273e-02
6.731089204549789429e-02
2.541987784206867218e-02
1.793964952230453491e-02
5.235555395483970642e-02
4.959467053413391113e-02
7.136473804712295532e-02
3.472170606255531311e-02
4.758023098111152649e-02
1.927114836871623993e-02
3.716272488236427307e-02
2.868834137916564941e-02
2.019156701862812042e-02
2.083926834166049957e-02
5.319676175713539124e-02
3.933050110936164856e-02
4.947787150740623474e-02
3.280914574861526489e-02
1.142970994114875793e-01
2.227791398763656616e-02
5.046975240111351013e-02
5.070350691676139832e-02
4.993471503257751465e-02
5.633931979537010193e-02
3.139740601181983948e-02
4.681414365768432617e-02
3.045120835304260254e-02
5.436922982335090637e-02
6.341851502656936646e-02
5.104941129684448242e-02
2.312331832945346832e-02
4.674443975090980530e-02
6.313463300466537476e-02
3.859186545014381409e-02
5.566458031535148621e-02
5.901030823588371277e-02
3.711828961968421936e-02
5.898042395710945129e-02
4.378940165042877197e-02
3.151850029826164246e-02
4.005325213074684143e-02
3.322090581059455872e-02
1.054929196834564209e-01
5.922094359993934631e-02
3.062662295997142792e-02
2.671299129724502563e-02
5.205982923507690430e-02
4.688553512096405029e-02
3.674954175949096680e-02
1.229251548647880554e-01
5.721362307667732239e-02
4.408692196011543274e-02
4.684170708060264587e-02
3.310985490679740906e-02
4.505908116698265076e-02
5.184775963425636292e-02
4.064442589879035950e-02
2.801586687564849854e-02
2.497366629540920258e-02
3.403944149613380432e-02
5.402386561036109924e-02
6.017679348587989807e-02
1.611562967300415039e-01
5.541712418198585510e-02
4.590902850031852722e-02
2.145313657820224762e-02
5.735699459910392761e-02
5.294614657759666443e-02
2.265586517751216888e-02
4.483145847916603088e-02
5.504018068313598633e-02
1.827812194824218750e-02
1.535655260086059570e-01
6.574868410825729370e-02
4.475435242056846619e-02
2.507422305643558502e-02
6.992303580045700073e-02
2.712404727935791016e-02
3.239263221621513367e-02
4.267903789877891541e-02
1.843620836734771729e-02
7.095652818679809570e-02
2.475630678236484528e-02
1.473485976457595825e-01
1.047706604003906250e-01
1.086154803633689880e-01
6.108104065060615540e-02
2.599187754094600677e-02
9.792046993970870972e-02
5.289212241768836975e-02
1.542132068425416946e-02
2.486584149301052094e-02
2.914591878652572632e-02
2.419167943298816681e-02
5.607941746711730957e-02
9.760298579931259155e-02
4.625828191637992859e-02
3.628947958350181580e-02
2.375785820186138153e-02
1.802665926516056061e-02
4.578511416912078857e-02
1.672060601413249969e-02
3.076956234872341156e-02
2.131219767034053802e-02
6.549084186553955078e-02
2.650930546224117279e-02
4.269969463348388672e-02
4.230692982673645020e-02
7.322262972593307495e-02
5.824633315205574036e-02
2.566890977323055267e-02
4.998816922307014465e-02
1.869175583124160767e-02
5.355269834399223328e-02
1.096700802445411682e-01
3.404838219285011292e-02
3.234785422682762146e-02
2.952736616134643555e-02
3.970448672771453857e-02
4.789091274142265320e-02
1.539943367242813110e-02
4.511437937617301941e-02
2.338369004428386688e-02
2.350354939699172974e-02
7.399062067270278931e-02
5.069218575954437256e-02
2.686296589672565460e-02
7.001142203807830811e-02
5.725078657269477844e-02
3.263342380523681641e-02
5.013149976730346680e-02
3.002832829952239990e-02
3.447717800736427307e-02
2.927673049271106720e-02
4.594235494732856750e-02
2.715341001749038696e-02
2.614668011665344238e-02
2.687965892255306244e-02
3.334860131144523621e-02
3.940680995583534241e-02
1.016362607479095459e-01
4.238010570406913757e-02
3.756706789135932922e-02
5.700924992561340332e-02
4.665861651301383972e-02
4.237771034240722656e-02
4.935859516263008118e-02
7.551176100969314575e-02
5.413980409502983093e-02
5.911983549594879150e-02
5.686564743518829346e-02
4.096773266792297363e-02
6.090287491679191589e-02
2.994401752948760986e-02
4.322454705834388733e-02
5.690653249621391296e-02
1.152274534106254578e-01
6.105740368366241455e-02
4.804931208491325378e-02
4.302673414349555969e-02
9.519692510366439819e-02
9.364416450262069702e-02
3.500523045659065247e-02
4.346431419253349304e-02
2.297230809926986694e-02
4.643367230892181396e-02
3.861487284302711487e-02
6.389290839433670044e-02
2.707142196595668793e-02
4.228823259472846985e-02
5.071630701422691345e-02
6.929644942283630371e-02
1.141587495803833008e-01
4.214314743876457214e-02
5.052249506115913391e-02
2.529735863208770752e-02
3.912368789315223694e-02
5.854699015617370605e-02
4.441980645060539246e-02
8.593726158142089844e-02
2.152294106781482697e-02
3.010094910860061646e-02
3.559650480747222900e-02
2.380305528640747070e-02
2.097249962389469147e-02
4.220454022288322449e-02
4.774877429008483887e-02
1.023325994610786438e-01
1.485023647546768188e-01
5.621283873915672302e-02
8.246086537837982178e-02
5.254328623414039612e-02
4.092999920248985291e-02
1.859315298497676849e-02
4.997681453824043274e-02
9.847668558359146118e-02
2.478863112628459930e-02
4.789410904049873352e-02
1.925983279943466187e-02
5.700748041272163391e-02
5.344231426715850830e-02
3.864041343331336975e-02
2.425643987953662872e-02
3.130792826414108276e-02
5.395516753196716309e-02
3.347891941666603088e-02
5.443024635314941406e-02
1.800619624555110931e-02
2.096120081841945648e-02
4.602684453129768372e-02
8.259432762861251831e-02
3.763880953192710876e-02
3.712050989270210266e-02
1.031539663672447205e-01
3.448477014899253845e-02
1.152653992176055908e-01
2.561589889228343964e-02
4.636689648032188416e-02
2.703264169394969940e-02
7.351089268922805786e-02
2.516113966703414917e-02
4.803302884101867676e-02
3.430071100592613220e-02
4.305683448910713196e-02
6.771514564752578735e-02
3.079384379088878632e-02
4.850609228014945984e-02
2.651313878595829010e-02
5.184279382228851318e-02
2.746196277439594269e-02
4.901808872818946838e-02
2.192992903292179108e-02
5.233007669448852539e-02
3.928047046065330505e-02
2.263446711003780365e-02
4.979003593325614929e-02
1.233556047081947327e-01
3.484134748578071594e-02
1.841262914240360260e-02
6.707540899515151978e-02
2.318749763071537018e-02
2.881194837391376495e-02
2.242904715240001678e-02
2.770616859197616577e-02
4.447172209620475769e-02
2.320769429206848145e-02
5.025774240493774414e-02
4.033228382468223572e-02
2.163343317806720734e-02
1.074258461594581604e-01
3.928998857736587524e-02
7.974248379468917847e-02
3.707727789878845215e-02
4.932313039898872375e-02
4.810899496078491211e-02
3.997322916984558105e-02
6.762850284576416016e-02
2.849623747169971466e-02
4.284511134028434753e-02
4.678009822964668274e-02
4.509007558226585388e-02
7.805663347244262695e-02
2.786784619092941284e-02
5.786528065800666809e-02
2.662245370447635651e-02
4.255556687712669373e-02
2.037909440696239471e-02
6.187619641423225403e-02
2.781235240399837494e-02
1.605529151856899261e-02
2.164012193679809570e-02
4.162303730845451355e-02
5.171874538064002991e-02
5.461654439568519592e-02
5.068418383598327637e-02
6.504851579666137695e-02
1.738031581044197083e-02
2.363800071179866791e-02
5.744139850139617920e-02
5.860458686947822571e-02
3.870996460318565369e-02
2.486987411975860596e-02
5.338611081242561340e-02
1.029816567897796631e-01
2.677787840366363525e-02
9.381666034460067749e-02
1.956034451723098755e-02
3.607483580708503723e-02
5.135479569435119629e-02
3.443045541644096375e-02
5.393708124756813049e-02
1.085124611854553223e-01
6.971433013677597046e-02
2.893344871699810028e-02
2.749093808233737946e-02
2.531953714787960052e-02
2.449173480272293091e-02
4.397365078330039978e-02
5.010119080543518066e-02
2.364018000662326813e-02
2.517243474721908569e-02
4.201291874051094055e-02
5.915461853146553040e-02
3.030479513108730316e-02
3.544505313038825989e-02
4.960382357239723206e-02
3.950783237814903259e-02
2.254785411059856415e-02
3.911451622843742371e-02
4.698278009891510010e-02
3.411787748336791992e-02
1.178522184491157532e-01
5.450434982776641846e-02
2.760449238121509552e-02
8.982354402542114258e-02
1.800940930843353271e-02
4.643131420016288757e-02
2.498058974742889404e-02
6.765417009592056274e-02
2.155972830951213837e-02
4.152591899037361145e-02
7.469578832387924194e-02
4.653671383857727051e-02
3.073435090482234955e-02
6.188418343663215637e-02
4.570874199271202087e-02
5.434875190258026123e-02
1.040948033332824707e-01
2.139462530612945557e-02
6.441292911767959595e-02
5.485174059867858887e-02
4.743603244423866272e-02
2.220541425049304962e-02
1.599714718759059906e-02
5.255858600139617920e-02
3.122674487531185150e-02
3.398864343762397766e-02
2.500763535499572754e-02
1.856756955385208130e-02
1.808251999318599701e-02
2.024795673787593842e-02
3.667386621236801147e-02
1.200381144881248474e-01
4.568231105804443359e-02
2.388695813715457916e-02
5.306107923388481140e-02
2.069192565977573395e-02
4.735169187188148499e-02
3.800348192453384399e-02
4.079934582114219666e-02
4.933277890086174011e-02
5.578846111893653870e-02
1.568028889596462250e-02
4.684197902679443359e-02
4.199991747736930847e-02
6.454790383577346802e-02
1.587651856243610382e-02
9.544783830642700195e-02
1.932917349040508270e-02
2.804484404623508453e-02
2.815994620323181152e-02
2.018241398036479950e-02
2.226590923964977264e-02
1.350822448730468750e-01
2.305245585739612579e-02
5.396761372685432434e-02
8.905940502882003784e-02
1.683940291404724121e-01
9.858307242393493652e-02
2.841982431709766388e-02
5.098700150847434998e-02
2.366791851818561554e-02
2.314625866711139679e-02
2.959561347961425781e-02
5.070501565933227539e-02
4.048031568527221680e-02
4.169346764683723450e-02
5.461383238434791565e-02
2.786361426115036011e-02
2.600045502185821533e-02
9.132134169340133667e-02
6.415306776762008667e-02
4.778023064136505127e-02
4.429657384753227234e-02
7.128217071294784546e-02
2.524379827082157135e-02
8.304963260889053345e-02
6.305483728647232056e-02
5.843694135546684265e-02
2.462092787027359009e-02
2.274751104414463043e-02
3.833212330937385559e-02
4.267548024654388428e-02
6.226326897740364075e-02
5.744777619838714600e-02
2.984815835952758789e-02
3.542284294962882996e-02
7.461878657341003418e-02
2.131153829395771027e-02
5.422207713127136230e-02
4.069026559591293335e-02
1.043700575828552246e-01
4.359819367527961731e-02
5.002634227275848389e-02
4.750740900635719299e-02
4.299971833825111389e-02
4.384377226233482361e-02
6.641071289777755737e-02
2.412741072475910187e-02
3.200822696089744568e-02
5.297712609171867371e-02
2.995699644088745117e-02
4.000215604901313782e-02
2.141798101365566254e-02
3.655233606696128845e-02
2.711390890181064606e-02
5.289579927921295166e-02
7.994245737791061401e-02
2.912320010364055634e-02
8.148890733718872070e-02
6.474674493074417114e-02
5.072548985481262207e-02
3.156014904379844666e-02
6.403861194849014282e-02
2.816455066204071045e-02
3.507706522941589355e-02
2.015563473105430603e-02
2.430007793009281158e-02
2.455904521048069000e-02
5.226844921708106995e-02
2.476315945386886597e-02
3.179267421364784241e-02
2.934416569769382477e-02
2.536184340715408325e-02
2.981117367744445801e-02
3.986120596528053284e-02
6.404694169759750366e-02
4.938066378235816956e-02
3.404479101300239563e-02
2.084817737340927124e-02
5.947904288768768311e-02
2.881319262087345123e-02
2.069174684584140778e-02
5.396799370646476746e-02
4.806459322571754456e-02
4.540670290589332581e-02
3.709901496767997742e-02
2.282643504440784454e-02
4.005270823836326599e-02
2.334893308579921722e-02
4.553480073809623718e-02
3.657682612538337708e-02
1.828199625015258789e-02
7.383406907320022583e-02
4.045617207884788513e-02
5.108265578746795654e-02
3.229891136288642883e-02
2.904723398387432098e-02
4.416700825095176697e-02
5.018753930926322937e-02
2.273559384047985077e-02
4.694984853267669678e-02
2.071634121239185333e-02
5.523221194744110107e-02
9.275007247924804688e-02
8.206884562969207764e-02
1.015077605843544006e-01
2.205000258982181549e-02
7.237997651100158691e-02
4.661175236105918884e-02
2.815309166908264160e-02
4.751027747988700867e-02
2.681381069123744965e-02
2.310027740895748138e-02
6.982032954692840576e-02
3.809691593050956726e-02
3.679353371262550354e-02
3.203513845801353455e-02
4.663700982928276062e-02
3.022496961057186127e-02
4.863648116588592529e-02
2.928832173347473145e-02
5.564042553305625916e-02
5.548325181007385254e-02
2.901782281696796417e-02
4.425541684031486511e-02
5.813476443290710449e-02
7.021744549274444580e-02
2.770987898111343384e-02
7.197896391153335571e-02
5.146427452564239502e-02
2.443100512027740479e-02
3.450080379843711853e-02
3.103034943342208862e-02
9.142925590276718140e-02
4.750056564807891846e-02
5.063641071319580078e-02
6.264670193195343018e-02
1.933886669576168060e-02
2.586784958839416504e-02
4.240654781460762024e-02
4.226352646946907043e-02
2.570125460624694824e-02
2.627689391374588013e-02
1.920634321868419647e-02
5.280907079577445984e-02
1.895401626825332642e-02
4.566754773259162903e-02
2.571023441851139069e-02
5.582745000720024109e-02
3.175821527838706970e-02
3.952395543456077576e-02
9.819855540990829468e-02
3.374663367867469788e-02
3.147873654961585999e-02
2.124291844666004181e-02
5.518424510955810547e-02
2.210187166929244995e-02
2.083856798708438873e-02
4.909884929656982422e-02
4.619991779327392578e-02
2.231687493622303009e-02
2.063608169555664062e-02
5.896591022610664368e-02
5.049060285091400146e-02
6.193144991993904114e-02
3.078072704374790192e-02
2.522214502096176147e-02
1.853510923683643341e-02
3.324339538812637329e-02
5.192805454134941101e-02
3.522129356861114502e-02
2.185093797743320465e-02
1.552987247705459595e-01
3.047960437834262848e-02
2.770528756082057953e-02
6.280205398797988892e-02
3.909233585000038147e-02
3.182214125990867615e-02
4.304002225399017334e-02
4.188602790236473083e-02
7.248163968324661255e-02
3.646767884492874146e-02
4.647378996014595032e-02
2.115040086209774017e-02
4.920193552970886230e-02
3.946303948760032654e-02
1.985990256071090698e-02
3.389009088277816772e-02
2.850566990673542023e-02
7.376648485660552979e-02
1.932708173990249634e-02
5.320822075009346008e-02
3.713327646255493164e-02
4.756879433989524841e-02
7.375072687864303589e-02
4.689079523086547852e-02
4.588830098509788513e-02
5.931146442890167236e-02
5.271935835480690002e-02
7.283359766006469727e-02
5.404714122414588928e-02
3.983344137668609619e-02
3.814144805073738098e-02
2.622626163065433502e-02
6.980951130390167236e-02
6.737197190523147583e-02
6.194387376308441162e-02
5.256907641887664795e-02
3.332437202334403992e-02
1.988459676504135132e-01
4.926106706261634827e-02
4.570154473185539246e-02
4.513650014996528625e-02
4.207231476902961731e-02
5.280907452106475830e-02
2.812498062849044800e-02
4.522355273365974426e-02
8.184845000505447388e-02
5.738180875778198242e-02
5.803761258721351624e-02
4.361237213015556335e-02
3.773332014679908752e-02
5.713155865669250488e-02
4.013366997241973877e-02
4.472528398036956787e-02
5.474591255187988281e-02
1.106120869517326355e-01
2.671377360820770264e-02
3.100428916513919830e-02
4.637390375137329102e-02
3.542128577828407288e-02
4.259822145104408264e-02
2.877076156437397003e-02
2.005076967179775238e-02
4.601713642477989197e-02
5.081721767783164978e-02
2.186180837452411652e-02
3.149430453777313232e-02
1.314068585634231567e-01
4.012501984834671021e-02
5.521465837955474854e-02
5.754191800951957703e-02
8.197825402021408081e-02
3.941314294934272766e-02
6.644963473081588745e-02
4.710032045841217041e-02
2.958025038242340088e-02
3.600877895951271057e-02
2.544511854648590088e-02
5.607874318957328796e-02
6.263181567192077637e-02
8.964091539382934570e-02
4.704635962843894958e-02
4.751846194267272949e-02
3.643881157040596008e-02
4.016464203596115112e-02
4.797193408012390137e-02
1.883269473910331726e-02
7.614062726497650146e-02
3.929629921913146973e-02
1.019712761044502258e-01
6.646347045898437500e-02
9.851721674203872681e-02
8.461452275514602661e-02
2.518323622643947601e-02
2.959813177585601807e-02
5.386997759342193604e-02
5.213208869099617004e-02
2.775981277227401733e-02
7.676378637552261353e-02
4.778315126895904541e-02
1.143193244934082031e-01
2.981019206345081329e-02
3.994439914822578430e-02
3.096538223326206207e-02
4.184403643012046814e-02
5.323075130581855774e-02
3.601745143532752991e-02
5.829327926039695740e-02
4.862540960311889648e-02
3.676341846585273743e-02
2.607452124357223511e-02
4.730683937668800354e-02
2.970111370086669922e-02
4.142664372920989990e-02
2.861267887055873871e-02
6.241510435938835144e-02
2.533560805022716522e-02
4.693507030606269836e-02
9.420824795961380005e-02
3.930288925766944885e-02
4.591153189539909363e-02
3.701934963464736938e-02
4.861711338162422180e-02
3.169459104537963867e-02
2.943122573196887970e-02
5.829653143882751465e-02
4.068817570805549622e-02
4.598812386393547058e-02
3.879016265273094177e-02
6.537524610757827759e-02
3.565879911184310913e-02
4.748578369617462158e-02
7.909472286701202393e-02
4.059690982103347778e-02
4.374859854578971863e-02
2.175519056618213654e-02
3.428705036640167236e-02
7.614541798830032349e-02
2.022265270352363586e-02
4.567332938313484192e-02
3.724114596843719482e-02
7.785083353519439697e-02
8.563151210546493530e-02
3.711356222629547119e-02
2.933748066425323486e-02
4.550542309880256653e-02
5.383789911866188049e-02
4.683848097920417786e-02
4.441096261143684387e-02
5.481572821736335754e-02
4.704890027642250061e-02
3.914500772953033447e-02
9.854777902364730835e-02
3.727783635258674622e-02
4.984110221266746521e-02
1.240737438201904297e-01
5.045989155769348145e-02
4.624558985233306885e-02
3.877057507634162903e-02
2.022190205752849579e-02
4.466592147946357727e-02
8.414777368307113647e-02
4.276935756206512451e-02
3.241749107837677002e-02
6.581470370292663574e-02
3.246479108929634094e-02
4.503363370895385742e-02
3.976467251777648926e-02
2.635337226092815399e-02
2.692119032144546509e-02
2.426418103277683258e-02
2.623531967401504517e-02
5.785332620143890381e-02
2.302998863160610199e-02
1.988125964999198914e-02
8.178835362195968628e-02
6.324588507413864136e-02
1.109064295887947083e-01
3.828480839729309082e-02
1.955241151154041290e-02
4.151954874396324158e-02
5.176734551787376404e-02
6.402337551116943359e-02
4.513457044959068298e-02
5.266918614506721497e-02
4.895765706896781921e-02
3.800881281495094299e-02
1.154724732041358948e-01
2.019579149782657623e-02
5.162338539958000183e-02
5.792852118611335754e-02
4.674150422215461731e-02
2.426460385322570801e-02
2.491877786815166473e-02
4.547188058495521545e-02
2.792755328118801117e-02
1.299754083156585693e-01
5.843797698616981506e-02
2.150408923625946045e-02
3.804940730333328247e-02
3.390173986554145813e-02
3.545108810067176819e-02
3.173818811774253845e-02
3.498559072613716125e-02
6.373324245214462280e-02
5.949904397130012512e-02
3.828789666295051575e-02
2.399081736803054810e-02
3.284021094441413879e-02
2.058061771094799042e-02
4.051697999238967896e-02
6.269232928752899170e-02
6.884986162185668945e-02
2.934949845075607300e-02
4.095036536455154419e-02
2.286410890519618988e-02
3.944030776619911194e-02
2.412558346986770630e-02
2.631424926221370697e-02
2.606990747153759003e-02
8.910113573074340820e-02
5.615274608135223389e-02
4.978981986641883850e-02
2.188559435307979584e-02
2.668475359678268433e-02
9.862792491912841797e-02
2.318054996430873871e-02
4.647932574152946472e-02
3.488552942872047424e-02
3.296721354126930237e-02
5.496378242969512939e-02
1.587973982095718384e-01
2.743410877883434296e-02
4.297957941889762878e-02
1.239144578576087952e-01
4.983533546328544617e-02
3.298297151923179626e-02
2.718042768537998199e-02
3.790671750903129578e-02
2.640223503112792969e-02
5.248665809631347656e-02
5.172349140048027039e-02
2.469745464622974396e-02
3.005689382553100586e-02
2.219134010374546051e-02
2.416815049946308136e-02
3.813475742936134338e-02
4.351718351244926453e-02
1.002967059612274170e-01
4.290559887886047363e-02
5.447939410805702209e-02
3.717603161931037903e-02
5.951600894331932068e-02
2.647570334374904633e-02
5.386116728186607361e-02
8.576419949531555176e-02
6.429205089807510376e-02
4.079818353056907654e-02
2.326671965420246124e-02
2.936314046382904053e-02
1.827953942120075226e-02
2.884953282773494720e-02
6.074475124478340149e-02
2.861044555902481079e-02
2.880681492388248444e-02
2.471936680376529694e-02
9.876754134893417358e-02
5.508287623524665833e-02
2.779828570783138275e-02
3.792667016386985779e-02
4.245274886488914490e-02
3.784941509366035461e-02
2.880734391510486603e-02
2.605597861111164093e-02
5.127160623669624329e-02
4.147489368915557861e-02
3.293716534972190857e-02
8.059527724981307983e-02
2.706436999142169952e-02
6.023227795958518982e-02
6.369325518608093262e-02
7.710410654544830322e-02
4.373784363269805908e-02
1.932982914149761200e-02
6.261353939771652222e-02
1.020792201161384583e-01
3.383465483784675598e-02
3.974198922514915466e-02
2.672433666884899139e-02
6.479535251855850220e-02
4.726026579737663269e-02
6.328257173299789429e-02
5.721624195575714111e-02
1.728755421936511993e-02
6.949345022439956665e-02
8.492726087570190430e-02
1.082525253295898438e-01
5.258231237530708313e-02
5.668548867106437683e-02
2.562033943831920624e-02
8.646789938211441040e-02
3.562306612730026245e-02
4.384913668036460876e-02
6.938026845455169678e-02
3.914133831858634949e-02
5.634886398911476135e-02
1.486255694180727005e-02
6.488474458456039429e-02
9.013397246599197388e-02
3.661657869815826416e-02
3.472428396344184875e-02
1.267585754394531250e-01
4.417191073298454285e-02
2.693962492048740387e-02
4.802828654646873474e-02
1.341610848903656006e-01
7.466019690036773682e-02
5.384628102183341980e-02
6.101422011852264404e-02
4.058062285184860229e-02
8.530532568693161011e-02
3.060186840593814850e-02
2.174139954149723053e-02
5.961803719401359558e-02
1.049236282706260681e-01
1.218322217464447021e-01
5.573033168911933899e-02
5.480745434761047363e-02
5.273780226707458496e-02
9.525415301322937012e-02
6.560930609703063965e-02
7.632284611463546753e-02
9.705489873886108398e-02
8.336329460144042969e-02
3.232881054282188416e-02
7.038539648056030273e-02
2.350302971899509430e-02
3.713021799921989441e-02
5.789045616984367371e-02
8.101525902748107910e-02
6.218599155545234680e-02
6.395796686410903931e-02
5.685791373252868652e-02
2.769286930561065674e-02
2.943386696279048920e-02
1.010302528738975525e-01
5.048581957817077637e-02
4.719786718487739563e-02
6.241104379296302795e-02
4.182131588459014893e-02
3.583132475614547729e-02
2.894836477935314178e-02
1.171797439455986023e-01
4.029999300837516785e-02
1.117540076375007629e-01
1.096303761005401611e-01
5.758990719914436340e-02
3.383489698171615601e-02
3.143735229969024658e-02
7.218363881111145020e-02
3.402817249298095703e-02
6.807494163513183594e-02
5.325277522206306458e-02
6.205127760767936707e-02
8.446715027093887329e-02
7.240227609872817993e-02
5.036290362477302551e-02
6.783189624547958374e-02
4.774636030197143555e-02
4.553391411900520325e-02
6.172826886177062988e-02
4.116565734148025513e-02
3.435600176453590393e-02
5.059513077139854431e-02
6.447231769561767578e-02
4.371964558959007263e-02
5.750165507197380066e-02
3.174297884106636047e-02
4.219613596796989441e-02
5.094810202717781067e-02
5.695554241538047791e-02
8.500181883573532104e-02
3.857691213488578796e-02
5.737188458442687988e-02
3.710350021719932556e-02
3.021481074392795563e-02
6.132563948631286621e-02
5.285162851214408875e-02
4.635253548622131348e-02
4.119598120450973511e-02
4.599146917462348938e-02
4.997658357024192810e-02
2.611767500638961792e-02
2.952116727828979492e-02
5.266251787543296814e-02
4.212005808949470520e-02
2.637727744877338409e-02
6.196423992514610291e-02
5.805887654423713684e-02
5.042442679405212402e-02
1.904096640646457672e-02
3.945441171526908875e-02
3.017984330654144287e-02
5.396557971835136414e-02
6.557539105415344238e-02
2.247763238847255707e-02
2.617020159959793091e-02
2.497646026313304901e-02
3.146767243742942810e-02
7.413630932569503784e-02
2.472300268709659576e-02
6.482925266027450562e-02
2.391869761049747467e-02
4.445953294634819031e-02
6.038939952850341797e-02
2.787731401622295380e-02
3.152242302894592285e-02
4.601502791047096252e-02
2.182598412036895752e-02
4.282005503773689270e-02
5.070171877741813660e-02
3.520801290869712830e-02
5.352823063731193542e-02
2.423490025103092194e-02
5.772651731967926025e-02
5.274734273552894592e-02
3.374852612614631653e-02
4.311790689826011658e-02
3.578871116042137146e-02
1.196014285087585449e-01
1.690564863383769989e-02
2.662420086562633514e-02
2.433347702026367188e-02
2.120109088718891144e-02
5.546581745147705078e-02
2.222199551761150360e-02
6.232565268874168396e-02
8.798565715551376343e-02
2.282414026558399200e-02
5.222734808921813965e-02
3.416620939970016479e-02
6.285469979047775269e-02
3.453448414802551270e-02
2.084216475486755371e-02
3.848836943507194519e-02
4.107740148901939392e-02
7.266983389854431152e-02
2.514628507196903229e-02
3.282234817743301392e-02
4.398139938712120056e-02
5.677232146263122559e-02
3.096513450145721436e-02
2.069769613444805145e-02
4.606365039944648743e-02
3.753372654318809509e-02
4.704727232456207275e-02
3.360161557793617249e-02
4.802293702960014343e-02
2.286871522665023804e-02
7.973960041999816895e-02
4.097070172429084778e-02
3.485935926437377930e-02
3.100494481623172760e-02
4.796838760375976562e-02
2.193755097687244415e-02
4.629180952906608582e-02
5.061909928917884827e-02
6.538240611553192139e-02
2.390835992991924286e-02
3.192778676748275757e-02
3.598000854253768921e-02
3.716203570365905762e-02
3.901517391204833984e-02
3.793187811970710754e-02
2.532997727394104004e-02
6.803058832883834839e-02
1.100728511810302734e-01
4.095100611448287964e-02
6.174223497509956360e-02
3.285324200987815857e-02
3.027277253568172455e-02
3.812733665108680725e-02
2.439539134502410889e-02
4.096815735101699829e-02
5.882729589939117432e-02
8.672928810119628906e-02
3.954986110329627991e-02
6.278841942548751831e-02
2.548857778310775757e-02
1.924975030124187469e-02
3.120134770870208740e-02
1.965318247675895691e-02
4.084021225571632385e-02
5.876425281167030334e-02
8.221533894538879395e-02
5.915534496307373047e-02
6.781911104917526245e-02
3.801199793815612793e-02
4.487279057502746582e-02
9.501466900110244751e-02
4.996790364384651184e-02
3.594986349344253540e-02
4.837773367762565613e-02
5.696681514382362366e-02
2.276957035064697266e-02
5.341016128659248352e-02
1.824788190424442291e-02
4.568690434098243713e-02
3.934014961123466492e-02
1.139122024178504944e-01
1.787598803639411926e-02
4.737238958477973938e-02
2.604148350656032562e-02
7.648527622222900391e-02
5.389836803078651428e-02
2.234083414077758789e-02
3.983763977885246277e-02
7.778906077146530151e-02
2.194350771605968475e-02
5.438354611396789551e-02
2.340790629386901855e-02
8.310989290475845337e-02
7.221593707799911499e-02
6.092102453112602234e-02
2.128412015736103058e-02
4.813110828399658203e-02
3.587286546826362610e-02
3.782746940851211548e-02
4.564646258950233459e-02
4.703030362725257874e-02
2.331061847507953644e-02
5.498264729976654053e-02
2.686900459229946136e-02
3.466081991791725159e-02
2.491080574691295624e-02
1.081758141517639160e-01
3.062332235276699066e-02
4.117407277226448059e-02
4.977714642882347107e-02
8.861708641052246094e-02
3.833113238215446472e-02
5.383078381419181824e-02
5.427482724189758301e-02
3.855642676353454590e-02
4.575884342193603516e-02
8.599168062210083008e-02
8.081866055727005005e-02
2.774146758019924164e-02
9.755938500165939331e-02
2.549088560044765472e-02
4.223128035664558411e-02
3.226905316114425659e-02
2.541478723287582397e-02
2.369360439479351044e-02
2.521456219255924225e-02
3.724476322531700134e-02
2.151213772594928741e-02
6.114019826054573059e-02
2.816724590957164764e-02
3.492686524987220764e-02
3.013181686401367188e-02
5.967943742871284485e-02
2.158459462225437164e-02
3.990013524889945984e-02
2.648787200450897217e-02
3.572259470820426941e-02
6.279297173023223877e-02
4.874786734580993652e-02
2.712568640708923340e-02
3.120992146432399750e-02
1.123069822788238525e-01
6.367384642362594604e-02
2.533770538866519928e-02
3.116039745509624481e-02
2.636338211596012115e-02
6.708630174398422241e-02
2.989084273576736450e-02
3.037204593420028687e-02
9.120536595582962036e-02
3.460911288857460022e-02
4.998160526156425476e-02
4.835768416523933411e-02
4.445426166057586670e-02
4.107688739895820618e-02
3.001298941671848297e-02
4.330702498555183411e-02
1.683004945516586304e-02
5.785204470157623291e-02
1.037274822592735291e-01
6.560135632753372192e-02
2.491765283048152924e-02
3.498348966240882874e-02
4.734645411372184753e-02
2.863676846027374268e-02
2.413310296833515167e-02
5.613566935062408447e-02
2.716990560293197632e-02
2.646598033607006073e-02
1.759416423738002777e-02
2.588775195181369781e-02
2.318537421524524689e-02
9.183148294687271118e-02
2.275063842535018921e-02
4.972809553146362305e-02
2.946706302464008331e-02
4.582933709025382996e-02
2.820052951574325562e-02
2.429159171879291534e-02
2.808297425508499146e-02
1.314756423234939575e-01
1.008584424853324890e-01
3.988011553883552551e-02
4.245466366410255432e-02
5.012292787432670593e-02
2.856721915304660797e-02
3.089380450546741486e-02
2.377773262560367584e-02
5.852885171771049500e-02
4.199064150452613831e-02
4.630792513489723206e-02
3.969864174723625183e-02
3.784455358982086182e-02
2.855063788592815399e-02
2.735032141208648682e-02
3.633257746696472168e-02
2.009014599025249481e-02
3.205888345837593079e-02
5.562010779976844788e-02
5.396958068013191223e-02
8.486458659172058105e-02
4.704168066382408142e-02
4.814240336418151855e-02
2.995017915964126587e-02
3.338323533535003662e-02
9.245478361845016479e-02
1.207010149955749512e-01
3.479604423046112061e-02
4.852557554841041565e-02
3.525346517562866211e-02
8.253554999828338623e-02
3.996337577700614929e-02
5.877448990941047668e-02
2.049919404089450836e-02
5.086619779467582703e-02
4.698287323117256165e-02
6.054672971367835999e-02
5.848690867424011230e-02
6.030048057436943054e-02
3.041390329599380493e-02
6.785406172275543213e-02
2.523508854210376740e-02
9.387714415788650513e-02
2.160529606044292450e-02
4.219092428684234619e-02
5.259810015559196472e-02
6.441248208284378052e-02
7.085210829973220825e-02
6.322811543941497803e-02
3.586303070187568665e-02
5.837566778063774109e-02
4.928255081176757812e-02
9.081602841615676880e-02
4.396170750260353088e-02
4.192195832729339600e-02
1.510106325149536133e-01
5.595257505774497986e-02
6.679461151361465454e-02
6.563850492238998413e-02
4.017491638660430908e-02
5.462441965937614441e-02
5.602137371897697449e-02
2.946283482015132904e-02
2.367939613759517670e-02
2.408947981894016266e-02
1.055796742439270020e-01
4.247527197003364563e-02
4.583723470568656921e-02
4.893688485026359558e-02
5.527215078473091125e-02
6.461478024721145630e-02
3.887205570936203003e-02
1.413596868515014648e-01
3.918555751442909241e-02
4.796877875924110413e-02
2.396562136709690094e-02
2.714040875434875488e-02
1.914003305137157440e-02
2.829015813767910004e-02
2.374753355979919434e-02
3.278235718607902527e-02
4.417374730110168457e-02
2.915176190435886383e-02
4.575898870825767517e-02
7.695974409580230713e-02
3.252457454800605774e-02
5.430071428418159485e-02
3.056614659726619720e-02
3.543705865740776062e-02
1.179750859737396240e-01
3.301856294274330139e-02
5.285023525357246399e-02
8.940148353576660156e-02
9.409704804420471191e-02
4.553661867976188660e-02
5.397081002593040466e-02
5.398924276232719421e-02
6.802312284708023071e-02
6.542397290468215942e-02
6.143005564808845520e-02
4.558439552783966064e-02
5.881550908088684082e-02
9.949382394552230835e-02
3.711893409490585327e-02
1.034636870026588440e-01
2.188257314264774323e-02
6.219394132494926453e-02
1.351678818464279175e-01
5.121197924017906189e-02
3.230307996273040771e-02
4.555682837963104248e-02
3.063397295773029327e-02
9.863302111625671387e-02
3.687554597854614258e-02
2.694127894937992096e-02
2.541887760162353516e-02
3.056179545819759369e-02
5.882216617465019226e-02
6.264460831880569458e-02
2.886983007192611694e-02
4.258315637707710266e-02
3.329856321215629578e-02
2.011470310389995575e-02
6.128392741084098816e-02
2.644657157361507416e-02
5.552323162555694580e-02
8.204025775194168091e-02
