4.729214683175086975e-02
3.246477618813514709e-02
2.927488647401332855e-02
3.182732686400413513e-02
3.421695902943611145e-02
4.171567782759666443e-02
3.254907578229904175e-02
3.794366866350173950e-02
3.177481517195701599e-02
3.156984597444534302e-02
3.546429798007011414e-02
2.576006390154361725e-02
2.587047964334487915e-02
3.233763203024864197e-02
2.390130050480365753e-02
3.763744607567787170e-02
3.439228609204292297e-02
3.496250137686729431e-02
3.346733748912811279e-02
5.744975432753562927e-02
2.836146950721740723e-02
2.493266575038433075e-02
3.859706223011016846e-02
3.891762718558311462e-02
2.635900862514972687e-02
3.310097008943557739e-02
3.017015568912029266e-02
2.654573321342468262e-02
4.933281242847442627e-02
4.718809202313423157e-02
3.240888193249702454e-02
2.640994451940059662e-02
3.396526351571083069e-02
3.384017571806907654e-02
3.528627753257751465e-02
2.815041132271289825e-02
3.627644106745719910e-02
3.864343836903572083e-02
3.204089775681495667e-02
2.707189135253429413e-02
4.375803470611572266e-02
3.267092630267143250e-02
3.235533460974693298e-02
3.800559043884277344e-02
2.472843788564205170e-02
3.600161895155906677e-02
3.537870943546295166e-02
3.103675507009029388e-02
3.293244540691375732e-02
2.255799807608127594e-02
3.159958869218826294e-02
2.442079037427902222e-02
3.392674401402473450e-02
3.738425299525260925e-02
2.340518869459629059e-02
3.053703345358371735e-02
3.274887800216674805e-02
3.670643642544746399e-02
2.825835347175598145e-02
4.054136946797370911e-02
4.357979074120521545e-02
4.257092252373695374e-02
3.381360322237014771e-02
3.204062581062316895e-02
4.023747518658638000e-02
3.260438889265060425e-02
3.781094774603843689e-02
2.789273299276828766e-02
4.464386031031608582e-02
3.739925846457481384e-02
2.769280970096588135e-02
3.642152994871139526e-02
3.358766809105873108e-02
3.428522497415542603e-02
2.457742206752300262e-02
4.877710714936256409e-02
3.408397734165191650e-02
4.951105639338493347e-02
5.062226578593254089e-02
4.467095434665679932e-02
2.712458185851573944e-02
3.323304280638694763e-02
3.439394757151603699e-02
5.106800422072410583e-02
3.444418311119079590e-02
3.493519499897956848e-02
3.206586465239524841e-02
5.167947709560394287e-02
3.042407333850860596e-02
3.535440191626548767e-02
4.010682180523872375e-02
4.526410624384880066e-02
4.586042836308479309e-02
3.178719431161880493e-02
3.206210955977439880e-02
4.004639759659767151e-02
2.681540139019489288e-02
3.413027897477149963e-02
3.331933543086051941e-02
4.077802225947380066e-02
3.367003425955772400e-02
2.355674840509891510e-02
2.930400334298610687e-02
2.699086628854274750e-02
3.821533918380737305e-02
5.749820545315742493e-02
4.129859432578086853e-02
3.244262933731079102e-02
2.710529603064060211e-02
3.575029596686363220e-02
3.708465397357940674e-02
3.875317052006721497e-02
3.128691390156745911e-02
3.072154708206653595e-02
4.147996753454208374e-02
2.692959643900394440e-02
2.361387945711612701e-02
5.312470719218254089e-02
2.871429733932018280e-02
3.611768782138824463e-02
1.029638648033142090e-01
3.096071444451808929e-02
3.258940950036048889e-02
4.640932381153106689e-02
3.418476134538650513e-02
2.743444032967090607e-02
3.363619744777679443e-02
1.137735620141029358e-01
4.248191043734550476e-02
3.739692270755767822e-02
3.346593305468559265e-02
1.129447296261787415e-01
2.844092249870300293e-02
5.990402773022651672e-02
3.631760179996490479e-02
2.637876756489276886e-02
4.325893148779869080e-02
3.450673818588256836e-02
2.811559848487377167e-02
3.220206499099731445e-02
5.418227612972259521e-02
3.052755631506443024e-02
2.528419159352779388e-02
3.004410676658153534e-02
3.442097827792167664e-02
3.425511345267295837e-02
2.743573486804962158e-02
3.644401207566261292e-02
4.118542745709419250e-02
3.780336305499076843e-02
3.954851254820823669e-02
3.216208890080451965e-02
2.567180432379245758e-02
2.759915031492710114e-02
3.135391697287559509e-02
2.505131252110004425e-02
3.071071393787860870e-02
5.647006630897521973e-02
3.975526615977287292e-02
3.860572353005409241e-02
3.533210232853889465e-02
2.665925957262516022e-02
3.856270760297775269e-02
3.837618604302406311e-02
2.573475241661071777e-02
5.727632343769073486e-02
5.620143190026283264e-02
3.351413831114768982e-02
2.809610404074192047e-02
3.831827640533447266e-02
3.708866611123085022e-02
3.018589504063129425e-02
3.359597921371459961e-02
2.968580834567546844e-02
3.156800568103790283e-02
2.644719183444976807e-02
3.943376988172531128e-02
3.635992854833602905e-02
2.971374243497848511e-02
2.857551164925098419e-02
4.280128702521324158e-02
3.432634100317955017e-02
3.515836969017982483e-02
4.009198024868965149e-02
6.176176294684410095e-02
3.354710713028907776e-02
3.320563212037086487e-02
3.498373553156852722e-02
2.605203539133071899e-02
2.340143360197544098e-02
3.686472401022911072e-02
2.883740328252315521e-02
3.939282521605491638e-02
4.742305353283882141e-02
3.301266953349113464e-02
3.680201247334480286e-02
2.676702290773391724e-02
2.775547467172145844e-02
3.417627885937690735e-02
4.676682874560356140e-02
3.137381747364997864e-02
4.023628681898117065e-02
3.697946295142173767e-02
3.774662315845489502e-02
3.834655880928039551e-02
4.209375753998756409e-02
2.996898628771305084e-02
3.659259900450706482e-02
3.134702891111373901e-02
2.660211361944675446e-02
4.000399634242057800e-02
3.663245216012001038e-02
2.933887578547000885e-02
5.653366819024085999e-02
2.876001596450805664e-02
4.146321117877960205e-02
2.872571535408496857e-02
3.196306899189949036e-02
5.746631696820259094e-02
3.333273530006408691e-02
2.601532824337482452e-02
2.544206194579601288e-02
4.179821908473968506e-02
2.758521400392055511e-02
4.161315411329269409e-02
3.943806514143943787e-02
3.835895657539367676e-02
2.422174997627735138e-02
4.838861525058746338e-02
3.278463333845138550e-02
3.085839748382568359e-02
9.326517581939697266e-02
3.445923328399658203e-02
4.204989597201347351e-02
3.172289952635765076e-02
3.477405011653900146e-02
6.428890675306320190e-02
3.956398367881774902e-02
3.071833588182926178e-02
4.107709974050521851e-02
4.160045459866523743e-02
5.774997174739837646e-02
4.092500731348991394e-02
3.694420680403709412e-02
3.389082476496696472e-02
4.917144775390625000e-02
3.651264682412147522e-02
3.051493503153324127e-02
3.439314663410186768e-02
2.954865433275699615e-02
4.075377061963081360e-02
3.420718014240264893e-02
2.653576433658599854e-02
4.867501929402351379e-02
4.446051642298698425e-02
3.606060519814491272e-02
3.257189318537712097e-02
3.402161970734596252e-02
3.012422658503055573e-02
3.762507811188697815e-02
3.813182190060615540e-02
3.667973354458808899e-02
6.772958487272262573e-02
2.862299978733062744e-02
3.537824004888534546e-02
3.966110572218894958e-02
3.388964012265205383e-02
6.974297761917114258e-02
3.642952442169189453e-02
3.641168773174285889e-02
2.864521741867065430e-02
2.856001444160938263e-02
4.379794001579284668e-02
2.938086539506912231e-02
4.722062870860099792e-02
3.593416884541511536e-02
3.454596549272537231e-02
4.123927652835845947e-02
2.315187454223632812e-02
2.921463549137115479e-02
3.856445103883743286e-02
3.102735616266727448e-02
2.893793024122714996e-02
2.941991947591304779e-02
4.046710580587387085e-02
2.949177287518978119e-02
4.097183048725128174e-02
4.649173095822334290e-02
3.234211727976799011e-02
3.779495880007743835e-02
4.044015333056449890e-02
2.513343654572963715e-02
3.452090546488761902e-02
4.430441185832023621e-02
4.180782660841941833e-02
3.652699664235115051e-02
3.983875736594200134e-02
3.295166417956352234e-02
3.349620103836059570e-02
3.745772689580917358e-02
2.778273634612560272e-02
3.126475587487220764e-02
5.267402157187461853e-02
2.747642248868942261e-02
3.289626911282539368e-02
3.029073774814605713e-02
3.252666071057319641e-02
3.493320569396018982e-02
3.245979547500610352e-02
2.744226157665252686e-02
3.528822958469390869e-02
3.321493789553642273e-02
4.008173570036888123e-02
2.800626493990421295e-02
3.572402521967887878e-02
3.247138112783432007e-02
4.533851146697998047e-02
3.877214714884757996e-02
3.127915784716606140e-02
5.609304830431938171e-02
3.048001788556575775e-02
3.096031956374645233e-02
3.728625923395156860e-02
3.387773409485816956e-02
4.348565265536308289e-02
3.484745696187019348e-02
2.969638071954250336e-02
2.995912916958332062e-02
3.036513179540634155e-02
5.115264281630516052e-02
3.620087727904319763e-02
3.758903965353965759e-02
2.506341971457004547e-02
3.153649345040321350e-02
1.467377692461013794e-01
3.313718363642692566e-02
3.473752364516258240e-02
2.358057536184787750e-02
3.190270811319351196e-02
2.762112580239772797e-02
3.316052630543708801e-02
3.684618324041366577e-02
3.526287525892257690e-02
2.680078893899917603e-02
2.512903511524200439e-02
5.364218354225158691e-02
3.472738340497016907e-02
3.717965632677078247e-02
3.131126612424850464e-02
4.063164442777633667e-02
2.902599982917308807e-02
2.658878266811370850e-02
4.379847645759582520e-02
3.540388867259025574e-02
2.989607863128185272e-02
3.465330973267555237e-02
3.303523734211921692e-02
3.607942909002304077e-02
3.078404068946838379e-02
2.272706292569637299e-02
2.892553806304931641e-02
3.120335377752780914e-02
3.031562082469463348e-02
3.477449342608451843e-02
3.239868208765983582e-02
3.221091628074645996e-02
3.434711694717407227e-02
3.288345411419868469e-02
3.131556138396263123e-02
2.707872726023197174e-02
3.828400745987892151e-02
3.849169611930847168e-02
2.635163627564907074e-02
3.029038943350315094e-02
5.241444334387779236e-02
3.289506956934928894e-02
4.063594713807106018e-02
3.095169551670551300e-02
3.671204298734664917e-02
3.056938759982585907e-02
3.397755697369575500e-02
3.797576203942298889e-02
3.001996874809265137e-02
2.879430912435054779e-02
3.204696998000144958e-02
2.784875035285949707e-02
3.786083310842514038e-02
4.183737933635711670e-02
8.903819322586059570e-02
2.449895627796649933e-02
3.803833201527595520e-02
3.241696581244468689e-02
3.145024552941322327e-02
3.004293888807296753e-02
3.376135602593421936e-02
3.847850486636161804e-02
3.791853412985801697e-02
3.321342170238494873e-02
2.651580609381198883e-02
4.325881972908973694e-02
4.588633403182029724e-02
2.539893239736557007e-02
4.292204976081848145e-02
3.347357735037803650e-02
2.912307344377040863e-02
3.256208449602127075e-02
4.395717754960060120e-02
3.337230160832405090e-02
3.425638005137443542e-02
3.628578037023544312e-02
5.285565182566642761e-02
2.937549352645874023e-02
3.399676829576492310e-02
2.939941920340061188e-02
2.855799160897731781e-02
3.117190301418304443e-02
3.298486024141311646e-02
2.491086721420288086e-02
2.651277370750904083e-02
3.020531870424747467e-02
8.218250423669815063e-02
3.553771600127220154e-02
4.629162326455116272e-02
2.818849682807922363e-02
4.301435872912406921e-02
3.549880161881446838e-02
3.781007230281829834e-02
3.295530378818511963e-02
3.398727998137474060e-02
2.263893373310565948e-02
3.616576641798019409e-02
3.388746455311775208e-02
2.602680213749408722e-02
4.202705994248390198e-02
3.109294734895229340e-02
2.712906710803508759e-02
2.720772288739681244e-02
3.164463117718696594e-02
2.297455817461013794e-02
4.075878486037254333e-02
3.688438236713409424e-02
3.547414392232894897e-02
3.443439677357673645e-02
3.302264958620071411e-02
2.647822163999080658e-02
2.408045716583728790e-02
3.420922160148620605e-02
4.292881488800048828e-02
2.916923724114894867e-02
2.943216823041439056e-02
3.104774653911590576e-02
2.766309678554534912e-02
3.555449470877647400e-02
4.820546507835388184e-02
3.340621665120124817e-02
7.604750245809555054e-02
3.647400066256523132e-02
3.152412176132202148e-02
3.381677344441413879e-02
3.052182495594024658e-02
2.483205497264862061e-02
4.397363960742950439e-02
3.513717278838157654e-02
3.957303985953330994e-02
2.426285482943058014e-02
3.838512673974037170e-02
3.225538507103919983e-02
2.710572443902492523e-02
2.827350609004497528e-02
3.005077876150608063e-02
2.071752399206161499e-02
2.591099403798580170e-02
3.187264129519462585e-02
3.424888104200363159e-02
3.916950896382331848e-02
2.899206988513469696e-02
3.108428232371807098e-02
2.954134903848171234e-02
2.624269388616085052e-02
4.255276918411254883e-02
3.705290332436561584e-02
3.513128682971000671e-02
3.030024655163288116e-02
4.205380752682685852e-02
2.817652374505996704e-02
2.907345257699489594e-02
4.989092051982879639e-02
2.687226980924606323e-02
7.179472595453262329e-02
2.302751690149307251e-02
2.969263307750225067e-02
2.504982799291610718e-02
2.994514256715774536e-02
2.889112569391727448e-02
2.918008528649806976e-02
4.143676534295082092e-02
3.756359592080116272e-02
2.854241989552974701e-02
3.754349425435066223e-02
4.464763030409812927e-02
3.126067295670509338e-02
2.784533612430095673e-02
3.136001527309417725e-02
5.795955657958984375e-02
5.420418456196784973e-02
3.031056374311447144e-02
3.047432191669940948e-02
4.549336805939674377e-02
3.559252247214317322e-02
3.026177920401096344e-02
3.732963651418685913e-02
2.183679677546024323e-02
3.537227585911750793e-02
3.422613814473152161e-02
3.259253129363059998e-02
4.150222986936569214e-02
3.076343797147274017e-02
3.564923629164695740e-02
2.854244410991668701e-02
5.710257217288017273e-02
3.694332763552665710e-02
4.343209043145179749e-02
3.187155723571777344e-02
3.353739157319068909e-02
3.448618575930595398e-02
2.983370237052440643e-02
2.645801939070224762e-02
3.319578617811203003e-02
3.324463218450546265e-02
4.217099770903587341e-02
4.310013726353645325e-02
3.162588551640510559e-02
3.228149563074111938e-02
3.785391524434089661e-02
3.182547912001609802e-02
2.995415031909942627e-02
3.145625814795494080e-02
3.575946763157844543e-02
3.322681412100791931e-02
4.658679664134979248e-02
3.216638788580894470e-02
1.950435154139995575e-02
3.075569868087768555e-02
2.855450659990310669e-02
2.836007438600063324e-02
4.529209062457084656e-02
2.696626074612140656e-02
3.624285757541656494e-02
2.892322279512882233e-02
3.259579464793205261e-02
2.962843142449855804e-02
4.795305058360099792e-02
4.467626288533210754e-02
3.498454764485359192e-02
3.449667617678642273e-02
2.774261496961116791e-02
2.749688923358917236e-02
2.818500436842441559e-02
2.569299004971981049e-02
2.684939466416835785e-02
3.290789574384689331e-02
2.479791082441806793e-02
3.316297754645347595e-02
2.474245429039001465e-02
4.327093064785003662e-02
3.433699905872344971e-02
3.260536864399909973e-02
3.580193966627120972e-02
3.891378268599510193e-02
3.449813276529312134e-02
4.487653449177742004e-02
3.652670606970787048e-02
3.577172756195068359e-02
2.926934696733951569e-02
3.304727002978324890e-02
3.364956006407737732e-02
3.026247210800647736e-02
3.604732081294059753e-02
5.468194186687469482e-02
3.008151985704898834e-02
2.570763230323791504e-02
4.078740999102592468e-02
2.492560259997844696e-02
3.309096023440361023e-02
3.982837125658988953e-02
2.670647017657756805e-02
3.706432506442070007e-02
2.735508792102336884e-02
2.717582322657108307e-02
2.763874083757400513e-02
2.910975180566310883e-02
2.677390165627002716e-02
3.715284168720245361e-02
3.245926275849342346e-02
3.208563849329948425e-02
4.390002414584159851e-02
3.206491097807884216e-02
2.478848397731781006e-02
4.006094112992286682e-02
3.335471823811531067e-02
3.030540049076080322e-02
2.975395508110523224e-02
2.276703715324401855e-02
7.353910058736801147e-02
3.042620234191417694e-02
2.833490259945392609e-02
3.310536220669746399e-02
2.272500097751617432e-02
3.870599716901779175e-02
2.837703377008438110e-02
4.513663426041603088e-02
3.798112645745277405e-02
2.872093766927719116e-02
3.629838302731513977e-02
2.883381955325603485e-02
3.270642459392547607e-02
4.504646360874176025e-02
8.030404895544052124e-02
3.325954452157020569e-02
2.749645709991455078e-02
2.971599437296390533e-02
2.374733425676822662e-02
3.533771261572837830e-02
2.890527248382568359e-02
5.088912323117256165e-02
2.561081759631633759e-02
2.827001176774501801e-02
2.558208443224430084e-02
2.968327142298221588e-02
3.561690822243690491e-02
4.279467836022377014e-02
3.009472042322158813e-02
3.237814828753471375e-02
4.032498225569725037e-02
3.342145308852195740e-02
2.986286766827106476e-02
2.644767425954341888e-02
2.888439595699310303e-02
5.736261978745460510e-02
2.639020420610904694e-02
2.613345347344875336e-02
4.242737591266632080e-02
3.132799640297889709e-02
2.954824827611446381e-02
5.353767052292823792e-02
3.855558112263679504e-02
4.933325573801994324e-02
2.992805652320384979e-02
3.353010118007659912e-02
3.117999620735645294e-02
6.880518794059753418e-02
2.407024241983890533e-02
3.305841609835624695e-02
1.930281892418861389e-02
2.306436188519001007e-02
3.654633089900016785e-02
2.780025266110897064e-02
2.959940396249294281e-02
2.616339363157749176e-02
6.021891161799430847e-02
3.989912942051887512e-02
3.166515007615089417e-02
3.958705440163612366e-02
3.212005272507667542e-02
3.160415217280387878e-02
2.888573706150054932e-02
5.301727354526519775e-02
4.883347079157829285e-02
4.082046449184417725e-02
3.500448539853096008e-02
3.211538866162300110e-02
3.818454220890998840e-02
3.564164415001869202e-02
2.671311795711517334e-02
3.856955096125602722e-02
3.440829738974571228e-02
3.566959127783775330e-02
4.064707458019256592e-02
3.683857619762420654e-02
2.909142524003982544e-02
3.102375566959381104e-02
3.884047269821166992e-02
2.772463113069534302e-02
2.661175280809402466e-02
4.687777161598205566e-02
5.829611420631408691e-02
3.096869587898254395e-02
3.059696406126022339e-02
2.936291880905628204e-02
3.433697298169136047e-02
2.882099151611328125e-02
2.646575868129730225e-02
2.665344439446926117e-02
3.247183188796043396e-02
3.391890227794647217e-02
4.073296114802360535e-02
2.714062295854091644e-02
3.128347545862197876e-02
3.057374618947505951e-02
3.835453465580940247e-02
5.005929246544837952e-02
3.203908726572990417e-02
3.027839772403240204e-02
4.273968562483787537e-02
2.155868895351886749e-02
3.200012817978858948e-02
2.931072562932968140e-02
2.671005576848983765e-02
2.997297607362270355e-02
3.429583832621574402e-02
4.336081445217132568e-02
3.295699134469032288e-02
2.531391568481922150e-02
3.026237152516841888e-02
3.508774563670158386e-02
5.176572874188423157e-02
4.348540678620338440e-02
3.595424443483352661e-02
3.342711925506591797e-02
3.962014615535736084e-02
5.209934338927268982e-02
3.621621057391166687e-02
3.861274942755699158e-02
3.450924158096313477e-02
3.469865396618843079e-02
3.445990756154060364e-02
2.438207529485225677e-02
2.854963205754756927e-02
3.190180659294128418e-02
4.335039481520652771e-02
2.352514676749706268e-02
2.319208346307277679e-02
4.179951548576354980e-02
2.800171636044979095e-02
2.899888344109058380e-02
3.954225406050682068e-02
3.038000501692295074e-02
4.463099315762519836e-02
4.605428501963615417e-02
6.626824289560317993e-02
3.669098392128944397e-02
2.631516195833683014e-02
3.041820041835308075e-02
3.104992024600505829e-02
3.285549953579902649e-02
3.473218902945518494e-02
2.317824028432369232e-02
2.440950833261013031e-02
3.164229169487953186e-02
2.645215205848217010e-02
3.035600669682025909e-02
3.189590945839881897e-02
3.505108878016471863e-02
2.628315426409244537e-02
3.858725354075431824e-02
3.057344071567058563e-02
5.403048172593116760e-02
3.302240744233131409e-02
3.077473491430282593e-02
2.830969356000423431e-02
4.145687445998191833e-02
2.775045298039913177e-02
3.559847176074981689e-02
7.250583171844482422e-02
2.915057726204395294e-02
3.842749819159507751e-02
3.083082102239131927e-02
3.935154899954795837e-02
6.138137355446815491e-02
3.058516420423984528e-02
4.380642995238304138e-02
2.328211069107055664e-02
4.116279631853103638e-02
4.222863912582397461e-02
2.685741521418094635e-02
3.091277740895748138e-02
3.850179910659790039e-02
3.331391885876655579e-02
2.815643697977066040e-02
3.139564767479896545e-02
2.330827154219150543e-02
4.398852586746215820e-02
4.679618775844573975e-02
2.003586106002330780e-02
5.175762251019477844e-02
3.317659348249435425e-02
3.482363745570182800e-02
4.314161837100982666e-02
3.968601301312446594e-02
3.409465029835700989e-02
2.947623096406459808e-02
2.999754808843135834e-02
4.985221102833747864e-02
3.566889092326164246e-02
3.287372365593910217e-02
2.997122518718242645e-02
2.603029645979404449e-02
3.029314242303371429e-02
3.472915291786193848e-02
3.106788359582424164e-02
3.376376256346702576e-02
3.138387575745582581e-02
2.835757285356521606e-02
2.282922901213169098e-02
4.975836351513862610e-02
3.148269280791282654e-02
4.097895324230194092e-02
2.986218594014644623e-02
3.022657148540019989e-02
4.063071310520172119e-02
2.764838188886642456e-02
3.117023967206478119e-02
3.350790962576866150e-02
3.364229202270507812e-02
3.862800821661949158e-02
3.646106645464897156e-02
3.263400122523307800e-02
3.246002271771430969e-02
3.266838565468788147e-02
2.371784299612045288e-02
3.229959309101104736e-02
2.155934087932109833e-02
3.027138113975524902e-02
3.957346454262733459e-02
3.045822493731975555e-02
3.021376766264438629e-02
3.171897307038307190e-02
5.225005745887756348e-02
3.139009699225425720e-02
3.133992850780487061e-02
3.429171070456504822e-02
2.524709887802600861e-02
2.790447883307933807e-02
3.881879523396492004e-02
2.458570338785648346e-02
3.241293132305145264e-02
3.205954283475875854e-02
3.545039147138595581e-02
2.589174546301364899e-02
3.062818758189678192e-02
3.002374805510044098e-02
3.755991533398628235e-02
3.074906021356582642e-02
3.448816016316413879e-02
2.661359868943691254e-02
2.671879529953002930e-02
3.618514910340309143e-02
3.021649457514286041e-02
2.399102412164211273e-02
3.494907170534133911e-02
3.658072277903556824e-02
2.396249771118164062e-02
3.353263065218925476e-02
3.393635526299476624e-02
2.934324927628040314e-02
2.930355630815029144e-02
4.139354452490806580e-02
2.725241892039775848e-02
2.616880834102630615e-02
2.410528622567653656e-02
3.568184003233909607e-02
3.317930921912193298e-02
3.837095573544502258e-02
2.064088545739650726e-02
3.381619229912757874e-02
3.008080460131168365e-02
3.491574153304100037e-02
3.994273766875267029e-02
3.749854862689971924e-02
5.995531007647514343e-02
3.253718838095664978e-02
3.746714815497398376e-02
3.195202723145484924e-02
2.232101000845432281e-02
3.060984611511230469e-02
2.553319372236728668e-02
3.322029858827590942e-02
3.895398974418640137e-02
3.163988515734672546e-02
3.407650068402290344e-02
3.043256886303424835e-02
2.952940203249454498e-02
2.658827044069766998e-02
2.755953930318355560e-02
3.821742534637451172e-02
5.105528235435485840e-02
4.002655670046806335e-02
2.634429931640625000e-02
6.188604608178138733e-02
3.438969328999519348e-02
2.783396095037460327e-02
3.737832978367805481e-02
3.095004707574844360e-02
2.961979806423187256e-02
2.565436251461505890e-02
2.560686133801937103e-02
2.504439838230609894e-02
3.129446879029273987e-02
3.784051164984703064e-02
3.330719843506813049e-02
2.864446491003036499e-02
3.622369095683097839e-02
2.220355160534381866e-02
2.457458525896072388e-02
3.569367155432701111e-02
3.329923748970031738e-02
4.628410562872886658e-02
4.562485218048095703e-02
3.155160322785377502e-02
3.422946110367774963e-02
2.514241635799407959e-02
3.568073734641075134e-02
3.455249220132827759e-02
3.749151900410652161e-02
4.321882128715515137e-02
2.842918597161769867e-02
2.309284545481204987e-02
3.506284952163696289e-02
3.557708486914634705e-02
3.323197364807128906e-02
2.775924839079380035e-02
3.637547418475151062e-02
3.323414176702499390e-02
3.983382135629653931e-02
4.251952096819877625e-02
3.138757497072219849e-02
2.981245517730712891e-02
3.017901815474033356e-02
2.839304693043231964e-02
4.624543711543083191e-02
3.009222261607646942e-02
4.136857762932777405e-02
2.558550238609313965e-02
4.317128658294677734e-02
3.518244251608848572e-02
3.082940913736820221e-02
3.312188759446144104e-02
2.895048819482326508e-02
3.379578515887260437e-02
2.740573883056640625e-02
3.119629435241222382e-02
3.238759189844131470e-02
3.692074492573738098e-02
3.658835589885711670e-02
3.171017393469810486e-02
3.550611063838005066e-02
3.168208897113800049e-02
2.257969416677951813e-02
3.072153218090534210e-02
3.511522337794303894e-02
3.288545086979866028e-02
3.592398390173912048e-02
1.182168349623680115e-01
3.337020054459571838e-02
2.718453854322433472e-02
3.353520482778549194e-02
2.929729223251342773e-02
3.350241109728813171e-02
2.848123572766780853e-02
3.781514987349510193e-02
3.888946026563644409e-02
4.286395013332366943e-02
3.586380556225776672e-02
4.592496156692504883e-02
2.490272931754589081e-02
6.166100129485130310e-02
3.089484572410583496e-02
3.673689812421798706e-02
3.704737499356269836e-02
2.464531362056732178e-02
4.504025354981422424e-02
4.030381143093109131e-02
2.925614081323146820e-02
3.119104541838169098e-02
4.881149157881736755e-02
2.419706434011459351e-02
3.680395707488059998e-02
2.733962237834930420e-02
2.789025753736495972e-02
3.349738940596580505e-02
3.378131613135337830e-02
4.995559528470039368e-02
3.809074312448501587e-02
3.757473453879356384e-02
3.356998041272163391e-02
3.347949311137199402e-02
4.985279962420463562e-02
4.053114354610443115e-02
2.217427082359790802e-02
3.611538186669349670e-02
2.703945524990558624e-02
2.476856671273708344e-02
2.412393130362033844e-02
4.126677289605140686e-02
3.261757269501686096e-02
6.067899987101554871e-02
2.515977062284946442e-02
3.572650253772735596e-02
3.687399625778198242e-02
4.140230640769004822e-02
2.788999117910861969e-02
3.135411068797111511e-02
3.168267384171485901e-02
3.586483746767044067e-02
3.435849770903587341e-02
3.571566939353942871e-02
3.376093134284019470e-02
4.126865044236183167e-02
4.636218026280403137e-02
3.582113236188888550e-02
3.510596975684165955e-02
4.550038278102874756e-02
3.376969322562217712e-02
2.858713455498218536e-02
2.833902277052402496e-02
2.470747195184230804e-02
2.520258165895938873e-02
3.642053529620170593e-02
3.163578733801841736e-02
3.097300976514816284e-02
3.595908358693122864e-02
3.634545952081680298e-02
3.606672585010528564e-02
3.384440019726753235e-02
3.578993305563926697e-02
3.409529477357864380e-02
3.201195597648620605e-02
3.176940232515335083e-02
3.197211399674415588e-02
5.689496919512748718e-02
3.372779116034507751e-02
2.584252692759037018e-02
2.624525874853134155e-02
7.940841466188430786e-02
2.820313908159732819e-02
3.290337696671485901e-02
2.556765265762805939e-02
3.026057220995426178e-02
3.681002184748649597e-02
3.949935361742973328e-02
3.756562620401382446e-02
4.084845632314682007e-02
2.721013687551021576e-02
3.576513007283210754e-02
4.119348526000976562e-02
3.397841379046440125e-02
2.959148772060871124e-02
3.348510339856147766e-02
3.460336104035377502e-02
3.096992708742618561e-02
2.788908220827579498e-02
3.417767211794853210e-02
3.072294034063816071e-02
3.479427471756935120e-02
3.503654524683952332e-02
3.388344123959541321e-02
3.168303892016410828e-02
3.898887708783149719e-02
7.266116142272949219e-02
2.683099918067455292e-02
3.121852688491344452e-02
4.435044899582862854e-02
4.774043336510658264e-02
3.418400511145591736e-02
3.953181207180023193e-02
3.337423503398895264e-02
3.861589729785919189e-02
4.038997739553451538e-02
4.053271189332008362e-02
2.524868585169315338e-02
3.748364374041557312e-02
2.676341682672500610e-02
3.748457133769989014e-02
3.406195715069770813e-02
3.775187954306602478e-02
3.237276151776313782e-02
4.512028023600578308e-02
3.217200934886932373e-02
2.987883053719997406e-02
3.015123866498470306e-02
9.941753000020980835e-02
2.593132667243480682e-02
4.375898838043212891e-02
4.149610921740531921e-02
3.898635134100914001e-02
3.233290836215019226e-02
3.433796390891075134e-02
3.084816969931125641e-02
2.772145904600620270e-02
4.254200682044029236e-02
3.774172812700271606e-02
3.703054413199424744e-02
5.457906424999237061e-02
2.763286978006362915e-02
2.761307172477245331e-02
2.994494140148162842e-02
2.743790857493877411e-02
2.808779291808605194e-02
3.488613665103912354e-02
2.834917604923248291e-02
3.289872407913208008e-02
2.931539528071880341e-02
3.016829676926136017e-02
4.175104573369026184e-02
2.924373932182788849e-02
3.833743557333946228e-02
1.989564113318920135e-02
4.071628674864768982e-02
4.503348469734191895e-02
3.565103188157081604e-02
3.004159033298492432e-02
2.877530455589294434e-02
2.786933071911334991e-02
3.717901930212974548e-02
3.036013245582580566e-02
2.747537195682525635e-02
3.105138242244720459e-02
6.808859854936599731e-02
3.107433021068572998e-02
2.860405482351779938e-02
3.467943891882896423e-02
3.338526934385299683e-02
2.515406161546707153e-02
3.513034805655479431e-02
2.965615689754486084e-02
3.801166266202926636e-02
2.731060422956943512e-02
2.717975527048110962e-02
2.618016861379146576e-02
2.942623011767864227e-02
3.377033770084381104e-02
4.213134571909904480e-02
2.657574974000453949e-02
3.806553781032562256e-02
4.232838749885559082e-02
3.787421062588691711e-02
2.517701685428619385e-02
3.727577254176139832e-02
3.023976087570190430e-02
3.178232535719871521e-02
3.314582630991935730e-02
3.422348201274871826e-02
3.227925300598144531e-02
2.593860030174255371e-02
5.094623565673828125e-02
3.357648476958274841e-02
3.038202784955501556e-02
3.183283284306526184e-02
3.777440264821052551e-02
3.971051424741744995e-02
6.555233150720596313e-02
3.845256194472312927e-02
2.392256259918212891e-02
4.310442134737968445e-02
4.608101770281791687e-02
4.061270132660865784e-02
2.487524785101413727e-02
2.224370650947093964e-02
3.800544887781143188e-02
3.073018230497837067e-02
3.721028193831443787e-02
2.970907837152481079e-02
3.696877881884574890e-02
4.375154897570610046e-02
3.869768977165222168e-02
4.618795588612556458e-02
2.445097267627716064e-02
3.390051797032356262e-02
3.319425508379936218e-02
2.589724026620388031e-02
3.601101785898208618e-02
6.763540208339691162e-02
5.593338608741760254e-02
3.443177044391632080e-02
3.408740833401679993e-02
3.781988844275474548e-02
2.640662901103496552e-02
2.786815911531448364e-02
3.336753323674201965e-02
3.217334672808647156e-02
3.357600793242454529e-02
3.762892261147499084e-02
3.055701218545436859e-02
2.682566083967685699e-02
3.429629281163215637e-02
2.547488361597061157e-02
2.407203055918216705e-02
2.764608524739742279e-02
3.729772195219993591e-02
3.734497353434562683e-02
2.400744706392288208e-02
3.451394662261009216e-02
2.908016555011272430e-02
3.708473965525627136e-02
3.848156332969665527e-02
3.165059164166450500e-02
3.229140117764472961e-02
3.474272042512893677e-02
4.328161850571632385e-02
2.847918868064880371e-02
3.657880052924156189e-02
2.510985918343067169e-02
2.626085281372070312e-02
3.382329642772674561e-02
3.942321613430976868e-02
5.393708124756813049e-02
3.468527272343635559e-02
3.141125664114952087e-02
4.876183345913887024e-02
4.158065095543861389e-02
4.016263782978057861e-02
3.319839760661125183e-02
3.339653462171554565e-02
3.416029736399650574e-02
2.169159241020679474e-02
3.759329393506050110e-02
2.717418409883975983e-02
3.206084296107292175e-02
3.524966910481452942e-02
3.223937377333641052e-02
3.987161070108413696e-02
3.006782941520214081e-02
3.899450227618217468e-02
3.950968757271766663e-02
3.091088868677616119e-02
2.959627471864223480e-02
7.942063361406326294e-02
4.170546308159828186e-02
3.052911907434463501e-02
3.511672839522361755e-02
3.700525313615798950e-02
2.334860898554325104e-02
2.389302104711532593e-02
2.058608829975128174e-02
1.875868253409862518e-02
2.689069509506225586e-02
2.755169011652469635e-02
2.590129524469375610e-02
2.497172169387340546e-02
4.570526257157325745e-02
2.336124517023563385e-02
3.215825185179710388e-02
2.911992557346820831e-02
2.982498891651630402e-02
2.797033824026584625e-02
3.695189580321311951e-02
6.612687557935714722e-02
2.408587746322154999e-02
1.376742571592330933e-01
2.808767557144165039e-02
2.183947898447513580e-02
2.521328628063201904e-02
2.432281337678432465e-02
4.169541224837303162e-02
3.705057129263877869e-02
5.676763132214546204e-02
2.652705647051334381e-02
3.880314901471138000e-02
2.968792617321014404e-02
2.883171103894710541e-02
2.624694071710109711e-02
6.237899139523506165e-02
3.044573031365871429e-02
5.122824013233184814e-02
4.483606293797492981e-02
3.643128648400306702e-02
2.923489362001419067e-02
2.785835228860378265e-02
4.628273844718933105e-02
2.891783602535724640e-02
2.437433600425720215e-02
3.352628275752067566e-02
4.101984575390815735e-02
3.574103116989135742e-02
3.093828260898590088e-02
2.970449067652225494e-02
3.841087594628334045e-02
2.757799439132213593e-02
4.057203233242034912e-02
2.715036459267139435e-02
2.833690680563449860e-02
5.519900843501091003e-02
3.918783366680145264e-02
3.366046026349067688e-02
2.981867454946041107e-02
3.099168092012405396e-02
2.645312994718551636e-02
3.703744709491729736e-02
2.914379537105560303e-02
3.473749384284019470e-02
2.809016406536102295e-02
3.440343588590621948e-02
2.680185250937938690e-02
4.042315110564231873e-02
2.823280543088912964e-02
4.093272611498832703e-02
3.136113286018371582e-02
3.514787927269935608e-02
4.017436504364013672e-02
4.029424861073493958e-02
3.017657808959484100e-02
3.226702660322189331e-02
2.200640551745891571e-02
