2.217520952224731445e+00
2.310745954513549805e+00
2.561200141906738281e+00
2.322149753570556641e+00
2.499080657958984375e+00
2.289270401000976562e+00
2.487039327621459961e+00
2.079344034194946289e+00
1.836401462554931641e+00
2.052229642868041992e+00
2.730673789978027344e+00
2.233554601669311523e+00
2.053657770156860352e+00
2.208171606063842773e+00
2.068356513977050781e+00
2.507775068283081055e+00
2.224160671234130859e+00
2.141596794128417969e+00
1.870525479316711426e+00
2.254485607147216797e+00
2.063821077346801758e+00
1.863093018531799316e+00
2.253628969192504883e+00
1.912615180015563965e+00
2.297975540161132812e+00
2.279661417007446289e+00
1.955613732337951660e+00
2.297547578811645508e+00
1.961045384407043457e+00
1.915179610252380371e+00
2.012611389160156250e+00
1.975501418113708496e+00
1.966665863990783691e+00
1.960030913352966309e+00
1.706272959709167480e+00
1.974604964256286621e+00
2.085489034652709961e+00
1.920822262763977051e+00
1.847019791603088379e+00
1.855186820030212402e+00
2.026207923889160156e+00
1.997956156730651855e+00
2.268805742263793945e+00
1.899303913116455078e+00
1.898709654808044434e+00
1.616293072700500488e+00
1.474862217903137207e+00
1.793617248535156250e+00
1.858528494834899902e+00
1.645059227943420410e+00
1.633898735046386719e+00
1.947666287422180176e+00
1.371574401855468750e+00
1.763366103172302246e+00
1.689239501953125000e+00
1.735361576080322266e+00
1.717862486839294434e+00
1.565858006477355957e+00
1.578783392906188965e+00
1.685316681861877441e+00
1.584645390510559082e+00
1.654719710350036621e+00
1.652346968650817871e+00
1.650247693061828613e+00
1.445309996604919434e+00
1.638214468955993652e+00
1.624072194099426270e+00
1.263856649398803711e+00
1.511812210083007812e+00
1.759484410285949707e+00
1.470093131065368652e+00
1.605380654335021973e+00
1.508341431617736816e+00
1.475558638572692871e+00
1.494625926017761230e+00
1.829716801643371582e+00
1.515317916870117188e+00
1.540858864784240723e+00
1.602161407470703125e+00
1.412315964698791504e+00
1.408454418182373047e+00
1.363423466682434082e+00
1.495133996009826660e+00
1.377982258796691895e+00
1.419174075126647949e+00
1.417519211769104004e+00
1.514827728271484375e+00
1.327921390533447266e+00
1.573530077934265137e+00
1.315638422966003418e+00
1.326988220214843750e+00
1.425852894783020020e+00
1.568413853645324707e+00
1.486907958984375000e+00
1.233973026275634766e+00
1.254973769187927246e+00
1.416901946067810059e+00
1.264104247093200684e+00
1.366137504577636719e+00
1.431440472602844238e+00
1.179605722427368164e+00
1.267070651054382324e+00
1.263730883598327637e+00
1.287935614585876465e+00
1.253254055976867676e+00
1.314651012420654297e+00
1.055659294128417969e+00
1.311325192451477051e+00
1.401092171669006348e+00
1.336999297142028809e+00
1.245889306068420410e+00
1.075755715370178223e+00
1.181394696235656738e+00
1.353515267372131348e+00
1.270137429237365723e+00
1.245637774467468262e+00
1.235142827033996582e+00
1.309183239936828613e+00
1.137657523155212402e+00
1.193263649940490723e+00
1.170373320579528809e+00
1.345122694969177246e+00
1.222917199134826660e+00
1.289018511772155762e+00
1.232044339179992676e+00
1.329762697219848633e+00
1.044858813285827637e+00
9.991293549537658691e-01
1.053799390792846680e+00
1.215482354164123535e+00
1.213872432708740234e+00
1.105076432228088379e+00
1.166654467582702637e+00
1.034227252006530762e+00
1.177293658256530762e+00
1.121273159980773926e+00
1.061009526252746582e+00
1.230656266212463379e+00
1.106793522834777832e+00
1.116565823554992676e+00
1.137966513633728027e+00
1.203522682189941406e+00
1.121501684188842773e+00
9.805281758308410645e-01
1.046588182449340820e+00
1.001652121543884277e+00
8.976516723632812500e-01
1.034377574920654297e+00
9.547932147979736328e-01
1.161014914512634277e+00
1.150863051414489746e+00
1.142473578453063965e+00
9.317462444305419922e-01
9.884908795356750488e-01
1.079123377799987793e+00
1.040704607963562012e+00
1.027950406074523926e+00
9.718663096427917480e-01
1.051477313041687012e+00
9.754865169525146484e-01
8.627700805664062500e-01
1.071321606636047363e+00
7.804658412933349609e-01
9.195733070373535156e-01
9.553748965263366699e-01
1.130425691604614258e+00
1.031311392784118652e+00
7.531244158744812012e-01
9.375655651092529297e-01
8.665229678153991699e-01
9.570896029472351074e-01
8.197455406188964844e-01
8.038162589073181152e-01
9.221339225769042969e-01
7.712554335594177246e-01
9.124932289123535156e-01
6.788861751556396484e-01
8.332338333129882812e-01
8.975755572319030762e-01
9.653863906860351562e-01
8.396401405334472656e-01
8.833596110343933105e-01
6.900714039802551270e-01
1.009706974029541016e+00
7.723291516304016113e-01
8.338193893432617188e-01
9.944798946380615234e-01
8.211579322814941406e-01
6.723313331604003906e-01
8.618835806846618652e-01
7.413780093193054199e-01
6.629872918128967285e-01
6.656487584114074707e-01
8.061044812202453613e-01
7.515446543693542480e-01
8.337319493293762207e-01
8.421289324760437012e-01
7.351071238517761230e-01
7.072932124137878418e-01
6.410984396934509277e-01
7.430217862129211426e-01
6.793588995933532715e-01
7.575287818908691406e-01
5.901020169258117676e-01
6.530979275703430176e-01
8.446412086486816406e-01
6.735885739326477051e-01
6.503644585609436035e-01
5.910367369651794434e-01
7.057229876518249512e-01
6.764902472496032715e-01
5.884381532669067383e-01
5.845131874084472656e-01
6.578957438468933105e-01
6.879327297210693359e-01
6.204820871353149414e-01
7.522197365760803223e-01
5.297369956970214844e-01
5.222824215888977051e-01
5.567314028739929199e-01
5.117153525352478027e-01
4.847448766231536865e-01
5.956872105598449707e-01
7.691919207572937012e-01
8.175718188285827637e-01
4.636955559253692627e-01
4.050421714782714844e-01
5.725282430648803711e-01
6.656478047370910645e-01
5.628556609153747559e-01
6.782439351081848145e-01
5.105797052383422852e-01
5.960648655891418457e-01
5.760221481323242188e-01
5.794541835784912109e-01
5.304610133171081543e-01
4.587517976760864258e-01
4.621379375457763672e-01
4.366037845611572266e-01
5.032087564468383789e-01
3.717243969440460205e-01
5.149018168449401855e-01
5.141459703445434570e-01
5.820204019546508789e-01
4.511880874633789062e-01
5.552272200584411621e-01
6.147860884666442871e-01
4.466713368892669678e-01
5.950139164924621582e-01
5.077397823333740234e-01
5.078288912773132324e-01
5.057398676872253418e-01
5.148078799247741699e-01
4.095158576965332031e-01
4.876114428043365479e-01
5.339862704277038574e-01
3.529930412769317627e-01
4.681974351406097412e-01
5.992974042892456055e-01
4.490672349929809570e-01
5.138671994209289551e-01
4.566292762756347656e-01
5.176110863685607910e-01
5.315281152725219727e-01
4.417596757411956787e-01
4.360752105712890625e-01
4.624378979206085205e-01
5.261715054512023926e-01
4.184199571609497070e-01
3.695007264614105225e-01
4.337065219879150391e-01
5.338426232337951660e-01
4.403046071529388428e-01
5.179545283317565918e-01
4.162425100803375244e-01
4.278047382831573486e-01
6.119964718818664551e-01
4.340204894542694092e-01
5.440122485160827637e-01
4.347058236598968506e-01
4.546419084072113037e-01
5.065145492553710938e-01
3.970173895359039307e-01
4.455203115940093994e-01
5.071913599967956543e-01
4.817767143249511719e-01
6.592997908592224121e-01
3.787266016006469727e-01
4.503571093082427979e-01
4.938353002071380615e-01
4.630130529403686523e-01
4.113063812255859375e-01
5.067666172981262207e-01
4.590007364749908447e-01
4.496080875396728516e-01
4.913710057735443115e-01
4.388842582702636719e-01
4.496659934520721436e-01
4.756403863430023193e-01
4.812888801097869873e-01
5.610774159431457520e-01
4.480392634868621826e-01
4.789855480194091797e-01
4.828434884548187256e-01
4.308692514896392822e-01
3.816945552825927734e-01
4.477955996990203857e-01
4.727053642272949219e-01
4.735406339168548584e-01
4.608879983425140381e-01
3.929311037063598633e-01
4.345017373561859131e-01
4.112181663513183594e-01
4.462670385837554932e-01
4.437794387340545654e-01
5.458542704582214355e-01
4.315433502197265625e-01
4.482396543025970459e-01
4.515447914600372314e-01
4.144290387630462646e-01
4.383727610111236572e-01
4.857290089130401611e-01
4.232055246829986572e-01
3.803392350673675537e-01
3.815923929214477539e-01
4.646631181240081787e-01
4.114404618740081787e-01
4.620299339294433594e-01
4.216296970844268799e-01
3.464913666248321533e-01
4.071366786956787109e-01
3.385428488254547119e-01
3.810320198535919189e-01
5.075908303260803223e-01
3.804486691951751709e-01
4.901270866394042969e-01
4.481389522552490234e-01
3.305311501026153564e-01
3.783362805843353271e-01
3.993894159793853760e-01
3.666884601116180420e-01
4.138820171356201172e-01
3.987398445606231689e-01
4.218552112579345703e-01
4.390406608581542969e-01
3.467170894145965576e-01
3.369095027446746826e-01
3.198427259922027588e-01
4.391653537750244141e-01
3.862011730670928955e-01
3.849284946918487549e-01
3.788765966892242432e-01
6.414679884910583496e-01
3.905781805515289307e-01
3.750185966491699219e-01
3.406093120574951172e-01
3.984339535236358643e-01
4.681932628154754639e-01
3.725342750549316406e-01
4.851808845996856689e-01
4.283417165279388428e-01
4.216000139713287354e-01
2.750426232814788818e-01
4.174866378307342529e-01
5.058991312980651855e-01
3.971942663192749023e-01
3.148927688598632812e-01
4.058506786823272705e-01
4.059836864471435547e-01
3.715325295925140381e-01
4.751798212528228760e-01
2.922016978263854980e-01
3.216988146305084229e-01
3.596979081630706787e-01
3.443644046783447266e-01
2.931739985942840576e-01
4.039269685745239258e-01
4.314478933811187744e-01
3.277765810489654541e-01
3.482298851013183594e-01
4.112819135189056396e-01
3.631635606288909912e-01
2.896502315998077393e-01
3.961380422115325928e-01
4.222915470600128174e-01
3.895295560359954834e-01
3.939683139324188232e-01
4.925547838211059570e-01
3.836040198802947998e-01
4.559164047241210938e-01
3.597711622714996338e-01
3.948913514614105225e-01
3.355225026607513428e-01
3.985950946807861328e-01
3.010366857051849365e-01
5.289992690086364746e-01
4.199215173721313477e-01
4.463671147823333740e-01
4.716313779354095459e-01
4.020048677921295166e-01
3.368304669857025146e-01
5.183759331703186035e-01
3.451174497604370117e-01
3.784890472888946533e-01
3.381244242191314697e-01
3.062749803066253662e-01
3.095687925815582275e-01
5.680271387100219727e-01
3.149546682834625244e-01
3.534371852874755859e-01
3.994456827640533447e-01
4.113643467426300049e-01
3.333604335784912109e-01
3.475092947483062744e-01
4.164807796478271484e-01
3.535451889038085938e-01
3.519206345081329346e-01
3.622801303863525391e-01
3.598698079586029053e-01
3.425612747669219971e-01
3.194306790828704834e-01
3.948407471179962158e-01
3.293956816196441650e-01
3.622713983058929443e-01
3.256901502609252930e-01
3.616212606430053711e-01
3.894084393978118896e-01
3.288116157054901123e-01
5.073115825653076172e-01
4.095752239227294922e-01
4.108814001083374023e-01
3.160887062549591064e-01
3.545636236667633057e-01
4.000324308872222900e-01
3.836961984634399414e-01
4.264029264450073242e-01
3.961646854877471924e-01
4.341664016246795654e-01
3.291008770465850830e-01
3.199397325515747070e-01
3.815721273422241211e-01
3.993838131427764893e-01
3.169441521167755127e-01
3.821650743484497070e-01
3.616206645965576172e-01
3.845888674259185791e-01
2.796128094196319580e-01
3.270357549190521240e-01
4.192138612270355225e-01
4.183999300003051758e-01
3.333951234817504883e-01
3.567591607570648193e-01
3.456951081752777100e-01
3.576904535293579102e-01
2.901383340358734131e-01
3.343887627124786377e-01
3.107386827468872070e-01
3.946751058101654053e-01
2.875416874885559082e-01
4.040976762771606445e-01
5.089722871780395508e-01
3.911187648773193359e-01
3.416342735290527344e-01
3.213845789432525635e-01
3.196737468242645264e-01
4.509252607822418213e-01
3.897705972194671631e-01
4.158941209316253662e-01
4.306141138076782227e-01
2.993690967559814453e-01
4.523912966251373291e-01
4.036092758178710938e-01
3.030183017253875732e-01
3.162462413311004639e-01
3.017739355564117432e-01
4.082569181919097900e-01
4.622102677822113037e-01
5.120597481727600098e-01
3.284438550472259521e-01
2.996258735656738281e-01
3.512361943721771240e-01
3.478349745273590088e-01
3.357305228710174561e-01
3.326421082019805908e-01
3.731231391429901123e-01
3.852848112583160400e-01
3.037895858287811279e-01
2.785384356975555420e-01
3.413576781749725342e-01
2.585129439830780029e-01
3.112102448940277100e-01
3.523086309432983398e-01
2.966635227203369141e-01
3.469655513763427734e-01
4.024678468704223633e-01
2.719129025936126709e-01
3.091876506805419922e-01
2.981992959976196289e-01
2.868902981281280518e-01
3.721148669719696045e-01
3.129534125328063965e-01
2.937867343425750732e-01
3.220660388469696045e-01
2.372792959213256836e-01
4.056799411773681641e-01
2.910950779914855957e-01
3.912008106708526611e-01
2.967154383659362793e-01
3.824188411235809326e-01
3.903187811374664307e-01
3.475486934185028076e-01
3.642992973327636719e-01
3.971949517726898193e-01
2.975032031536102295e-01
3.573820888996124268e-01
2.722809612751007080e-01
3.500557839870452881e-01
2.834941446781158447e-01
2.598358988761901855e-01
3.901332914829254150e-01
3.019399940967559814e-01
3.250167667865753174e-01
3.215432465076446533e-01
5.150039792060852051e-01
3.263572156429290771e-01
3.745056390762329102e-01
4.125822782516479492e-01
3.813171088695526123e-01
3.799559175968170166e-01
4.282455742359161377e-01
3.698862493038177490e-01
4.959387779235839844e-01
3.852622509002685547e-01
3.190817534923553467e-01
3.516460955142974854e-01
2.725229859352111816e-01
3.399178981781005859e-01
3.416379690170288086e-01
3.396580219268798828e-01
3.326357305049896240e-01
4.177928864955902100e-01
3.366601765155792236e-01
4.361120760440826416e-01
4.080125987529754639e-01
4.274584054946899414e-01
3.622589111328125000e-01
4.431906640529632568e-01
3.208515346050262451e-01
3.406269848346710205e-01
2.863267958164215088e-01
3.350413143634796143e-01
2.991869151592254639e-01
3.037168979644775391e-01
3.779021799564361572e-01
2.929411232471466064e-01
3.093835115432739258e-01
3.308365046977996826e-01
4.276883602142333984e-01
3.882149457931518555e-01
3.210794627666473389e-01
2.668717205524444580e-01
3.137663304805755615e-01
2.755279839038848877e-01
3.667261600494384766e-01
3.809524476528167725e-01
2.948194742202758789e-01
3.123255074024200439e-01
3.521380424499511719e-01
3.961752951145172119e-01
2.729792892932891846e-01
2.949042618274688721e-01
3.357195556163787842e-01
3.351696729660034180e-01
2.853848040103912354e-01
4.216338694095611572e-01
3.521249294281005859e-01
4.413783550262451172e-01
2.844002544879913330e-01
2.569867074489593506e-01
3.845905363559722900e-01
3.331798613071441650e-01
2.771966457366943359e-01
2.848503291606903076e-01
2.746597230434417725e-01
4.224984347820281982e-01
2.640091776847839355e-01
4.004948437213897705e-01
3.390367031097412109e-01
3.285662829875946045e-01
2.648241817951202393e-01
3.697195947170257568e-01
3.177966177463531494e-01
3.493737876415252686e-01
3.600507676601409912e-01
4.580014646053314209e-01
3.571335077285766602e-01
2.947537600994110107e-01
3.152332901954650879e-01
3.486557006835937500e-01
3.492788970470428467e-01
3.274292051792144775e-01
3.282864391803741455e-01
2.804957032203674316e-01
2.604852318763732910e-01
3.195808231830596924e-01
3.837960958480834961e-01
3.734875023365020752e-01
4.292434155941009521e-01
3.728851974010467529e-01
3.163550198078155518e-01
2.560040652751922607e-01
3.037614524364471436e-01
3.266734480857849121e-01
4.615662992000579834e-01
3.162953853607177734e-01
3.035856187343597412e-01
2.902585268020629883e-01
2.696022987365722656e-01
2.863678634166717529e-01
2.488150745630264282e-01
2.634411156177520752e-01
2.978326976299285889e-01
2.813948094844818115e-01
3.773448467254638672e-01
3.234325349330902100e-01
2.612716853618621826e-01
4.713983237743377686e-01
3.210148513317108154e-01
2.892870903015136719e-01
3.143538534641265869e-01
3.665968179702758789e-01
3.222196996212005615e-01
3.267243504524230957e-01
2.936493158340454102e-01
2.496073991060256958e-01
2.647641599178314209e-01
2.492669820785522461e-01
4.397989809513092041e-01
2.753718793392181396e-01
3.430837690830230713e-01
2.865681946277618408e-01
2.682588398456573486e-01
3.700775802135467529e-01
3.551340103149414062e-01
2.965871393680572510e-01
3.154886066913604736e-01
3.638059794902801514e-01
2.862625718116760254e-01
2.709072232246398926e-01
3.445424735546112061e-01
3.128696382045745850e-01
2.745051681995391846e-01
3.780485093593597412e-01
4.153121411800384521e-01
2.466273754835128784e-01
3.262923955917358398e-01
2.728291451930999756e-01
3.083789646625518799e-01
2.792671620845794678e-01
3.501112759113311768e-01
3.094081580638885498e-01
2.749306261539459229e-01
3.473618030548095703e-01
2.564523816108703613e-01
2.226717472076416016e-01
3.416214287281036377e-01
2.768156528472900391e-01
3.029737770557403564e-01
3.259458541870117188e-01
2.832830846309661865e-01
3.613295555114746094e-01
3.168811500072479248e-01
3.285219967365264893e-01
2.305748313665390015e-01
2.490232139825820923e-01
3.255733549594879150e-01
2.653847038745880127e-01
3.259273767471313477e-01
3.271009624004364014e-01
2.991704940795898438e-01
2.791447639465332031e-01
4.522708952426910400e-01
2.649446427822113037e-01
2.457274347543716431e-01
2.618792057037353516e-01
3.222269713878631592e-01
3.200465440750122070e-01
2.790212929248809814e-01
3.313859701156616211e-01
3.413788974285125732e-01
2.895559668540954590e-01
3.107850253582000732e-01
2.356988340616226196e-01
2.947202920913696289e-01
3.796270787715911865e-01
3.306740820407867432e-01
2.588591575622558594e-01
2.764030992984771729e-01
2.629586160182952881e-01
2.949453890323638916e-01
2.835017740726470947e-01
3.419743478298187256e-01
4.850743710994720459e-01
3.034083843231201172e-01
3.413909673690795898e-01
3.663462698459625244e-01
2.728785276412963867e-01
4.702099859714508057e-01
2.481077164411544800e-01
3.060891628265380859e-01
2.929861247539520264e-01
3.457479178905487061e-01
3.061902225017547607e-01
2.693988978862762451e-01
2.231365442276000977e-01
5.482959747314453125e-01
3.203139901161193848e-01
2.817233502864837646e-01
2.736846208572387695e-01
2.598860263824462891e-01
2.827666699886322021e-01
2.781129181385040283e-01
3.557376861572265625e-01
2.992675304412841797e-01
2.696652710437774658e-01
2.540911734104156494e-01
2.693913877010345459e-01
2.802985012531280518e-01
2.548644542694091797e-01
2.800066173076629639e-01
2.877721488475799561e-01
2.884896695613861084e-01
2.543892562389373779e-01
2.776672244071960449e-01
2.997744381427764893e-01
2.778192162513732910e-01
2.319324761629104614e-01
2.332604676485061646e-01
3.285508453845977783e-01
2.616615593433380127e-01
3.278259932994842529e-01
3.188147842884063721e-01
2.548261582851409912e-01
3.319396972656250000e-01
2.940809726715087891e-01
2.905206382274627686e-01
2.868728935718536377e-01
2.386040836572647095e-01
2.943278849124908447e-01
3.165576159954071045e-01
2.254055291414260864e-01
3.133428990840911865e-01
3.681003153324127197e-01
2.896161973476409912e-01
2.771191596984863281e-01
3.054669499397277832e-01
3.115572929382324219e-01
2.783394157886505127e-01
3.536999225616455078e-01
3.365501165390014648e-01
3.138421773910522461e-01
2.850464880466461182e-01
2.415610104799270630e-01
3.266713321208953857e-01
2.490405291318893433e-01
2.846919298171997070e-01
2.689925134181976318e-01
3.165322244167327881e-01
2.229512929916381836e-01
3.565277159214019775e-01
2.646546065807342529e-01
3.420109450817108154e-01
2.392574399709701538e-01
2.907069623470306396e-01
3.197331726551055908e-01
2.436047643423080444e-01
2.421322464942932129e-01
2.817184329032897949e-01
2.999663054943084717e-01
3.174479901790618896e-01
2.421534508466720581e-01
3.106531798839569092e-01
2.607155144214630127e-01
2.308940440416336060e-01
2.280778437852859497e-01
2.139227241277694702e-01
2.498155087232589722e-01
2.465287894010543823e-01
3.682793676853179932e-01
2.795510590076446533e-01
2.936739623546600342e-01
2.561667263507843018e-01
3.171277642250061035e-01
2.660877406597137451e-01
2.529266178607940674e-01
3.627068698406219482e-01
3.308627307415008545e-01
2.616357803344726562e-01
3.077017664909362793e-01
2.532892525196075439e-01
3.476514816284179688e-01
2.498669177293777466e-01
2.147666364908218384e-01
2.370369434356689453e-01
3.027918338775634766e-01
2.584442198276519775e-01
2.846332788467407227e-01
1.691194772720336914e-01
3.211421370506286621e-01
3.675744831562042236e-01
3.694101572036743164e-01
3.210793137550354004e-01
3.168188333511352539e-01
3.241475522518157959e-01
2.437421232461929321e-01
2.109209448099136353e-01
3.022229373455047607e-01
4.839651286602020264e-01
3.463511168956756592e-01
2.494831830263137817e-01
2.189559787511825562e-01
3.173106014728546143e-01
2.185566425323486328e-01
2.585500180721282959e-01
2.551752030849456787e-01
2.784292995929718018e-01
2.393542081117630005e-01
3.289593458175659180e-01
2.113515883684158325e-01
2.739805281162261963e-01
1.894219368696212769e-01
2.163128852844238281e-01
2.395750284194946289e-01
2.913155257701873779e-01
2.610584199428558350e-01
3.761719763278961182e-01
2.767841517925262451e-01
2.981168925762176514e-01
2.635802924633026123e-01
3.098110258579254150e-01
3.085191547870635986e-01
3.762276172637939453e-01
2.951703369617462158e-01
2.478561401367187500e-01
3.299325406551361084e-01
2.651081979274749756e-01
2.625685632228851318e-01
2.636132240295410156e-01
3.207026422023773193e-01
2.943449020385742188e-01
2.263087779283523560e-01
2.320351004600524902e-01
3.395254611968994141e-01
2.201652079820632935e-01
2.779942750930786133e-01
3.084221780300140381e-01
2.365319728851318359e-01
3.751414716243743896e-01
2.452303767204284668e-01
2.338276505470275879e-01
2.726798057556152344e-01
2.505261301994323730e-01
2.393121719360351562e-01
2.264669686555862427e-01
2.167132943868637085e-01
2.713644206523895264e-01
2.727240622043609619e-01
2.543379962444305420e-01
2.360800504684448242e-01
3.252714574337005615e-01
2.362474948167800903e-01
3.794434368610382080e-01
2.424064129590988159e-01
3.083507120609283447e-01
3.701478540897369385e-01
2.913338243961334229e-01
2.676383554935455322e-01
2.867524027824401855e-01
2.935270369052886963e-01
2.654737532138824463e-01
2.295226007699966431e-01
2.714729309082031250e-01
1.944386810064315796e-01
3.839653432369232178e-01
2.576078772544860840e-01
2.809558212757110596e-01
2.735677659511566162e-01
2.489688843488693237e-01
2.859619557857513428e-01
2.257260233163833618e-01
2.423029541969299316e-01
2.558656334877014160e-01
2.978331744670867920e-01
2.795934081077575684e-01
2.804867029190063477e-01
2.914470136165618896e-01
2.720392644405364990e-01
2.461091130971908569e-01
3.174201548099517822e-01
2.700498402118682861e-01
2.838608026504516602e-01
2.598618566989898682e-01
3.105845749378204346e-01
2.936766147613525391e-01
2.284006923437118530e-01
3.390699326992034912e-01
2.665054202079772949e-01
2.773409187793731689e-01
2.419857829809188843e-01
2.544337809085845947e-01
2.454330325126647949e-01
2.455430626869201660e-01
2.820609807968139648e-01
2.505424022674560547e-01
2.583329081535339355e-01
2.691666781902313232e-01
2.725509703159332275e-01
2.207876443862915039e-01
3.083595633506774902e-01
2.903949916362762451e-01
2.304902523756027222e-01
3.227228820323944092e-01
2.469433993101119995e-01
2.514678239822387695e-01
3.105116188526153564e-01
3.162584006786346436e-01
2.397439479827880859e-01
3.113210499286651611e-01
2.414084821939468384e-01
2.583947479724884033e-01
2.306437939405441284e-01
2.362268120050430298e-01
2.554679512977600098e-01
2.305712252855300903e-01
1.859553605318069458e-01
2.439987212419509888e-01
2.615461349487304688e-01
2.455061078071594238e-01
3.098101913928985596e-01
2.584383189678192139e-01
2.155454307794570923e-01
2.717299759387969971e-01
2.664355933666229248e-01
2.861948013305664062e-01
2.638662755489349365e-01
2.436477690935134888e-01
2.182546108961105347e-01
2.147582620382308960e-01
2.090372443199157715e-01
2.803274691104888916e-01
2.504563331604003906e-01
2.302026301622390747e-01
2.727119624614715576e-01
2.082261443138122559e-01
2.908335030078887939e-01
2.474845796823501587e-01
2.320961952209472656e-01
3.372824490070343018e-01
2.564213573932647705e-01
2.228551656007766724e-01
2.160515040159225464e-01
3.487819731235504150e-01
2.254763096570968628e-01
2.352353781461715698e-01
2.401260137557983398e-01
2.118092328310012817e-01
2.391796559095382690e-01
2.437231093645095825e-01
2.055318355560302734e-01
2.136516422033309937e-01
2.184805870056152344e-01
2.392267435789108276e-01
2.206112146377563477e-01
2.039737701416015625e-01
2.233091145753860474e-01
2.273163646459579468e-01
3.131171762943267822e-01
2.486591786146163940e-01
2.497732639312744141e-01
2.237296253442764282e-01
2.470797747373580933e-01
2.361202687025070190e-01
2.327563166618347168e-01
2.710422277450561523e-01
3.214147984981536865e-01
2.453216463327407837e-01
2.240991145372390747e-01
2.398666143417358398e-01
2.734719514846801758e-01
2.421604990959167480e-01
2.126525640487670898e-01
2.686719894409179688e-01
2.798310816287994385e-01
2.637116014957427979e-01
2.001352310180664062e-01
2.729112505912780762e-01
2.240728735923767090e-01
2.192482948303222656e-01
2.086970657110214233e-01
1.998714655637741089e-01
2.300095558166503906e-01
2.199136465787887573e-01
2.339802235364913940e-01
2.075651735067367554e-01
1.961669176816940308e-01
2.137507200241088867e-01
2.393382340669631958e-01
2.264437228441238403e-01
2.395853251218795776e-01
2.289816588163375854e-01
3.487491607666015625e-01
2.015144377946853638e-01
2.099912613630294800e-01
2.742842137813568115e-01
1.795650720596313477e-01
2.182996720075607300e-01
2.873153388500213623e-01
1.668652296066284180e-01
2.521558701992034912e-01
2.561886310577392578e-01
1.882582455873489380e-01
2.003793865442276001e-01
1.996794342994689941e-01
2.608919143676757812e-01
2.001705169677734375e-01
1.873282045125961304e-01
2.131154984235763550e-01
1.866620630025863647e-01
3.183995187282562256e-01
2.540720999240875244e-01
2.235564440488815308e-01
2.223969548940658569e-01
2.343005686998367310e-01
2.110271453857421875e-01
2.060117125511169434e-01
3.198098540306091309e-01
2.207813262939453125e-01
2.307456582784652710e-01
2.057433128356933594e-01
2.169148921966552734e-01
2.787741124629974365e-01
2.795062363147735596e-01
2.236264199018478394e-01
2.374104857444763184e-01
3.263827264308929443e-01
2.458969354629516602e-01
2.134653776884078979e-01
2.391937971115112305e-01
2.488004714250564575e-01
2.767421901226043701e-01
2.374633550643920898e-01
2.619682252407073975e-01
2.403165102005004883e-01
2.235757559537887573e-01
2.065107822418212891e-01
2.594941258430480957e-01
1.987661123275756836e-01
2.934976220130920410e-01
2.155207991600036621e-01
2.041652947664260864e-01
2.033354789018630981e-01
3.110184967517852783e-01
2.536366283893585205e-01
2.197714596986770630e-01
2.279919981956481934e-01
2.550587952136993408e-01
2.341758459806442261e-01
1.905530840158462524e-01
2.674698829650878906e-01
2.157012969255447388e-01
2.101215720176696777e-01
2.162658572196960449e-01
2.317997962236404419e-01
2.410791367292404175e-01
2.648451626300811768e-01
2.235671281814575195e-01
2.098629474639892578e-01
2.446654587984085083e-01
2.298574894666671753e-01
1.764163374900817871e-01
2.039030045270919800e-01
2.165905982255935669e-01
1.784793287515640259e-01
2.045742720365524292e-01
1.864518672227859497e-01
2.746904194355010986e-01
2.242398262023925781e-01
2.530875205993652344e-01
2.195387929677963257e-01
2.089674472808837891e-01
2.511328160762786865e-01
2.414436787366867065e-01
2.671716213226318359e-01
1.898193210363388062e-01
3.021005690097808838e-01
2.960326969623565674e-01
2.455479651689529419e-01
1.890080124139785767e-01
2.420363426208496094e-01
1.843286007642745972e-01
2.035102844238281250e-01
2.213958352804183960e-01
2.268362045288085938e-01
1.959421187639236450e-01
2.286815047264099121e-01
2.077158540487289429e-01
1.879904717206954956e-01
2.833387255668640137e-01
2.953949272632598877e-01
2.365313172340393066e-01
2.494114190340042114e-01
2.081168889999389648e-01
2.876161038875579834e-01
2.171270400285720825e-01
2.065068930387496948e-01
1.798092275857925415e-01
2.169803380966186523e-01
2.411752194166183472e-01
1.754594594240188599e-01
2.224078625440597534e-01
2.687372267246246338e-01
1.837401241064071655e-01
2.475098818540573120e-01
2.191933542490005493e-01
2.111861109733581543e-01
1.855903416872024536e-01
2.293901592493057251e-01
2.401568740606307983e-01
1.983046382665634155e-01
3.065855205059051514e-01
2.482952475547790527e-01
1.904720813035964966e-01
1.986615806818008423e-01
2.045871168375015259e-01
2.095581740140914917e-01
1.745932251214981079e-01
1.880590915679931641e-01
2.495511174201965332e-01
1.885508298873901367e-01
2.082072347402572632e-01
2.364183664321899414e-01
1.844217628240585327e-01
1.983643621206283569e-01
2.113915532827377319e-01
2.001662999391555786e-01
2.103371471166610718e-01
2.007221132516860962e-01
1.983305364847183228e-01
2.284003943204879761e-01
2.255631536245346069e-01
2.366718798875808716e-01
2.049936652183532715e-01
2.029921412467956543e-01
2.442971318960189819e-01
2.391657084226608276e-01
1.929215937852859497e-01
1.800938695669174194e-01
2.064938545227050781e-01
3.475831449031829834e-01
1.882783174514770508e-01
2.284981161355972290e-01
2.363575100898742676e-01
1.834802180528640747e-01
1.821146756410598755e-01
2.075158357620239258e-01
2.078791111707687378e-01
2.333673834800720215e-01
1.902385801076889038e-01
1.935437917709350586e-01
2.000300735235214233e-01
2.226856499910354614e-01
2.291752547025680542e-01
2.307794243097305298e-01
2.141048908233642578e-01
2.090124040842056274e-01
1.988893598318099976e-01
2.155281156301498413e-01
2.432040572166442871e-01
1.920975893735885620e-01
2.032843083143234253e-01
2.060309052467346191e-01
2.038495391607284546e-01
1.804583072662353516e-01
2.645563185214996338e-01
2.312180399894714355e-01
1.567934602499008179e-01
2.780106961727142334e-01
3.113780021667480469e-01
2.240292578935623169e-01
2.068140506744384766e-01
1.687124222517013550e-01
2.129659205675125122e-01
2.129830718040466309e-01
2.786895930767059326e-01
2.781289517879486084e-01
2.049798369407653809e-01
1.672021150588989258e-01
2.152097374200820923e-01
2.030462026596069336e-01
1.977848857641220093e-01
1.684048175811767578e-01
1.794494539499282837e-01
2.125573903322219849e-01
2.177168875932693481e-01
2.348229736089706421e-01
1.981701403856277466e-01
2.018513530492782593e-01
1.898945569992065430e-01
1.841189712285995483e-01
2.330751419067382812e-01
2.014346122741699219e-01
2.050674706697463989e-01
2.007730752229690552e-01
2.035363167524337769e-01
2.339758425951004028e-01
1.868700534105300903e-01
1.924921274185180664e-01
2.212557345628738403e-01
1.968522071838378906e-01
2.719883620738983154e-01
2.507295310497283936e-01
2.085293978452682495e-01
1.999759525060653687e-01
1.731821149587631226e-01
1.715634465217590332e-01
2.172517180442810059e-01
1.795262694358825684e-01
1.427560001611709595e-01
2.027096003293991089e-01
1.766806393861770630e-01
2.113669663667678833e-01
1.702366620302200317e-01
1.956088691949844360e-01
1.913621276617050171e-01
2.098197788000106812e-01
2.123068124055862427e-01
2.227521985769271851e-01
2.323803454637527466e-01
1.858131885528564453e-01
2.574632167816162109e-01
2.136390358209609985e-01
1.851204186677932739e-01
1.991561502218246460e-01
2.059934288263320923e-01
1.852510422468185425e-01
2.361652851104736328e-01
2.162743359804153442e-01
1.915474534034729004e-01
2.211573272943496704e-01
2.126029729843139648e-01
1.944833248853683472e-01
1.793584227561950684e-01
1.891954541206359863e-01
2.110038995742797852e-01
1.888901144266128540e-01
2.259893417358398438e-01
2.162216901779174805e-01
2.103052884340286255e-01
1.957715153694152832e-01
1.736592203378677368e-01
2.341648787260055542e-01
1.774126142263412476e-01
3.085376918315887451e-01
2.227022200822830200e-01
2.784880697727203369e-01
1.887183338403701782e-01
2.004788070917129517e-01
1.730206608772277832e-01
2.464594095945358276e-01
2.050751298666000366e-01
1.722450256347656250e-01
1.953009366989135742e-01
2.113405466079711914e-01
1.786749362945556641e-01
1.759903579950332642e-01
1.816190630197525024e-01
2.132675796747207642e-01
1.790751665830612183e-01
2.607913911342620850e-01
1.865853667259216309e-01
1.979337185621261597e-01
2.626642286777496338e-01
2.201166003942489624e-01
1.721057891845703125e-01
2.107304930686950684e-01
1.963630467653274536e-01
2.449534386396408081e-01
2.194071412086486816e-01
2.857051193714141846e-01
1.931601017713546753e-01
2.345766574144363403e-01
1.775142699480056763e-01
2.025856226682662964e-01
2.162150740623474121e-01
2.158158421516418457e-01
2.067803591489791870e-01
2.344805151224136353e-01
2.565948069095611572e-01
2.047684192657470703e-01
2.292551845312118530e-01
2.092933058738708496e-01
1.862790584564208984e-01
1.875618100166320801e-01
