1.172402501106262207e-01
9.216337651014328003e-02
1.066153645515441895e-01
1.200853362679481506e-01
1.302060335874557495e-01
8.975970745086669922e-02
9.332831948995590210e-02
1.593530178070068359e-01
6.804860383272171021e-02
7.791406661272048950e-02
1.146548613905906677e-01
1.590544730424880981e-01
1.181196570396423340e-01
9.300160408020019531e-02
8.981493860483169556e-02
1.360837668180465698e-01
1.128481253981590271e-01
1.647560894489288330e-01
1.250336319208145142e-01
7.440723478794097900e-02
1.089543178677558899e-01
1.240633353590965271e-01
9.678959101438522339e-02
1.298161894083023071e-01
1.136585399508476257e-01
1.044078841805458069e-01
2.015924900770187378e-01
1.310864239931106567e-01
1.083216890692710876e-01
1.128854826092720032e-01
1.113114133477210999e-01
1.310974508523941040e-01
1.037009879946708679e-01
1.070644333958625793e-01
1.022681221365928650e-01
1.005323305726051331e-01
1.258901506662368774e-01
9.843665361404418945e-02
1.315962076187133789e-01
1.027756109833717346e-01
9.703272581100463867e-02
9.721314907073974609e-02
1.492364555597305298e-01
1.305703222751617432e-01
8.259433507919311523e-02
1.272098571062088013e-01
1.305803209543228149e-01
9.010045975446701050e-02
9.417829662561416626e-02
1.026975139975547791e-01
1.140983104705810547e-01
8.878947049379348755e-02
9.227567166090011597e-02
1.137371584773063660e-01
9.945247322320938110e-02
1.140980124473571777e-01
1.287571340799331665e-01
1.292536854743957520e-01
1.460575759410858154e-01
1.022799089550971985e-01
1.155908629298210144e-01
1.232500076293945312e-01
1.121123060584068298e-01
1.706223487854003906e-01
1.008087992668151855e-01
9.239282459020614624e-02
9.708064049482345581e-02
1.818820387125015259e-01
1.023582741618156433e-01
1.150424107909202576e-01
9.629410505294799805e-02
1.651865094900131226e-01
9.891438484191894531e-02
1.360169649124145508e-01
9.033185243606567383e-02
1.065275594592094421e-01
1.085024997591972351e-01
1.235915794968605042e-01
8.588115125894546509e-02
7.586053758859634399e-02
9.573156386613845825e-02
1.005178466439247131e-01
1.069496199488639832e-01
1.752908974885940552e-01
1.157346591353416443e-01
4.867224395275115967e-01
8.786622434854507446e-02
1.239700093865394592e-01
1.007710099220275879e-01
1.161519885063171387e-01
1.211538612842559814e-01
9.327874332666397095e-02
1.170878186821937561e-01
9.695076942443847656e-02
1.207220926880836487e-01
7.567903399467468262e-02
1.309208124876022339e-01
6.962895393371582031e-02
1.203098818659782410e-01
1.046271100640296936e-01
8.314360678195953369e-02
1.323363035917282104e-01
1.389968693256378174e-01
1.618010848760604858e-01
1.197450682520866394e-01
9.763995558023452759e-02
9.905339032411575317e-02
1.313325017690658569e-01
6.937209516763687134e-02
1.027215719223022461e-01
9.653439372777938843e-02
1.283799260854721069e-01
1.138422861695289612e-01
1.218860074877738953e-01
7.957020401954650879e-02
1.292322278022766113e-01
8.951813727617263794e-02
9.761735051870346069e-02
1.431208103895187378e-01
1.051308438181877136e-01
1.114972010254859924e-01
1.455196589231491089e-01
1.126939877867698669e-01
1.560886651277542114e-01
1.140862330794334412e-01
1.766029149293899536e-01
1.200211644172668457e-01
2.046927213668823242e-01
1.133693382143974304e-01
1.738752871751785278e-01
1.122880801558494568e-01
1.180303096771240234e-01
1.548881083726882935e-01
1.530229002237319946e-01
1.043100282549858093e-01
1.316022425889968872e-01
8.853730559349060059e-02
9.466383606195449829e-02
9.881960600614547729e-02
1.342444568872451782e-01
1.163312569260597229e-01
9.795068949460983276e-02
8.962006121873855591e-02
1.503756344318389893e-01
9.475327283143997192e-02
1.385474354028701782e-01
8.874758332967758179e-02
7.623808830976486206e-02
1.425022631883621216e-01
1.218338981270790100e-01
1.408811807632446289e-01
1.008716002106666565e-01
8.492571115493774414e-02
1.695575714111328125e-01
1.032357588410377502e-01
1.473806500434875488e-01
9.625951200723648071e-02
1.166839227080345154e-01
9.826142340898513794e-02
9.452726691961288452e-02
1.545026153326034546e-01
2.158321142196655273e-01
8.058000355958938599e-02
1.166566312313079834e-01
1.370920389890670776e-01
1.067419871687889099e-01
1.060024872422218323e-01
1.808385998010635376e-01
1.139483824372291565e-01
1.087786480784416199e-01
1.357931643724441528e-01
1.082134246826171875e-01
9.725129604339599609e-02
8.391059190034866333e-02
1.097702383995056152e-01
1.132172718644142151e-01
9.666774421930313110e-02
1.367875784635543823e-01
1.461789160966873169e-01
1.015190556645393372e-01
9.301564842462539673e-02
1.151903048157691956e-01
9.626016765832901001e-02
1.214925274252891541e-01
5.532372370362281799e-02
1.445652097463607788e-01
1.403341442346572876e-01
1.058850586414337158e-01
1.272386461496353149e-01
8.605206012725830078e-02
9.780287742614746094e-02
2.016959786415100098e-01
1.073298156261444092e-01
9.471324086189270020e-02
9.976631402969360352e-02
8.149574697017669678e-02
9.938877075910568237e-02
1.049583777785301208e-01
7.469259947538375854e-02
1.120840907096862793e-01
1.345910429954528809e-01
1.021467149257659912e-01
8.186816424131393433e-02
1.142480745911598206e-01
1.217818856239318848e-01
6.185121461749076843e-02
8.496903628110885620e-02
8.865193277597427368e-02
1.062611117959022522e-01
1.010768786072731018e-01
9.815087169408798218e-02
9.272638708353042603e-02
1.257290095090866089e-01
1.169892325997352600e-01
9.270328283309936523e-02
1.503328233957290649e-01
1.202866435050964355e-01
1.304033547639846802e-01
1.221700832247734070e-01
8.784512430429458618e-02
9.607521444559097290e-02
1.159949004650115967e-01
8.287074416875839233e-02
1.247828900814056396e-01
1.145253404974937439e-01
9.234684705734252930e-02
1.120893955230712891e-01
1.816411763429641724e-01
8.785720914602279663e-02
1.049330309033393860e-01
1.321688741445541382e-01
1.398903131484985352e-01
9.023129940032958984e-02
9.991695731878280640e-02
1.584358215332031250e-01
8.624991029500961304e-02
8.869750052690505981e-02
9.146080166101455688e-02
2.684667408466339111e-01
1.427881270647048950e-01
1.190652251243591309e-01
8.822417259216308594e-02
1.089337393641471863e-01
1.071469485759735107e-01
1.010837182402610779e-01
1.409493684768676758e-01
8.632522076368331909e-02
1.652000993490219116e-01
8.306727558374404907e-02
1.231675520539283752e-01
7.761323451995849609e-02
1.204565390944480896e-01
1.964851617813110352e-01
1.212209463119506836e-01
9.877326339483261108e-02
9.948971867561340332e-02
1.098903939127922058e-01
1.045598089694976807e-01
9.518676996231079102e-02
1.490568965673446655e-01
1.086101010441780090e-01
1.694902628660202026e-01
1.146532222628593445e-01
9.838885068893432617e-02
1.296414732933044434e-01
9.201774746179580688e-02
9.176981449127197266e-02
8.994100242853164673e-02
1.193524301052093506e-01
1.101502105593681335e-01
3.395422995090484619e-01
1.049391627311706543e-01
1.299612224102020264e-01
1.113953292369842529e-01
1.502935737371444702e-01
1.367788463830947876e-01
1.220963001251220703e-01
1.180148348212242126e-01
1.222853437066078186e-01
9.796410053968429565e-02
8.740198612213134766e-02
1.058487594127655029e-01
2.322035878896713257e-01
1.358724981546401978e-01
6.940105557441711426e-02
1.780518740415573120e-01
1.134002804756164551e-01
1.214082464575767517e-01
2.057095021009445190e-01
9.598374366760253906e-02
9.794082492589950562e-02
3.654198646545410156e-01
1.953064650297164917e-01
1.222216412425041199e-01
9.520509093999862671e-02
1.174754723906517029e-01
1.450927704572677612e-01
5.165872573852539062e-01
9.452548623085021973e-02
1.629182249307632446e-01
1.311312168836593628e-01
9.141454845666885376e-02
1.217871904373168945e-01
1.034990325570106506e-01
1.196385622024536133e-01
1.655353456735610962e-01
1.277458667755126953e-01
1.649121493101119995e-01
1.110439077019691467e-01
6.693383306264877319e-02
1.322433501482009888e-01
1.131481528282165527e-01
1.175759434700012207e-01
1.744473129510879517e-01
1.173337325453758240e-01
8.839889615774154663e-02
1.143229007720947266e-01
1.289895027875900269e-01
7.601682841777801514e-02
1.202497705817222595e-01
1.326881051063537598e-01
1.066302880644798279e-01
9.126931428909301758e-02
1.466054171323776245e-01
1.001677513122558594e-01
9.843289852142333984e-02
9.735866636037826538e-02
1.178328394889831543e-01
1.153587922453880310e-01
8.273812383413314819e-02
1.164060160517692566e-01
1.155749186873435974e-01
1.497324109077453613e-01
1.244394704699516296e-01
1.691951304674148560e-01
1.053529083728790283e-01
1.276012659072875977e-01
9.648058563470840454e-02
1.005055978894233704e-01
1.503769308328628540e-01
1.226067915558815002e-01
1.086999103426933289e-01
1.376439779996871948e-01
1.182123646140098572e-01
1.086251139640808105e-01
1.082267463207244873e-01
1.338105201721191406e-01
1.876606345176696777e-01
1.032370552420616150e-01
1.551922708749771118e-01
1.121257618069648743e-01
1.164252758026123047e-01
1.500996202230453491e-01
1.835539340972900391e-01
9.515335410833358765e-02
9.285390377044677734e-02
9.613353013992309570e-02
1.097174510359764099e-01
1.047051846981048584e-01
9.734329581260681152e-02
1.039638519287109375e-01
8.520177006721496582e-02
1.090876236557960510e-01
1.524934768676757812e-01
1.452772915363311768e-01
1.087112352252006531e-01
1.088926270604133606e-01
1.043228805065155029e-01
8.681541681289672852e-02
1.348300874233245850e-01
9.560725837945938110e-02
7.938028126955032349e-02
1.062248870730400085e-01
9.857512265443801880e-02
1.122868135571479797e-01
9.504363685846328735e-02
9.006128460168838501e-02
1.414182037115097046e-01
1.095954552292823792e-01
1.078085303306579590e-01
1.266940981149673462e-01
8.423176407814025879e-02
7.659455388784408569e-02
9.400869160890579224e-02
1.118021607398986816e-01
1.449533104896545410e-01
1.066637113690376282e-01
1.060064807534217834e-01
1.557135879993438721e-01
1.062250807881355286e-01
9.839707612991333008e-02
1.070133075118064880e-01
1.273045390844345093e-01
1.440063118934631348e-01
9.987346082925796509e-02
1.428149491548538208e-01
1.111374422907829285e-01
1.193186268210411072e-01
1.321707367897033691e-01
9.221757203340530396e-02
9.368225187063217163e-02
1.035381555557250977e-01
1.268713325262069702e-01
1.119188666343688965e-01
1.045078560709953308e-01
1.244465485215187073e-01
1.162746027112007141e-01
1.040864959359169006e-01
9.728129953145980835e-02
1.546997427940368652e-01
9.296330064535140991e-02
1.388268023729324341e-01
9.820602089166641235e-02
1.185057088732719421e-01
1.204750835895538330e-01
1.308944374322891235e-01
1.418550759553909302e-01
9.548883885145187378e-02
9.894814342260360718e-02
7.124904543161392212e-02
9.965921193361282349e-02
1.684983968734741211e-01
9.509348869323730469e-02
1.436711698770523071e-01
9.885274618864059448e-02
1.198124885559082031e-01
1.228250861167907715e-01
9.357137233018875122e-02
9.952167421579360962e-02
1.027771830558776855e-01
1.096699833869934082e-01
1.279430836439132690e-01
8.434110879898071289e-02
1.158011779189109802e-01
9.429959207773208618e-02
1.072017177939414978e-01
1.229577362537384033e-01
1.876972317695617676e-01
1.248960494995117188e-01
1.102989912033081055e-01
1.309610158205032349e-01
1.322132200002670288e-01
1.009536162018775940e-01
1.028648987412452698e-01
3.195928633213043213e-01
1.059129834175109863e-01
1.489245295524597168e-01
1.211385726928710938e-01
1.109881922602653503e-01
1.118623092770576477e-01
1.026400104165077209e-01
1.901739090681076050e-01
9.780354052782058716e-02
8.537876605987548828e-02
1.947736740112304688e-01
1.684733629226684570e-01
1.241831183433532715e-01
8.881143480539321899e-02
1.768367290496826172e-01
1.054348945617675781e-01
9.028121829032897949e-02
8.699178695678710938e-02
6.494604349136352539e-01
1.207065805792808533e-01
8.869835734367370605e-02
8.171756565570831299e-02
9.461351484060287476e-02
1.150130406022071838e-01
1.483965665102005005e-01
1.551191955804824829e-01
2.254144698381423950e-01
1.195366159081459045e-01
8.893320709466934204e-02
1.215600147843360901e-01
8.121445029973983765e-02
8.406386524438858032e-02
1.385185569524765015e-01
1.109795197844505310e-01
1.140389963984489441e-01
1.273815184831619263e-01
9.177583456039428711e-02
1.234267577528953552e-01
1.760949641466140747e-01
1.302176266908645630e-01
1.202116236090660095e-01
1.374025195837020874e-01
1.279238164424896240e-01
9.884735196828842163e-02
4.272680282592773438e-01
9.966719895601272583e-02
8.411696553230285645e-02
1.389956921339035034e-01
1.200995445251464844e-01
1.080874502658843994e-01
8.289067447185516357e-02
1.693340986967086792e-01
1.997569650411605835e-01
1.154505312442779541e-01
9.012117236852645874e-02
1.027708351612091064e-01
9.739751368761062622e-02
1.437778025865554810e-01
1.134638264775276184e-01
1.038793995976448059e-01
1.042046174407005310e-01
9.397128969430923462e-02
8.258395642042160034e-02
9.457775205373764038e-02
7.330596446990966797e-02
1.163020655512809753e-01
1.215464100241661072e-01
1.280048042535781860e-01
1.091124191880226135e-01
1.160361990332603455e-01
8.704895526170730591e-02
9.824007749557495117e-02
9.281969070434570312e-02
1.764461994171142578e-01
1.579352468252182007e-01
1.011504903435707092e-01
1.100048422813415527e-01
1.088624373078346252e-01
1.146823763847351074e-01
1.180841997265815735e-01
1.032448634505271912e-01
9.817112237215042114e-02
9.358680248260498047e-02
9.763618558645248413e-02
1.141821518540382385e-01
1.158202663064002991e-01
1.160847544670104980e-01
1.227792724967002869e-01
1.045256927609443665e-01
1.137981191277503967e-01
1.239178776741027832e-01
1.013843715190887451e-01
1.430357992649078369e-01
1.065026521682739258e-01
1.155373752117156982e-01
1.333506852388381958e-01
1.283171027898788452e-01
9.749618172645568848e-02
9.139874577522277832e-02
9.258282929658889771e-02
8.778975158929824829e-02
1.403646469116210938e-01
1.180136725306510925e-01
1.476401835680007935e-01
8.622033149003982544e-02
8.490147441625595093e-02
1.337236016988754272e-01
9.766986221075057983e-02
1.391816735267639160e-01
1.659595817327499390e-01
9.490663558244705200e-02
1.186758875846862793e-01
1.153203025460243225e-01
1.327279657125473022e-01
8.362891525030136108e-02
7.645206898450851440e-02
2.359802275896072388e-01
1.222931966185569763e-01
9.786685556173324585e-02
1.905650645494461060e-01
8.672859519720077515e-02
1.199629679322242737e-01
8.986660838127136230e-02
1.642733514308929443e-01
1.125934123992919922e-01
1.216783151030540466e-01
1.249002218246459961e-01
1.053465604782104492e-01
7.947319000959396362e-02
1.007201299071311951e-01
1.063646301627159119e-01
1.034196093678474426e-01
9.889733791351318359e-02
2.474656552076339722e-01
9.743017703294754028e-02
9.104272723197937012e-02
1.699718683958053589e-01
1.040235459804534912e-01
1.231415271759033203e-01
1.330711096525192261e-01
9.439462423324584961e-02
1.313323527574539185e-01
1.033311262726783752e-01
9.952279180288314819e-02
7.795844972133636475e-02
1.123514100909233093e-01
1.114163994789123535e-01
1.279275119304656982e-01
1.120115518569946289e-01
1.266916990280151367e-01
8.997917175292968750e-02
1.085141897201538086e-01
1.348819285631179810e-01
1.188396215438842773e-01
1.889414638280868530e-01
1.234334781765937805e-01
9.488853812217712402e-02
1.043342649936676025e-01
1.003935337066650391e-01
8.845593780279159546e-02
8.799948543310165405e-02
8.013464510440826416e-02
1.142833605408668518e-01
1.110797896981239319e-01
1.292156875133514404e-01
1.467969417572021484e-01
1.065279543399810791e-01
9.579402208328247070e-02
1.040948033332824707e-01
9.704677015542984009e-02
1.436804682016372681e-01
1.149768456816673279e-01
1.138344779610633850e-01
1.158269420266151428e-01
9.026691317558288574e-02
8.956762403249740601e-02
9.630724042654037476e-02
9.121238440275192261e-02
1.045403182506561279e-01
1.553957760334014893e-01
1.629717200994491577e-01
1.300532817840576172e-01
2.456272393465042114e-01
9.331133961677551270e-02
9.316139668226242065e-02
1.373136043548583984e-01
1.078625544905662537e-01
1.345829963684082031e-01
1.634207814931869507e-01
1.488897055387496948e-01
1.146856471896171570e-01
1.569555252790451050e-01
9.875306487083435059e-02
1.086045503616333008e-01
1.088941693305969238e-01
1.054252460598945618e-01
9.549674391746520996e-02
1.713507771492004395e-01
9.959252923727035522e-02
1.192682310938835144e-01
8.329053968191146851e-02
7.555831223726272583e-02
9.612042456865310669e-02
1.170873865485191345e-01
1.135686114430427551e-01
1.274737119674682617e-01
9.422254562377929688e-02
7.266380637884140015e-02
9.885895997285842896e-02
1.336261928081512451e-01
1.235785782337188721e-01
1.322903037071228027e-01
1.001329049468040466e-01
9.871294349431991577e-02
1.673582047224044800e-01
1.069411411881446838e-01
1.838203817605972290e-01
1.078683733940124512e-01
4.304472208023071289e-01
2.211641669273376465e-01
9.157378226518630981e-02
1.488502472639083862e-01
1.513196080923080444e-01
1.325813084840774536e-01
1.162946000695228577e-01
7.698065787553787231e-02
1.371137648820877075e-01
1.256354600191116333e-01
1.038668528199195862e-01
1.110082864761352539e-01
1.318777650594711304e-01
3.983225822448730469e-01
1.467009633779525757e-01
1.362008005380630493e-01
1.746239513158798218e-01
1.275492161512374878e-01
9.187054634094238281e-02
1.354892849922180176e-01
1.716075986623764038e-01
4.259784519672393799e-01
1.280077546834945679e-01
8.852511644363403320e-02
8.557487279176712036e-02
1.511636823415756226e-01
8.333107084035873413e-02
1.527794450521469116e-01
8.139141649007797241e-02
9.780004620552062988e-02
1.322635114192962646e-01
1.123453900218009949e-01
9.122922271490097046e-02
1.146211251616477966e-01
5.042698383331298828e-01
8.576429635286331177e-02
8.758762478828430176e-02
9.650579094886779785e-02
1.599801927804946899e-01
1.297555714845657349e-01
9.355423599481582642e-02
1.250376254320144653e-01
1.251229792833328247e-01
9.593438357114791870e-02
1.622241735458374023e-01
1.303202062845230103e-01
1.108419522643089294e-01
1.101042032241821289e-01
9.685819596052169800e-02
1.676361113786697388e-01
1.200039014220237732e-01
1.393274515867233276e-01
9.540653228759765625e-02
1.224973797798156738e-01
7.323244959115982056e-02
1.345134526491165161e-01
1.173129305243492126e-01
1.134585365653038025e-01
1.334328204393386841e-01
1.366159170866012573e-01
7.878608256578445435e-02
1.187858358025550842e-01
1.417698860168457031e-01
1.531856209039688110e-01
1.010452881455421448e-01
8.862861245870590210e-02
1.539559811353683472e-01
1.153781637549400330e-01
1.159432753920555115e-01
1.221545934677124023e-01
1.189315989613533020e-01
8.474845439195632935e-02
8.513619750738143921e-02
1.550992131233215332e-01
8.756681531667709351e-02
1.086971983313560486e-01
4.591917991638183594e-01
6.836076825857162476e-02
8.454506844282150269e-02
7.051020115613937378e-02
8.828223496675491333e-02
1.123016700148582458e-01
1.114031448960304260e-01
9.585276991128921509e-02
1.004179418087005615e-01
1.567576676607131958e-01
1.355869024991989136e-01
1.144201457500457764e-01
1.409619301557540894e-01
3.328901827335357666e-01
1.070696115493774414e-01
9.903207421302795410e-02
1.166768595576286316e-01
1.013468801975250244e-01
1.119045391678810120e-01
1.418532133102416992e-01
1.013958230614662170e-01
9.695678204298019409e-02
1.446798741817474365e-01
9.756210446357727051e-02
1.075814440846443176e-01
1.274299174547195435e-01
1.996695846319198608e-01
7.282654941082000732e-02
8.643550425767898560e-02
1.010040044784545898e-01
1.617047935724258423e-01
1.073653325438499451e-01
1.057877913117408752e-01
7.687564939260482788e-02
1.162842884659767151e-01
9.550883620977401733e-02
1.497917920351028442e-01
9.063071012496948242e-02
1.164634898304939270e-01
3.071015775203704834e-01
1.165180727839469910e-01
1.283529847860336304e-01
1.009838581085205078e-01
2.878584861755371094e-01
1.083292737603187561e-01
1.133585348725318909e-01
1.080390140414237976e-01
9.476723521947860718e-02
2.125144451856613159e-01
7.981307804584503174e-02
1.045768186450004578e-01
1.147265061736106873e-01
1.179330050945281982e-01
9.752174466848373413e-02
1.774465441703796387e-01
1.114641800522804260e-01
1.162935122847557068e-01
1.109561920166015625e-01
1.086620315909385681e-01
2.291003614664077759e-01
1.535488665103912354e-01
1.099724173545837402e-01
1.300891637802124023e-01
1.016209498047828674e-01
1.184199228882789612e-01
8.766684681177139282e-02
9.587491303682327271e-02
1.152497529983520508e-01
1.181302443146705627e-01
9.809628874063491821e-02
1.171206459403038025e-01
9.086805582046508789e-02
1.497278809547424316e-01
1.158136129379272461e-01
9.304142743349075317e-02
1.127736642956733704e-01
8.324599266052246094e-02
8.454322814941406250e-02
1.809753179550170898e-01
1.029632017016410828e-01
8.602088689804077148e-02
1.257750242948532104e-01
1.118003502488136292e-01
1.291420906782150269e-01
1.021828055381774902e-01
1.296880990266799927e-01
1.401010006666183472e-01
1.010532751679420471e-01
1.060715913772583008e-01
9.927735477685928345e-02
9.810582548379898071e-02
1.000695154070854187e-01
1.903720647096633911e-01
1.202650964260101318e-01
1.157621517777442932e-01
1.203457638621330261e-01
9.045266360044479370e-02
8.944130688905715942e-02
2.715046703815460205e-01
9.505013376474380493e-02
1.736281514167785645e-01
1.779188066720962524e-01
1.046041473746299744e-01
7.550364732742309570e-02
1.213983371853828430e-01
1.181823983788490295e-01
8.307193964719772339e-02
1.086761578917503357e-01
1.508841961622238159e-01
7.207532972097396851e-02
7.044210284948348999e-02
9.519634395837783813e-02
1.316792219877243042e-01
1.107458770275115967e-01
1.260751932859420776e-01
1.156095042824745178e-01
5.192809700965881348e-01
8.320205658674240112e-02
1.647891849279403687e-01
1.087144613265991211e-01
1.133449301123619080e-01
1.066766157746315002e-01
1.254746913909912109e-01
1.257979869842529297e-01
9.815152734518051147e-02
1.009293869137763977e-01
2.468168288469314575e-01
9.949475526809692383e-02
1.443953663110733032e-01
9.890550374984741211e-02
1.261541247367858887e-01
1.038180664181709290e-01
1.105069145560264587e-01
1.363723427057266235e-01
1.106571927666664124e-01
1.128652915358543396e-01
1.108978912234306335e-01
1.168856024742126465e-01
3.215453624725341797e-01
3.132785260677337646e-01
6.446420401334762573e-02
6.827870011329650879e-02
1.123033687472343445e-01
1.604385077953338623e-01
1.010637059807777405e-01
7.953297346830368042e-02
1.192106008529663086e-01
1.377835422754287720e-01
8.911021798849105835e-02
1.473941951990127563e-01
1.503429859876632690e-01
3.057515025138854980e-01
1.786676496267318726e-01
1.161420568823814392e-01
1.078100800514221191e-01
1.279410272836685181e-01
8.708808571100234985e-02
1.225706562399864197e-01
1.172197088599205017e-01
9.443045407533645630e-02
8.550128340721130371e-02
1.710464209318161011e-01
9.867346286773681641e-02
8.575866371393203735e-02
8.675956726074218750e-02
1.080655157566070557e-01
8.913763612508773804e-02
1.095423698425292969e-01
7.387756556272506714e-02
7.783410698175430298e-02
1.386958509683609009e-01
9.411329030990600586e-02
9.351700544357299805e-02
1.009257063269615173e-01
8.962458372116088867e-02
7.737406343221664429e-02
1.045515909790992737e-01
9.651199728250503540e-02
1.088837981224060059e-01
9.797453135251998901e-02
1.038532033562660217e-01
9.317914396524429321e-02
1.330700367689132690e-01
8.972245454788208008e-02
8.011237531900405884e-02
8.959966897964477539e-02
1.330869793891906738e-01
1.058210507035255432e-01
8.463126420974731445e-02
1.087559834122657776e-01
2.998061180114746094e-01
8.933161944150924683e-02
1.228092834353446960e-01
1.023370698094367981e-01
1.012173295021057129e-01
1.132307127118110657e-01
1.315954476594924927e-01
7.831472158432006836e-02
1.053694859147071838e-01
8.870301395654678345e-02
5.452120900154113770e-01
1.094119846820831299e-01
7.016017287969589233e-02
1.251298934221267700e-01
9.535502642393112183e-02
1.012667641043663025e-01
1.276170462369918823e-01
1.083410084247589111e-01
1.295908093452453613e-01
9.064015746116638184e-02
2.095512598752975464e-01
1.266804486513137817e-01
9.305729717016220093e-02
1.226341426372528076e-01
8.742754906415939331e-02
1.003420352935791016e-01
1.010143756866455078e-01
8.682552725076675415e-02
1.013804599642753601e-01
1.618789881467819214e-01
1.256044954061508179e-01
1.060095652937889099e-01
1.229404434561729431e-01
1.009697094559669495e-01
8.711138367652893066e-02
7.825669646263122559e-02
1.606553345918655396e-01
2.712252438068389893e-01
2.610100507736206055e-01
1.093805357813835144e-01
1.233848109841346741e-01
7.998632639646530151e-02
1.490868777036666870e-01
2.124451994895935059e-01
1.342144459486007690e-01
9.680271893739700317e-02
9.728129953145980835e-02
1.149980053305625916e-01
2.899655103683471680e-01
1.154141649603843689e-01
1.000808477401733398e-01
1.062567606568336487e-01
9.493166953325271606e-02
1.185255646705627441e-01
9.862466901540756226e-02
1.179781854152679443e-01
9.918195009231567383e-02
1.489689201116561890e-01
1.060715690255165100e-01
9.339443594217300415e-02
1.045081540942192078e-01
1.013780161738395691e-01
1.060392633080482483e-01
1.291854381561279297e-01
8.346688747406005859e-02
1.794510930776596069e-01
1.522931605577468872e-01
9.531948715448379517e-02
1.460299938917160034e-01
2.142653316259384155e-01
1.239385232329368591e-01
1.639842838048934937e-01
8.972062915563583374e-02
1.188812479376792908e-01
8.474814891815185547e-02
1.115732491016387939e-01
1.114755049347877502e-01
1.204659938812255859e-01
1.716261655092239380e-01
9.255000203847885132e-02
1.023526564240455627e-01
1.041433140635490417e-01
1.033200845122337341e-01
1.088733300566673279e-01
8.665129542350769043e-02
1.061212420463562012e-01
1.063858047127723694e-01
8.715597540140151978e-02
9.755927324295043945e-02
1.269888430833816528e-01
1.516787558794021606e-01
9.453251212835311890e-02
1.602892130613327026e-01
1.230963692069053650e-01
9.283109754323959351e-02
4.057223796844482422e-01
1.348760128021240234e-01
1.070675253868103027e-01
8.746144920587539673e-02
1.923083066940307617e-01
1.434289366006851196e-01
1.004115715622901917e-01
1.081398129463195801e-01
8.678679913282394409e-02
1.274953633546829224e-01
7.181092351675033569e-02
1.207589134573936462e-01
1.338913291692733765e-01
7.714524120092391968e-02
7.524799704551696777e-01
1.000360772013664246e-01
7.447642832994461060e-02
1.064564958214759827e-01
8.520045131444931030e-02
1.444841176271438599e-01
1.056629493832588196e-01
9.382522851228713989e-02
8.285409957170486450e-02
1.773268431425094604e-01
8.994685858488082886e-02
1.359518021345138550e-01
1.012049615383148193e-01
6.632312387228012085e-02
1.146096214652061462e-01
9.224332123994827271e-02
1.369590014219284058e-01
1.290804594755172729e-01
9.983119368553161621e-02
8.655521273612976074e-02
1.168328896164894104e-01
1.077042222023010254e-01
1.203435435891151428e-01
1.244472861289978027e-01
9.310388565063476562e-02
9.342832118272781372e-02
9.440682083368301392e-02
7.639089226722717285e-02
1.022130176424980164e-01
1.339138299226760864e-01
8.681239932775497437e-02
7.517283409833908081e-02
1.135898455977439880e-01
1.185154393315315247e-01
1.303866654634475708e-01
9.040854126214981079e-02
1.204308941960334778e-01
1.073510944843292236e-01
8.798634260892868042e-02
1.392458975315093994e-01
1.465253084897994995e-01
1.139562129974365234e-01
1.179947480559349060e-01
1.246096193790435791e-01
1.268720626831054688e-01
1.024487316608428955e-01
1.212897300720214844e-01
1.142663732171058655e-01
1.148103475570678711e-01
9.390025585889816284e-02
9.959001094102859497e-02
1.166692748665809631e-01
1.167296171188354492e-01
1.218188032507896423e-01
8.315191417932510376e-02
9.853246062994003296e-02
9.572953730821609497e-02
1.411547660827636719e-01
8.833316713571548462e-02
1.320137232542037964e-01
9.594416618347167969e-02
7.576455920934677124e-02
1.054525375366210938e-01
1.215783357620239258e-01
9.268391877412796021e-02
1.039854660630226135e-01
9.786117821931838989e-02
7.936552911996841431e-02
1.547418236732482910e-01
9.694916754961013794e-02
1.322215199470520020e-01
1.922368556261062622e-01
7.308176904916763306e-02
1.040405631065368652e-01
1.101287230849266052e-01
1.414460390806198120e-01
1.388401836156845093e-01
9.197572618722915649e-02
1.138516440987586975e-01
9.623666852712631226e-02
1.374216526746749878e-01
1.116177067160606384e-01
1.274928748607635498e-01
9.129736572504043579e-02
1.435780227184295654e-01
1.105250492691993713e-01
7.862973213195800781e-02
1.235064044594764709e-01
7.301729172468185425e-02
1.142927706241607666e-01
1.075635328888893127e-01
9.671237319707870483e-02
1.289367228746414185e-01
9.876531362533569336e-02
1.155648455023765564e-01
1.508189141750335693e-01
8.704844117164611816e-02
7.979530096054077148e-02
8.462522178888320923e-02
1.014883145689964294e-01
8.833334594964981079e-02
6.573071330785751343e-02
1.115327551960945129e-01
9.219384193420410156e-02
1.434125155210494995e-01
1.157420054078102112e-01
1.605726927518844604e-01
1.200299486517906189e-01
1.162449419498443604e-01
7.772786170244216919e-02
9.242735058069229126e-02
1.403700858354568481e-01
1.251269131898880005e-01
2.302406281232833862e-01
8.948472142219543457e-02
1.249727979302406311e-01
1.093014255166053772e-01
1.034711301326751709e-01
2.062382549047470093e-01
1.238758563995361328e-01
8.747255057096481323e-02
1.777977198362350464e-01
9.333288669586181641e-02
8.803815394639968872e-02
1.518653035163879395e-01
1.189031228423118591e-01
1.892573982477188110e-01
2.295072078704833984e-01
8.274856209754943848e-02
9.733869880437850952e-02
1.007949635386466980e-01
7.546947896480560303e-02
1.100103333592414856e-01
8.262106776237487793e-02
1.028285399079322815e-01
8.353617042303085327e-02
7.800794392824172974e-02
1.186561360955238342e-01
1.087185665965080261e-01
1.133132204413414001e-01
8.728715777397155762e-02
1.119676306843757629e-01
1.245643272995948792e-01
1.146182939410209656e-01
6.912948191165924072e-02
9.451442211866378784e-02
1.066161990165710449e-01
1.061279252171516418e-01
9.203054755926132202e-02
1.043589338660240173e-01
1.115624383091926575e-01
1.003147587180137634e-01
1.223317012190818787e-01
1.112537160515785217e-01
8.689069747924804688e-02
1.423119306564331055e-01
1.055859252810478210e-01
7.683425396680831909e-02
1.090173050761222839e-01
1.245161220431327820e-01
1.180139407515525818e-01
8.204519003629684448e-02
8.219811320304870605e-02
8.224297314882278442e-02
9.946655482053756714e-02
1.132476925849914551e-01
1.054054424166679382e-01
6.983769685029983521e-02
1.212618872523307800e-01
1.283516287803649902e-01
9.426451474428176880e-02
9.553566575050354004e-02
1.474739164113998413e-01
8.000718802213668823e-02
1.145863458514213562e-01
1.064002141356468201e-01
9.996807575225830078e-02
1.071248650550842285e-01
8.620164543390274048e-02
1.100318431854248047e-01
1.747669577598571777e-01
7.162291556596755981e-02
8.782746642827987671e-02
1.054061055183410645e-01
9.966742992401123047e-02
1.290369033813476562e-01
1.434909552335739136e-01
1.165367886424064636e-01
1.065872088074684143e-01
8.785643428564071655e-02
7.798100262880325317e-02
1.049687489867210388e-01
1.503776907920837402e-01
9.296634793281555176e-02
1.097985580563545227e-01
1.060015186667442322e-01
1.259701699018478394e-01
1.288944929838180542e-01
1.531174629926681519e-01
1.072669848799705505e-01
1.216507926583290100e-01
1.270207911729812622e-01
1.465253531932830811e-01
1.242472901940345764e-01
1.095973178744316101e-01
1.499350070953369141e-01
9.832563251256942749e-02
9.384542703628540039e-02
9.720629453659057617e-02
1.092206835746765137e-01
1.279253959655761719e-01
9.020888805389404297e-02
1.459073573350906372e-01
1.211988329887390137e-01
1.071592792868614197e-01
1.144936755299568176e-01
1.641214638948440552e-01
9.880010038614273071e-02
1.195172369480133057e-01
1.550531983375549316e-01
8.909547328948974609e-02
1.375380903482437134e-01
1.283589154481887817e-01
1.157058775424957275e-01
1.089598536491394043e-01
1.208569779992103577e-01
1.850578337907791138e-01
1.155420318245887756e-01
1.354957222938537598e-01
8.786334842443466187e-02
8.228425681591033936e-02
1.669753342866897583e-01
1.050888076424598694e-01
9.812486916780471802e-02
1.002748087048530579e-01
9.674182534217834473e-02
9.082857519388198853e-02
1.336882561445236206e-01
1.225954815745353699e-01
9.436760097742080688e-02
2.289407104253768921e-01
1.388261169195175171e-01
1.007913425564765930e-01
1.023744270205497742e-01
2.137732952833175659e-01
1.185839176177978516e-01
1.182738468050956726e-01
4.607374668121337891e-01
1.140760779380798340e-01
9.716531634330749512e-02
1.427030414342880249e-01
1.032077595591545105e-01
1.036524102091789246e-01
8.673026412725448608e-02
1.581243425607681274e-01
1.875904053449630737e-01
7.614617794752120972e-02
1.028393134474754333e-01
8.705931901931762695e-02
8.248490095138549805e-02
1.480328887701034546e-01
1.455275416374206543e-01
1.286763697862625122e-01
1.107078269124031067e-01
1.253842115402221680e-01
8.347559720277786255e-02
