1.458910703659057617e+00
2.236764430999755859e+00
2.391823291778564453e+00
1.132540822029113770e+00
1.804174542427062988e+00
1.899527072906494141e+00
1.488327860832214355e+00
1.649166822433471680e+00
1.486235857009887695e+00
1.565419197082519531e+00
1.081537485122680664e+00
1.971481919288635254e+00
2.671090126037597656e+00
9.826445579528808594e-01
1.262423515319824219e+00
1.265137791633605957e+00
1.929448962211608887e+00
2.439211368560791016e+00
1.505724787712097168e+00
1.242437839508056641e+00
2.021514415740966797e+00
1.511900305747985840e+00
1.875846385955810547e+00
3.798739910125732422e+00
1.189663767814636230e+00
1.849204778671264648e+00
1.226776957511901855e+00
1.949877262115478516e+00
1.108015179634094238e+00
1.571041345596313477e+00
9.965355396270751953e-01
1.078743457794189453e+00
1.290157675743103027e+00
9.638724327087402344e-01
4.828401088714599609e+00
9.454829692840576172e-01
1.981408357620239258e+00
3.654880046844482422e+00
1.756518125534057617e+00
4.514545440673828125e+00
1.185784935951232910e+00
1.479102611541748047e+00
1.688171386718750000e+00
1.125749588012695312e+00
1.518562793731689453e+00
1.991470813751220703e+00
2.955916643142700195e+00
1.566461443901062012e+00
1.439702987670898438e+00
1.946756720542907715e+00
2.341417312622070312e+00
9.823184013366699219e-01
1.019942998886108398e+00
1.523233890533447266e+00
9.758236408233642578e-01
1.640211820602416992e+00
1.034172773361206055e+00
2.213245391845703125e+00
2.129610300064086914e+00
1.081448674201965332e+00
1.330676436424255371e+00
1.375550031661987305e+00
1.536896228790283203e+00
1.667845010757446289e+00
1.436958074569702148e+00
1.919386625289916992e+00
1.415424227714538574e+00
1.404226064682006836e+00
1.009480834007263184e+00
9.732470512390136719e-01
9.988639354705810547e-01
1.988276720046997070e+00
1.306844472885131836e+00
1.022900342941284180e+00
4.930253982543945312e+00
1.962599754333496094e+00
7.925708889961242676e-01
1.543885946273803711e+00
9.822847843170166016e-01
9.545700550079345703e-01
1.289231538772583008e+00
8.968504667282104492e-01
1.724645018577575684e+00
9.371381998062133789e-01
7.749669551849365234e-01
9.472703933715820312e-01
1.231305360794067383e+00
1.747335672378540039e+00
3.328244686126708984e+00
2.201950788497924805e+00
1.193029880523681641e+00
1.155587792396545410e+00
1.156070709228515625e+00
1.844657778739929199e+00
1.997123479843139648e+00
8.387999534606933594e-01
1.238426923751831055e+00
3.204376697540283203e+00
1.459648609161376953e+00
1.354136943817138672e+00
1.113783359527587891e+00
2.583037137985229492e+00
1.992374300956726074e+00
1.561781883239746094e+00
1.172689318656921387e+00
1.103150010108947754e+00
3.312904357910156250e+00
1.723060131072998047e+00
1.771479487419128418e+00
1.088091373443603516e+00
1.527199864387512207e+00
3.535434722900390625e+00
1.528563499450683594e+00
8.420447707176208496e-01
1.860055208206176758e+00
1.409523963928222656e+00
1.952082753181457520e+00
1.077401161193847656e+00
1.174269199371337891e+00
9.442726373672485352e-01
8.108284473419189453e-01
9.861570596694946289e-01
1.250280380249023438e+00
1.734110832214355469e+00
1.013432145118713379e+00
1.406873106956481934e+00
1.940177202224731445e+00
8.168144226074218750e-01
1.162578701972961426e+00
1.149861812591552734e+00
1.238025665283203125e+00
8.705418109893798828e-01
1.054834246635437012e+00
1.877269387245178223e+00
1.774256467819213867e+00
1.141386747360229492e+00
9.856247901916503906e-01
2.595452070236206055e+00
1.051115989685058594e+00
1.658159613609313965e+00
2.253425598144531250e+00
1.239402055740356445e+00
1.688751459121704102e+00
8.741687536239624023e-01
1.451998233795166016e+00
8.040519952774047852e-01
1.262862205505371094e+00
8.881532549858093262e-01
7.523066401481628418e-01
1.123267650604248047e+00
1.387846946716308594e+00
9.004255533218383789e-01
1.276422142982482910e+00
1.804648995399475098e+00
1.317412376403808594e+00
1.594740033149719238e+00
6.784610748291015625e-01
4.052134513854980469e+00
2.782942771911621094e+00
1.814813971519470215e+00
1.730973243713378906e+00
1.928107857704162598e+00
1.954040408134460449e+00
1.265137910842895508e+00
1.359781980514526367e+00
2.595884799957275391e+00
1.788585662841796875e+00
1.255248546600341797e+00
1.977177619934082031e+00
1.333022117614746094e+00
1.084322333335876465e+00
8.990553617477416992e-01
1.201862931251525879e+00
1.176571846008300781e+00
1.737805128097534180e+00
1.522859692573547363e+00
1.336833477020263672e+00
8.516000509262084961e-01
8.198686838150024414e-01
1.015422105789184570e+00
2.096284151077270508e+00
6.520096063613891602e-01
9.568783044815063477e-01
2.487565040588378906e+00
8.866800665855407715e-01
2.086964368820190430e+00
1.483847379684448242e+00
1.479856252670288086e+00
1.502784490585327148e+00
1.130290746688842773e+00
7.450295090675354004e-01
1.889645695686340332e+00
1.100636482238769531e+00
1.524385452270507812e+00
1.124370813369750977e+00
1.039669275283813477e+00
1.631544947624206543e+00
1.558077573776245117e+00
1.244376420974731445e+00
1.031184911727905273e+00
9.993709325790405273e-01
2.498718738555908203e+00
1.536351919174194336e+00
1.377935171127319336e+00
1.700320720672607422e+00
1.902481794357299805e+00
1.076505899429321289e+00
1.313598871231079102e+00
4.452995300292968750e+00
8.654934167861938477e-01
1.457534790039062500e+00
1.155224800109863281e+00
1.213427662849426270e+00
7.361743450164794922e-01
1.803351283073425293e+00
1.196003317832946777e+00
1.640580892562866211e+00
9.105737209320068359e-01
9.918761253356933594e-01
2.179771423339843750e+00
1.150080442428588867e+00
2.620321750640869141e+00
2.060771942138671875e+00
1.677334427833557129e+00
1.337569713592529297e+00
1.211733102798461914e+00
1.093754291534423828e+00
9.688422083854675293e-01
8.279073238372802734e-01
1.408363699913024902e+00
3.112169742584228516e+00
8.353202939033508301e-01
2.299335241317749023e+00
1.243733167648315430e+00
8.420555591583251953e-01
1.169691443443298340e+00
1.597917556762695312e+00
2.040138721466064453e+00
9.605601429939270020e-01
1.067248344421386719e+00
1.421932220458984375e+00
1.018912434577941895e+00
1.147544980049133301e+00
3.170568466186523438e+00
1.624906063079833984e+00
7.751535177230834961e-01
6.711096763610839844e-01
8.323250412940979004e-01
1.126543998718261719e+00
2.562709331512451172e+00
1.126217722892761230e+00
1.772273659706115723e+00
8.853301405906677246e-01
1.101622343063354492e+00
2.454718589782714844e+00
1.288182854652404785e+00
1.704098701477050781e+00
1.154292941093444824e+00
1.779733180999755859e+00
9.944329857826232910e-01
1.674075961112976074e+00
1.506811857223510742e+00
9.726845026016235352e-01
7.641724348068237305e-01
1.497833728790283203e+00
1.379234075546264648e+00
1.220512628555297852e+00
2.348685503005981445e+00
1.162951827049255371e+00
9.426622390747070312e-01
2.372196912765502930e+00
7.064586877822875977e-01
1.188087582588195801e+00
1.591333270072937012e+00
1.931849002838134766e+00
2.046066284179687500e+00
1.527374625205993652e+00
2.483865022659301758e+00
1.633470296859741211e+00
1.527648687362670898e+00
2.184409141540527344e+00
9.830132126808166504e-01
1.269748210906982422e+00
1.252171754837036133e+00
1.870215296745300293e+00
1.234548807144165039e+00
1.103049039840698242e+00
2.041675567626953125e+00
2.119815349578857422e+00
7.838032245635986328e-01
1.958794832229614258e+00
1.352615714073181152e+00
3.271964073181152344e+00
2.337729930877685547e+00
2.472187280654907227e+00
1.347824811935424805e+00
1.375663280487060547e+00
1.388753414154052734e+00
1.060488224029541016e+00
1.240907788276672363e+00
1.175518751144409180e+00
1.383568167686462402e+00
1.022850155830383301e+00
1.601584911346435547e+00
1.779429554939270020e+00
8.229689598083496094e-01
2.743823528289794922e+00
7.985245585441589355e-01
3.769145488739013672e+00
7.421413064002990723e-01
1.411870479583740234e+00
8.835469484329223633e-01
8.567818403244018555e-01
1.829374551773071289e+00
8.737014532089233398e-01
1.714103221893310547e+00
1.476417779922485352e+00
1.828286409378051758e+00
1.137225866317749023e+00
8.664753437042236328e-01
1.564201831817626953e+00
1.261531710624694824e+00
9.155421853065490723e-01
2.851576805114746094e+00
1.091886520385742188e+00
1.164015769958496094e+00
1.253959417343139648e+00
1.361951351165771484e+00
1.271825790405273438e+00
1.670087099075317383e+00
8.242217898368835449e-01
1.620156526565551758e+00
1.421862125396728516e+00
9.782829880714416504e-01
1.367930412292480469e+00
7.333182692527770996e-01
7.878189682960510254e-01
1.504791498184204102e+00
1.314676523208618164e+00
1.395231604576110840e+00
1.884109258651733398e+00
2.150112152099609375e+00
8.550218343734741211e-01
2.277657508850097656e+00
9.417004585266113281e-01
1.442410469055175781e+00
1.556298971176147461e+00
1.200902462005615234e+00
3.388375520706176758e+00
1.013165473937988281e+00
1.238302826881408691e+00
1.298507690429687500e+00
1.527187347412109375e+00
1.601185083389282227e+00
2.178274154663085938e+00
1.160070180892944336e+00
9.379518032073974609e-01
9.351929426193237305e-01
9.957507848739624023e-01
1.854892730712890625e+00
1.214302420616149902e+00
1.554608821868896484e+00
1.405737996101379395e+00
1.376232385635375977e+00
8.261576890945434570e-01
8.904381394386291504e-01
7.799379825592041016e-01
7.878804802894592285e-01
1.039186596870422363e+00
1.443659782409667969e+00
8.765912055969238281e-01
2.755536556243896484e+00
1.072665095329284668e+00
9.405195713043212891e-01
1.192462325096130371e+00
7.386166453361511230e-01
8.673252463340759277e-01
1.436609983444213867e+00
1.940926074981689453e+00
1.029812335968017578e+00
1.585376024246215820e+00
9.727544784545898438e-01
1.520220398902893066e+00
9.474347829818725586e-01
1.847175955772399902e+00
1.471616983413696289e+00
1.194342970848083496e+00
1.512249469757080078e+00
1.923005461692810059e+00
1.324151754379272461e+00
8.095512390136718750e-01
1.057651519775390625e+00
3.692386388778686523e+00
3.310013294219970703e+00
1.616317749023437500e+00
3.023128986358642578e+00
3.686875820159912109e+00
1.638432502746582031e+00
1.018658041954040527e+00
1.608487129211425781e+00
9.869376420974731445e-01
1.821028470993041992e+00
1.873250246047973633e+00
4.183110713958740234e+00
3.730013370513916016e+00
9.060623645782470703e-01
1.720642566680908203e+00
1.771812200546264648e+00
9.194470047950744629e-01
1.245213985443115234e+00
1.528627157211303711e+00
1.411713957786560059e+00
1.276825428009033203e+00
2.970409631729125977e+00
1.261791229248046875e+00
8.494505286216735840e-01
1.002949953079223633e+00
1.242286920547485352e+00
9.269087314605712891e-01
1.454414010047912598e+00
2.388401508331298828e+00
1.663629651069641113e+00
9.974446296691894531e-01
8.864433169364929199e-01
1.263826131820678711e+00
1.471197128295898438e+00
2.027136325836181641e+00
1.110801458358764648e+00
1.205269813537597656e+00
1.556315898895263672e+00
9.369901418685913086e-01
8.216589093208312988e-01
2.507381916046142578e+00
1.087404370307922363e+00
8.287934660911560059e-01
3.303644180297851562e+00
1.323500871658325195e+00
8.667927980422973633e-01
7.837863564491271973e-01
7.868060469627380371e-01
8.253476619720458984e-01
1.364907741546630859e+00
1.113188028335571289e+00
3.048040390014648438e+00
9.765955805778503418e-01
1.583190679550170898e+00
1.196371555328369141e+00
1.900688767433166504e+00
1.639515519142150879e+00
3.159161567687988281e+00
2.927428722381591797e+00
7.848125696182250977e-01
1.537393808364868164e+00
9.887814521789550781e-01
1.075195074081420898e+00
1.141982555389404297e+00
1.144853472709655762e+00
1.166767477989196777e+00
1.281511902809143066e+00
1.000966310501098633e+00
1.688158869743347168e+00
2.647880554199218750e+00
2.973389148712158203e+00
8.150128722190856934e-01
1.693882703781127930e+00
1.697409391403198242e+00
1.589289426803588867e+00
9.939184188842773438e-01
1.365257024765014648e+00
9.229408502578735352e-01
8.518917560577392578e-01
1.199290990829467773e+00
1.172176837921142578e+00
2.989198207855224609e+00
8.327568173408508301e-01
1.412811756134033203e+00
1.651711225509643555e+00
1.047962427139282227e+00
7.184882164001464844e-01
3.236626386642456055e+00
7.849538326263427734e-01
1.647054672241210938e+00
1.701728820800781250e+00
9.282250404357910156e-01
1.199471354484558105e+00
1.314859747886657715e+00
1.272198081016540527e+00
1.104819655418395996e+00
1.599368453025817871e+00
1.738629341125488281e+00
7.998133897781372070e-01
8.478708863258361816e-01
8.216699957847595215e-01
1.384127378463745117e+00
2.453751564025878906e+00
1.618437051773071289e+00
1.215142369270324707e+00
1.331861734390258789e+00
1.881382226943969727e+00
1.157811641693115234e+00
1.114834547042846680e+00
1.157464623451232910e+00
1.079463005065917969e+00
1.360972881317138672e+00
1.008265495300292969e+00
1.044654130935668945e+00
1.365759611129760742e+00
2.727175951004028320e+00
1.205124139785766602e+00
1.250799417495727539e+00
7.974481582641601562e-01
6.870323419570922852e-01
1.273992061614990234e+00
8.118691444396972656e-01
3.150754928588867188e+00
2.753887891769409180e+00
1.215525150299072266e+00
1.356767177581787109e+00
1.251163363456726074e+00
1.393324255943298340e+00
1.952533364295959473e+00
1.161056756973266602e+00
2.722336292266845703e+00
2.775350093841552734e+00
8.433761596679687500e-01
7.523038387298583984e-01
1.121948242187500000e+00
2.775171756744384766e+00
3.345432281494140625e+00
1.461535334587097168e+00
1.308923482894897461e+00
1.485579729080200195e+00
2.238249063491821289e+00
1.140110969543457031e+00
2.925818681716918945e+00
1.410915851593017578e+00
1.078916668891906738e+00
2.605827808380126953e+00
1.524371623992919922e+00
8.222099542617797852e-01
8.539363145828247070e-01
1.390427350997924805e+00
1.447101831436157227e+00
2.928070783615112305e+00
7.920383810997009277e-01
9.080154895782470703e-01
9.228055477142333984e-01
9.114011526107788086e-01
1.208386659622192383e+00
1.136770009994506836e+00
8.334887623786926270e-01
8.855189085006713867e-01
8.268330097198486328e-01
1.562020540237426758e+00
8.596289157867431641e-01
9.165118336677551270e-01
1.261152029037475586e+00
9.753987789154052734e-01
7.236015796661376953e-01
1.165580868721008301e+00
2.131737709045410156e+00
1.584811329841613770e+00
6.822744607925415039e-01
1.306602120399475098e+00
8.352187871932983398e-01
1.653270483016967773e+00
8.236199617385864258e-01
2.117975711822509766e+00
1.227525353431701660e+00
1.223824262619018555e+00
3.176607131958007812e+00
9.392468333244323730e-01
1.200524568557739258e+00
3.011759281158447266e+00
1.999458312988281250e+00
9.156913161277770996e-01
1.016134738922119141e+00
1.529507875442504883e+00
1.496257781982421875e+00
1.606845617294311523e+00
1.391027688980102539e+00
1.652421236038208008e+00
1.434971690177917480e+00
7.998443841934204102e-01
1.392648220062255859e+00
1.312606573104858398e+00
1.952131986618041992e+00
1.620385408401489258e+00
1.229359626770019531e+00
1.129303216934204102e+00
9.406498074531555176e-01
9.063120484352111816e-01
7.052646279335021973e-01
1.160431146621704102e+00
1.391313791275024414e+00
2.258140325546264648e+00
7.595337033271789551e-01
1.816970825195312500e+00
1.190094351768493652e+00
1.582340002059936523e+00
7.847471237182617188e-01
9.206532239913940430e-01
7.919678092002868652e-01
3.314222812652587891e+00
1.116734385490417480e+00
1.713144421577453613e+00
2.847424507141113281e+00
7.389955520629882812e-01
9.194788932800292969e-01
2.137036800384521484e+00
1.176626205444335938e+00
1.296963930130004883e+00
8.278754949569702148e-01
9.149293303489685059e-01
1.188695311546325684e+00
6.887785196304321289e-01
9.254645109176635742e-01
1.166983604431152344e+00
1.524789214134216309e+00
7.779489755630493164e-01
1.472451329231262207e+00
1.503110408782958984e+00
3.147294044494628906e+00
1.200841903686523438e+00
1.115303277969360352e+00
3.031518936157226562e+00
1.563171625137329102e+00
7.744411826133728027e-01
7.317368984222412109e-01
2.648648262023925781e+00
1.600673198699951172e+00
1.390923261642456055e+00
1.286026716232299805e+00
1.773293256759643555e+00
8.184595108032226562e-01
8.923863768577575684e-01
1.271601676940917969e+00
9.375488162040710449e-01
1.125138282775878906e+00
1.759068250656127930e+00
1.662791609764099121e+00
1.538416147232055664e+00
1.305494666099548340e+00
1.090877771377563477e+00
1.349833250045776367e+00
1.522629737854003906e+00
1.226595640182495117e+00
1.864157319068908691e+00
1.026748418807983398e+00
1.216740846633911133e+00
8.119616508483886719e-01
1.089477062225341797e+00
1.304833173751831055e+00
1.132788062095642090e+00
2.456743955612182617e+00
1.565847396850585938e+00
1.594570398330688477e+00
1.617331266403198242e+00
1.332440853118896484e+00
9.403144121170043945e-01
1.242123842239379883e+00
1.327347755432128906e+00
1.427894592285156250e+00
1.225366115570068359e+00
8.377856016159057617e-01
1.597443819046020508e+00
1.300774574279785156e+00
1.139186143875122070e+00
1.537560939788818359e+00
1.346616148948669434e+00
9.347410202026367188e-01
8.096406459808349609e-01
1.843139886856079102e+00
1.101361513137817383e+00
1.174201488494873047e+00
7.374468445777893066e-01
1.640603661537170410e+00
2.801863670349121094e+00
1.010901451110839844e+00
6.528728604316711426e-01
1.552709937095642090e+00
2.957557678222656250e+00
1.311749815940856934e+00
8.055640459060668945e-01
8.268752098083496094e-01
2.348291873931884766e+00
1.174646377563476562e+00
7.608323097229003906e-01
7.528634667396545410e-01
7.069351673126220703e-01
1.437182188034057617e+00
6.466211080551147461e-01
1.556477308273315430e+00
8.719377517700195312e-01
1.594656348228454590e+00
6.696479916572570801e-01
8.091365098953247070e-01
7.042847275733947754e-01
1.524742126464843750e+00
7.880046963691711426e-01
1.111220359802246094e+00
1.253405809402465820e+00
7.811814546585083008e-01
1.453539133071899414e+00
1.219868659973144531e+00
2.022917270660400391e+00
1.328836321830749512e+00
1.009401321411132812e+00
2.555216789245605469e+00
1.201827287673950195e+00
1.516197562217712402e+00
7.217430472373962402e-01
2.550987243652343750e+00
7.225626707077026367e-01
1.358616590499877930e+00
1.276768207550048828e+00
8.247088193893432617e-01
2.260393381118774414e+00
1.181343078613281250e+00
1.490718364715576172e+00
7.650578022003173828e-01
1.158475041389465332e+00
7.714042663574218750e-01
1.159759759902954102e+00
2.569748401641845703e+00
1.377348184585571289e+00
8.797694444656372070e-01
1.982030630111694336e+00
1.286655187606811523e+00
1.184026360511779785e+00
7.338080406188964844e-01
9.697084426879882812e-01
8.434387445449829102e-01
9.745662808418273926e-01
8.300596475601196289e-01
1.534523725509643555e+00
9.813175797462463379e-01
7.376481294631958008e-01
1.187481284141540527e+00
6.565653085708618164e-01
7.796769142150878906e-01
1.412016749382019043e+00
8.571115136146545410e-01
6.752026081085205078e-01
3.349866390228271484e+00
1.327883005142211914e+00
2.521750926971435547e+00
8.160957694053649902e-01
8.324117660522460938e-01
1.179795742034912109e+00
1.553752779960632324e+00
9.239751100540161133e-01
6.318106055259704590e-01
2.332874059677124023e+00
1.392849683761596680e+00
1.412437081336975098e+00
8.539378643035888672e-01
1.246109008789062500e+00
1.485601544380187988e+00
2.103452205657958984e+00
1.230456590652465820e+00
1.115255355834960938e+00
1.563680887222290039e+00
7.283543348312377930e-01
7.768462896347045898e-01
8.102042675018310547e-01
1.505686044692993164e+00
6.900410056114196777e-01
1.101949214935302734e+00
1.168245911598205566e+00
1.087368965148925781e+00
1.062911510467529297e+00
7.669033408164978027e-01
1.559099912643432617e+00
7.437355518341064453e-01
1.215948224067687988e+00
7.340397238731384277e-01
1.318498134613037109e+00
1.054375052452087402e+00
8.404992818832397461e-01
1.121686220169067383e+00
9.717306494712829590e-01
1.949322700500488281e+00
1.134376168251037598e+00
6.709458231925964355e-01
1.107473254203796387e+00
1.242032527923583984e+00
1.114914894104003906e+00
1.137031078338623047e+00
1.440138578414916992e+00
7.666765451431274414e-01
1.287218451499938965e+00
1.440885543823242188e+00
7.454130649566650391e-01
8.232076168060302734e-01
1.358989596366882324e+00
1.700045585632324219e+00
9.044650793075561523e-01
1.261497020721435547e+00
7.709826827049255371e-01
7.325264215469360352e-01
1.024763822555541992e+00
9.872269630432128906e-01
1.569127559661865234e+00
1.105598449707031250e+00
1.251693487167358398e+00
2.281495332717895508e+00
6.557034254074096680e-01
2.837176561355590820e+00
1.042455673217773438e+00
2.201899528503417969e+00
1.466345071792602539e+00
6.324588060379028320e-01
7.422406077384948730e-01
1.430759906768798828e+00
2.071654319763183594e+00
1.660344362258911133e+00
7.578182816505432129e-01
1.006411671638488770e+00
1.064543962478637695e+00
1.236878633499145508e+00
8.162773847579956055e-01
7.797179222106933594e-01
7.666398286819458008e-01
1.432602286338806152e+00
1.932900667190551758e+00
6.591321229934692383e-01
1.422043204307556152e+00
1.146742105484008789e+00
1.293313741683959961e+00
7.590363025665283203e-01
1.160280942916870117e+00
1.098029851913452148e+00
7.835896015167236328e-01
7.570986747741699219e-01
9.720888137817382812e-01
1.907892942428588867e+00
1.241072535514831543e+00
1.150585889816284180e+00
8.623851537704467773e-01
2.423014640808105469e+00
6.996207237243652344e-01
1.014223098754882812e+00
9.378790855407714844e-01
8.523566722869873047e-01
1.077606439590454102e+00
1.052922964096069336e+00
1.166330337524414062e+00
1.806090235710144043e+00
1.264752149581909180e+00
8.117543458938598633e-01
8.019083142280578613e-01
1.170764923095703125e+00
1.190914869308471680e+00
7.838537096977233887e-01
2.797505855560302734e+00
2.548565626144409180e+00
8.294497728347778320e-01
1.939481973648071289e+00
1.419979810714721680e+00
1.322795033454895020e+00
1.457953929901123047e+00
7.844558954238891602e-01
1.285255789756774902e+00
2.010779619216918945e+00
9.965565800666809082e-01
1.643723964691162109e+00
6.066861748695373535e-01
1.439961194992065430e+00
1.223808765411376953e+00
1.248071908950805664e+00
9.695295691490173340e-01
1.521341562271118164e+00
1.384558320045471191e+00
1.348128795623779297e+00
7.020854949951171875e-01
9.885381460189819336e-01
1.264202833175659180e+00
1.421815276145935059e+00
9.148091077804565430e-01
9.432365894317626953e-01
1.167648792266845703e+00
1.693284988403320312e+00
1.458851814270019531e+00
1.325856924057006836e+00
1.224097967147827148e+00
6.157534122467041016e-01
8.192010521888732910e-01
1.867177724838256836e+00
2.181091547012329102e+00
2.651258707046508789e+00
1.871123552322387695e+00
1.176059246063232422e+00
1.036648511886596680e+00
8.397625684738159180e-01
2.358011245727539062e+00
1.303642034530639648e+00
7.057734727859497070e-01
6.778477430343627930e-01
8.311671018600463867e-01
1.109754323959350586e+00
5.615711212158203125e-01
1.627978444099426270e+00
1.331587314605712891e+00
6.601184010505676270e-01
7.321435213088989258e-01
1.217282533645629883e+00
8.230554461479187012e-01
1.302969098091125488e+00
1.234338998794555664e+00
1.331074833869934082e+00
9.795956611633300781e-01
1.054733991622924805e+00
6.951835155487060547e-01
9.254484176635742188e-01
1.480266213417053223e+00
8.538296222686767578e-01
1.438480138778686523e+00
1.203871488571166992e+00
1.405135154724121094e+00
8.019669651985168457e-01
1.915587186813354492e+00
7.092742919921875000e-01
1.007674455642700195e+00
1.316653847694396973e+00
1.001228570938110352e+00
9.507296085357666016e-01
3.192167282104492188e+00
1.717888116836547852e+00
1.162738919258117676e+00
7.214518785476684570e-01
1.144271850585937500e+00
9.346434473991394043e-01
9.104529619216918945e-01
3.019667863845825195e+00
9.121248126029968262e-01
2.851440906524658203e+00
9.630797505378723145e-01
9.890668988227844238e-01
1.073995351791381836e+00
1.645706892013549805e+00
2.720324993133544922e+00
9.235918521881103516e-01
1.176831364631652832e+00
7.164630889892578125e-01
1.217967510223388672e+00
7.061598300933837891e-01
9.353255629539489746e-01
1.200867414474487305e+00
6.966989040374755859e-01
7.138292193412780762e-01
1.417302489280700684e+00
1.364074826240539551e+00
7.567301988601684570e-01
1.181976914405822754e+00
1.320461630821228027e+00
1.181042909622192383e+00
1.238376736640930176e+00
1.155082941055297852e+00
1.176090478897094727e+00
7.423534989356994629e-01
1.179815292358398438e+00
1.110284328460693359e+00
6.723611950874328613e-01
1.084668993949890137e+00
1.456962585449218750e+00
8.309493660926818848e-01
1.447516798973083496e+00
7.575517296791076660e-01
5.567504167556762695e-01
1.690855383872985840e+00
1.274650692939758301e+00
1.416628956794738770e+00
6.863864660263061523e-01
8.591821193695068359e-01
1.462024450302124023e+00
1.111898183822631836e+00
1.340206861495971680e+00
1.176000356674194336e+00
1.472950577735900879e+00
2.576220989227294922e+00
7.495143413543701172e-01
1.585052251815795898e+00
2.973049402236938477e+00
8.063876628875732422e-01
1.392636060714721680e+00
2.053539276123046875e+00
6.966545581817626953e-01
7.400573492050170898e-01
1.709046244621276855e+00
1.883665800094604492e+00
7.889157533645629883e-01
1.233429074287414551e+00
7.831712365150451660e-01
5.778408050537109375e-01
1.497659444808959961e+00
3.977758884429931641e+00
1.048161745071411133e+00
7.143685221672058105e-01
1.604991912841796875e+00
1.529243350028991699e+00
8.560035228729248047e-01
1.270693778991699219e+00
1.498200774192810059e+00
8.278192281723022461e-01
7.197368144989013672e-01
2.289949178695678711e+00
1.799809813499450684e+00
1.300103306770324707e+00
1.926896095275878906e+00
6.809985041618347168e-01
1.584284543991088867e+00
1.141757965087890625e+00
2.110198020935058594e+00
1.640396356582641602e+00
1.676459193229675293e+00
9.851750135421752930e-01
7.518126368522644043e-01
2.010587215423583984e+00
7.595378756523132324e-01
1.133251428604125977e+00
8.130192160606384277e-01
1.012751340866088867e+00
7.161290645599365234e-01
1.016802549362182617e+00
9.443377256393432617e-01
1.675526976585388184e+00
1.271313428878784180e+00
1.652427554130554199e+00
7.121089696884155273e-01
1.116351366043090820e+00
7.120913267135620117e-01
1.048635959625244141e+00
1.248315930366516113e+00
1.053180932998657227e+00
7.534693479537963867e-01
1.244198083877563477e+00
7.188180685043334961e-01
2.290974855422973633e+00
7.880362272262573242e-01
1.148113012313842773e+00
1.738592147827148438e+00
1.354812145233154297e+00
7.737708687782287598e-01
1.184256315231323242e+00
1.214462757110595703e+00
7.995028495788574219e-01
8.515228033065795898e-01
2.985491275787353516e+00
2.308044433593750000e+00
7.789669036865234375e-01
6.990112662315368652e-01
6.882293224334716797e-01
2.426460266113281250e+00
7.555374503135681152e-01
7.829189300537109375e-01
1.332276105880737305e+00
1.020863652229309082e+00
1.610952377319335938e+00
1.418627262115478516e+00
2.339764595031738281e+00
1.914020299911499023e+00
9.004594683647155762e-01
9.364713430404663086e-01
1.370733261108398438e+00
7.765017747879028320e-01
1.188247561454772949e+00
1.097836017608642578e+00
1.069002270698547363e+00
8.723888397216796875e-01
1.987918019294738770e+00
1.217347860336303711e+00
6.857763528823852539e-01
8.332123160362243652e-01
1.131354570388793945e+00
1.319495439529418945e+00
1.094447016716003418e+00
7.615768313407897949e-01
7.521866559982299805e-01
8.320671319961547852e-01
1.208454132080078125e+00
6.803139448165893555e-01
7.389895915985107422e-01
3.348592758178710938e+00
1.112116813659667969e+00
1.411742448806762695e+00
1.981260538101196289e+00
1.199150562286376953e+00
8.085257411003112793e-01
7.479441165924072266e-01
8.571705222129821777e-01
2.844907999038696289e+00
1.630324721336364746e+00
9.964255094528198242e-01
1.042813658714294434e+00
1.535924792289733887e+00
8.365106582641601562e-01
2.594935655593872070e+00
7.009077668190002441e-01
9.640491008758544922e-01
1.254759550094604492e+00
7.537167072296142578e-01
8.773677349090576172e-01
1.527945160865783691e+00
1.161450386047363281e+00
9.567636251449584961e-01
1.840340852737426758e+00
1.168318033218383789e+00
1.308021187782287598e+00
6.902452707290649414e-01
1.426586151123046875e+00
2.208133935928344727e+00
1.400737881660461426e+00
2.555647611618041992e+00
9.489001035690307617e-01
8.983932137489318848e-01
1.220760583877563477e+00
2.386895179748535156e+00
2.661448001861572266e+00
2.911229610443115234e+00
7.066549062728881836e-01
1.099579095840454102e+00
1.620402455329895020e+00
1.243768453598022461e+00
1.005595922470092773e+00
9.916288852691650391e-01
7.242100238800048828e-01
7.621047496795654297e-01
9.505380988121032715e-01
1.436532020568847656e+00
1.092753171920776367e+00
1.566991686820983887e+00
2.566205501556396484e+00
1.193284511566162109e+00
2.129581451416015625e+00
1.166487574577331543e+00
2.280927896499633789e+00
1.020097613334655762e+00
1.472983598709106445e+00
6.392285823822021484e-01
1.047168016433715820e+00
1.230592012405395508e+00
2.459532022476196289e+00
1.487629652023315430e+00
1.142281651496887207e+00
7.696658372879028320e-01
1.705324172973632812e+00
6.857060790061950684e-01
8.435741662979125977e-01
1.196885704994201660e+00
1.301158666610717773e+00
1.026726484298706055e+00
1.374529004096984863e+00
1.249166488647460938e+00
1.307157039642333984e+00
6.774560809135437012e-01
1.196164250373840332e+00
6.181585192680358887e-01
8.080506324768066406e-01
1.242327690124511719e+00
7.223892211914062500e-01
1.099293828010559082e+00
9.753863215446472168e-01
6.484715342521667480e-01
1.236520886421203613e+00
7.240283489227294922e-01
2.480805397033691406e+00
6.556004285812377930e-01
7.955832481384277344e-01
1.333474278450012207e+00
8.215531110763549805e-01
1.865226984024047852e+00
6.621316671371459961e-01
1.072988033294677734e+00
1.262841582298278809e+00
1.213049650192260742e+00
1.275334596633911133e+00
1.264489412307739258e+00
6.686518192291259766e-01
6.456640958786010742e-01
1.496006965637207031e+00
1.152233481407165527e+00
1.267993688583374023e+00
2.653423309326171875e+00
7.219644784927368164e-01
1.065014004707336426e+00
1.198406338691711426e+00
6.711936593055725098e-01
9.941291213035583496e-01
8.772470951080322266e-01
1.590184211730957031e+00
7.703400850296020508e-01
7.314897775650024414e-01
6.187694668769836426e-01
2.381652832031250000e+00
1.227035880088806152e+00
6.997900009155273438e-01
1.148306727409362793e+00
8.422219753265380859e-01
6.539462804794311523e-01
6.008843183517456055e-01
1.485391616821289062e+00
1.446392059326171875e+00
1.633359909057617188e+00
8.043177127838134766e-01
1.102592825889587402e+00
6.571667790412902832e-01
7.250484824180603027e-01
8.050863742828369141e-01
9.565517902374267578e-01
2.849039554595947266e+00
1.328412294387817383e+00
1.673300743103027344e+00
1.059152007102966309e+00
6.150574684143066406e-01
1.346108794212341309e+00
7.129126787185668945e-01
9.716368317604064941e-01
1.661265611648559570e+00
1.044546365737915039e+00
2.133927345275878906e+00
2.889935016632080078e+00
6.764593720436096191e-01
1.323167085647583008e+00
9.593234658241271973e-01
7.565941214561462402e-01
1.462545871734619141e+00
1.107230901718139648e+00
1.458085536956787109e+00
8.944857716560363770e-01
2.151827812194824219e+00
1.061806321144104004e+00
1.429376602172851562e+00
1.223973274230957031e+00
1.311793327331542969e+00
7.396370768547058105e-01
7.941880226135253906e-01
1.388341546058654785e+00
1.558542013168334961e+00
1.222932100296020508e+00
7.988818883895874023e-01
9.193024039268493652e-01
7.989156246185302734e-01
2.296612262725830078e+00
7.209867835044860840e-01
7.705600261688232422e-01
1.108165264129638672e+00
1.229655027389526367e+00
1.213438272476196289e+00
1.392148137092590332e+00
2.799674272537231445e+00
7.516300678253173828e-01
8.169267177581787109e-01
8.596602678298950195e-01
7.465610504150390625e-01
9.953296780586242676e-01
7.390197515487670898e-01
1.796196341514587402e+00
9.290488958358764648e-01
7.766615748405456543e-01
7.297564744949340820e-01
6.671695113182067871e-01
1.526378393173217773e+00
1.451633095741271973e+00
7.727184295654296875e-01
1.326524376869201660e+00
7.477370500564575195e-01
1.086263179779052734e+00
1.267175912857055664e+00
1.396466970443725586e+00
1.044951438903808594e+00
9.185679554939270020e-01
1.204975366592407227e+00
1.092295646667480469e+00
7.010535597801208496e-01
7.007245421409606934e-01
6.548120975494384766e-01
1.373093724250793457e+00
1.039486885070800781e+00
1.289017677307128906e+00
9.308256506919860840e-01
8.111084103584289551e-01
1.203929901123046875e+00
1.493111252784729004e+00
1.040168762207031250e+00
6.839863061904907227e-01
6.891385316848754883e-01
1.311346888542175293e+00
1.694538831710815430e+00
1.226510047912597656e+00
1.290808081626892090e+00
7.362960577011108398e-01
1.164518594741821289e+00
6.676031351089477539e-01
1.163090705871582031e+00
6.951205134391784668e-01
1.481538057327270508e+00
1.810554504394531250e+00
8.070465326309204102e-01
1.205076217651367188e+00
8.595198392868041992e-01
1.376909732818603516e+00
1.028794646263122559e+00
