5.465909242630004883e-01
4.186004102230072021e-01
2.522234916687011719e-01
2.642143368721008301e-01
4.820004701614379883e-01
4.710925221443176270e-01
3.227964043617248535e-01
2.581192255020141602e-01
2.535481154918670654e-01
2.720431387424468994e-01
4.060829281806945801e-01
9.894996285438537598e-01
2.358061075210571289e-01
4.216758608818054199e-01
2.298756986856460571e-01
2.774117290973663330e-01
8.023964166641235352e-01
4.235146343708038330e-01
4.809430241584777832e-01
4.936553835868835449e-01
2.883164584636688232e-01
9.067398905754089355e-01
3.565111160278320312e-01
4.907292127609252930e-01
5.169683694839477539e-01
2.046556472778320312e-01
3.540039062500000000e-01
9.770215153694152832e-01
6.828628778457641602e-01
2.523096203804016113e-01
4.572529792785644531e-01
5.143823623657226562e-01
3.975921273231506348e-01
5.932618975639343262e-01
2.688381075859069824e-01
3.265222609043121338e-01
4.847086668014526367e-01
4.590694606304168701e-01
3.447470664978027344e-01
4.800016880035400391e-01
2.171593159437179565e-01
2.578915357589721680e-01
2.098252475261688232e-01
3.005251288414001465e-01
2.450261414051055908e-01
4.345284700393676758e-01
3.647808432579040527e-01
4.550480544567108154e-01
3.592874109745025635e-01
4.962108135223388672e-01
4.999622106552124023e-01
4.436720013618469238e-01
3.510878086090087891e-01
3.264605104923248291e-01
6.188436150550842285e-01
3.274150192737579346e-01
4.121828079223632812e-01
4.210011363029479980e-01
3.075323700904846191e-01
4.571413993835449219e-01
4.847364127635955811e-01
4.712506532669067383e-01
9.840666651725769043e-01
4.701630473136901855e-01
3.168443441390991211e-01
4.899641871452331543e-01
7.080564498901367188e-01
5.107812881469726562e-01
3.681927919387817383e-01
2.684425711631774902e-01
4.284135103225708008e-01
2.739155888557434082e-01
4.424507915973663330e-01
2.670145630836486816e-01
4.467405676841735840e-01
6.375139355659484863e-01
3.579440116882324219e-01
5.268037319183349609e-01
8.513094186782836914e-01
5.265906453132629395e-01
4.437814354896545410e-01
3.880957961082458496e-01
5.705866813659667969e-01
4.687875509262084961e-01
4.564484953880310059e-01
3.505914211273193359e-01
7.089893221855163574e-01
3.134536743164062500e-01
5.677464008331298828e-01
2.856665253639221191e-01
2.199606001377105713e-01
8.303571343421936035e-01
3.967118859291076660e-01
3.311272263526916504e-01
4.519111216068267822e-01
2.809110283851623535e-01
3.493791818618774414e-01
4.186103940010070801e-01
3.584610819816589355e-01
4.388161003589630127e-01
2.422864437103271484e-01
2.990707159042358398e-01
3.737969696521759033e-01
5.711753368377685547e-01
5.648261308670043945e-01
2.975516617298126221e-01
2.385140508413314819e-01
5.332610607147216797e-01
5.411098003387451172e-01
2.344219833612442017e-01
4.529404044151306152e-01
3.208013772964477539e-01
4.198215603828430176e-01
2.513167262077331543e-01
7.384132742881774902e-01
7.305141687393188477e-01
4.186401367187500000e-01
3.476416468620300293e-01
6.193658113479614258e-01
6.519041061401367188e-01
2.666295766830444336e-01
4.839286208152770996e-01
4.197638332843780518e-01
2.398788034915924072e-01
5.961052179336547852e-01
5.109000205993652344e-01
4.574320912361145020e-01
2.101865708827972412e-01
1.160399675369262695e+00
3.157098889350891113e-01
2.490655183792114258e-01
4.046442508697509766e-01
3.748022615909576416e-01
5.081825256347656250e-01
1.648260056972503662e-01
2.182314395904541016e-01
4.336429238319396973e-01
7.696114778518676758e-01
3.669072985649108887e-01
4.057715535163879395e-01
4.091422855854034424e-01
8.680346012115478516e-01
5.653225183486938477e-01
3.481963276863098145e-01
2.461647391319274902e-01
5.590013265609741211e-01
4.547677040100097656e-01
5.013161897659301758e-01
3.694109916687011719e-01
2.797498703002929688e-01
4.184812009334564209e-01
3.577198982238769531e-01
2.880051136016845703e-01
1.105482339859008789e+00
5.299229025840759277e-01
2.396266162395477295e-01
5.371543765068054199e-01
2.982861399650573730e-01
5.906183719635009766e-01
4.345498383045196533e-01
3.551622629165649414e-01
1.622624546289443970e-01
5.725378990173339844e-01
2.927160263061523438e-01
3.717931210994720459e-01
2.723243236541748047e-01
4.625363647937774658e-01
2.262948900461196899e-01
3.938319683074951172e-01
8.080257177352905273e-01
3.479312658309936523e-01
2.601762413978576660e-01
9.795004725456237793e-01
4.362779855728149414e-01
1.891989409923553467e-01
5.800520777702331543e-01
4.317517280578613281e-01
3.123142719268798828e-01
5.334918498992919922e-01
2.426931262016296387e-01
4.201495051383972168e-01
2.354935705661773682e-01
5.502772927284240723e-01
2.674069702625274658e-01
4.359538555145263672e-01
3.910971283912658691e-01
3.036598563194274902e-01
5.289715528488159180e-01
3.788942098617553711e-01
3.091368377208709717e-01
3.762741684913635254e-01
3.461727201938629150e-01
4.939253926277160645e-01
4.983626902103424072e-01
4.064027369022369385e-01
3.341920375823974609e-01
5.168181061744689941e-01
4.648141860961914062e-01
2.507375478744506836e-01
2.221288233995437622e-01
4.330525100231170654e-01
4.934674799442291260e-01
4.641879200935363770e-01
4.508761763572692871e-01
8.414808511734008789e-01
2.621661722660064697e-01
3.598051667213439941e-01
5.283517241477966309e-01
3.463769555091857910e-01
4.539018273353576660e-01
3.991609811782836914e-01
2.156971395015716553e-01
9.152940511703491211e-01
4.028573036193847656e-01
4.837635755538940430e-01
4.594877362251281738e-01
3.870256245136260986e-01
2.768480181694030762e-01
2.813163697719573975e-01
4.149266779422760010e-01
2.238795906305313110e-01
5.270953178405761719e-01
4.871970415115356445e-01
9.469934701919555664e-01
4.090340435504913330e-01
2.314480841159820557e-01
5.092053413391113281e-01
2.458064556121826172e-01
6.182571053504943848e-01
4.082730412483215332e-01
3.632439076900482178e-01
2.435077130794525146e-01
4.845046401023864746e-01
7.640041708946228027e-01
2.389233410358428955e-01
2.651922106742858887e-01
4.954769611358642578e-01
1.918950080871582031e-01
4.180583357810974121e-01
4.469004869461059570e-01
2.279031574726104736e-01
3.203050494194030762e-01
4.999819993972778320e-01
4.827031791210174561e-01
2.791960835456848145e-01
4.629282951354980469e-01
7.454243898391723633e-01
4.582912027835845947e-01
3.576883077621459961e-01
2.185600847005844116e-01
2.493482828140258789e-01
3.870082795619964600e-01
4.602401256561279297e-01
4.615437686443328857e-01
4.803520143032073975e-01
4.302209019660949707e-01
3.651628196239471436e-01
1.944904476404190063e-01
5.015789866447448730e-01
2.333804965019226074e-01
3.852176666259765625e-01
4.303886592388153076e-01
6.718790531158447266e-01
8.996403217315673828e-01
6.865338087081909180e-01
4.684472084045410156e-01
4.800569415092468262e-01
2.800974249839782715e-01
2.788591086864471436e-01
2.104877233505249023e-01
7.521982789039611816e-01
5.928187370300292969e-01
4.528093934059143066e-01
4.202995896339416504e-01
7.105086445808410645e-01
4.608778357505798340e-01
2.394626885652542114e-01
4.867359101772308350e-01
4.989112317562103271e-01
4.571100473403930664e-01
2.888236045837402344e-01
1.963964402675628662e-01
3.072461187839508057e-01
4.343357086181640625e-01
4.022653996944427490e-01
6.275830268859863281e-01
3.661794364452362061e-01
3.878216743469238281e-01
2.635344862937927246e-01
4.793012440204620361e-01
4.082526564598083496e-01
2.707004547119140625e-01
3.070577979087829590e-01
2.909208834171295166e-01
2.910023927688598633e-01
2.018399834632873535e-01
7.643258571624755859e-01
3.239293098449707031e-01
3.997879624366760254e-01
7.229502201080322266e-01
2.423364520072937012e-01
4.826877117156982422e-01
2.414931654930114746e-01
8.266265392303466797e-01
3.533053994178771973e-01
2.067338377237319946e-01
6.103077530860900879e-01
2.718932628631591797e-01
4.136269986629486084e-01
3.503124117851257324e-01
2.929214835166931152e-01
4.009931683540344238e-01
5.459212064743041992e-01
3.457139134407043457e-01
4.797956645488739014e-01
4.991867840290069580e-01
4.206255078315734863e-01
5.958367586135864258e-01
3.321064710617065430e-01
3.846720457077026367e-01
5.186452865600585938e-01
2.594371438026428223e-01
2.602896690368652344e-01
8.502935171127319336e-01
4.288320839405059814e-01
3.823008537292480469e-01
2.704342603683471680e-01
4.265809655189514160e-01
5.428452491760253906e-01
2.720052003860473633e-01
2.755272388458251953e-01
3.678159713745117188e-01
3.048251271247863770e-01
3.798382878303527832e-01
5.095283985137939453e-01
4.414967894554138184e-01
4.933249354362487793e-01
3.941044211387634277e-01
5.393782854080200195e-01
5.626204609870910645e-01
5.208085775375366211e-01
5.373139977455139160e-01
3.634403347969055176e-01
5.106536746025085449e-01
3.917240500450134277e-01
5.175118446350097656e-01
2.727144360542297363e-01
6.258232593536376953e-01
6.673433780670166016e-01
1.924740970134735107e-01
6.516761183738708496e-01
5.394071936607360840e-01
3.098146617412567139e-01
4.616580903530120850e-01
4.399435818195343018e-01
3.505555689334869385e-01
6.378837227821350098e-01
5.093724727630615234e-01
5.308257341384887695e-01
5.068153142929077148e-01
4.309998154640197754e-01
2.628360390663146973e-01
9.370391368865966797e-01
3.571782112121582031e-01
8.460352420806884766e-01
4.572828114032745361e-01
3.520295023918151855e-01
9.644082784652709961e-01
5.069733858108520508e-01
7.923438549041748047e-01
5.615833401679992676e-01
4.415562748908996582e-01
2.541940212249755859e-01
5.194282531738281250e-01
4.132216572761535645e-01
1.953392922878265381e-01
6.138097643852233887e-01
3.354196548461914062e-01
5.313490033149719238e-01
4.428544938564300537e-01
4.046998620033264160e-01
3.947909474372863770e-01
9.396387934684753418e-01
3.322361707687377930e-01
3.729680776596069336e-01
2.656913399696350098e-01
2.564719319343566895e-01
5.054246187210083008e-01
4.282618761062622070e-01
7.968248128890991211e-01
2.035317122936248779e-01
3.051124215126037598e-01
2.491371333599090576e-01
2.517194747924804688e-01
3.992096185684204102e-01
2.459095120429992676e-01
5.480247735977172852e-01
6.163785457611083984e-01
7.148926258087158203e-01
4.876635670661926270e-01
4.447352886199951172e-01
2.736044824123382568e-01
2.773079276084899902e-01
5.144560337066650391e-01
4.566221237182617188e-01
5.370616316795349121e-01
2.621492445468902588e-01
6.249217987060546875e-01
6.431359648704528809e-01
9.202353954315185547e-01
3.962663114070892334e-01
2.845456302165985107e-01
6.230413913726806641e-01
3.832368850708007812e-01
2.470741569995880127e-01
4.199873208999633789e-01
5.893665552139282227e-01
3.857529759407043457e-01
5.166119933128356934e-01
5.987386703491210938e-01
3.235885500907897949e-01
2.022083699703216553e-01
2.389478832483291626e-01
3.829675614833831787e-01
2.623623609542846680e-01
8.597893714904785156e-01
2.080256491899490356e-01
2.132421135902404785e-01
3.512105941772460938e-01
6.419802904129028320e-01
5.322675704956054688e-01
5.374441742897033691e-01
7.108227014541625977e-01
7.039681673049926758e-01
2.359198629856109619e-01
6.058557033538818359e-01
4.376348853111267090e-01
2.736088931560516357e-01
3.770653605461120605e-01
1.824630796909332275e-01
5.137686133384704590e-01
9.197977781295776367e-01
2.620841860771179199e-01
8.371784090995788574e-01
4.281024038791656494e-01
3.491724729537963867e-01
3.011645078659057617e-01
5.603438019752502441e-01
5.197128057479858398e-01
6.548885107040405273e-01
1.005891442298889160e+00
4.814763069152832031e-01
4.838831424713134766e-01
4.737549424171447754e-01
2.687084674835205078e-01
2.882846891880035400e-01
4.452107548713684082e-01
5.885987281799316406e-01
3.993305861949920654e-01
3.866754174232482910e-01
1.115574598312377930e+00
5.151465535163879395e-01
3.770136237144470215e-01
2.486811280250549316e-01
4.310390055179595947e-01
3.145413994789123535e-01
6.716402769088745117e-01
2.511294484138488770e-01
4.629126787185668945e-01
4.284972846508026123e-01
4.694884717464447021e-01
5.280209779739379883e-01
1.976864933967590332e-01
4.173255264759063721e-01
3.920183181762695312e-01
3.514558076858520508e-01
2.717072963714599609e-01
2.991167902946472168e-01
2.355824112892150879e-01
3.028116524219512939e-01
4.685158133506774902e-01
8.090819120407104492e-01
2.660398483276367188e-01
2.666427493095397949e-01
4.215357899665832520e-01
2.682487964630126953e-01
4.675821661949157715e-01
6.832454204559326172e-01
6.513509154319763184e-01
1.890099644660949707e-01
2.992439866065979004e-01
1.834444999694824219e-01
6.526411771774291992e-01
4.584400355815887451e-01
4.854490756988525391e-01
2.049761861562728882e-01
1.105833411216735840e+00
4.351242184638977051e-01
3.810070157051086426e-01
2.333570420742034912e-01
5.039463043212890625e-01
9.562216997146606445e-01
2.484675496816635132e-01
3.291428685188293457e-01
2.722719609737396240e-01
3.662090599536895752e-01
4.236361384391784668e-01
8.326898217201232910e-01
3.461935520172119141e-01
2.701882123947143555e-01
3.661218881607055664e-01
4.926019310951232910e-01
3.779658079147338867e-01
2.779506444931030273e-01
6.910444498062133789e-01
4.031985998153686523e-01
3.503451347351074219e-01
2.701517343521118164e-01
4.695159792900085449e-01
2.706890106201171875e-01
2.891680002212524414e-01
3.593188822269439697e-01
4.041352272033691406e-01
4.471994340419769287e-01
3.792265355587005615e-01
3.411360383033752441e-01
2.396553158760070801e-01
2.489565014839172363e-01
3.288830518722534180e-01
2.718983292579650879e-01
7.582616806030273438e-01
7.424481511116027832e-01
4.078596830368041992e-01
3.810318708419799805e-01
4.506446421146392822e-01
6.261720061302185059e-01
3.878944814205169678e-01
3.457976281642913818e-01
6.418874859809875488e-01
3.564029335975646973e-01
3.885569572448730469e-01
4.093631505966186523e-01
3.239622116088867188e-01
4.554550051689147949e-01
9.003615975379943848e-01
3.861399888992309570e-01
2.697648406028747559e-01
3.987879157066345215e-01
6.987788677215576172e-01
4.218420982360839844e-01
2.516646087169647217e-01
7.844221591949462891e-01
3.865185976028442383e-01
3.337685167789459229e-01
7.539736032485961914e-01
2.882495522499084473e-01
6.014342904090881348e-01
4.769958257675170898e-01
2.699977159500122070e-01
7.191920280456542969e-01
5.536100268363952637e-01
1.217035889625549316e+00
2.704756855964660645e-01
7.397543787956237793e-01
2.241415232419967651e-01
7.961437702178955078e-01
8.762326836585998535e-01
2.295524626970291138e-01
2.729004621505737305e-01
4.408601522445678711e-01
4.204639494419097900e-01
5.667936205863952637e-01
3.022805154323577881e-01
2.426949292421340942e-01
4.338814914226531982e-01
3.360472917556762695e-01
4.348182678222656250e-01
6.270989179611206055e-01
3.365880250930786133e-01
3.269139528274536133e-01
2.738455533981323242e-01
6.518884897232055664e-01
4.436635375022888184e-01
2.619341611862182617e-01
6.005707383155822754e-01
3.714547157287597656e-01
2.627072334289550781e-01
2.659891545772552490e-01
3.955018818378448486e-01
5.216704607009887695e-01
2.322761416435241699e-01
4.162537455558776855e-01
9.063758850097656250e-01
4.126879572868347168e-01
5.231431722640991211e-01
2.614850699901580811e-01
3.943950831890106201e-01
2.659248709678649902e-01
2.631815373897552490e-01
3.843253850936889648e-01
4.205602407455444336e-01
6.464027166366577148e-01
5.501216650009155273e-01
4.503554701805114746e-01
2.596237659454345703e-01
3.581516742706298828e-01
8.456652164459228516e-01
2.796571254730224609e-01
7.863515019416809082e-01
4.388735592365264893e-01
4.244912862777709961e-01
4.200227856636047363e-01
3.140279352664947510e-01
2.762913107872009277e-01
5.118794441223144531e-01
6.777364611625671387e-01
3.897831737995147705e-01
4.505470991134643555e-01
3.170481920242309570e-01
2.498381584882736206e-01
6.116838455200195312e-01
2.741099894046783447e-01
3.620311617851257324e-01
2.260466665029525757e-01
2.289730012416839600e-01
2.651119232177734375e-01
4.423374831676483154e-01
2.652319371700286865e-01
2.579371631145477295e-01
2.511475384235382080e-01
2.459627687931060791e-01
2.436121404170989990e-01
6.859954595565795898e-01
3.019476830959320068e-01
5.070109963417053223e-01
5.095567107200622559e-01
6.975855231285095215e-01
3.335213661193847656e-01
4.319745898246765137e-01
2.870387136936187744e-01
2.298038601875305176e-01
4.313103258609771729e-01
2.405597269535064697e-01
4.590833187103271484e-01
2.908155024051666260e-01
5.399099588394165039e-01
2.067061662673950195e-01
2.776893675327301025e-01
4.610723257064819336e-01
3.597647547721862793e-01
2.394163310527801514e-01
3.939232230186462402e-01
3.721964359283447266e-01
3.130763769149780273e-01
4.287781715393066406e-01
4.831507503986358643e-01
5.085871219635009766e-01
4.969008564949035645e-01
3.736247420310974121e-01
2.695044875144958496e-01
5.296829342842102051e-01
6.532943248748779297e-01
2.477882504463195801e-01
4.535123109817504883e-01
4.889529347419738770e-01
4.542693495750427246e-01
2.919334173202514648e-01
2.695969045162200928e-01
2.069163173437118530e-01
6.606855988502502441e-01
7.608296871185302734e-01
2.936154901981353760e-01
2.079291641712188721e-01
2.211705595254898071e-01
3.869974613189697266e-01
5.434777140617370605e-01
7.753986120223999023e-01
2.961027622222900391e-01
5.459053516387939453e-01
1.937131285667419434e-01
4.701272249221801758e-01
3.417984545230865479e-01
2.169411480426788330e-01
2.595371007919311523e-01
4.611501395702362061e-01
4.454059600830078125e-01
3.214606046676635742e-01
2.796775400638580322e-01
4.443660974502563477e-01
4.982606768608093262e-01
3.568286895751953125e-01
3.284766376018524170e-01
8.689126968383789062e-01
2.415720820426940918e-01
2.884131073951721191e-01
4.555457830429077148e-01
2.061935663223266602e-01
3.624705672264099121e-01
6.398093104362487793e-01
2.823480367660522461e-01
6.835049390792846680e-01
5.271546840667724609e-01
2.637715339660644531e-01
3.924205601215362549e-01
6.032032966613769531e-01
3.841657638549804688e-01
2.998615801334381104e-01
3.169340491294860840e-01
4.014059007167816162e-01
3.280022740364074707e-01
3.984153866767883301e-01
2.418131679296493530e-01
6.656482219696044922e-01
5.220372080802917480e-01
4.875728487968444824e-01
2.966850399971008301e-01
6.301165819168090820e-01
4.157690107822418213e-01
7.496929168701171875e-01
4.008881449699401855e-01
1.890348345041275024e-01
4.247637093067169189e-01
2.826771438121795654e-01
2.971346378326416016e-01
2.836978435516357422e-01
7.126186490058898926e-01
3.686003088951110840e-01
6.163623929023742676e-01
3.459247350692749023e-01
2.562258243560791016e-01
4.693690538406372070e-01
6.061040759086608887e-01
3.069843649864196777e-01
2.885575890541076660e-01
4.444156885147094727e-01
2.451213151216506958e-01
3.964875340461730957e-01
9.126663804054260254e-01
3.667483925819396973e-01
3.539399504661560059e-01
3.460927605628967285e-01
2.768024206161499023e-01
4.786101281642913818e-01
4.082802534103393555e-01
4.754701256752014160e-01
6.602234840393066406e-01
2.491150349378585815e-01
6.412912011146545410e-01
4.577651619911193848e-01
3.550003767013549805e-01
7.260360717773437500e-01
3.886769711971282959e-01
4.630860984325408936e-01
2.964026331901550293e-01
2.834418118000030518e-01
3.592670559883117676e-01
4.294356703758239746e-01
3.838504552841186523e-01
2.797954678535461426e-01
4.151251912117004395e-01
5.043056011199951172e-01
2.602922916412353516e-01
2.631926536560058594e-01
3.970296084880828857e-01
4.189284443855285645e-01
8.528999090194702148e-01
3.569931983947753906e-01
9.462766647338867188e-01
2.350468039512634277e-01
5.255411863327026367e-01
2.267380058765411377e-01
4.163034856319427490e-01
3.582116365432739258e-01
2.960876822471618652e-01
4.550398588180541992e-01
2.797256112098693848e-01
3.821483850479125977e-01
2.769089341163635254e-01
4.746470153331756592e-01
4.686290025711059570e-01
4.453060030937194824e-01
2.786049842834472656e-01
4.094479680061340332e-01
6.545868515968322754e-01
5.450254678726196289e-01
2.086036503314971924e-01
4.010671377182006836e-01
5.187237262725830078e-01
2.825164198875427246e-01
8.780330419540405273e-01
4.142862558364868164e-01
7.966572046279907227e-01
2.952057421207427979e-01
3.433603644371032715e-01
5.865026116371154785e-01
4.425612390041351318e-01
2.595357298851013184e-01
4.000669121742248535e-01
4.565819799900054932e-01
7.257961034774780273e-01
1.179677009582519531e+00
4.759612083435058594e-01
2.738854289054870605e-01
4.860626757144927979e-01
4.864109754562377930e-01
8.356853723526000977e-01
4.614164233207702637e-01
4.879638552665710449e-01
3.966289758682250977e-01
4.292063117027282715e-01
2.722921669483184814e-01
4.790349006652832031e-01
2.598255276679992676e-01
3.162873387336730957e-01
5.074151158332824707e-01
4.591209292411804199e-01
3.397989273071289062e-01
2.571157217025756836e-01
4.453843235969543457e-01
2.547597289085388184e-01
4.259114563465118408e-01
3.918679654598236084e-01
4.746178984642028809e-01
4.224093556404113770e-01
5.717747807502746582e-01
5.306706428527832031e-01
3.589609563350677490e-01
3.659890890121459961e-01
7.495337128639221191e-01
2.604647576808929443e-01
2.377081513404846191e-01
4.223954677581787109e-01
4.350581765174865723e-01
4.186596870422363281e-01
5.348931550979614258e-01
1.255929946899414062e+00
5.689799785614013672e-01
6.452130675315856934e-01
3.816305398941040039e-01
2.838557660579681396e-01
6.376029849052429199e-01
2.538631558418273926e-01
4.547482430934906006e-01
3.051062822341918945e-01
2.342506200075149536e-01
2.960028946399688721e-01
1.785926669836044312e-01
4.312332570552825928e-01
3.447905778884887695e-01
5.085618495941162109e-01
2.787238955497741699e-01
3.686619699001312256e-01
3.512068390846252441e-01
1.055961012840270996e+00
3.701170682907104492e-01
2.095426023006439209e-01
7.331725358963012695e-01
4.689839780330657959e-01
2.693337202072143555e-01
4.950314760208129883e-01
2.871191501617431641e-01
8.125978112220764160e-01
3.264203369617462158e-01
5.364040136337280273e-01
1.961373835802078247e-01
6.611296534538269043e-01
2.395790964365005493e-01
2.147334218025207520e-01
4.548281729221343994e-01
3.040504753589630127e-01
2.699717283248901367e-01
3.250885903835296631e-01
4.416449069976806641e-01
2.640759348869323730e-01
6.910207867622375488e-01
2.988667786121368408e-01
8.363483548164367676e-01
2.760641574859619141e-01
7.523159980773925781e-01
2.327207028865814209e-01
4.374523758888244629e-01
2.865907549858093262e-01
7.693374156951904297e-01
3.751130700111389160e-01
4.109466373920440674e-01
4.965768456459045410e-01
2.514073848724365234e-01
4.389863908290863037e-01
1.844377368688583374e-01
5.537438392639160156e-01
5.632782578468322754e-01
2.277899086475372314e-01
4.092715978622436523e-01
3.477490246295928955e-01
2.686873674392700195e-01
8.825414180755615234e-01
3.830286860466003418e-01
2.871717810630798340e-01
5.552372932434082031e-01
8.774845004081726074e-01
5.702295899391174316e-01
5.214794278144836426e-01
2.929124236106872559e-01
4.279937744140625000e-01
1.121359825134277344e+00
4.554172158241271973e-01
2.253552079200744629e-01
4.938475489616394043e-01
4.607374072074890137e-01
6.516571640968322754e-01
5.032386183738708496e-01
2.281675338745117188e-01
6.106941103935241699e-01
6.158407926559448242e-01
4.718326032161712646e-01
2.427849769592285156e-01
3.805657625198364258e-01
4.449680149555206299e-01
2.709214091300964355e-01
5.204195976257324219e-01
3.532500267028808594e-01
4.191244542598724365e-01
4.168387651443481445e-01
4.620811343193054199e-01
2.795175909996032715e-01
4.266546368598937988e-01
3.792099356651306152e-01
5.371047258377075195e-01
5.107151269912719727e-01
5.515673756599426270e-01
8.020756840705871582e-01
5.218845009803771973e-01
2.853055596351623535e-01
4.443104267120361328e-01
3.358505964279174805e-01
3.653317391872406006e-01
2.766648530960083008e-01
3.786849379539489746e-01
3.685641586780548096e-01
1.985150575637817383e-01
2.796034216880798340e-01
2.293109893798828125e-01
7.599496245384216309e-01
4.803917109966278076e-01
2.465933263301849365e-01
2.883920669555664062e-01
2.174473106861114502e-01
3.499541878700256348e-01
7.629814147949218750e-01
5.494650602340698242e-01
2.814036607742309570e-01
2.232783734798431396e-01
5.456927418708801270e-01
4.146359562873840332e-01
1.680072247982025146e-01
4.381542503833770752e-01
2.913715839385986328e-01
5.314145088195800781e-01
8.630000352859497070e-01
3.271434009075164795e-01
5.497301816940307617e-01
2.801069319248199463e-01
4.208669066429138184e-01
4.638108611106872559e-01
2.738018631935119629e-01
2.496548891067504883e-01
8.460759520530700684e-01
3.516089916229248047e-01
5.193407535552978516e-01
2.895321249961853027e-01
2.468617260456085205e-01
4.812789559364318848e-01
4.182175993919372559e-01
4.573577046394348145e-01
9.950644373893737793e-01
3.260747194290161133e-01
4.006472229957580566e-01
5.521283149719238281e-01
2.836166620254516602e-01
2.967242002487182617e-01
2.145277559757232666e-01
4.280597567558288574e-01
2.633461952209472656e-01
2.664526104927062988e-01
3.052417635917663574e-01
3.467125296592712402e-01
3.309995830059051514e-01
2.962062358856201172e-01
2.878181040287017822e-01
4.699868857860565186e-01
3.498800992965698242e-01
2.765663266181945801e-01
5.818194150924682617e-01
8.709397315979003906e-01
2.302529811859130859e-01
2.830882668495178223e-01
3.719782829284667969e-01
5.778446197509765625e-01
2.763447463512420654e-01
3.763486146926879883e-01
6.410933732986450195e-01
6.260841488838195801e-01
2.576753497123718262e-01
4.655552506446838379e-01
4.810528457164764404e-01
5.179068446159362793e-01
2.491579204797744751e-01
4.470691084861755371e-01
3.998706638813018799e-01
6.889234781265258789e-01
2.130441963672637939e-01
2.446554303169250488e-01
2.479141056537628174e-01
2.693768441677093506e-01
7.895606160163879395e-01
3.989558219909667969e-01
6.258301734924316406e-01
4.668619930744171143e-01
7.397481203079223633e-01
3.974410891532897949e-01
2.916851341724395752e-01
4.825454950332641602e-01
4.477575421333312988e-01
2.724570631980895996e-01
4.037892222404479980e-01
4.163969457149505615e-01
5.083850026130676270e-01
4.997322261333465576e-01
5.442638993263244629e-01
2.420209646224975586e-01
3.716390132904052734e-01
2.457804679870605469e-01
5.699348449707031250e-01
4.403576254844665527e-01
2.541396021842956543e-01
2.145631164312362671e-01
5.301188826560974121e-01
2.636951506137847900e-01
3.942393064498901367e-01
6.300772428512573242e-01
2.115456759929656982e-01
5.776501297950744629e-01
5.245532393455505371e-01
2.640226483345031738e-01
3.026593327522277832e-01
1.097437620162963867e+00
5.043308734893798828e-01
3.718273639678955078e-01
4.616462886333465576e-01
2.735790312290191650e-01
5.170126557350158691e-01
3.607701659202575684e-01
2.529142498970031738e-01
2.046906799077987671e-01
1.951442658901214600e-01
2.473421394824981689e-01
4.508714377880096436e-01
2.499175071716308594e-01
6.134357452392578125e-01
4.393047690391540527e-01
2.804774045944213867e-01
2.489965260028839111e-01
3.025171756744384766e-01
3.908124864101409912e-01
1.971625387668609619e-01
4.370857477188110352e-01
6.377227902412414551e-01
2.366603016853332520e-01
2.790320515632629395e-01
5.630923509597778320e-01
5.136352181434631348e-01
7.820120453834533691e-01
4.107646346092224121e-01
2.365756034851074219e-01
2.163313925266265869e-01
4.396455287933349609e-01
2.639645338058471680e-01
4.423745870590209961e-01
3.555985689163208008e-01
4.596088528633117676e-01
3.151876330375671387e-01
2.368555068969726562e-01
3.678040504455566406e-01
4.821084737777709961e-01
2.586084902286529541e-01
2.433263063430786133e-01
4.794251918792724609e-01
4.125688672065734863e-01
4.970281720161437988e-01
3.618508577346801758e-01
2.008499503135681152e-01
2.125175446271896362e-01
5.014112591743469238e-01
4.769849777221679688e-01
4.032341241836547852e-01
1.648872047662734985e-01
5.342694520950317383e-01
3.862017393112182617e-01
2.274979948997497559e-01
2.484262585639953613e-01
3.366571068763732910e-01
2.569239735603332520e-01
4.102298617362976074e-01
2.984876632690429688e-01
2.428407073020935059e-01
4.567388296127319336e-01
4.251987934112548828e-01
3.760336041450500488e-01
2.287804931402206421e-01
5.078580379486083984e-01
8.656490445137023926e-01
4.275437891483306885e-01
8.883227705955505371e-01
3.990548849105834961e-01
6.617184281349182129e-01
6.127556562423706055e-01
2.295048087835311890e-01
9.237238764762878418e-01
2.795080542564392090e-01
4.406092464923858643e-01
3.136786818504333496e-01
4.337064027786254883e-01
5.348278880119323730e-01
9.808751940727233887e-01
4.343324899673461914e-01
4.156594872474670410e-01
2.710390686988830566e-01
4.147501587867736816e-01
3.887789249420166016e-01
4.527971744537353516e-01
1.801694333553314209e-01
4.878157377243041992e-01
2.643070220947265625e-01
4.476125836372375488e-01
5.086838603019714355e-01
4.383560419082641602e-01
6.625818014144897461e-01
4.842380583286285400e-01
4.909743666648864746e-01
5.552503466606140137e-01
3.255846202373504639e-01
5.200188159942626953e-01
5.114594697952270508e-01
3.871553838253021240e-01
2.541244328022003174e-01
2.986509203910827637e-01
1.075057983398437500e+00
4.485615789890289307e-01
3.501765727996826172e-01
3.090627789497375488e-01
6.113219261169433594e-01
2.094329744577407837e-01
2.370015680789947510e-01
1.696117222309112549e-01
1.789836287498474121e-01
2.541074156761169434e-01
3.515163362026214600e-01
2.398091852664947510e-01
2.152998596429824829e-01
7.149048447608947754e-01
4.162246286869049072e-01
5.040661096572875977e-01
2.528775036334991455e-01
3.348830044269561768e-01
4.338046610355377197e-01
2.715990841388702393e-01
4.045092463493347168e-01
2.640984654426574707e-01
2.534202337265014648e-01
4.924592077732086182e-01
5.427097082138061523e-01
3.809172213077545166e-01
4.470630288124084473e-01
4.635976254940032959e-01
6.542618274688720703e-01
4.879313707351684570e-01
4.917883276939392090e-01
4.129122197628021240e-01
5.776999592781066895e-01
4.603621959686279297e-01
2.255874127149581909e-01
4.826651513576507568e-01
3.267128765583038330e-01
4.204582571983337402e-01
4.892695546150207520e-01
3.772694468498229980e-01
3.870059847831726074e-01
2.896169722080230713e-01
4.240635931491851807e-01
5.888756513595581055e-01
4.028914570808410645e-01
5.078201293945312500e-01
5.019879937171936035e-01
6.187617778778076172e-01
5.423191189765930176e-01
6.177189946174621582e-01
6.969279050827026367e-01
2.835343480110168457e-01
2.402801960706710815e-01
4.463027715682983398e-01
2.882596552371978760e-01
2.461748123168945312e-01
4.636267125606536865e-01
4.379533529281616211e-01
5.242893695831298828e-01
2.527308762073516846e-01
2.420904636383056641e-01
3.797282874584197998e-01
3.615830242633819580e-01
4.616675078868865967e-01
3.866457939147949219e-01
6.849837899208068848e-01
5.404825806617736816e-01
8.554778695106506348e-01
5.384567379951477051e-01
2.421875894069671631e-01
2.967647314071655273e-01
4.577654600143432617e-01
6.702536344528198242e-01
2.504240572452545166e-01
4.800642728805541992e-01
4.908491075038909912e-01
2.821204066276550293e-01
4.033182859420776367e-01
5.437474250793457031e-01
2.686644494533538818e-01
3.067897260189056396e-01
4.016953706741333008e-01
2.410219311714172363e-01
2.631654739379882812e-01
3.117826581001281738e-01
5.274634361267089844e-01
2.353360652923583984e-01
4.513295292854309082e-01
9.338083863258361816e-01
4.344406127929687500e-01
2.266681492328643799e-01
4.501395821571350098e-01
4.088220000267028809e-01
6.118463277816772461e-01
2.742520272731781006e-01
4.119640588760375977e-01
6.119849085807800293e-01
2.742923498153686523e-01
3.890157341957092285e-01
2.846865057945251465e-01
6.368882060050964355e-01
5.878930687904357910e-01
2.648635506629943848e-01
3.663101494312286377e-01
3.043678998947143555e-01
2.502438127994537354e-01
2.565103471279144287e-01
2.539824843406677246e-01
2.697567343711853027e-01
3.133015632629394531e-01
4.038783311843872070e-01
3.982397019863128662e-01
2.679216861724853516e-01
1.564182043075561523e-01
5.926297903060913086e-01
6.576397418975830078e-01
2.942454814910888672e-01
3.764325380325317383e-01
4.298423528671264648e-01
3.627806603908538818e-01
2.421495318412780762e-01
5.539297461509704590e-01
2.680306434631347656e-01
4.675472974777221680e-01
2.352805435657501221e-01
5.704646110534667969e-01
2.553748786449432373e-01
5.964283943176269531e-01
3.660116791725158691e-01
4.880817532539367676e-01
2.582817077636718750e-01
4.383318424224853516e-01
4.176682233810424805e-01
3.898957967758178711e-01
4.927446842193603516e-01
4.206421971321105957e-01
8.251051902770996094e-01
5.208036303520202637e-01
4.549456238746643066e-01
5.334092974662780762e-01
1.111994147300720215e+00
2.738832235336303711e-01
4.736150503158569336e-01
5.093285441398620605e-01
3.199251592159271240e-01
2.390326261520385742e-01
5.660111308097839355e-01
2.188434600830078125e-01
3.029072284698486328e-01
3.728446364402770996e-01
5.502010583877563477e-01
4.927301406860351562e-01
4.121963977813720703e-01
5.536904335021972656e-01
2.915979027748107910e-01
2.924780845642089844e-01
2.893617153167724609e-01
