7.546979933977127075e-02
1.528705209493637085e-01
9.315051883459091187e-02
9.656846523284912109e-02
1.501778960227966309e-01
1.036581173539161682e-01
1.090611815452575684e-01
1.218206286430358887e-01
1.242756024003028870e-01
1.109540984034538269e-01
9.953033179044723511e-02
1.429273933172225952e-01
1.366379559040069580e-01
1.090762838721275330e-01
1.207300797104835510e-01
1.197470501065254211e-01
1.671824902296066284e-01
1.334848105907440186e-01
6.713215261697769165e-02
8.294600993394851685e-02
9.852109104394912720e-02
1.129342541098594666e-01
1.193199753761291504e-01
1.091510877013206482e-01
1.216367781162261963e-01
8.671701699495315552e-02
1.196183785796165466e-01
1.210482716560363770e-01
1.426877528429031372e-01
9.695150703191757202e-02
1.021218672394752502e-01
1.085551679134368896e-01
1.390384584665298462e-01
1.070284321904182434e-01
1.364477127790451050e-01
8.470714092254638672e-02
1.373000890016555786e-01
1.137418746948242188e-01
1.069407165050506592e-01
8.649144321680068970e-02
9.581553190946578979e-02
1.555934995412826538e-01
1.087774857878684998e-01
9.102573245763778687e-02
1.110776141285896301e-01
1.556627303361892700e-01
1.119610145688056946e-01
1.268281936645507812e-01
1.358422487974166870e-01
1.098947823047637939e-01
9.285145998001098633e-02
1.162280812859535217e-01
1.286069750785827637e-01
1.065548434853553772e-01
1.325289011001586914e-01
1.234394684433937073e-01
1.120982095599174500e-01
1.668131798505783081e-01
1.300130486488342285e-01
1.012619137763977051e-01
7.114278525114059448e-02
1.357558518648147583e-01
1.450737267732620239e-01
8.772074431180953979e-02
1.377568393945693970e-01
1.127566024661064148e-01
1.261876821517944336e-01
1.209370717406272888e-01
8.539700508117675781e-02
1.129145696759223938e-01
1.059105917811393738e-01
8.953905850648880005e-02
2.606209814548492432e-01
1.283897012472152710e-01
2.159729748964309692e-01
1.206355988979339600e-01
1.208703741431236267e-01
1.180567741394042969e-01
1.178547367453575134e-01
2.133345156908035278e-01
1.573376804590225220e-01
9.374982863664627075e-02
1.066207513213157654e-01
1.044085621833801270e-01
1.294611990451812744e-01
1.589149385690689087e-01
1.048714742064476013e-01
8.277478814125061035e-02
1.087150573730468750e-01
1.177449226379394531e-01
1.202024221420288086e-01
9.852490574121475220e-02
1.095015183091163635e-01
1.826777607202529907e-01
1.186908110976219177e-01
1.467846632003784180e-01
1.390599608421325684e-01
1.387227326631546021e-01
1.203281879425048828e-01
1.228559613227844238e-01
9.214036911725997925e-02
9.463836997747421265e-02
9.318491071462631226e-02
1.218869686126708984e-01
1.337446421384811401e-01
2.098170071840286255e-01
1.489562094211578369e-01
1.479387134313583374e-01
1.006959304213523865e-01
2.021033167839050293e-01
1.299572438001632690e-01
1.319092661142349243e-01
1.014764904975891113e-01
1.040361151099205017e-01
9.761554002761840820e-02
1.352986693382263184e-01
1.320327371358871460e-01
9.533507376909255981e-02
1.234556660056114197e-01
1.370970010757446289e-01
1.064355149865150452e-01
8.390816301107406616e-02
8.615522831678390503e-02
1.020362973213195801e-01
1.050390601158142090e-01
1.090424656867980957e-01
1.281326264142990112e-01
1.499027609825134277e-01
1.403777748346328735e-01
1.124435067176818848e-01
1.016944870352745056e-01
1.301124095916748047e-01
1.465099006891250610e-01
1.134120747447013855e-01
1.172204017639160156e-01
1.205211654305458069e-01
1.896779537200927734e-01
1.029641851782798767e-01
1.154962256550788879e-01
1.680324822664260864e-01
1.336046904325485229e-01
1.083579957485198975e-01
1.364177614450454712e-01
1.010224446654319763e-01
1.224876269698143005e-01
1.361784785985946655e-01
1.337054371833801270e-01
9.654249995946884155e-02
1.433435529470443726e-01
1.230212077498435974e-01
1.333594173192977905e-01
1.352574080228805542e-01
8.498799055814743042e-02
1.141144856810569763e-01
7.983130961656570435e-02
1.061524674296379089e-01
1.091548576951026917e-01
1.152910888195037842e-01
1.443528980016708374e-01
1.583684086799621582e-01
1.088264286518096924e-01
1.433851867914199829e-01
1.168570294976234436e-01
1.233168244361877441e-01
1.107021346688270569e-01
9.841730445623397827e-02
1.389588117599487305e-01
1.383314728736877441e-01
1.563617140054702759e-01
1.205459013581275940e-01
1.278715729713439941e-01
1.327523142099380493e-01
1.242991089820861816e-01
1.138348355889320374e-01
9.351482242345809937e-02
1.165446862578392029e-01
1.516267806291580200e-01
1.359117776155471802e-01
1.202026829123497009e-01
1.276575177907943726e-01
1.476405411958694458e-01
1.021110042929649353e-01
1.646714359521865845e-01
1.223368272185325623e-01
1.391370445489883423e-01
9.652186185121536255e-02
1.409816294908523560e-01
1.331420689821243286e-01
1.043484732508659363e-01
1.091382578015327454e-01
1.392807215452194214e-01
1.232883930206298828e-01
1.108740940690040588e-01
9.256402403116226196e-02
1.037385761737823486e-01
1.236770153045654297e-01
1.161743924021720886e-01
5.970047041773796082e-02
1.174762025475502014e-01
1.510861366987228394e-01
1.348422467708587646e-01
1.450353562831878662e-01
1.095009818673133850e-01
1.088941693305969238e-01
1.464714407920837402e-01
1.528860330581665039e-01
1.411846727132797241e-01
7.746813446283340454e-02
1.190178692340850830e-01
1.665720492601394653e-01
8.523541688919067383e-02
1.052420958876609802e-01
8.898294717073440552e-02
1.080146804451942444e-01
7.618597149848937988e-02
1.175010800361633301e-01
9.166113287210464478e-02
7.417515665292739868e-02
1.134189888834953308e-01
1.051008924841880798e-01
2.293529063463211060e-01
1.131376624107360840e-01
1.275097131729125977e-01
1.432008296251296997e-01
1.311957836151123047e-01
8.503067493438720703e-02
1.141410842537879944e-01
1.045767441391944885e-01
8.868104964494705200e-02
1.266687065362930298e-01
1.021300926804542542e-01
1.468463540077209473e-01
1.219948604702949524e-01
1.133870705962181091e-01
1.482438594102859497e-01
8.685954660177230835e-02
1.123090907931327820e-01
9.258761256933212280e-02
3.996451199054718018e-01
1.767869442701339722e-01
8.100720494985580444e-02
9.558990597724914551e-02
1.151700243353843689e-01
1.513034701347351074e-01
1.715739369392395020e-01
1.054939627647399902e-01
1.219027042388916016e-01
1.108207702636718750e-01
1.022192463278770447e-01
1.154489517211914062e-01
8.375597000122070312e-02
1.067041382193565369e-01
1.379286050796508789e-01
1.093032732605934143e-01
1.187196001410484314e-01
1.530293226242065430e-01
8.850800246000289917e-02
1.923625469207763672e-01
9.254052489995956421e-02
1.323862820863723755e-01
1.284527331590652466e-01
1.164192780852317810e-01
1.992735117673873901e-01
1.161017417907714844e-01
1.078372970223426819e-01
1.321498602628707886e-01
8.445008844137191772e-02
1.347366422414779663e-01
7.807209342718124390e-02
9.111251682043075562e-02
1.466020047664642334e-01
8.792961388826370239e-02
1.610360294580459595e-01
1.206101402640342712e-01
1.307674348354339600e-01
1.434341669082641602e-01
1.741236299276351929e-01
8.893700689077377319e-02
1.504241973161697388e-01
9.783637523651123047e-02
9.828612953424453735e-02
8.022695034742355347e-02
1.090209409594535828e-01
7.950960844755172729e-02
1.448296010494232178e-01
1.089178547263145447e-01
1.357888132333755493e-01
1.007552519440650940e-01
2.295960336923599243e-01
1.574886739253997803e-01
1.147791743278503418e-01
1.055805012583732605e-01
1.447104662656784058e-01
1.185883283615112305e-01
9.338748455047607422e-02
9.367623180150985718e-02
8.985936641693115234e-02
1.111219525337219238e-01
1.150202378630638123e-01
1.421538442373275757e-01
1.322258114814758301e-01
1.219755038619041443e-01
1.324183791875839233e-01
1.212098374962806702e-01
9.174086898565292358e-02
8.449646830558776855e-02
1.415759772062301636e-01
1.018737629055976868e-01
1.797899007797241211e-01
2.015070468187332153e-01
8.857991546392440796e-02
1.403106153011322021e-01
1.102975830435752869e-01
1.441137045621871948e-01
1.790094375610351562e-01
1.200577840209007263e-01
9.278053790330886841e-02
9.337586909532546997e-02
9.154277294874191284e-02
1.075388789176940918e-01
1.064183339476585388e-01
1.011800467967987061e-01
1.381411850452423096e-01
1.078794300556182861e-01
1.191831007599830627e-01
8.224606513977050781e-02
1.312383264303207397e-01
1.036228239536285400e-01
1.441717147827148438e-01
1.361837983131408691e-01
1.146001592278480530e-01
1.277664601802825928e-01
1.431019753217697144e-01
1.354435831308364868e-01
1.580041944980621338e-01
1.090248152613639832e-01
1.425902396440505981e-01
8.113653212785720825e-02
1.203198805451393127e-01
9.619033336639404297e-02
1.012191772460937500e-01
1.950244456529617310e-01
1.026186123490333557e-01
9.376885741949081421e-02
1.139731407165527344e-01
7.406490296125411987e-02
9.114962816238403320e-02
1.395099759101867676e-01
1.746191978454589844e-01
1.425135731697082520e-01
1.050549149513244629e-01
1.003581658005714417e-01
1.251540333032608032e-01
1.395487040281295776e-01
1.107636317610740662e-01
1.494162231683731079e-01
1.458604186773300171e-01
9.932661056518554688e-02
1.281645148992538452e-01
1.382013708353042603e-01
1.428857892751693726e-01
1.370453685522079468e-01
1.055724620819091797e-01
1.433527022600173950e-01
1.333795934915542603e-01
1.056441590189933777e-01
1.510529667139053345e-01
1.185380518436431885e-01
1.074501574039459229e-01
1.121255755424499512e-01
1.230011880397796631e-01
1.168283224105834961e-01
1.244499459862709045e-01
1.615434736013412476e-01
6.775414198637008667e-02
9.330130368471145630e-02
1.521852463483810425e-01
1.155888512730598450e-01
1.231665685772895813e-01
1.542353183031082153e-01
1.538101881742477417e-01
1.010343432426452637e-01
1.688843518495559692e-01
7.680660486221313477e-02
1.259842962026596069e-01
1.034702435135841370e-01
1.228712797164916992e-01
1.382430940866470337e-01
1.349776536226272583e-01
2.150637507438659668e-01
1.186023280024528503e-01
1.203103289008140564e-01
9.790098667144775391e-02
1.127252206206321716e-01
1.436578184366226196e-01
1.208899840712547302e-01
1.223024129867553711e-01
1.355085223913192749e-01
8.677826076745986938e-02
9.553855657577514648e-02
1.330022662878036499e-01
1.516152769327163696e-01
1.299329698085784912e-01
1.029048338532447815e-01
9.189227223396301270e-02
9.420516341924667358e-02
1.039775013923645020e-01
1.118863224983215332e-01
1.116240397095680237e-01
1.348810195922851562e-01
1.349994540214538574e-01
1.179049611091613770e-01
1.963067054748535156e-01
8.565499633550643921e-02
1.198625564575195312e-01
9.696920961141586304e-02
1.167837306857109070e-01
1.087864711880683899e-01
1.179279685020446777e-01
1.101619303226470947e-01
1.272489577531814575e-01
1.144237816333770752e-01
1.144428178668022156e-01
1.342117190361022949e-01
1.161389127373695374e-01
1.084889993071556091e-01
1.032472029328346252e-01
1.194300279021263123e-01
1.652973145246505737e-01
1.137390360236167908e-01
1.179586648941040039e-01
1.369718462228775024e-01
1.177108511328697205e-01
1.033084765076637268e-01
1.303413957357406616e-01
1.164177656173706055e-01
1.587618142366409302e-01
1.566101312637329102e-01
1.247105225920677185e-01
9.545321017503738403e-02
1.297905296087265015e-01
1.175142601132392883e-01
1.805842667818069458e-01
1.443991512060165405e-01
1.429022550582885742e-01
1.036926805973052979e-01
1.345960348844528198e-01
9.624233841896057129e-02
1.234275624155998230e-01
1.330362111330032349e-01
1.383235454559326172e-01
9.207445383071899414e-02
1.370096951723098755e-01
1.316666752099990845e-01
1.093305572867393494e-01
1.353638619184494019e-01
1.137908920645713806e-01
9.896802902221679688e-02
1.101215854287147522e-01
1.317013353109359741e-01
1.068891659379005432e-01
1.424521952867507935e-01
9.118279069662094116e-02
1.508381962776184082e-01
1.112949624657630920e-01
1.193517073988914490e-01
1.616965681314468384e-01
1.131958141922950745e-01
1.026349365711212158e-01
1.620870083570480347e-01
1.087560653686523438e-01
1.119275614619255066e-01
1.524483859539031982e-01
9.479158371686935425e-02
8.985933661460876465e-02
7.208814471960067749e-02
1.287050694227218628e-01
1.013944149017333984e-01
1.162504479289054871e-01
1.495300680398941040e-01
1.161978617310523987e-01
1.251519471406936646e-01
1.288623958826065063e-01
1.345897018909454346e-01
8.512420207262039185e-02
9.427157789468765259e-02
1.141986623406410217e-01
1.432647258043289185e-01
1.743212789297103882e-01
1.531926691532135010e-01
1.369473487138748169e-01
1.229794248938560486e-01
1.311966329813003540e-01
1.000564619898796082e-01
8.493671566247940063e-02
7.194571942090988159e-02
1.720295697450637817e-01
9.530097246170043945e-02
1.249527633190155029e-01
1.010281518101692200e-01
1.113535165786743164e-01
9.588295966386795044e-02
9.781030565500259399e-02
9.053879231214523315e-02
9.397319704294204712e-02
9.635952860116958618e-02
1.167083010077476501e-01
9.270999580621719360e-02
1.685348004102706909e-01
7.072003185749053955e-02
1.399412751197814941e-01
1.278810650110244751e-01
9.538379311561584473e-02
1.274081617593765259e-01
1.332536786794662476e-01
9.170341491699218750e-02
1.113625392317771912e-01
1.435212045907974243e-01
1.543926298618316650e-01
1.051519736647605896e-01
9.891524165868759155e-02
1.607672721147537231e-01
1.174202263355255127e-01
1.050117090344429016e-01
1.136140152812004089e-01
1.010334715247154236e-01
1.186650767922401428e-01
1.349643915891647339e-01
1.118384227156639099e-01
1.332088261842727661e-01
1.028333082795143127e-01
1.045171990990638733e-01
1.203688010573387146e-01
1.485759764909744263e-01
1.260931044816970825e-01
9.616713970899581909e-02
1.310131102800369263e-01
1.322245448827743530e-01
1.034784540534019470e-01
1.279685646295547485e-01
1.159921884536743164e-01
9.712171554565429688e-02
1.460372805595397949e-01
1.426181197166442871e-01
9.098406881093978882e-02
1.621954441070556641e-01
1.458811163902282715e-01
9.646198898553848267e-02
1.252110451459884644e-01
1.396602392196655273e-01
1.606514006853103638e-01
1.266862899065017700e-01
1.180254220962524414e-01
1.464937180280685425e-01
1.162253245711326599e-01
1.146692857146263123e-01
1.910613626241683960e-01
1.367570310831069946e-01
9.621319919824600220e-02
1.018809378147125244e-01
1.147007420659065247e-01
1.627609431743621826e-01
1.001371145248413086e-01
1.183782443404197693e-01
1.271791458129882812e-01
1.420612931251525879e-01
1.710070222616195679e-01
1.362864524126052856e-01
1.090324148535728455e-01
7.650724798440933228e-02
1.213137209415435791e-01
1.260542124509811401e-01
1.508183479309082031e-01
1.307598203420639038e-01
1.030349135398864746e-01
1.353897154331207275e-01
1.457397192716598511e-01
1.308359801769256592e-01
1.252578943967819214e-01
1.299983114004135132e-01
1.123829260468482971e-01
1.290937215089797974e-01
6.841840595006942749e-02
8.613231033086776733e-02
1.664585918188095093e-01
1.330553144216537476e-01
1.027109995484352112e-01
1.315652877092361450e-01
1.091789230704307556e-01
1.488021165132522583e-01
1.189705729484558105e-01
9.523987025022506714e-02
1.068606749176979065e-01
1.609337776899337769e-01
1.061016321182250977e-01
1.779915839433670044e-01
1.222522631287574768e-01
2.635426223278045654e-01
1.185464039444923401e-01
1.069721207022666931e-01
1.498286873102188110e-01
1.359611898660659790e-01
1.058963760733604431e-01
9.377721697092056274e-02
1.172800734639167786e-01
1.300901621580123901e-01
8.633305877447128296e-02
1.068017482757568359e-01
1.081991493701934814e-01
7.891464233398437500e-02
1.025475263595581055e-01
1.438638269901275635e-01
1.537456810474395752e-01
1.491667032241821289e-01
1.007215380668640137e-01
7.252830266952514648e-02
1.363714337348937988e-01
1.094748005270957947e-01
1.572550684213638306e-01
8.171750605106353760e-02
1.428257375955581665e-01
1.057088151574134827e-01
1.011257395148277283e-01
1.261674910783767700e-01
7.620238512754440308e-02
1.099143400788307190e-01
1.378051191568374634e-01
1.358793526887893677e-01
1.044494733214378357e-01
1.029597297310829163e-01
1.408285647630691528e-01
8.894001692533493042e-02
1.108253225684165955e-01
9.876070171594619751e-02
1.319438815116882324e-01
1.294932216405868530e-01
1.343789100646972656e-01
1.003530323505401611e-01
1.305488944053649902e-01
1.406540423631668091e-01
1.500789970159530640e-01
1.159629896283149719e-01
1.471679359674453735e-01
8.189997076988220215e-02
1.322863847017288208e-01
8.733526617288589478e-02
9.811025857925415039e-02
1.358699649572372437e-01
1.288454085588455200e-01
1.363534927368164062e-01
1.192528679966926575e-01
1.316268891096115112e-01
7.070426642894744873e-02
1.222982034087181091e-01
1.239348649978637695e-01
1.683756113052368164e-01
1.651763319969177246e-01
9.303718805313110352e-02
9.418281167745590210e-02
8.892789483070373535e-02
1.318306475877761841e-01
1.093898788094520569e-01
1.112802997231483459e-01
1.344364136457443237e-01
1.317934840917587280e-01
1.329990774393081665e-01
1.003157868981361389e-01
1.163690090179443359e-01
9.821379929780960083e-02
1.129198297858238220e-01
1.465876698493957520e-01
1.716527491807937622e-01
1.570926159620285034e-01
9.209108352661132812e-02
1.124909892678260803e-01
1.261599510908126831e-01
1.003250256180763245e-01
1.589614003896713257e-01
1.129173636436462402e-01
1.258670836687088013e-01
7.465189695358276367e-02
8.853530883789062500e-02
1.018069609999656677e-01
1.029239669442176819e-01
1.263989806175231934e-01
9.126923233270645142e-02
1.723719984292984009e-01
9.453365206718444824e-02
1.306306868791580200e-01
1.190643310546875000e-01
1.472119241952896118e-01
1.132251024246215820e-01
1.351695805788040161e-01
1.455767005681991577e-01
1.192840561270713806e-01
1.478894799947738647e-01
1.265914440155029297e-01
1.191743016242980957e-01
1.385707259178161621e-01
8.061122149229049683e-02
1.039696931838989258e-01
1.162973269820213318e-01
1.299955844879150391e-01
2.454140037298202515e-01
1.093028709292411804e-01
7.643030583858489990e-02
9.860914945602416992e-02
1.829844564199447632e-01
1.069566011428833008e-01
1.497519463300704956e-01
1.307206898927688599e-01
1.390294879674911499e-01
1.068234443664550781e-01
9.559006243944168091e-02
1.080669388175010681e-01
1.301155835390090942e-01
1.610534638166427612e-01
1.013937890529632568e-01
1.464816927909851074e-01
1.072505936026573181e-01
1.405123025178909302e-01
1.472341269254684448e-01
9.786998480558395386e-02
9.632366895675659180e-02
1.464415639638900757e-01
1.123395562171936035e-01
1.530990153551101685e-01
9.632106870412826538e-02
1.019837558269500732e-01
1.279478520154953003e-01
1.567635387182235718e-01
1.540198773145675659e-01
1.128985881805419922e-01
1.315513700246810913e-01
1.828896999359130859e-01
9.217861294746398926e-02
1.120555698871612549e-01
1.476181745529174805e-01
1.007674708962440491e-01
1.134345829486846924e-01
1.064445301890373230e-01
1.412422060966491699e-01
1.385218650102615356e-01
1.368453055620193481e-01
1.461339741945266724e-01
8.603164553642272949e-02
1.090640798211097717e-01
1.306120902299880981e-01
9.012115001678466797e-02
9.135200828313827515e-02
1.457553654909133911e-01
1.204855814576148987e-01
8.856100589036941528e-02
1.077938899397850037e-01
1.230955943465232849e-01
1.086781248450279236e-01
1.067404970526695251e-01
1.597890108823776245e-01
1.234681308269500732e-01
1.475295424461364746e-01
1.199416145682334900e-01
1.488785892724990845e-01
1.258049309253692627e-01
1.103017255663871765e-01
1.047529280185699463e-01
1.565284878015518188e-01
7.983414083719253540e-02
1.363212317228317261e-01
1.021187603473663330e-01
1.258728355169296265e-01
1.162796244025230408e-01
1.733952313661575317e-01
1.027807220816612244e-01
8.749196678400039673e-02
1.500985473394393921e-01
7.548418641090393066e-02
1.288686990737915039e-01
9.305560588836669922e-02
1.329610645771026611e-01
1.019565686583518982e-01
1.317609250545501709e-01
1.718941479921340942e-01
1.504239737987518311e-01
1.265552192926406860e-01
7.718949764966964722e-02
9.191863983869552612e-02
1.658125668764114380e-01
9.572947770357131958e-02
1.214107275009155273e-01
1.634602397680282593e-01
1.384638994932174683e-01
1.458960771560668945e-01
1.472862809896469116e-01
1.122105494141578674e-01
1.005327701568603516e-01
1.211621686816215515e-01
8.147332817316055298e-02
1.328906416893005371e-01
1.198997721076011658e-01
1.300754994153976440e-01
1.291465610265731812e-01
1.485189795494079590e-01
2.115438580513000488e-01
9.988202899694442749e-02
1.166113242506980896e-01
1.641706824302673340e-01
1.385541707277297974e-01
1.281741857528686523e-01
1.185760870575904846e-01
9.929927438497543335e-02
2.137515991926193237e-01
1.100943088531494141e-01
1.451691389083862305e-01
3.504569232463836670e-01
1.386310905218124390e-01
1.268846541643142700e-01
1.334774047136306763e-01
2.473287582397460938e-01
1.518092155456542969e-01
1.392948925495147705e-01
1.289061307907104492e-01
1.174648404121398926e-01
1.845484972000122070e-01
9.725713729858398438e-02
1.579388082027435303e-01
1.379932314157485962e-01
1.026138737797737122e-01
1.050455942749977112e-01
1.482310593128204346e-01
1.197931244969367981e-01
1.732086390256881714e-01
1.331555694341659546e-01
9.614062309265136719e-02
1.437066048383712769e-01
1.433521360158920288e-01
1.178636327385902405e-01
1.212276592850685120e-01
1.375225037336349487e-01
9.661094099283218384e-02
1.219946369528770447e-01
1.053684428334236145e-01
1.011787876486778259e-01
1.317446082830429077e-01
1.202332675457000732e-01
2.103433758020401001e-01
1.010688841342926025e-01
1.269689649343490601e-01
1.385413855314254761e-01
1.526098698377609253e-01
1.298471540212631226e-01
9.097083657979965210e-02
2.052238434553146362e-01
1.181230172514915466e-01
1.106060370802879333e-01
1.219970956444740295e-01
1.374125033617019653e-01
8.948542922735214233e-02
1.221961453557014465e-01
1.288798898458480835e-01
1.294125616550445557e-01
9.862801432609558105e-02
1.184282377362251282e-01
9.791214019060134888e-02
1.470754444599151611e-01
1.392650157213211060e-01
1.215824410319328308e-01
1.084060370922088623e-01
1.609142720699310303e-01
1.371283829212188721e-01
9.799885004758834839e-02
1.370526552200317383e-01
1.301130652427673340e-01
1.303486675024032593e-01
1.309919953346252441e-01
1.093129888176918030e-01
1.403345614671707153e-01
1.294448226690292358e-01
1.078475341200828552e-01
1.132075488567352295e-01
1.453940719366073608e-01
8.122021704912185669e-02
1.061067283153533936e-01
1.496478468179702759e-01
1.228916868567466736e-01
2.768731415271759033e-01
1.150917336344718933e-01
2.296438068151473999e-01
3.351632356643676758e-01
1.032302007079124451e-01
1.627132892608642578e-01
1.388116925954818726e-01
1.060858964920043945e-01
9.222358465194702148e-02
1.194405928254127502e-01
1.185937896370887756e-01
1.202495694160461426e-01
1.387266814708709717e-01
1.596938371658325195e-01
1.040424108505249023e-01
1.204098835587501526e-01
1.372350454330444336e-01
8.644168823957443237e-02
1.019028797745704651e-01
1.111544072628021240e-01
1.086389198899269104e-01
8.922063559293746948e-02
1.057418808341026306e-01
1.078383699059486389e-01
1.158021166920661926e-01
8.177041262388229370e-02
1.261776536703109741e-01
1.456388086080551147e-01
1.667346507310867310e-01
1.050182953476905823e-01
1.537202149629592896e-01
1.319390535354614258e-01
8.257385343313217163e-02
1.150038316845893860e-01
1.141488030552864075e-01
1.289532333612442017e-01
1.131438091397285461e-01
1.373367309570312500e-01
1.099031940102577209e-01
7.149223983287811279e-02
9.040856361389160156e-02
1.216837242245674133e-01
9.090904146432876587e-02
1.143687590956687927e-01
1.026403903961181641e-01
1.017508581280708313e-01
8.887827396392822266e-02
1.636687815189361572e-01
8.490085601806640625e-02
8.993276208639144897e-02
1.417815983295440674e-01
1.084669753909111023e-01
1.154234111309051514e-01
1.121382787823677063e-01
1.656045466661453247e-01
1.230041384696960449e-01
8.349743485450744629e-02
1.518356949090957642e-01
1.430722475051879883e-01
1.333438903093338013e-01
9.939023107290267944e-02
1.287234872579574585e-01
1.292708069086074829e-01
1.105323433876037598e-01
1.607479453086853027e-01
1.111262217164039612e-01
1.295155435800552368e-01
1.049577221274375916e-01
1.462416797876358032e-01
9.834603220224380493e-02
1.147899031639099121e-01
1.039449200034141541e-01
1.326812356710433960e-01
9.423914551734924316e-02
9.573993831872940063e-02
2.427607029676437378e-01
1.266970634460449219e-01
1.410588026046752930e-01
1.262508928775787354e-01
1.090509071946144104e-01
9.380114078521728516e-02
1.027093529701232910e-01
1.266460567712783813e-01
8.374380320310592651e-02
1.080179810523986816e-01
1.493293792009353638e-01
1.753552705049514771e-01
1.064249277114868164e-01
1.244392469525337219e-01
1.630562096834182739e-01
1.304516792297363281e-01
1.047137677669525146e-01
1.073226332664489746e-01
1.328861266374588013e-01
1.008992195129394531e-01
9.615331888198852539e-02
1.584096997976303101e-01
3.273234069347381592e-01
1.001924872398376465e-01
1.149085238575935364e-01
1.842650324106216431e-01
1.540432870388031006e-01
1.149856820702552795e-01
1.888181418180465698e-01
1.799948811531066895e-01
1.165910139679908752e-01
1.390789747238159180e-01
1.729468703269958496e-01
1.052728593349456787e-01
7.837196439504623413e-02
1.115955412387847900e-01
1.391274780035018921e-01
1.114492639899253845e-01
9.541335701942443848e-02
1.198420822620391846e-01
1.136526167392730713e-01
1.251686662435531616e-01
1.050477623939514160e-01
9.869799762964248657e-02
1.128966584801673889e-01
1.460376977920532227e-01
1.258247196674346924e-01
1.161623224616050720e-01
1.126047372817993164e-01
1.238782778382301331e-01
1.090667918324470520e-01
9.632617235183715820e-02
1.245372295379638672e-01
1.252253800630569458e-01
1.081722378730773926e-01
1.667611449956893921e-01
8.981132507324218750e-02
1.078778132796287537e-01
1.177928075194358826e-01
1.421237438917160034e-01
9.515381604433059692e-02
1.137968003749847412e-01
1.139330267906188965e-01
1.174069643020629883e-01
1.281783431768417358e-01
1.175755485892295837e-01
1.092844605445861816e-01
1.139387562870979309e-01
1.205472573637962341e-01
9.938260912895202637e-02
1.186421811580657959e-01
1.342473179101943970e-01
1.104827597737312317e-01
1.297758370637893677e-01
1.338685899972915649e-01
1.588917374610900879e-01
9.598684310913085938e-02
1.308981180191040039e-01
1.496158987283706665e-01
1.122378706932067871e-01
1.264489591121673584e-01
7.834268361330032349e-02
9.907902032136917114e-02
1.749441176652908325e-01
1.099435910582542419e-01
1.098278686404228210e-01
1.019807979464530945e-01
1.641621738672256470e-01
1.288708001375198364e-01
1.170323416590690613e-01
9.856791049242019653e-02
2.239924222230911255e-01
1.304999589920043945e-01
1.354741454124450684e-01
1.524842530488967896e-01
1.484911888837814331e-01
1.286507248878479004e-01
1.162791848182678223e-01
1.157110407948493958e-01
1.380611807107925415e-01
1.723375916481018066e-01
1.492043286561965942e-01
1.857196837663650513e-01
1.454446017742156982e-01
1.203973218798637390e-01
1.209786906838417053e-01
1.457054167985916138e-01
1.660923212766647339e-01
9.661065787076950073e-02
1.511472612619400024e-01
1.128410920500755310e-01
1.033608242869377136e-01
2.668842375278472900e-01
8.070958405733108521e-02
1.044175922870635986e-01
1.328883022069931030e-01
1.050379946827888489e-01
1.405657827854156494e-01
1.184319779276847839e-01
1.183153763413429260e-01
1.339127570390701294e-01
1.263123899698257446e-01
1.582475602626800537e-01
1.048853397369384766e-01
9.294396638870239258e-02
1.211484372615814209e-01
9.836048632860183716e-02
1.197694763541221619e-01
1.256556659936904907e-01
1.243060529232025146e-01
1.211113706231117249e-01
1.446750909090042114e-01
1.189170703291893005e-01
8.763294667005538940e-02
1.021671965718269348e-01
1.157245039939880371e-01
1.674676984548568726e-01
1.052476987242698669e-01
1.299561411142349243e-01
1.055446788668632507e-01
2.173418253660202026e-01
1.212161183357238770e-01
1.057710275053977966e-01
1.163022518157958984e-01
1.220841482281684875e-01
8.382812887430191040e-02
1.272621899843215942e-01
6.630462408065795898e-02
9.329366683959960938e-02
1.866732835769653320e-01
1.037913337349891663e-01
1.391867250204086304e-01
1.185908392071723938e-01
2.443251013755798340e-01
1.262347251176834106e-01
1.488676518201828003e-01
1.256413906812667847e-01
7.399006187915802002e-02
1.204298064112663269e-01
9.663492441177368164e-02
8.718297630548477173e-02
1.267006248235702515e-01
1.321288943290710449e-01
1.380578726530075073e-01
1.249611601233482361e-01
1.425268203020095825e-01
1.106937900185585022e-01
1.249242052435874939e-01
1.175707578659057617e-01
1.809414774179458618e-01
8.957701921463012695e-02
1.460996717214584351e-01
1.300070732831954956e-01
1.170445382595062256e-01
1.324396580457687378e-01
1.148814857006072998e-01
1.489981859922409058e-01
1.286151260137557983e-01
9.828442335128784180e-02
1.214090511202812195e-01
1.223544180393218994e-01
1.488858461380004883e-01
1.089084669947624207e-01
1.051158905029296875e-01
1.313552260398864746e-01
1.126286983489990234e-01
8.700865507125854492e-02
1.323338598012924194e-01
8.076047152280807495e-02
9.379150718450546265e-02
1.290399730205535889e-01
1.235643923282623291e-01
1.324083954095840454e-01
1.073493957519531250e-01
1.124843731522560120e-01
1.639170646667480469e-01
1.244859322905540466e-01
1.585999429225921631e-01
1.157414317131042480e-01
1.426369547843933105e-01
1.062419489026069641e-01
1.273903399705886841e-01
1.157652735710144043e-01
6.905799359083175659e-02
9.946479648351669312e-02
8.468028157949447632e-02
1.194606646895408630e-01
1.610280871391296387e-01
1.261136233806610107e-01
1.423577815294265747e-01
1.059556007385253906e-01
1.350395530462265015e-01
1.331456452608108521e-01
1.171363219618797302e-01
9.896121174097061157e-02
1.575124710798263550e-01
1.032803431153297424e-01
1.000596806406974792e-01
1.612377315759658813e-01
7.365965843200683594e-02
1.413416862487792969e-01
1.179421171545982361e-01
1.307599693536758423e-01
1.083513870835304260e-01
1.349616795778274536e-01
9.053764492273330688e-02
1.085740849375724792e-01
1.532617211341857910e-01
1.059826985001564026e-01
1.368737220764160156e-01
1.409302502870559692e-01
1.091452613472938538e-01
9.652769565582275391e-02
1.493089348077774048e-01
9.518748521804809570e-02
2.282079607248306274e-01
1.099108681082725525e-01
1.595296859741210938e-01
1.155560612678527832e-01
1.225145384669303894e-01
1.379341632127761841e-01
1.301814913749694824e-01
1.246182695031166077e-01
1.102067306637763977e-01
1.520471423864364624e-01
1.397544592618942261e-01
1.355491429567337036e-01
1.326043158769607544e-01
1.305056214332580566e-01
1.211805567145347595e-01
1.265162825584411621e-01
1.284001171588897705e-01
1.020858660340309143e-01
1.276671290397644043e-01
9.234470129013061523e-02
7.588820159435272217e-02
1.065554544329643250e-01
1.265799105167388916e-01
1.208956018090248108e-01
1.026966199278831482e-01
1.213595867156982422e-01
8.824577927589416504e-02
1.055945977568626404e-01
1.371381729841232300e-01
9.874149411916732788e-02
1.812771409749984741e-01
1.146262511610984802e-01
1.207998394966125488e-01
1.086049079895019531e-01
8.381687849760055542e-02
1.013756468892097473e-01
7.773603498935699463e-02
1.487149745225906372e-01
1.162625551223754883e-01
8.997738361358642578e-02
2.048839777708053589e-01
1.059780344367027283e-01
1.080887690186500549e-01
1.677875071763992310e-01
1.362804323434829712e-01
1.179910674691200256e-01
9.356922656297683716e-02
7.253984361886978149e-02
1.523243039846420288e-01
9.908956289291381836e-02
1.050425842404365540e-01
1.278754621744155884e-01
1.329708546400070190e-01
1.270491480827331543e-01
9.995023161172866821e-02
1.301168352365493774e-01
1.256230622529983521e-01
1.105116233229637146e-01
9.654738754034042358e-02
1.157850399613380432e-01
1.110197901725769043e-01
1.385580748319625854e-01
1.262109726667404175e-01
9.663608670234680176e-02
1.683443337678909302e-01
1.226209476590156555e-01
1.039150357246398926e-01
1.075275912880897522e-01
1.353251934051513672e-01
1.269242167472839355e-01
9.829446673393249512e-02
1.428225040435791016e-01
7.527375966310501099e-02
9.381339699029922485e-02
8.672400563955307007e-02
1.533789783716201782e-01
1.345868259668350220e-01
1.456049531698226929e-01
1.300806105136871338e-01
1.141206324100494385e-01
1.345821022987365723e-01
1.231263652443885803e-01
1.214258670806884766e-01
1.229888573288917542e-01
1.490680128335952759e-01
9.583302587270736694e-02
1.552146375179290771e-01
1.697992533445358276e-01
1.245711520314216614e-01
1.138307824730873108e-01
1.285828948020935059e-01
1.208176836371421814e-01
1.225515007972717285e-01
1.169239357113838196e-01
1.326956152915954590e-01
1.204614639282226562e-01
2.184273749589920044e-01
1.234791278839111328e-01
9.594900161027908325e-02
1.305185705423355103e-01
1.407457143068313599e-01
1.215746402740478516e-01
1.837825775146484375e-01
1.177430748939514160e-01
1.032013893127441406e-01
1.529736071825027466e-01
8.173715323209762573e-02
1.793370246887207031e-01
1.138145551085472107e-01
9.750014543533325195e-02
1.015799567103385925e-01
1.592169553041458130e-01
1.580467224121093750e-01
9.698104858398437500e-02
1.108653023838996887e-01
1.072394624352455139e-01
1.710671782493591309e-01
1.618134826421737671e-01
1.107598617672920227e-01
8.023978769779205322e-02
1.478622108697891235e-01
1.035607233643531799e-01
9.302239865064620972e-02
1.093959137797355652e-01
8.331721276044845581e-02
1.302060335874557495e-01
9.823098778724670410e-02
1.543243378400802612e-01
1.277132481336593628e-01
9.479551762342453003e-02
1.159721687436103821e-01
9.043300151824951172e-02
1.094553843140602112e-01
1.221599802374839783e-01
1.225140914320945740e-01
1.178948655724525452e-01
1.259894967079162598e-01
1.099229753017425537e-01
1.386802345514297485e-01
1.479992419481277466e-01
1.286511868238449097e-01
1.410075724124908447e-01
9.318999201059341431e-02
1.212370470166206360e-01
1.382622569799423218e-01
1.618361622095108032e-01
8.976105600595474243e-02
1.224166974425315857e-01
9.192528575658798218e-02
7.437999546527862549e-02
2.119849920272827148e-01
1.095298156142234802e-01
1.179251894354820251e-01
1.555384248495101929e-01
2.033107131719589233e-01
1.516182273626327515e-01
1.122176647186279297e-01
1.171767339110374451e-01
1.498111188411712646e-01
1.046237275004386902e-01
1.474711298942565918e-01
1.201439276337623596e-01
6.918141990900039673e-02
1.085542738437652588e-01
1.008064150810241699e-01
1.405567377805709839e-01
1.459282785654067993e-01
1.175742745399475098e-01
1.128286048769950867e-01
1.157781481742858887e-01
1.095313131809234619e-01
1.668609380722045898e-01
1.692673712968826294e-01
9.471873193979263306e-02
2.440239936113357544e-01
1.263554841279983521e-01
1.082733497023582458e-01
1.624536663293838501e-01
1.327633857727050781e-01
1.185462102293968201e-01
8.834942430257797241e-02
1.084858775138854980e-01
1.399855762720108032e-01
1.000561490654945374e-01
1.219716742634773254e-01
1.031086072325706482e-01
1.259309649467468262e-01
2.131592035293579102e-01
1.061783060431480408e-01
9.423641115427017212e-02
1.665230542421340942e-01
2.245483845472335815e-01
8.882998675107955933e-02
1.368927061557769775e-01
1.241293326020240784e-01
1.447319537401199341e-01
8.275157958269119263e-02
1.329894512891769409e-01
1.060749813914299011e-01
1.112908124923706055e-01
1.993334740400314331e-01
1.179057583212852478e-01
7.719533145427703857e-02
1.445467621088027954e-01
1.117547154426574707e-01
1.441357582807540894e-01
1.343529224395751953e-01
1.244057044386863708e-01
9.994208067655563354e-02
1.136124134063720703e-01
8.262468129396438599e-02
1.121431812644004822e-01
8.875647932291030884e-02
2.043340951204299927e-01
1.661442816257476807e-01
1.657504886388778687e-01
1.163515672087669373e-01
1.759317368268966675e-01
1.135413944721221924e-01
1.159257069230079651e-01
1.497172415256500244e-01
1.508796364068984985e-01
1.419670432806015015e-01
2.460469603538513184e-01
1.163251623511314392e-01
1.311050653457641602e-01
1.959684938192367554e-01
1.360040307044982910e-01
1.612557023763656616e-01
1.373391598463058472e-01
9.016086906194686890e-02
1.379501372575759888e-01
1.231956258416175842e-01
6.332964450120925903e-02
1.336135566234588623e-01
1.259113401174545288e-01
1.281152218580245972e-01
1.290068626403808594e-01
1.610807627439498901e-01
1.174390539526939392e-01
9.795514494180679321e-02
1.423706114292144775e-01
1.179996654391288757e-01
1.371171325445175171e-01
1.018463075160980225e-01
8.836820721626281738e-02
1.402842253446578979e-01
9.069043397903442383e-02
9.767434000968933105e-02
1.143746152520179749e-01
1.310039907693862915e-01
1.201349496841430664e-01
1.299375444650650024e-01
1.389478594064712524e-01
1.410341113805770874e-01
1.489698290824890137e-01
1.102905273437500000e-01
1.095363870263099670e-01
2.642168700695037842e-01
1.378486603498458862e-01
1.206118464469909668e-01
1.618262976408004761e-01
1.344881206750869751e-01
1.177149340510368347e-01
1.307769268751144409e-01
9.051369875669479370e-02
1.012146845459938049e-01
1.097296848893165588e-01
1.582697033882141113e-01
1.438944786787033081e-01
7.093267887830734253e-02
2.385534644126892090e-01
1.259249597787857056e-01
1.097082272171974182e-01
9.301740676164627075e-02
7.030685991048812866e-02
1.292706429958343506e-01
1.475459635257720947e-01
1.337614655494689941e-01
1.260059028863906860e-01
9.209463745355606079e-02
1.191344037652015686e-01
1.184828504920005798e-01
9.970320016145706177e-02
1.131009161472320557e-01
1.246765479445457458e-01
1.278730779886245728e-01
1.268467158079147339e-01
1.116932854056358337e-01
1.178504601120948792e-01
1.134214624762535095e-01
1.249932348728179932e-01
1.263939887285232544e-01
1.585476547479629517e-01
1.211667358875274658e-01
1.470510363578796387e-01
1.008455082774162292e-01
1.033923625946044922e-01
9.941381216049194336e-02
1.151612177491188049e-01
1.235880181193351746e-01
3.268353641033172607e-01
1.470112949609756470e-01
1.098161563277244568e-01
9.303464740514755249e-02
1.220556870102882385e-01
2.161515951156616211e-01
1.264252066612243652e-01
1.058827638626098633e-01
1.290027052164077759e-01
1.126862987875938416e-01
1.037624776363372803e-01
1.367624700069427490e-01
1.375886648893356323e-01
8.470489829778671265e-02
1.392643302679061890e-01
1.477029472589492798e-01
1.418278813362121582e-01
1.141994372010231018e-01
1.035322770476341248e-01
9.034529328346252441e-02
1.070965155959129333e-01
1.199850812554359436e-01
1.115518510341644287e-01
2.738188207149505615e-01
1.141998767852783203e-01
9.697420150041580200e-02
7.147331535816192627e-02
1.762987375259399414e-01
8.953694254159927368e-02
1.007319390773773193e-01
1.170311272144317627e-01
9.407213330268859863e-02
1.574178338050842285e-01
1.401544213294982910e-01
1.339045614004135132e-01
1.133537217974662781e-01
1.604183912277221680e-01
8.735457807779312134e-02
1.050941050052642822e-01
1.431555151939392090e-01
1.153624057769775391e-01
1.326056718826293945e-01
1.134408488869667053e-01
1.135259643197059631e-01
1.267465204000473022e-01
8.511016517877578735e-02
1.139640584588050842e-01
8.942232280969619751e-02
1.086141988635063171e-01
7.710446417331695557e-02
1.201188266277313232e-01
1.058975681662559509e-01
1.217192485928535461e-01
1.351857930421829224e-01
8.207695931196212769e-02
1.075255274772644043e-01
1.231999173760414124e-01
1.681694239377975464e-01
1.319845020771026611e-01
1.250115782022476196e-01
1.463201195001602173e-01
1.167530789971351624e-01
9.507715702056884766e-02
1.610981971025466919e-01
1.625266820192337036e-01
1.822781562805175781e-01
1.023802533745765686e-01
1.404388993978500366e-01
1.236376762390136719e-01
8.990322798490524292e-02
1.525668799877166748e-01
1.175064444541931152e-01
1.261981725692749023e-01
9.998506307601928711e-02
1.106170415878295898e-01
7.349926978349685669e-02
1.163059771060943604e-01
1.018743738532066345e-01
1.604565978050231934e-01
1.760159730911254883e-01
1.044718250632286072e-01
1.382976621389389038e-01
1.583034992218017578e-01
1.384300142526626587e-01
1.091016903519630432e-01
1.044380068778991699e-01
1.134501695632934570e-01
1.078393384814262390e-01
1.174032464623451233e-01
1.175376772880554199e-01
1.040716469287872314e-01
1.059404537081718445e-01
6.402675062417984009e-02
1.672900915145874023e-01
1.055110916495323181e-01
1.236281469464302063e-01
1.416579037904739380e-01
1.444572508335113525e-01
9.819950908422470093e-02
1.312951892614364624e-01
1.421923488378524780e-01
1.970191001892089844e-01
1.188555061817169189e-01
1.150971874594688416e-01
1.315772086381912231e-01
9.258132427930831909e-02
1.511598825454711914e-01
1.430842876434326172e-01
1.001652851700782776e-01
1.108044162392616272e-01
1.563973873853683472e-01
1.044928953051567078e-01
1.271094530820846558e-01
1.264226585626602173e-01
1.175185218453407288e-01
7.921894639730453491e-02
1.333804279565811157e-01
1.370897293090820312e-01
7.973136752843856812e-02
1.422477066516876221e-01
8.776728063821792603e-02
1.535894423723220825e-01
1.299043446779251099e-01
9.553316235542297363e-02
1.417747139930725098e-01
1.061350628733634949e-01
1.336029022932052612e-01
1.265273094177246094e-01
1.229396387934684753e-01
1.252291351556777954e-01
9.898141771554946899e-02
1.115837469696998596e-01
2.001531571149826050e-01
1.481305360794067383e-01
1.205417737364768982e-01
1.294289678335189819e-01
1.219978556036949158e-01
1.248333081603050232e-01
7.784643769264221191e-02
1.237725839018821716e-01
1.333056241273880005e-01
9.474065154790878296e-02
1.279454976320266724e-01
8.447112888097763062e-02
1.087298989295959473e-01
9.208455681800842285e-02
1.146551966667175293e-01
1.186695918440818787e-01
1.331528276205062866e-01
2.634805738925933838e-01
1.325279921293258667e-01
1.003862619400024414e-01
1.410995870828628540e-01
1.020867228507995605e-01
1.520940661430358887e-01
1.336267739534378052e-01
1.451840847730636597e-01
1.325057893991470337e-01
1.123872995376586914e-01
9.505153447389602661e-02
1.081822514533996582e-01
1.762125045061111450e-01
1.761684864759445190e-01
1.065184697508811951e-01
9.143838286399841309e-02
1.682836413383483887e-01
1.157173737883567810e-01
1.126122474670410156e-01
1.269432753324508667e-01
1.273325830698013306e-01
9.770732372999191284e-02
1.462435722351074219e-01
1.187341585755348206e-01
1.204016432166099548e-01
9.786183387041091919e-02
9.761852771043777466e-02
1.036111339926719666e-01
1.341034621000289917e-01
1.312054544687271118e-01
1.250304281711578369e-01
1.142940819263458252e-01
1.041589081287384033e-01
1.302190423011779785e-01
9.771811962127685547e-02
1.613164991140365601e-01
1.251010447740554810e-01
1.122563257813453674e-01
1.143161654472351074e-01
1.215749010443687439e-01
1.220675334334373474e-01
9.851121902465820312e-02
8.606202155351638794e-02
9.228402376174926758e-02
1.031060442328453064e-01
1.558723896741867065e-01
1.982105821371078491e-01
9.087153524160385132e-02
1.407623440027236938e-01
1.961055546998977661e-01
6.387052685022354126e-02
9.827214479446411133e-02
6.836029887199401855e-02
1.228724047541618347e-01
1.181114241480827332e-01
1.384203284978866577e-01
7.612919062376022339e-02
1.182286962866783142e-01
1.467852443456649780e-01
1.344196796417236328e-01
1.508850902318954468e-01
1.014273986220359802e-01
1.314668506383895874e-01
1.305599957704544067e-01
1.168739795684814453e-01
1.064966693520545959e-01
1.256556510925292969e-01
1.337096244096755981e-01
1.218598857522010803e-01
1.317600458860397339e-01
9.168732166290283203e-02
1.298546940088272095e-01
1.354185789823532104e-01
9.837874025106430054e-02
9.193971008062362671e-02
9.643813967704772949e-02
9.280071407556533813e-02
1.162386834621429443e-01
7.111864537000656128e-02
8.990606665611267090e-02
1.230351328849792480e-01
1.557984948158264160e-01
9.995426982641220093e-02
1.112247630953788757e-01
1.152110695838928223e-01
1.137927547097206116e-01
9.259160608053207397e-02
9.880670160055160522e-02
2.282809764146804810e-01
1.318269520998001099e-01
1.228517591953277588e-01
9.705978631973266602e-02
1.458641290664672852e-01
1.097971722483634949e-01
1.088574007153511047e-01
9.378655999898910522e-02
8.948048204183578491e-02
1.554316580295562744e-01
1.229453682899475098e-01
1.146376654505729675e-01
1.127630993723869324e-01
1.784913390874862671e-01
1.279210895299911499e-01
8.853168040513992310e-02
8.999510854482650757e-02
1.107141599059104919e-01
9.969305992126464844e-02
3.934779167175292969e-01
9.344611316919326782e-02
1.190795674920082092e-01
1.165483370423316956e-01
9.743762016296386719e-02
1.526558399200439453e-01
1.491987556219100952e-01
1.098871603608131409e-01
1.241089478135108948e-01
1.403079032897949219e-01
1.707011461257934570e-01
9.318353980779647827e-02
1.435701847076416016e-01
9.799820184707641602e-02
1.483445763587951660e-01
1.144994124770164490e-01
1.030808463692665100e-01
1.206232011318206787e-01
9.346201270818710327e-02
1.463137418031692505e-01
9.674181789159774780e-02
1.905158162117004395e-01
1.367549151182174683e-01
1.181500554084777832e-01
1.635493636131286621e-01
1.041408702731132507e-01
2.014801502227783203e-01
1.243414282798767090e-01
8.876368403434753418e-02
1.889341324567794800e-01
1.299799531698226929e-01
1.786715239286422729e-01
9.423214942216873169e-02
1.178211793303489685e-01
1.142586246132850647e-01
1.164122521877288818e-01
1.549288183450698853e-01
1.448401063680648804e-01
1.307234913110733032e-01
1.542376428842544556e-01
1.395568102598190308e-01
8.859005570411682129e-02
1.274977028369903564e-01
1.330413520336151123e-01
3.489936888217926025e-01
1.307746917009353638e-01
1.159975752234458923e-01
1.390462070703506470e-01
1.566289663314819336e-01
1.293046325445175171e-01
9.574952721595764160e-02
1.226165518164634705e-01
1.201098188757896423e-01
1.157742738723754883e-01
1.244930401444435120e-01
9.987490624189376831e-02
1.108321323990821838e-01
2.759946882724761963e-01
1.108624935150146484e-01
2.248368263244628906e-01
1.284131109714508057e-01
1.366223990917205811e-01
1.148588582873344421e-01
2.086168974637985229e-01
1.109104156494140625e-01
1.206795349717140198e-01
1.166970431804656982e-01
1.296288371086120605e-01
1.469901502132415771e-01
5.323428511619567871e-01
1.354710310697555542e-01
1.384841799736022949e-01
1.446750313043594360e-01
1.103472635149955750e-01
7.107010483741760254e-02
1.428714543581008911e-01
1.779343336820602417e-01
1.154411733150482178e-01
1.253375560045242310e-01
7.768940925598144531e-02
1.343285292387008667e-01
1.422092616558074951e-01
3.004935681819915771e-01
1.042399629950523376e-01
1.169578433036804199e-01
9.542571753263473511e-02
1.196589246392250061e-01
1.227288618683815002e-01
1.010502278804779053e-01
8.490332961082458496e-02
9.392275661230087280e-02
1.059632375836372375e-01
1.682818084955215454e-01
1.150255277752876282e-01
1.163106635212898254e-01
1.133728399872779846e-01
1.577313691377639771e-01
9.814099222421646118e-02
1.053455993533134460e-01
1.175816133618354797e-01
1.312295943498611450e-01
1.279484480619430542e-01
1.109861955046653748e-01
9.204714745283126831e-02
1.492339223623275757e-01
1.108579263091087341e-01
1.073789820075035095e-01
1.409016698598861694e-01
1.163337007164955139e-01
1.454082578420639038e-01
1.164460703730583191e-01
1.272771507501602173e-01
1.296194195747375488e-01
9.384208172559738159e-02
9.667098522186279297e-02
9.095126390457153320e-02
1.206644251942634583e-01
1.317524164915084839e-01
9.007946401834487915e-02
1.020980253815650940e-01
8.255533128976821899e-02
1.211547628045082092e-01
1.411662250757217407e-01
1.219915077090263367e-01
1.413744240999221802e-01
8.201073110103607178e-02
1.656836271286010742e-01
7.387696951627731323e-02
1.212419643998146057e-01
1.654880344867706299e-01
1.329040080308914185e-01
6.077386066317558289e-02
9.629646688699722290e-02
1.210169494152069092e-01
1.174267530441284180e-01
1.093179956078529358e-01
1.103695407509803772e-01
1.042637005448341370e-01
1.289550662040710449e-01
1.416371017694473267e-01
9.936649352312088013e-02
1.283814460039138794e-01
1.402520984411239624e-01
9.666379541158676147e-02
9.481617063283920288e-02
1.756799966096878052e-01
1.268653869628906250e-01
1.077683940529823303e-01
1.369512677192687988e-01
9.481699019670486450e-02
1.153988614678382874e-01
1.378040313720703125e-01
1.368917375802993774e-01
1.029641106724739075e-01
1.278309077024459839e-01
9.404921531677246094e-02
1.750937253236770630e-01
1.512487381696701050e-01
1.480085253715515137e-01
1.481920778751373291e-01
1.081245020031929016e-01
1.302984356880187988e-01
1.411271840333938599e-01
1.274936646223068237e-01
1.181141138076782227e-01
1.070410236716270447e-01
1.387540251016616821e-01
9.639736264944076538e-02
9.243985265493392944e-02
1.261641830205917358e-01
1.101660951972007751e-01
1.104674711823463440e-01
8.847760409116744995e-02
1.552569717168807983e-01
9.369664639234542847e-02
1.064057573676109314e-01
1.167514324188232422e-01
1.551042348146438599e-01
9.823139756917953491e-02
9.236165136098861694e-02
9.709440916776657104e-02
1.365012377500534058e-01
1.246137842535972595e-01
1.609227806329727173e-01
1.012332513928413391e-01
1.908345967531204224e-01
1.500397473573684692e-01
1.751109808683395386e-01
1.898205876350402832e-01
1.149133443832397461e-01
1.020897626876831055e-01
1.218327060341835022e-01
1.424876451492309570e-01
8.053611963987350464e-02
8.942262083292007446e-02
1.116269230842590332e-01
1.056234240531921387e-01
1.155648827552795410e-01
1.249769702553749084e-01
8.831110596656799316e-02
1.129720211029052734e-01
1.413324326276779175e-01
9.256354719400405884e-02
1.375230401754379272e-01
1.252441257238388062e-01
1.111626029014587402e-01
1.058688238263130188e-01
1.154187619686126709e-01
1.319706887006759644e-01
1.177812516689300537e-01
9.669858217239379883e-02
1.232292428612709045e-01
8.287911862134933472e-02
1.081989780068397522e-01
1.129386201500892639e-01
1.102541685104370117e-01
1.259684413671493530e-01
1.320903003215789795e-01
1.579030901193618774e-01
1.075287684798240662e-01
1.150396764278411865e-01
1.845664232969284058e-01
8.699280023574829102e-02
1.469827443361282349e-01
1.336786895990371704e-01
9.337190538644790649e-02
1.371293067932128906e-01
1.100142300128936768e-01
9.921645373106002808e-02
1.116875186562538147e-01
1.302167028188705444e-01
9.608751535415649414e-02
1.033682227134704590e-01
9.642007201910018921e-02
9.313086420297622681e-02
1.574799567461013794e-01
1.021088734269142151e-01
1.554268598556518555e-01
8.559709787368774414e-02
1.187001988291740417e-01
1.285689026117324829e-01
1.043346449732780457e-01
1.628467887639999390e-01
1.450049132108688354e-01
1.374140381813049316e-01
1.458056718111038208e-01
1.007544770836830139e-01
1.717383414506912231e-01
8.329760283231735229e-02
9.740189462900161743e-02
1.081381365656852722e-01
1.263364851474761963e-01
1.162529364228248596e-01
1.204087808728218079e-01
2.072201818227767944e-01
1.283944547176361084e-01
1.138018593192100525e-01
1.440052837133407593e-01
9.340179711580276489e-02
1.195130348205566406e-01
9.687193483114242554e-02
6.469580531120300293e-02
1.724116355180740356e-01
9.971338510513305664e-02
1.254435181617736816e-01
1.133246421813964844e-01
9.176150709390640259e-02
1.198695227503776550e-01
1.188670173287391663e-01
1.194577813148498535e-01
1.320689469575881958e-01
1.450512558221817017e-01
8.416702598333358765e-02
1.220965757966041565e-01
1.191612258553504944e-01
1.513720303773880005e-01
1.414533257484436035e-01
1.343138068914413452e-01
1.207735314965248108e-01
1.820710897445678711e-01
1.712137907743453979e-01
9.847121685743331909e-02
1.314685791730880737e-01
1.194704547524452209e-01
1.028293594717979431e-01
1.227990612387657166e-01
9.166870266199111938e-02
1.512093544006347656e-01
1.066406294703483582e-01
1.027248576283454895e-01
1.105834767222404480e-01
1.083595454692840576e-01
1.095157489180564880e-01
1.339573413133621216e-01
1.170420125126838684e-01
1.335976868867874146e-01
1.147750616073608398e-01
9.546812623739242554e-02
1.260702759027481079e-01
1.659021228551864624e-01
9.267652034759521484e-02
1.216769218444824219e-01
9.133050590753555298e-02
8.337394148111343384e-02
1.183558702468872070e-01
1.016950383782386780e-01
1.106481030583381653e-01
1.028854176402091980e-01
1.072899997234344482e-01
1.169489026069641113e-01
1.272342056035995483e-01
1.693067103624343872e-01
1.215000152587890625e-01
1.540926843881607056e-01
8.374006301164627075e-02
1.046582162380218506e-01
1.056125387549400330e-01
1.047604456543922424e-01
8.790170401334762573e-02
7.771112024784088135e-02
1.063368320465087891e-01
1.085889413952827454e-01
1.202391013503074646e-01
1.216313615441322327e-01
2.017970681190490723e-01
1.302703768014907837e-01
1.318669915199279785e-01
1.171388402581214905e-01
1.222740933299064636e-01
1.739964336156845093e-01
1.329575777053833008e-01
1.377940177917480469e-01
1.443973332643508911e-01
1.281400918960571289e-01
1.251638382673263550e-01
1.488615721464157104e-01
7.435300946235656738e-02
1.032249927520751953e-01
1.245556101202964783e-01
9.309652447700500488e-02
9.786903858184814453e-02
9.418267011642456055e-02
1.049503162503242493e-01
1.124978289008140564e-01
1.375003606081008911e-01
1.188859045505523682e-01
1.453914940357208252e-01
1.238946542143821716e-01
1.088875308632850647e-01
8.271213620901107788e-02
1.386949568986892700e-01
8.429723978042602539e-02
1.491277217864990234e-01
1.184496581554412842e-01
1.249183043837547302e-01
1.552911847829818726e-01
1.280125528573989868e-01
8.861256390810012817e-02
1.107055917382240295e-01
1.164079010486602783e-01
1.679441183805465698e-01
1.382115632295608521e-01
1.297970563173294067e-01
1.064367294311523438e-01
1.086956188082695007e-01
8.553868532180786133e-02
1.269467920064926147e-01
1.119567975401878357e-01
9.771869331598281860e-02
9.276082366704940796e-02
9.107317775487899780e-02
1.177258267998695374e-01
1.356653124094009399e-01
1.167165264487266541e-01
1.432661414146423340e-01
1.094917282462120056e-01
1.319491118192672729e-01
1.021929979324340820e-01
9.528606384992599487e-02
1.812859028577804565e-01
1.070809960365295410e-01
9.654977172613143921e-02
9.027868509292602539e-02
1.617003232240676880e-01
8.278056979179382324e-02
1.130737885832786560e-01
2.272881716489791870e-01
1.197339296340942383e-01
1.733383536338806152e-01
1.383316963911056519e-01
1.003735065460205078e-01
1.234177872538566589e-01
1.134834885597229004e-01
1.161765828728675842e-01
1.090053543448448181e-01
1.127762123942375183e-01
1.460906416177749634e-01
1.228860244154930115e-01
6.103420257568359375e-02
7.577755302190780640e-02
1.062752902507781982e-01
1.155847534537315369e-01
1.638169437646865845e-01
9.057179093360900879e-02
1.011915206909179688e-01
1.119687333703041077e-01
1.881007999181747437e-01
1.454346179962158203e-01
1.161467507481575012e-01
8.792269974946975708e-02
1.604465097188949585e-01
9.227903932332992554e-02
9.312361478805541992e-02
1.573007404804229736e-01
1.062433496117591858e-01
1.414014697074890137e-01
1.668562740087509155e-01
1.208647117018699646e-01
1.266705542802810669e-01
1.662274748086929321e-01
1.535215973854064941e-01
1.028602123260498047e-01
1.445630192756652832e-01
8.414172381162643433e-02
9.451413154602050781e-02
1.583183258771896362e-01
1.037950739264488220e-01
1.432147473096847534e-01
1.079078242182731628e-01
1.261328011751174927e-01
1.031176745891571045e-01
1.186542883515357971e-01
1.269415318965911865e-01
1.567535400390625000e-01
1.508852392435073853e-01
1.246127113699913025e-01
1.224775239825248718e-01
1.548955887556076050e-01
9.509574621915817261e-02
9.363920241594314575e-02
1.450926661491394043e-01
1.242355480790138245e-01
8.419519662857055664e-02
1.418433636426925659e-01
1.250997930765151978e-01
1.257195323705673218e-01
1.137822046875953674e-01
7.396875321865081787e-02
9.199268370866775513e-02
1.280908584594726562e-01
1.604445576667785645e-01
1.431576013565063477e-01
1.210789456963539124e-01
1.357594132423400879e-01
1.091322004795074463e-01
1.347721368074417114e-01
1.029274761676788330e-01
1.291853934526443481e-01
1.052418276667594910e-01
1.458213180303573608e-01
1.062843501567840576e-01
1.318152993917465210e-01
9.047690778970718384e-02
1.158467307686805725e-01
1.226218938827514648e-01
1.163070797920227051e-01
1.375092118978500366e-01
1.199626699090003967e-01
1.302596777677536011e-01
1.286692470312118530e-01
1.016046628355979919e-01
1.634876579046249390e-01
1.720173358917236328e-01
1.357509344816207886e-01
9.901920706033706665e-02
1.367538124322891235e-01
1.474486738443374634e-01
1.052598580718040466e-01
1.590041965246200562e-01
9.433517605066299438e-02
1.092140153050422668e-01
1.166787147521972656e-01
1.440992802381515503e-01
1.032214462757110596e-01
1.250936985015869141e-01
1.702213287353515625e-01
9.251611679792404175e-02
1.339206844568252563e-01
1.354793012142181396e-01
9.901305288076400757e-02
1.173783540725708008e-01
1.324872523546218872e-01
1.234133765101432800e-01
1.409897655248641968e-01
1.240855455398559570e-01
2.684168517589569092e-01
1.532755941152572632e-01
1.329481750726699829e-01
1.363987773656845093e-01
1.130734607577323914e-01
1.390160173177719116e-01
7.014904171228408813e-02
1.020193323493003845e-01
1.254051178693771362e-01
1.102516129612922668e-01
1.434559971094131470e-01
9.042499214410781860e-02
1.306639909744262695e-01
1.414939761161804199e-01
1.368316859006881714e-01
2.021779567003250122e-01
1.403294652700424194e-01
9.232645481824874878e-02
1.020723953843116760e-01
9.876283258199691772e-02
1.087120771408081055e-01
1.091407835483551025e-01
1.249533891677856445e-01
1.244442686438560486e-01
1.107781305909156799e-01
1.299114376306533813e-01
1.518758386373519897e-01
1.012726649641990662e-01
1.018030121922492981e-01
1.024769768118858337e-01
1.123945415019989014e-01
1.256000995635986328e-01
1.265034079551696777e-01
1.201357170939445496e-01
1.271617561578750610e-01
1.422127038240432739e-01
1.529844254255294800e-01
1.270755529403686523e-01
1.025587320327758789e-01
1.064261272549629211e-01
1.439802199602127075e-01
1.013354361057281494e-01
1.444517523050308228e-01
1.884130388498306274e-01
1.212745681405067444e-01
1.126570925116539001e-01
7.243058085441589355e-02
1.176876351237297058e-01
1.133123710751533508e-01
2.211260199546813965e-01
1.635296642780303955e-01
1.286834925413131714e-01
1.549264192581176758e-01
1.048380956053733826e-01
1.276442557573318481e-01
1.416102349758148193e-01
1.544370800256729126e-01
1.281859874725341797e-01
1.550028622150421143e-01
1.032268702983856201e-01
1.012080386281013489e-01
1.216554045677185059e-01
1.242915019392967224e-01
1.165766716003417969e-01
1.301148384809494019e-01
1.124441921710968018e-01
1.683131009340286255e-01
1.175499334931373596e-01
9.684706479310989380e-02
8.540477603673934937e-02
9.612778574228286743e-02
1.211721301078796387e-01
1.077381744980812073e-01
1.068101152777671814e-01
1.132473051548004150e-01
8.655074238777160645e-02
1.305685788393020630e-01
2.157545536756515503e-01
1.405471414327621460e-01
3.325798213481903076e-01
1.330605894327163696e-01
1.420945078134536743e-01
1.197455525398254395e-01
1.196056976914405823e-01
1.308731436729431152e-01
1.090535297989845276e-01
1.046346053481101990e-01
1.098208948969841003e-01
1.346427053213119507e-01
1.541211456060409546e-01
9.850101917982101440e-02
1.155497208237648010e-01
9.888882189989089966e-02
1.205766722559928894e-01
1.181807741522789001e-01
1.092247366905212402e-01
1.258611828088760376e-01
1.486019641160964966e-01
1.145787164568901062e-01
1.197802796959877014e-01
1.268563717603683472e-01
1.459987312555313110e-01
1.284774541854858398e-01
1.108680963516235352e-01
9.859641641378402710e-02
1.044659391045570374e-01
8.258400112390518188e-02
2.639635503292083740e-01
1.829587668180465698e-01
1.651972532272338867e-01
1.437896639108657837e-01
2.082571983337402344e-01
1.857248097658157349e-01
1.196413412690162659e-01
8.641242980957031250e-02
9.096119552850723267e-02
1.243240460753440857e-01
1.114637255668640137e-01
1.003993973135948181e-01
1.078240275382995605e-01
1.337657719850540161e-01
9.217989444732666016e-02
1.577595323324203491e-01
1.546870321035385132e-01
1.383563131093978882e-01
1.666403561830520630e-01
1.187794134020805359e-01
1.101806238293647766e-01
1.296762377023696899e-01
7.048987597227096558e-02
1.309556812047958374e-01
8.011541515588760376e-02
1.264645606279373169e-01
1.588529050350189209e-01
1.062161698937416077e-01
1.347428709268569946e-01
1.427934914827346802e-01
1.225502490997314453e-01
1.045990511775016785e-01
1.266240924596786499e-01
1.096442118287086487e-01
1.006892323493957520e-01
1.368899792432785034e-01
8.032742887735366821e-02
1.095426678657531738e-01
1.463248729705810547e-01
1.099491640925407410e-01
1.254433989524841309e-01
1.582367569208145142e-01
1.260315328836441040e-01
1.288521736860275269e-01
8.531615138053894043e-02
8.614796400070190430e-02
1.305743455886840820e-01
1.279985457658767700e-01
1.494067907333374023e-01
1.046171709895133972e-01
7.548370212316513062e-02
1.263475418090820312e-01
2.225965261459350586e-01
1.174079179763793945e-01
1.043097004294395447e-01
1.909070611000061035e-01
1.280627995729446411e-01
1.401274651288986206e-01
1.072149276733398438e-01
1.074476018548011780e-01
1.019938364624977112e-01
1.142234578728675842e-01
1.624784171581268311e-01
1.661708950996398926e-01
1.105000898241996765e-01
1.249762549996376038e-01
1.556638330221176147e-01
1.522234678268432617e-01
1.655348390340805054e-01
1.353627592325210571e-01
1.421474665403366089e-01
1.053114309906959534e-01
1.246068552136421204e-01
1.220917478203773499e-01
9.792029857635498047e-02
1.259313672780990601e-01
1.159834265708923340e-01
9.125406295061111450e-02
1.235371008515357971e-01
9.388951212167739868e-02
1.237128898501396179e-01
1.432963013648986816e-01
9.996011108160018921e-02
1.083880886435508728e-01
1.000448241829872131e-01
1.123453751206398010e-01
1.187004670500755310e-01
9.861553460359573364e-02
9.265477210283279419e-02
1.574015468358993530e-01
1.253991276025772095e-01
1.557325571775436401e-01
1.144112572073936462e-01
1.405867785215377808e-01
1.095410585403442383e-01
1.308825761079788208e-01
8.501324802637100220e-02
8.581194281578063965e-02
9.748866409063339233e-02
1.327246576547622681e-01
1.275074928998947144e-01
1.408265829086303711e-01
1.221856474876403809e-01
1.208561658859252930e-01
1.270786076784133911e-01
1.332183182239532471e-01
2.042764425277709961e-01
1.348968595266342163e-01
1.079938486218452454e-01
9.482722729444503784e-02
8.592595905065536499e-02
1.298804432153701782e-01
1.105255559086799622e-01
9.317780286073684692e-02
1.402240246534347534e-01
9.328553080558776855e-02
1.134442016482353210e-01
9.686735272407531738e-02
9.955964237451553345e-02
8.844359964132308960e-02
1.120764687657356262e-01
1.570821851491928101e-01
1.382023096084594727e-01
8.831141144037246704e-02
1.321363300085067749e-01
1.432886421680450439e-01
9.159662574529647827e-02
1.432098299264907837e-01
1.489549428224563599e-01
1.383079290390014648e-01
1.951615065336227417e-01
1.416946053504943848e-01
1.534040421247482300e-01
1.271528303623199463e-01
9.574081748723983765e-02
1.417643576860427856e-01
9.753715246915817261e-02
1.644669026136398315e-01
2.904883325099945068e-01
1.005800962448120117e-01
1.225643157958984375e-01
1.374119967222213745e-01
1.524073481559753418e-01
1.326877474784851074e-01
9.962823241949081421e-02
1.053900644183158875e-01
1.260582208633422852e-01
1.281783282756805420e-01
1.062414422631263733e-01
2.736010849475860596e-01
9.900119155645370483e-02
9.280302375555038452e-02
1.144756302237510681e-01
1.345749348402023315e-01
1.315904110670089722e-01
1.336548328399658203e-01
1.509193032979965210e-01
1.320828795433044434e-01
1.421483755111694336e-01
1.145223975181579590e-01
1.258319020271301270e-01
1.416043937206268311e-01
1.603103280067443848e-01
1.005185320973396301e-01
1.045963391661643982e-01
1.313218325376510620e-01
1.275445371866226196e-01
1.277690231800079346e-01
1.353881210088729858e-01
8.908903598785400391e-02
9.758945554494857788e-02
1.034785211086273193e-01
9.630662947893142700e-02
1.138552948832511902e-01
8.263678103685379028e-02
1.092433556914329529e-01
1.328146308660507202e-01
1.011152490973472595e-01
1.020859107375144958e-01
1.322770416736602783e-01
1.406775116920471191e-01
1.253023296594619751e-01
9.276739507913589478e-02
1.429383307695388794e-01
8.110407739877700806e-02
1.283649355173110962e-01
1.344303935766220093e-01
9.978773444890975952e-02
1.469438672065734863e-01
1.452374756336212158e-01
1.343646049499511719e-01
9.037706255912780762e-02
1.222452223300933838e-01
1.313154399394989014e-01
1.327832192182540894e-01
1.402337104082107544e-01
7.914119958877563477e-02
8.290553838014602661e-02
1.165152415633201599e-01
1.296504139900207520e-01
1.154879108071327209e-01
9.532032161951065063e-02
9.637653827667236328e-02
1.366252154111862183e-01
1.545658111572265625e-01
1.126216053962707520e-01
1.560572683811187744e-01
1.661529093980789185e-01
1.353981345891952515e-01
1.202782168984413147e-01
1.399535387754440308e-01
9.921006113290786743e-02
1.229508146643638611e-01
9.175843000411987305e-02
1.336717903614044189e-01
1.874709874391555786e-01
1.054407954216003418e-01
1.308601498603820801e-01
1.635150164365768433e-01
1.220597252249717712e-01
1.257630437612533569e-01
1.198835149407386780e-01
1.495420783758163452e-01
1.292729228734970093e-01
1.502660512924194336e-01
1.384451538324356079e-01
1.288810968399047852e-01
1.295882314443588257e-01
7.980992645025253296e-02
9.983185678720474243e-02
1.148734688758850098e-01
1.132396459579467773e-01
1.131724715232849121e-01
1.956819295883178711e-01
1.271635144948959351e-01
1.436923444271087646e-01
9.843251854181289673e-02
1.039957031607627869e-01
1.387061029672622681e-01
1.453744471073150635e-01
1.173218488693237305e-01
1.146375536918640137e-01
1.514664143323898315e-01
8.877906948328018188e-02
1.218642368912696838e-01
8.934577554464340210e-02
1.335518211126327515e-01
9.222209453582763672e-02
1.327685266733169556e-01
1.667648553848266602e-01
1.877581626176834106e-01
1.230638250708580017e-01
9.003926813602447510e-02
