2.342691868543624878e-01
1.403214484453201294e-01
1.918698251247406006e-01
1.283683329820632935e-01
2.000630795955657959e-01
1.838527172803878784e-01
1.553852409124374390e-01
3.047255575656890869e-01
2.349419146776199341e-01
4.544377923011779785e-01
1.707639247179031372e-01
2.195949256420135498e-01
1.680161952972412109e-01
1.686147451400756836e-01
1.194702908396720886e-01
6.049014329910278320e-01
2.245907038450241089e-01
1.333298981189727783e-01
1.615297198295593262e-01
3.582230210304260254e-01
1.865476816892623901e-01
1.344206035137176514e-01
1.683576703071594238e-01
1.878849714994430542e-01
2.770328521728515625e-01
1.653277277946472168e-01
4.035434126853942871e-01
4.221366643905639648e-01
2.529227733612060547e-01
1.604771614074707031e-01
1.025397181510925293e-01
2.605834305286407471e-01
1.232319027185440063e-01
3.854053020477294922e-01
6.482515335083007812e-01
1.516108959913253784e-01
1.578866541385650635e-01
1.117070168256759644e-01
2.261926829814910889e-01
4.274267852306365967e-01
2.530652582645416260e-01
1.690522730350494385e-01
1.515321433544158936e-01
3.799520432949066162e-01
2.245654016733169556e-01
2.047400623559951782e-01
1.422286778688430786e-01
1.421888172626495361e-01
1.356202214956283569e-01
1.538849025964736938e-01
1.446792483329772949e-01
1.191464290022850037e-01
1.502784192562103271e-01
5.620996952056884766e-01
3.109297156333923340e-01
1.667976677417755127e-01
2.606661319732666016e-01
1.183895021677017212e-01
1.380277127027511597e-01
2.644469738006591797e-01
1.245397776365280151e-01
1.251959949731826782e-01
1.333781182765960693e-01
9.442149847745895386e-02
1.639481484889984131e-01
1.282437592744827271e-01
1.647045463323593140e-01
1.665072441101074219e-01
1.431513875722885132e-01
1.623668968677520752e-01
2.139105498790740967e-01
1.365126371383666992e-01
4.017065167427062988e-01
1.730372607707977295e-01
1.959537565708160400e-01
1.872991472482681274e-01
3.056367933750152588e-01
2.100512832403182983e-01
1.532246470451354980e-01
1.732476353645324707e-01
3.864944577217102051e-01
3.008323907852172852e-01
1.153011545538902283e-01
9.854096174240112305e-02
1.485833227634429932e-01
1.385999619960784912e-01
1.375524550676345825e-01
2.274626195430755615e-01
4.270805120468139648e-01
2.831587493419647217e-01
3.446146249771118164e-01
4.563723802566528320e-01
5.419769287109375000e-01
1.442470550537109375e-01
1.963438689708709717e-01
1.772169470787048340e-01
1.321205794811248779e-01
4.572675228118896484e-01
1.676652431488037109e-01
1.700573265552520752e-01
1.522409617900848389e-01
1.789792031049728394e-01
2.094413638114929199e-01
1.955905258655548096e-01
1.873109042644500732e-01
5.136491656303405762e-01
2.105147838592529297e-01
1.141661554574966431e-01
1.553866565227508545e-01
1.896668225526809692e-01
2.162029743194580078e-01
1.699696481227874756e-01
1.101583540439605713e-01
2.074567675590515137e-01
1.534778475761413574e-01
1.959352046251296997e-01
3.946478664875030518e-01
1.309650838375091553e-01
2.501331567764282227e-01
1.870774030685424805e-01
9.762102365493774414e-02
4.021247029304504395e-01
1.697767525911331177e-01
2.389638870954513550e-01
1.492160409688949585e-01
1.110867187380790710e-01
1.567438840866088867e-01
1.868290007114410400e-01
2.923073470592498779e-01
1.055413037538528442e-01
1.829888522624969482e-01
1.809618473052978516e-01
1.116504371166229248e-01
1.877989321947097778e-01
1.831603795289993286e-01
1.390701830387115479e-01
1.371026039123535156e-01
1.253596097230911255e-01
1.732129752635955811e-01
2.012055665254592896e-01
1.492353081703186035e-01
1.822965741157531738e-01
1.945032775402069092e-01
1.159052103757858276e-01
1.193759962916374207e-01
1.237894594669342041e-01
3.700628578662872314e-01
3.328133225440979004e-01
1.855421960353851318e-01
1.801360547542572021e-01
1.412192881107330322e-01
2.798551023006439209e-01
1.065638512372970581e-01
2.151545137166976929e-01
5.039048194885253906e-01
1.058296710252761841e-01
1.372585892677307129e-01
3.510264158248901367e-01
5.936757326126098633e-01
6.858662366867065430e-01
1.334887444972991943e-01
2.164976596832275391e-01
1.569518148899078369e-01
2.093365788459777832e-01
1.948677897453308105e-01
1.594482660293579102e-01
1.156792938709259033e-01
1.346510499715805054e-01
1.962330341339111328e-01
2.392609417438507080e-01
1.893473416566848755e-01
1.692122519016265869e-01
1.103165075182914734e-01
1.326987147331237793e-01
2.755483090877532959e-01
8.939533680677413940e-02
2.949790358543395996e-01
1.170155256986618042e-01
1.675753295421600342e-01
2.369326353073120117e-01
1.677542030811309814e-01
1.964822113513946533e-01
1.648468822240829468e-01
1.682210266590118408e-01
2.117839604616165161e-01
2.766956090927124023e-01
1.736130118370056152e-01
1.699152588844299316e-01
1.056233346462249756e-01
1.229511946439743042e-01
2.166061401367187500e-01
2.019535899162292480e-01
3.055339455604553223e-01
2.470687031745910645e-01
1.912479549646377563e-01
1.323588192462921143e-01
3.336154222488403320e-01
1.452256590127944946e-01
1.373985409736633301e-01
4.184583127498626709e-01
1.929423213005065918e-01
1.235939413309097290e-01
2.526333034038543701e-01
1.981832385063171387e-01
2.036201059818267822e-01
1.800727546215057373e-01
2.033437490463256836e-01
2.625060379505157471e-01
1.423645019531250000e-01
1.331250071525573730e-01
1.706678718328475952e-01
1.359029412269592285e-01
3.371266722679138184e-01
1.295809447765350342e-01
1.059093251824378967e-01
2.231024205684661865e-01
4.090911746025085449e-01
2.708449661731719971e-01
1.168999001383781433e-01
2.352774143218994141e-01
1.011602878570556641e-01
2.130609899759292603e-01
1.930661648511886597e-01
1.155256107449531555e-01
4.850980043411254883e-01
1.109728217124938965e-01
1.443779468536376953e-01
3.058701753616333008e-01
1.645725965499877930e-01
2.283571809530258179e-01
4.219778776168823242e-01
2.564465403556823730e-01
1.691772490739822388e-01
1.525270640850067139e-01
1.729492694139480591e-01
2.013836801052093506e-01
2.804854214191436768e-01
2.176319658756256104e-01
2.708098292350769043e-01
2.271330207586288452e-01
2.354696989059448242e-01
4.102853536605834961e-01
1.426558494567871094e-01
4.572485089302062988e-01
1.573500782251358032e-01
1.725746095180511475e-01
2.999281287193298340e-01
1.879007369279861450e-01
3.049997091293334961e-01
3.247655630111694336e-01
1.158211678266525269e-01
1.182968169450759888e-01
1.581075787544250488e-01
2.641091942787170410e-01
1.704359054565429688e-01
1.579134762287139893e-01
2.259574383497238159e-01
1.207908838987350464e-01
1.414342969655990601e-01
2.486577481031417847e-01
3.094839453697204590e-01
1.474191993474960327e-01
2.719771862030029297e-01
1.257861256599426270e-01
1.685234755277633667e-01
1.651964336633682251e-01
3.383161127567291260e-01
1.415727734565734863e-01
3.954532146453857422e-01
2.404934763908386230e-01
1.325621157884597778e-01
2.490274012088775635e-01
1.902425885200500488e-01
1.850687861442565918e-01
2.189381420612335205e-01
2.943311035633087158e-01
4.217939376831054688e-01
1.785833239555358887e-01
2.331783473491668701e-01
1.867145597934722900e-01
1.389729678630828857e-01
3.873087763786315918e-01
5.575365424156188965e-01
1.898244023323059082e-01
1.807766556739807129e-01
4.276385605335235596e-01
1.796362698078155518e-01
2.196845263242721558e-01
2.260965257883071899e-01
1.359669864177703857e-01
1.700047403573989868e-01
1.624959558248519897e-01
1.305744498968124390e-01
1.727275848388671875e-01
2.589292824268341064e-01
1.264548897743225098e-01
1.830192655324935913e-01
1.172151491045951843e-01
1.398775577545166016e-01
1.417020112276077271e-01
1.268652677536010742e-01
1.472230851650238037e-01
1.341933012008666992e-01
4.778106808662414551e-01
1.601939499378204346e-01
1.663329601287841797e-01
1.219765245914459229e-01
1.251980066299438477e-01
1.560237556695938110e-01
1.398363709449768066e-01
1.231634616851806641e-01
1.407287716865539551e-01
1.791166663169860840e-01
1.079715490341186523e-01
4.361525177955627441e-01
1.389985829591751099e-01
3.693200945854187012e-01
1.119036599993705750e-01
1.513218432664871216e-01
1.844191998243331909e-01
1.314526349306106567e-01
3.066533207893371582e-01
3.653367161750793457e-01
2.417519241571426392e-01
1.957068145275115967e-01
2.145393788814544678e-01
2.041837275028228760e-01
1.077168062329292297e-01
1.675307452678680420e-01
1.403203010559082031e-01
1.660698056221008301e-01
2.452784180641174316e-01
1.546825170516967773e-01
1.215140298008918762e-01
1.754347980022430420e-01
2.128752917051315308e-01
3.940114080905914307e-01
1.621723920106887817e-01
9.452784061431884766e-02
3.478781878948211670e-01
2.578065991401672363e-01
1.124256700277328491e-01
2.892895638942718506e-01
2.095745354890823364e-01
1.281331926584243774e-01
3.660166859626770020e-01
1.616582572460174561e-01
2.225930541753768921e-01
3.077889084815979004e-01
4.774350225925445557e-01
2.807570099830627441e-01
1.156336218118667603e-01
2.179661542177200317e-01
1.713214516639709473e-01
2.010757327079772949e-01
1.396847814321517944e-01
1.756093651056289673e-01
2.007074505090713501e-01
2.141881287097930908e-01
2.881778478622436523e-01
1.448004394769668579e-01
2.525084912776947021e-01
1.449805498123168945e-01
3.413650989532470703e-01
2.236680090427398682e-01
1.581758856773376465e-01
2.284282296895980835e-01
1.671911925077438354e-01
1.366441845893859863e-01
1.699179410934448242e-01
1.310472786426544189e-01
1.191575899720191956e-01
2.782901525497436523e-01
9.941335022449493408e-02
1.154594421386718750e-01
1.587978899478912354e-01
1.362941563129425049e-01
2.563517987728118896e-01
1.629387289285659790e-01
2.003879249095916748e-01
2.499796897172927856e-01
5.212354660034179688e-01
2.555110454559326172e-01
2.327286154031753540e-01
2.703846693038940430e-01
1.667385548353195190e-01
1.247948259115219116e-01
1.366801410913467407e-01
2.123934477567672729e-01
5.695787668228149414e-01
1.703069806098937988e-01
3.290108442306518555e-01
2.873533368110656738e-01
1.759051084518432617e-01
1.772764325141906738e-01
3.630471527576446533e-01
1.246432065963745117e-01
2.148393392562866211e-01
3.657120466232299805e-01
2.610233724117279053e-01
2.857531905174255371e-01
1.825087964534759521e-01
3.637700378894805908e-01
1.115704998373985291e-01
4.947515726089477539e-01
1.361437439918518066e-01
1.977513134479522705e-01
1.512646675109863281e-01
1.094471737742424011e-01
2.369732707738876343e-01
1.527845859527587891e-01
1.357294917106628418e-01
1.502484679222106934e-01
4.768217206001281738e-01
2.740711569786071777e-01
2.751685380935668945e-01
1.442889571189880371e-01
2.289515137672424316e-01
1.666005551815032959e-01
1.623139977455139160e-01
1.176512986421585083e-01
2.105030119419097900e-01
1.685839742422103882e-01
1.534868776798248291e-01
2.561884224414825439e-01
1.986318528652191162e-01
2.620895504951477051e-01
1.192681863903999329e-01
1.526865363121032715e-01
1.706812381744384766e-01
3.249491453170776367e-01
1.690582036972045898e-01
4.910961985588073730e-01
1.202739328145980835e-01
9.237772226333618164e-02
1.977598965167999268e-01
2.592066526412963867e-01
1.819908916950225830e-01
1.549776643514633179e-01
3.041535615921020508e-01
1.314911395311355591e-01
2.206127345561981201e-01
2.690066993236541748e-01
1.277543902397155762e-01
1.562986522912979126e-01
1.549469530582427979e-01
1.646509319543838501e-01
3.244514763355255127e-01
1.540196835994720459e-01
1.463555991649627686e-01
1.223230808973312378e-01
1.219638735055923462e-01
2.046976834535598755e-01
3.215795755386352539e-01
1.410044729709625244e-01
1.426224112510681152e-01
1.374798268079757690e-01
1.712664663791656494e-01
1.812938451766967773e-01
2.028202414512634277e-01
1.306082010269165039e-01
1.306697726249694824e-01
1.859089732170104980e-01
1.637157499790191650e-01
2.071786522865295410e-01
2.115636020898818970e-01
2.615713477134704590e-01
1.237548589706420898e-01
1.709055304527282715e-01
1.767369359731674194e-01
4.082274138927459717e-01
1.636294871568679810e-01
1.375504136085510254e-01
1.561520546674728394e-01
1.301891803741455078e-01
5.854020118713378906e-01
4.218500256538391113e-01
2.698288857936859131e-01
1.387546658515930176e-01
1.466069072484970093e-01
1.054708361625671387e-01
1.041718125343322754e-01
2.274132072925567627e-01
3.742916285991668701e-01
2.830362617969512939e-01
1.733952164649963379e-01
1.128918379545211792e-01
1.228966638445854187e-01
1.429118961095809937e-01
1.043625473976135254e-01
1.385730057954788208e-01
1.195302605628967285e-01
1.148935854434967041e-01
1.551517546176910400e-01
1.697202622890472412e-01
1.421981453895568848e-01
2.364753782749176025e-01
2.441954314708709717e-01
1.631640195846557617e-01
3.676306605339050293e-01
1.936461776494979858e-01
1.310883909463882446e-01
1.313719302415847778e-01
1.931862533092498779e-01
1.734703183174133301e-01
1.318813413381576538e-01
2.247109413146972656e-01
1.495611220598220825e-01
1.753226816654205322e-01
1.135461628437042236e-01
2.186545282602310181e-01
4.808549880981445312e-01
1.098190397024154663e-01
1.786293536424636841e-01
1.465751677751541138e-01
1.166006773710250854e-01
2.259449660778045654e-01
1.748870909214019775e-01
2.402439117431640625e-01
2.400624752044677734e-01
1.855805516242980957e-01
1.586012393236160278e-01
2.865646481513977051e-01
1.122907400131225586e-01
1.181697323918342590e-01
1.319497823715209961e-01
1.098053306341171265e-01
1.566342264413833618e-01
2.743736505508422852e-01
1.177833527326583862e-01
3.913981914520263672e-01
2.015153765678405762e-01
3.877598047256469727e-01
1.214261576533317566e-01
1.915327757596969604e-01
1.707750856876373291e-01
3.129385113716125488e-01
3.028383255004882812e-01
1.376274228096008301e-01
1.538750082254409790e-01
2.410825639963150024e-01
1.698672175407409668e-01
1.901205927133560181e-01
1.706155687570571899e-01
1.080347597599029541e-01
1.215403079986572266e-01
1.040569767355918884e-01
1.509768217802047729e-01
2.703129947185516357e-01
2.055715322494506836e-01
2.255129516124725342e-01
2.243741154670715332e-01
1.533109247684478760e-01
1.021775603294372559e-01
2.422047555446624756e-01
1.187253445386886597e-01
1.004146635532379150e-01
1.488379240036010742e-01
3.152388334274291992e-01
1.337456405162811279e-01
1.371593028306961060e-01
1.160003989934921265e-01
1.397075206041336060e-01
1.884139478206634521e-01
2.140214890241622925e-01
2.327442169189453125e-01
3.732704520225524902e-01
1.734035909175872803e-01
4.381206035614013672e-01
3.301802575588226318e-01
1.577244549989700317e-01
1.862846314907073975e-01
1.177083700895309448e-01
1.849176883697509766e-01
1.321044862270355225e-01
1.813711822032928467e-01
1.663436591625213623e-01
2.528775632381439209e-01
1.071507036685943604e-01
2.446701228618621826e-01
1.770276576280593872e-01
1.721540093421936035e-01
1.599784195423126221e-01
1.234483867883682251e-01
1.826232373714447021e-01
2.568821907043457031e-01
1.481059789657592773e-01
3.764672279357910156e-01
2.155437320470809937e-01
3.287849724292755127e-01
1.249726563692092896e-01
2.208039462566375732e-01
2.974704802036285400e-01
1.809718012809753418e-01
4.352991878986358643e-01
1.295389533042907715e-01
2.130904644727706909e-01
2.240937054157257080e-01
1.475237905979156494e-01
1.008365303277969360e-01
1.185645312070846558e-01
3.380000293254852295e-01
1.635326445102691650e-01
1.445384323596954346e-01
1.661073416471481323e-01
1.832596063613891602e-01
1.361875832080841064e-01
2.334593087434768677e-01
1.301521509885787964e-01
1.413631886243820190e-01
1.824700832366943359e-01
1.337449997663497925e-01
2.356061041355133057e-01
1.940109878778457642e-01
1.176423579454421997e-01
1.281860172748565674e-01
1.194834113121032715e-01
2.016449421644210815e-01
2.339320480823516846e-01
1.393575370311737061e-01
1.286416351795196533e-01
1.094141528010368347e-01
1.015004739165306091e-01
1.522444486618041992e-01
3.826807141304016113e-01
2.250637114048004150e-01
4.240390360355377197e-01
2.657656669616699219e-01
3.597728013992309570e-01
2.092666923999786377e-01
2.023813426494598389e-01
1.138655468821525574e-01
1.106761395931243896e-01
1.781518310308456421e-01
1.375696957111358643e-01
1.277335286140441895e-01
1.992710530757904053e-01
2.411088943481445312e-01
1.297893226146697998e-01
3.762749433517456055e-01
2.716684937477111816e-01
3.242811560630798340e-01
2.071135044097900391e-01
2.206509411334991455e-01
1.103141456842422485e-01
3.481885790824890137e-01
1.320431679487228394e-01
1.959667801856994629e-01
4.008884131908416748e-01
2.022118568420410156e-01
1.902869939804077148e-01
3.518562316894531250e-01
2.119192332029342651e-01
2.107736021280288696e-01
3.272686600685119629e-01
1.292421966791152954e-01
2.244254648685455322e-01
1.886764764785766602e-01
1.040468811988830566e-01
1.900655925273895264e-01
4.605391025543212891e-01
3.105852901935577393e-01
2.204910814762115479e-01
1.878051012754440308e-01
2.555455267429351807e-01
3.907003998756408691e-01
3.936227560043334961e-01
2.579585909843444824e-01
2.715646326541900635e-01
1.119466572999954224e-01
9.886483103036880493e-02
1.700756251811981201e-01
1.775921285152435303e-01
1.855074018239974976e-01
2.330769598484039307e-01
3.147149682044982910e-01
3.282074928283691406e-01
1.423000246286392212e-01
2.021761536598205566e-01
1.925325691699981689e-01
1.456482857465744019e-01
1.108572632074356079e-01
1.050376296043395996e-01
1.263972669839859009e-01
1.497686505317687988e-01
1.239180564880371094e-01
1.975580453872680664e-01
1.420631110668182373e-01
1.356187611818313599e-01
1.816410869359970093e-01
1.745736747980117798e-01
1.893664002418518066e-01
2.322311699390411377e-01
3.503310382366180420e-01
2.153614014387130737e-01
1.378193199634552002e-01
5.727299451828002930e-01
1.031318604946136475e-01
4.889918863773345947e-01
1.537882983684539795e-01
2.984035015106201172e-01
4.286153912544250488e-01
1.288364529609680176e-01
1.293611973524093628e-01
3.322445750236511230e-01
1.548814028501510620e-01
1.488938331604003906e-01
4.031073451042175293e-01
1.302003413438796997e-01
9.979502856731414795e-02
2.314708232879638672e-01
1.315440535545349121e-01
1.710111498832702637e-01
1.923337727785110474e-01
2.034587413072586060e-01
1.274745762348175049e-01
1.490947008132934570e-01
1.670119762420654297e-01
1.363898217678070068e-01
2.224572747945785522e-01
3.201687335968017578e-01
2.587943971157073975e-01
2.260390222072601318e-01
1.669458448886871338e-01
1.221411451697349548e-01
1.508502662181854248e-01
4.300297200679779053e-01
1.626899987459182739e-01
1.594274193048477173e-01
4.008324742317199707e-01
1.573807746171951294e-01
1.273293793201446533e-01
3.449812531471252441e-01
2.097265720367431641e-01
1.478056311607360840e-01
1.308986097574234009e-01
2.543332874774932861e-01
8.646734058856964111e-02
1.760913580656051636e-01
1.114121824502944946e-01
1.157614365220069885e-01
4.190954864025115967e-01
2.311079651117324829e-01
3.255136311054229736e-01
1.331310719251632690e-01
2.303953021764755249e-01
2.115331739187240601e-01
1.482083648443222046e-01
1.331087797880172729e-01
1.313704699277877808e-01
1.556974053382873535e-01
2.665446102619171143e-01
2.161582857370376587e-01
1.753276884555816650e-01
1.291309893131256104e-01
1.317743957042694092e-01
1.438065767288208008e-01
1.371421515941619873e-01
1.567773371934890747e-01
1.596261262893676758e-01
1.005085781216621399e-01
2.017614990472793579e-01
1.330675780773162842e-01
1.935124546289443970e-01
3.778542876243591309e-01
1.703153848648071289e-01
3.053936958312988281e-01
1.821908950805664062e-01
3.433277606964111328e-01
3.009276986122131348e-01
2.239292263984680176e-01
1.996597051620483398e-01
2.604057788848876953e-01
1.431787461042404175e-01
1.214695721864700317e-01
4.516263306140899658e-01
3.331303000450134277e-01
1.119197010993957520e-01
2.279877811670303345e-01
1.196366176009178162e-01
2.111806720495223999e-01
1.292856335639953613e-01
1.291410177946090698e-01
1.926698684692382812e-01
1.254082024097442627e-01
3.088290691375732422e-01
3.284052312374114990e-01
1.238923966884613037e-01
1.799970269203186035e-01
1.200245544314384460e-01
1.607671678066253662e-01
1.452454924583435059e-01
2.942939102649688721e-01
2.146430909633636475e-01
1.830296665430068970e-01
2.022082507610321045e-01
2.183590829372406006e-01
2.475314736366271973e-01
1.730976998805999756e-01
1.284332722425460815e-01
1.936151981353759766e-01
3.515782356262207031e-01
1.405542790889739990e-01
1.006503701210021973e-01
1.062538772821426392e-01
1.244981288909912109e-01
1.270873099565505981e-01
1.363378018140792847e-01
2.545902431011199951e-01
1.237415522336959839e-01
2.330878078937530518e-01
1.378995329141616821e-01
2.453944236040115356e-01
1.235889792442321777e-01
2.497379779815673828e-01
1.451453864574432373e-01
1.800146400928497314e-01
2.877236604690551758e-01
2.885708808898925781e-01
1.044093221426010132e-01
1.321143805980682373e-01
3.616224527359008789e-01
1.728534102439880371e-01
2.528237700462341309e-01
1.407870948314666748e-01
2.434036880731582642e-01
2.495571970939636230e-01
1.144565269351005554e-01
1.702861785888671875e-01
3.174787163734436035e-01
1.871760785579681396e-01
1.924137175083160400e-01
1.282926052808761597e-01
1.014043688774108887e-01
1.434979587793350220e-01
2.305102646350860596e-01
2.500047385692596436e-01
1.511133313179016113e-01
5.867972373962402344e-01
1.018515974283218384e-01
3.037907779216766357e-01
1.781595200300216675e-01
1.576282680034637451e-01
1.889252960681915283e-01
1.784101724624633789e-01
1.346038281917572021e-01
1.204042583703994751e-01
2.349501252174377441e-01
2.500376105308532715e-01
3.428353071212768555e-01
1.515471935272216797e-01
1.484578102827072144e-01
2.063274830579757690e-01
3.451964259147644043e-01
1.305963397026062012e-01
1.238040104508399963e-01
2.154421806335449219e-01
1.107443049550056458e-01
1.851105690002441406e-01
9.725764393806457520e-02
4.138772487640380859e-01
1.350486874580383301e-01
1.742768585681915283e-01
1.548418998718261719e-01
9.823682159185409546e-02
1.391175836324691772e-01
1.510881930589675903e-01
1.729212850332260132e-01
3.905721008777618408e-01
1.368040740489959717e-01
1.149514093995094299e-01
2.964346408843994141e-01
4.780930280685424805e-01
1.258600354194641113e-01
2.649174332618713379e-01
1.555947065353393555e-01
1.190547421574592590e-01
1.987249702215194702e-01
2.890233993530273438e-01
2.015358358621597290e-01
4.280156493186950684e-01
2.754465639591217041e-01
4.082427322864532471e-01
2.372623682022094727e-01
1.374298036098480225e-01
1.758114993572235107e-01
9.018884599208831787e-02
3.027156591415405273e-01
1.443925648927688599e-01
1.307220458984375000e-01
1.029849946498870850e-01
8.762764185667037964e-02
9.748311340808868408e-02
3.881315290927886963e-01
2.987615764141082764e-01
1.497476994991302490e-01
1.481929123401641846e-01
3.977400362491607666e-01
4.847145676612854004e-01
3.376382589340209961e-01
2.701272368431091309e-01
9.561768174171447754e-02
1.979727447032928467e-01
1.972340047359466553e-01
2.634515166282653809e-01
1.434197276830673218e-01
1.303456723690032959e-01
1.146927103400230408e-01
2.851355075836181641e-01
1.695149540901184082e-01
9.551554918289184570e-02
1.122188344597816467e-01
1.163010820746421814e-01
1.626905202865600586e-01
1.486975550651550293e-01
2.530763149261474609e-01
1.114902049303054810e-01
1.148188412189483643e-01
2.750582695007324219e-01
1.874874085187911987e-01
1.424872279167175293e-01
1.224723011255264282e-01
4.355230331420898438e-01
4.954041540622711182e-01
1.731348335742950439e-01
2.958783507347106934e-01
1.907394975423812866e-01
1.345154196023941040e-01
2.110951393842697144e-01
2.424474507570266724e-01
3.484065532684326172e-01
2.320353686809539795e-01
2.080629765987396240e-01
9.253284335136413574e-02
1.381715685129165649e-01
1.884282529354095459e-01
6.780730485916137695e-01
1.374723613262176514e-01
1.423584669828414917e-01
1.641533672809600830e-01
1.297656744718551636e-01
9.967036545276641846e-02
1.821449995040893555e-01
3.805606365203857422e-01
2.845951914787292480e-01
2.326649874448776245e-01
3.033520281314849854e-01
1.077381670475006104e-01
1.974002122879028320e-01
2.213470339775085449e-01
2.093745172023773193e-01
9.831616282463073730e-02
1.757053136825561523e-01
3.785511255264282227e-01
1.912232339382171631e-01
1.450474858283996582e-01
3.483102321624755859e-01
1.362330317497253418e-01
3.030675053596496582e-01
9.936855733394622803e-02
1.355864405632019043e-01
2.208651900291442871e-01
8.438645303249359131e-02
1.299890428781509399e-01
3.370591104030609131e-01
1.720673143863677979e-01
2.091194391250610352e-01
1.058534234762191772e-01
1.197910904884338379e-01
1.592568159103393555e-01
1.242985874414443970e-01
2.421464622020721436e-01
1.373610198497772217e-01
3.207019269466400146e-01
1.183721497654914856e-01
1.547872424125671387e-01
1.225661858916282654e-01
9.622468799352645874e-02
2.639592885971069336e-01
1.940032392740249634e-01
1.567017585039138794e-01
1.542810499668121338e-01
1.824007034301757812e-01
1.132812649011611938e-01
2.908069193363189697e-01
1.449555009603500366e-01
1.435132920742034912e-01
8.809239417314529419e-02
1.738220155239105225e-01
1.580303311347961426e-01
1.026983261108398438e-01
2.476653456687927246e-01
3.646045327186584473e-01
2.432682216167449951e-01
1.171047762036323547e-01
1.280066967010498047e-01
5.648880004882812500e-01
1.175233721733093262e-01
1.215003877878189087e-01
4.004843235015869141e-01
2.563622593879699707e-01
1.430157870054244995e-01
2.029158025979995728e-01
2.328121364116668701e-01
2.387669384479522705e-01
1.601201593875885010e-01
2.338488698005676270e-01
1.951730549335479736e-01
1.980612277984619141e-01
5.379674434661865234e-01
1.301738023757934570e-01
1.857518255710601807e-01
1.501163095235824585e-01
1.000392735004425049e-01
1.085329949855804443e-01
1.341950893402099609e-01
1.273641884326934814e-01
1.981199979782104492e-01
2.016334682703018188e-01
2.450951933860778809e-01
3.146824240684509277e-01
3.502933681011199951e-01
1.079398468136787415e-01
1.216330230236053467e-01
1.234905272722244263e-01
1.336269676685333252e-01
1.924131512641906738e-01
1.257047951221466064e-01
3.611004948616027832e-01
2.616670727729797363e-01
2.384753972291946411e-01
1.255643218755722046e-01
1.523608416318893433e-01
9.112104773521423340e-02
1.920930147171020508e-01
2.091968059539794922e-01
1.490343660116195679e-01
2.553134560585021973e-01
1.775115430355072021e-01
1.940988302230834961e-01
8.775298297405242920e-02
1.229919940233230591e-01
1.050238907337188721e-01
5.560526847839355469e-01
8.909161388874053955e-02
1.024971157312393188e-01
1.442613005638122559e-01
1.771221458911895752e-01
4.747422933578491211e-01
2.590721845626831055e-01
1.657701730728149414e-01
1.568005383014678955e-01
2.024990916252136230e-01
1.520984321832656860e-01
1.331883072853088379e-01
1.339457035064697266e-01
4.072399735450744629e-01
3.236735761165618896e-01
2.066568732261657715e-01
1.562848091125488281e-01
2.661789059638977051e-01
2.402745783329010010e-01
1.511982530355453491e-01
1.849617063999176025e-01
1.175110787153244019e-01
1.683047562837600708e-01
1.369704008102416992e-01
1.185298413038253784e-01
1.123423427343368530e-01
3.256291151046752930e-01
1.788186728954315186e-01
1.274755746126174927e-01
1.299891769886016846e-01
1.937626302242279053e-01
1.127453669905662537e-01
1.159490942955017090e-01
1.821720898151397705e-01
1.262767016887664795e-01
1.052644997835159302e-01
1.608509719371795654e-01
1.077725142240524292e-01
4.176674187183380127e-01
1.765165328979492188e-01
2.141503840684890747e-01
9.700274467468261719e-02
4.487836062908172607e-01
3.044506907463073730e-01
1.929399669170379639e-01
1.426644325256347656e-01
2.062079310417175293e-01
2.106076627969741821e-01
3.143082857131958008e-01
2.821664810180664062e-01
1.423709690570831299e-01
1.599718034267425537e-01
1.801442950963973999e-01
1.185096651315689087e-01
3.241458535194396973e-01
2.807726860046386719e-01
1.543362438678741455e-01
3.886716961860656738e-01
3.187617063522338867e-01
1.731456220149993896e-01
1.282063722610473633e-01
2.430069595575332642e-01
1.137872263789176941e-01
3.561288714408874512e-01
1.219049468636512756e-01
1.435082256793975830e-01
2.015137821435928345e-01
2.397791296243667603e-01
2.363342791795730591e-01
1.163229420781135559e-01
1.005620658397674561e-01
6.676464080810546875e-01
1.894602477550506592e-01
1.259422004222869873e-01
1.171112358570098877e-01
3.112484216690063477e-01
2.341403961181640625e-01
1.023113131523132324e-01
1.308051794767379761e-01
1.872213184833526611e-01
1.395235210657119751e-01
1.651674211025238037e-01
2.878921926021575928e-01
2.015845477581024170e-01
1.417242884635925293e-01
1.587458848953247070e-01
2.487776577472686768e-01
3.097739219665527344e-01
1.237702220678329468e-01
1.203564032912254333e-01
2.119037061929702759e-01
1.143122315406799316e-01
1.593632102012634277e-01
2.040723711252212524e-01
1.335196644067764282e-01
1.322576552629470825e-01
1.103200912475585938e-01
1.031911373138427734e-01
1.573935449123382568e-01
1.112251579761505127e-01
5.344622135162353516e-01
1.147018149495124817e-01
2.518311142921447754e-01
4.003232121467590332e-01
1.449836492538452148e-01
1.503741294145584106e-01
1.311974227428436279e-01
1.207761019468307495e-01
1.559489965438842773e-01
9.741368889808654785e-02
1.303336173295974731e-01
1.335310190916061401e-01
1.635861694812774658e-01
1.955850720405578613e-01
4.355359673500061035e-01
1.105379313230514526e-01
9.782552719116210938e-02
3.145400583744049072e-01
1.399793326854705811e-01
1.126136407256126404e-01
3.274804949760437012e-01
1.833020597696304321e-01
1.172211989760398865e-01
1.647680997848510742e-01
4.553395509719848633e-01
1.791840195655822754e-01
1.232269555330276489e-01
1.982087492942810059e-01
1.095859333872795105e-01
3.528895974159240723e-01
9.788725525140762329e-02
2.010055482387542725e-01
1.244814917445182800e-01
3.212354183197021484e-01
2.658936381340026855e-01
1.617726683616638184e-01
3.639332652091979980e-01
1.327452361583709717e-01
3.667246103286743164e-01
5.324720740318298340e-01
5.281648635864257812e-01
2.018902152776718140e-01
2.358589023351669312e-01
1.313018053770065308e-01
1.072314456105232239e-01
1.195336580276489258e-01
1.297653019428253174e-01
1.693294346332550049e-01
9.215028584003448486e-02
9.089107066392898560e-02
3.217659294605255127e-01
1.434818953275680542e-01
1.336404383182525635e-01
2.094268053770065308e-01
2.366235107183456421e-01
1.702583134174346924e-01
1.040457338094711304e-01
2.431554347276687622e-01
1.218787282705307007e-01
3.942545056343078613e-01
1.977411806583404541e-01
2.044888138771057129e-01
4.107062816619873047e-01
1.295809894800186157e-01
2.744753360748291016e-01
1.272473484277725220e-01
1.866154223680496216e-01
1.965269297361373901e-01
1.166143417358398438e-01
1.886041164398193359e-01
3.440496921539306641e-01
4.316408634185791016e-01
3.214516937732696533e-01
2.373929619789123535e-01
5.443810820579528809e-01
1.152425408363342285e-01
2.101689279079437256e-01
2.015303969383239746e-01
9.482896327972412109e-02
1.083251088857650757e-01
1.722121685743331909e-01
3.887482881546020508e-01
1.555055826902389526e-01
1.412559449672698975e-01
1.166033148765563965e-01
1.023154258728027344e-01
1.310580670833587646e-01
2.414121180772781372e-01
1.401648819446563721e-01
1.113996505737304688e-01
2.410818189382553101e-01
1.017121523618698120e-01
1.090130507946014404e-01
1.921651363372802734e-01
1.702606678009033203e-01
2.201439589262008667e-01
3.363726139068603516e-01
1.492272317409515381e-01
1.016923561692237854e-01
1.232559531927108765e-01
2.113959491252899170e-01
1.483378261327743530e-01
2.980442047119140625e-01
1.553405821323394775e-01
1.822507083415985107e-01
1.560678929090499878e-01
2.177326977252960205e-01
3.568774461746215820e-01
1.632217168807983398e-01
2.762327790260314941e-01
1.768079698085784912e-01
1.020832657814025879e-01
2.949776947498321533e-01
2.638934850692749023e-01
1.547518074512481689e-01
9.849919378757476807e-02
2.482587993144989014e-01
8.351448178291320801e-02
1.973166167736053467e-01
1.404498815536499023e-01
3.654606342315673828e-01
2.814325094223022461e-01
1.889210790395736694e-01
1.662513911724090576e-01
1.565228253602981567e-01
2.543792724609375000e-01
1.253412961959838867e-01
4.026597738265991211e-01
1.282451450824737549e-01
2.714131772518157959e-01
2.093175053596496582e-01
1.594191789627075195e-01
1.241127550601959229e-01
3.487799763679504395e-01
1.968630254268646240e-01
1.717658489942550659e-01
2.778444290161132812e-01
1.239975094795227051e-01
1.369857043027877808e-01
