1.867066025733947754e-01
1.087596938014030457e-01
1.715509146451950073e-01
1.801706999540328979e-01
3.048174977302551270e-01
2.135450094938278198e-01
2.356872111558914185e-01
2.135510295629501343e-01
1.972701251506805420e-01
1.174287796020507812e-01
1.045115888118743896e-01
5.044206380844116211e-01
1.311613619327545166e-01
2.443318665027618408e-01
1.700286567211151123e-01
3.751758038997650146e-01
1.172278672456741333e-01
2.413818538188934326e-01
1.688712388277053833e-01
1.270885169506072998e-01
1.327612251043319702e-01
1.894686818122863770e-01
8.818195015192031860e-02
1.706701070070266724e-01
2.671449780464172363e-01
2.796093225479125977e-01
1.780896782875061035e-01
9.924001991748809814e-02
1.192346215248107910e-01
2.333011031150817871e-01
1.489424258470535278e-01
2.201614081859588623e-01
3.475850820541381836e-01
1.040317565202713013e-01
9.843453019857406616e-02
1.901435554027557373e-01
8.966380357742309570e-02
2.829715907573699951e-01
1.650989651679992676e-01
1.085823476314544678e-01
1.748910844326019287e-01
1.751716434955596924e-01
3.068676292896270752e-01
1.872253268957138062e-01
2.077436298131942749e-01
3.236295580863952637e-01
1.757878661155700684e-01
3.750124275684356689e-01
1.280400902032852173e-01
1.917386949062347412e-01
1.398955434560775757e-01
1.348105967044830322e-01
2.004747092723846436e-01
2.812952399253845215e-01
1.135707795619964600e-01
2.110617458820343018e-01
2.605518102645874023e-01
1.267945468425750732e-01
1.050132289528846741e-01
2.076291441917419434e-01
1.324352025985717773e-01
1.687140315771102905e-01
3.150261640548706055e-01
2.093018144369125366e-01
8.896018564701080322e-02
9.374911338090896606e-02
1.645637601613998413e-01
1.491845250129699707e-01
2.030382752418518066e-01
1.950608044862747192e-01
2.079459428787231445e-01
2.085838913917541504e-01
1.098212897777557373e-01
2.515262663364410400e-01
1.357379853725433350e-01
3.008201718330383301e-01
2.181954830884933472e-01
1.418097019195556641e-01
9.588423371315002441e-02
2.599693238735198975e-01
2.075960040092468262e-01
2.400846630334854126e-01
1.268198043107986450e-01
3.333285152912139893e-01
2.900872230529785156e-01
1.201276481151580811e-01
1.114498451352119446e-01
1.377514153718948364e-01
1.777034401893615723e-01
1.090680882334709167e-01
1.108732074499130249e-01
1.884572505950927734e-01
1.030248701572418213e-01
1.339620202779769897e-01
2.590276598930358887e-01
2.180207371711730957e-01
3.255543708801269531e-01
1.718964427709579468e-01
1.911190152168273926e-01
2.500866055488586426e-01
1.176273897290229797e-01
9.917251765727996826e-02
1.354303508996963501e-01
1.940373778343200684e-01
1.861063838005065918e-01
1.050880253314971924e-01
1.082671433687210083e-01
1.338009983301162720e-01
1.770150959491729736e-01
1.581628322601318359e-01
1.720010638236999512e-01
1.654346287250518799e-01
9.734310209751129150e-02
2.525748908519744873e-01
1.042870879173278809e-01
1.372020840644836426e-01
3.447076678276062012e-01
1.796810030937194824e-01
1.857477575540542603e-01
1.947475969791412354e-01
1.090966463088989258e-01
1.500707566738128662e-01
2.767204642295837402e-01
1.743716001510620117e-01
2.816209495067596436e-01
1.842658221721649170e-01
3.632523715496063232e-01
7.454381585121154785e-01
1.504904776811599731e-01
1.963668614625930786e-01
1.797557473182678223e-01
2.107432484626770020e-01
1.279441565275192261e-01
9.655487537384033203e-02
1.697985678911209106e-01
1.492062807083129883e-01
1.142259687185287476e-01
1.955457776784896851e-01
1.166344657540321350e-01
2.162837088108062744e-01
2.345567643642425537e-01
4.171192646026611328e-01
1.849981248378753662e-01
2.747334241867065430e-01
9.557618945837020874e-02
2.107122242450714111e-01
1.103412061929702759e-01
1.267640888690948486e-01
2.199425697326660156e-01
1.607343554496765137e-01
1.502481698989868164e-01
1.608870029449462891e-01
1.884806752204895020e-01
1.540027409791946411e-01
2.457143664360046387e-01
1.495207846164703369e-01
1.624229401350021362e-01
9.713870286941528320e-02
1.464860290288925171e-01
1.900527477264404297e-01
2.547309100627899170e-01
1.527252793312072754e-01
2.181223779916763306e-01
1.897267997264862061e-01
1.849884390830993652e-01
3.064306974411010742e-01
1.059322953224182129e-01
3.620288074016571045e-01
1.924160420894622803e-01
2.842041850090026855e-01
1.317363381385803223e-01
2.168181240558624268e-01
2.082100510597229004e-01
3.421338796615600586e-01
1.118351817131042480e-01
3.200688064098358154e-01
1.407637894153594971e-01
1.175593435764312744e-01
2.944442033767700195e-01
6.276134252548217773e-01
1.884923875331878662e-01
2.658846378326416016e-01
1.018441319465637207e-01
2.239902168512344360e-01
9.348823130130767822e-02
1.995766907930374146e-01
1.057937517762184143e-01
1.292078047990798950e-01
3.723717927932739258e-01
1.427406072616577148e-01
2.014423310756683350e-01
4.263073205947875977e-01
1.965671777725219727e-01
1.296297907829284668e-01
1.378815472126007080e-01
1.043134480714797974e-01
1.676804125308990479e-01
1.663346141576766968e-01
1.237072050571441650e-01
2.026747465133666992e-01
2.178091406822204590e-01
9.165965020656585693e-02
9.678292274475097656e-02
1.255367398262023926e-01
2.093680202960968018e-01
2.173572629690170288e-01
3.046864867210388184e-01
2.836275696754455566e-01
1.616989672183990479e-01
3.056013882160186768e-01
1.876574158668518066e-01
1.002225503325462341e-01
2.160638868808746338e-01
3.186861276626586914e-01
1.905059069395065308e-01
1.635735332965850830e-01
2.279482036828994751e-01
1.475143134593963623e-01
1.991967260837554932e-01
3.323552012443542480e-01
2.344871461391448975e-01
9.806094318628311157e-02
9.142291545867919922e-02
1.036556363105773926e-01
1.193483024835586548e-01
1.100970357656478882e-01
1.619766652584075928e-01
1.595514416694641113e-01
2.203855961561203003e-01
1.565982401371002197e-01
2.223762273788452148e-01
1.482903957366943359e-01
1.185124367475509644e-01
2.614803910255432129e-01
1.747931391000747681e-01
2.525677084922790527e-01
2.304009199142456055e-01
2.079450190067291260e-01
1.841840893030166626e-01
2.534878551959991455e-01
1.113775372505187988e-01
6.129105687141418457e-01
1.126465052366256714e-01
2.494724839925765991e-01
1.383185237646102905e-01
2.105833888053894043e-01
4.066974222660064697e-01
2.464994192123413086e-01
1.798093914985656738e-01
1.141273230314254761e-01
1.780032813549041748e-01
1.959687769412994385e-01
3.334753513336181641e-01
1.627929806709289551e-01
3.307313323020935059e-01
5.373113155364990234e-01
1.113186478614807129e-01
1.312141716480255127e-01
1.290578693151473999e-01
1.015563011169433594e-01
1.456452310085296631e-01
2.082325369119644165e-01
4.395519495010375977e-01
8.940844982862472534e-02
1.895453035831451416e-01
4.086257815361022949e-01
2.995732128620147705e-01
1.834701001644134521e-01
2.948923707008361816e-01
1.620258986949920654e-01
2.486483156681060791e-01
1.383665204048156738e-01
1.256288886070251465e-01
1.222569271922111511e-01
1.382648050785064697e-01
7.097271084785461426e-02
3.876412510871887207e-01
2.448026239871978760e-01
2.032763063907623291e-01
8.938500285148620605e-02
1.946572810411453247e-01
4.132706820964813232e-01
9.934718161821365356e-02
1.453570425510406494e-01
1.870478540658950806e-01
8.950231969356536865e-02
1.333476305007934570e-01
8.053020387887954712e-02
1.960883438587188721e-01
1.156623959541320801e-01
1.514996290206909180e-01
1.673726141452789307e-01
2.702651023864746094e-01
3.509667515754699707e-01
1.794614493846893311e-01
2.111455798149108887e-01
1.990188956260681152e-01
1.914446949958801270e-01
1.020400375127792358e-01
1.576515436172485352e-01
2.094748318195343018e-01
2.504084110260009766e-01
1.048526167869567871e-01
1.122291982173919678e-01
2.288179397583007812e-01
2.017589956521987915e-01
1.938960552215576172e-01
1.487962454557418823e-01
2.379184663295745850e-01
1.206466853618621826e-01
2.214001119136810303e-01
1.418031901121139526e-01
1.036602705717086792e-01
3.898999392986297607e-01
1.449313163757324219e-01
1.076451390981674194e-01
9.750624001026153564e-02
1.371799707412719727e-01
2.333121299743652344e-01
4.120307564735412598e-01
2.138850390911102295e-01
2.513405084609985352e-01
2.313828915357589722e-01
1.064305827021598816e-01
1.618028283119201660e-01
1.205533891916275024e-01
8.400405943393707275e-02
1.909979879856109619e-01
1.981019377708435059e-01
1.157645136117935181e-01
2.224548161029815674e-01
1.039851903915405273e-01
1.116033419966697693e-01
3.084487318992614746e-01
1.021633297204971313e-01
1.303248852491378784e-01
1.708223670721054077e-01
1.457346081733703613e-01
1.047121435403823853e-01
2.216963917016983032e-01
8.517307043075561523e-02
2.602984905242919922e-01
2.709513306617736816e-01
1.265148818492889404e-01
2.103052437305450439e-01
4.019911885261535645e-01
1.107967942953109741e-01
2.176166474819183350e-01
3.030069470405578613e-01
1.172928512096405029e-01
1.521088778972625732e-01
9.641230106353759766e-02
2.801003456115722656e-01
1.072207391262054443e-01
1.841177940368652344e-01
1.722361743450164795e-01
2.181955277919769287e-01
2.246688455343246460e-01
1.378324627876281738e-01
5.224285125732421875e-01
1.178942099213600159e-01
1.558527648448944092e-01
9.871733933687210083e-02
1.929899752140045166e-01
3.550408184528350830e-01
1.744363009929656982e-01
1.930477470159530640e-01
1.640833616256713867e-01
1.845502108335494995e-01
1.234815269708633423e-01
1.499852091073989868e-01
2.523605525493621826e-01
2.558460831642150879e-01
9.049083292484283447e-02
1.875815987586975098e-01
1.169545948505401611e-01
2.349562793970108032e-01
1.056550741195678711e-01
1.196043565869331360e-01
3.433009386062622070e-01
2.207086682319641113e-01
1.760193258523941040e-01
1.904665827751159668e-01
1.676293760538101196e-01
1.739089787006378174e-01
1.061432063579559326e-01
2.461487650871276855e-01
1.903728246688842773e-01
2.585626244544982910e-01
1.942560225725173950e-01
1.765010505914688110e-01
1.760653555393218994e-01
2.300912141799926758e-01
1.386410892009735107e-01
2.592651546001434326e-01
2.591788172721862793e-01
1.235021948814392090e-01
2.198150306940078735e-01
4.874618947505950928e-01
1.224195063114166260e-01
1.735197007656097412e-01
1.682370901107788086e-01
3.183016479015350342e-01
2.462997734546661377e-01
2.552103996276855469e-01
2.011897861957550049e-01
1.242746859788894653e-01
2.126072645187377930e-01
1.977962553501129150e-01
9.237969666719436646e-02
1.176735907793045044e-01
9.058898687362670898e-02
1.990833580493927002e-01
1.295373141765594482e-01
1.846196651458740234e-01
1.487538218498229980e-01
2.520574927330017090e-01
1.069957092404365540e-01
1.761831492185592651e-01
1.920815110206604004e-01
1.008842736482620239e-01
1.754030138254165649e-01
3.168947994709014893e-01
2.270606309175491333e-01
1.649401783943176270e-01
1.488426923751831055e-01
3.637510240077972412e-01
1.298400163650512695e-01
1.478832364082336426e-01
1.802371144294738770e-01
1.715495884418487549e-01
1.507583558559417725e-01
1.359126865863800049e-01
3.014441132545471191e-01
3.020792007446289062e-01
2.195205986499786377e-01
3.148532807826995850e-01
2.123706787824630737e-01
1.172791346907615662e-01
2.409865111112594604e-01
1.290554106235504150e-01
1.362014263868331909e-01
1.982285380363464355e-01
1.100560277700424194e-01
1.989695131778717041e-01
2.923424243927001953e-01
1.270025670528411865e-01
1.740335524082183838e-01
1.634332388639450073e-01
1.298975795507431030e-01
1.616415530443191528e-01
1.787640601396560669e-01
1.857721656560897827e-01
1.028215512633323669e-01
4.457510113716125488e-01
1.534492075443267822e-01
1.809631884098052979e-01
1.007741987705230713e-01
6.710741519927978516e-01
1.588701605796813965e-01
2.554253339767456055e-01
1.124347448348999023e-01
1.785682141780853271e-01
1.198358535766601562e-01
1.542078256607055664e-01
2.080679535865783691e-01
1.814772784709930420e-01
9.434869140386581421e-02
1.929771900177001953e-01
9.404720366001129150e-02
1.987477391958236694e-01
2.384164631366729736e-01
1.051876395940780640e-01
1.489069461822509766e-01
1.085985153913497925e-01
2.243142873048782349e-01
2.976485788822174072e-01
1.648936271667480469e-01
1.629850268363952637e-01
3.168776631355285645e-01
2.918540239334106445e-01
1.714134216308593750e-01
1.948171555995941162e-01
8.869577944278717041e-02
1.119122207164764404e-01
1.875368207693099976e-01
1.825126856565475464e-01
1.799819767475128174e-01
1.908210664987564087e-01
9.727896004915237427e-02
1.329704225063323975e-01
1.160796582698822021e-01
1.931971013545989990e-01
2.032907903194427490e-01
6.385421156883239746e-01
2.261677980422973633e-01
1.901621818542480469e-01
2.551093995571136475e-01
1.017365157604217529e-01
9.355468302965164185e-02
3.170227706432342529e-01
1.245298087596893311e-01
1.871600747108459473e-01
1.940729320049285889e-01
3.257145285606384277e-01
3.576821684837341309e-01
1.107987016439437866e-01
2.700726091861724854e-01
1.610867530107498169e-01
2.325794100761413574e-01
2.637555003166198730e-01
5.439308881759643555e-01
1.261546313762664795e-01
2.297256141901016235e-01
2.119044214487075806e-01
1.192638725042343140e-01
1.286049634218215942e-01
2.427906692028045654e-01
1.562077999114990234e-01
2.156758457422256470e-01
9.673657268285751343e-02
3.448574244976043701e-01
1.648399680852890015e-01
2.453977465629577637e-01
1.311107575893402100e-01
2.312828600406646729e-01
7.771099358797073364e-02
1.916103363037109375e-01
1.461421549320220947e-01
2.142181843519210815e-01
1.839605867862701416e-01
1.171799004077911377e-01
1.209525540471076965e-01
1.928435117006301880e-01
4.548492431640625000e-01
1.711985617876052856e-01
2.216069698333740234e-01
1.426388174295425415e-01
3.598403334617614746e-01
9.935800731182098389e-02
1.231925711035728455e-01
2.048140764236450195e-01
1.128649637103080750e-01
1.236371472477912903e-01
1.134185642004013062e-01
1.093799620866775513e-01
4.002460241317749023e-01
2.026397138833999634e-01
1.826696991920471191e-01
2.033278942108154297e-01
1.204485371708869934e-01
3.088438212871551514e-01
5.559608340263366699e-01
1.013498306274414062e-01
1.141807734966278076e-01
2.249748408794403076e-01
1.747484207153320312e-01
4.069474041461944580e-01
1.806734949350357056e-01
2.552124857902526855e-01
1.145729944109916687e-01
1.273818910121917725e-01
1.348031461238861084e-01
4.683150351047515869e-01
2.717041373252868652e-01
1.616481244564056396e-01
1.977038532495498657e-01
1.660521477460861206e-01
5.082362890243530273e-01
1.764605939388275146e-01
1.543821692466735840e-01
1.112439185380935669e-01
1.660038977861404419e-01
1.536534726619720459e-01
2.262232899665832520e-01
1.483455151319503784e-01
4.702638983726501465e-01
1.772884726524353027e-01
1.733201742172241211e-01
2.418443560600280762e-01
2.474375367164611816e-01
2.606669366359710693e-01
2.071974277496337891e-01
1.521715521812438965e-01
1.076419278979301453e-01
2.147410213947296143e-01
1.327323764562606812e-01
1.881893575191497803e-01
2.465625256299972534e-01
2.694761157035827637e-01
3.985095918178558350e-01
2.881693840026855469e-01
1.347518563270568848e-01
2.567697167396545410e-01
1.294814348220825195e-01
2.311881333589553833e-01
1.685971170663833618e-01
1.251273751258850098e-01
1.265527009963989258e-01
2.029803991317749023e-01
8.951039612293243408e-02
1.371857821941375732e-01
1.243766099214553833e-01
1.879274994134902954e-01
3.150722682476043701e-01
1.043080985546112061e-01
1.758017241954803467e-01
1.236444190144538879e-01
2.688369154930114746e-01
2.926488220691680908e-01
1.270067691802978516e-01
2.190098613500595093e-01
3.398734331130981445e-01
8.611339330673217773e-02
2.866838574409484863e-01
7.949734479188919067e-02
2.081898748874664307e-01
1.836298406124114990e-01
4.495635628700256348e-01
1.265347748994827271e-01
2.308379113674163818e-01
3.333863019943237305e-01
1.324273049831390381e-01
1.665679514408111572e-01
2.948066890239715576e-01
2.387956529855728149e-01
4.339585006237030029e-01
8.581416308879852295e-02
1.744770109653472900e-01
3.222816884517669678e-01
9.783048182725906372e-02
1.373000741004943848e-01
2.179943621158599854e-01
1.008252948522567749e-01
3.586708605289459229e-01
1.178908720612525940e-01
1.469353735446929932e-01
1.347820460796356201e-01
2.069407999515533447e-01
3.081377148628234863e-01
2.015818953514099121e-01
1.210277229547500610e-01
2.196992188692092896e-01
1.240350157022476196e-01
1.002313494682312012e-01
1.911542266607284546e-01
1.079989820718765259e-01
4.440317749977111816e-01
1.207055151462554932e-01
1.171073019504547119e-01
1.611667126417160034e-01
1.562334895133972168e-01
1.178795620799064636e-01
3.136530220508575439e-01
2.730619609355926514e-01
3.285347819328308105e-01
1.896285563707351685e-01
2.526855468750000000e-01
2.168892621994018555e-01
1.512900590896606445e-01
1.928516030311584473e-01
1.036066338419914246e-01
2.081485390663146973e-01
1.450828611850738525e-01
2.737188041210174561e-01
1.011056303977966309e-01
8.039001375436782837e-02
3.261959850788116455e-01
2.144599109888076782e-01
4.109120368957519531e-01
1.093581914901733398e-01
1.951932311058044434e-01
1.711996048688888550e-01
2.439138889312744141e-01
3.276028037071228027e-01
1.957622170448303223e-01
3.433050215244293213e-01
1.715627461671829224e-01
3.901511430740356445e-01
1.731992810964584351e-01
1.727721393108367920e-01
1.084205284714698792e-01
2.037933170795440674e-01
2.306005954742431641e-01
3.159848451614379883e-01
2.041282951831817627e-01
1.863738298416137695e-01
8.907048404216766357e-02
1.796287298202514648e-01
2.703928947448730469e-01
3.448931574821472168e-01
3.831632137298583984e-01
1.023458614945411682e-01
1.398690342903137207e-01
8.495113253593444824e-02
8.720109611749649048e-02
9.806360304355621338e-02
1.819280683994293213e-01
1.337687373161315918e-01
3.364309668540954590e-01
2.695797085762023926e-01
1.784040927886962891e-01
1.499372720718383789e-01
1.104583069682121277e-01
4.089194238185882568e-01
1.649340391159057617e-01
1.871421933174133301e-01
1.314829736948013306e-01
1.466430276632308960e-01
1.312936544418334961e-01
1.394785940647125244e-01
2.150314450263977051e-01
3.116714060306549072e-01
2.505231499671936035e-01
3.257991075515747070e-01
1.902656555175781250e-01
2.174974381923675537e-01
2.401072382926940918e-01
1.800182610750198364e-01
1.021683365106582642e-01
3.107030987739562988e-01
1.426303982734680176e-01
1.027335524559020996e-01
2.080697715282440186e-01
2.286854088306427002e-01
1.290960013866424561e-01
2.898976802825927734e-01
2.120167613029479980e-01
9.178851544857025146e-02
9.944019466638565063e-02
1.763684898614883423e-01
1.894479393959045410e-01
1.246002689003944397e-01
1.600251793861389160e-01
1.915201395750045776e-01
1.098053902387619019e-01
1.609898805618286133e-01
1.274281889200210571e-01
2.504522204399108887e-01
3.374265432357788086e-01
3.923704624176025391e-01
9.921036660671234131e-02
2.440395057201385498e-01
7.097016572952270508e-01
1.856156289577484131e-01
2.399869263172149658e-01
1.233083233237266541e-01
3.542906641960144043e-01
1.100749075412750244e-01
1.341746449470520020e-01
2.361538708209991455e-01
1.061855256557464600e-01
2.022600471973419189e-01
2.028532028198242188e-01
1.369911730289459229e-01
1.621494293212890625e-01
3.202013969421386719e-01
1.824366301298141479e-01
1.407481133937835693e-01
1.080007851123809814e-01
1.735614240169525146e-01
1.288796216249465942e-01
1.220954954624176025e-01
1.973790228366851807e-01
2.482090890407562256e-01
9.288433939218521118e-02
2.522605359554290771e-01
9.865075349807739258e-02
1.207296848297119141e-01
1.891984641551971436e-01
2.006870508193969727e-01
1.064933910965919495e-01
1.586817800998687744e-01
1.216105669736862183e-01
1.121254116296768188e-01
1.411478519439697266e-01
1.392447799444198608e-01
1.871874183416366577e-01
1.108230724930763245e-01
1.493375599384307861e-01
1.845860481262207031e-01
1.498384773731231689e-01
3.617111742496490479e-01
1.552340835332870483e-01
7.649855315685272217e-02
1.587908864021301270e-01
1.748965680599212646e-01
1.114340126514434814e-01
1.348325461149215698e-01
1.171799451112747192e-01
8.732553571462631226e-02
1.257927417755126953e-01
2.198713570833206177e-01
1.119984090328216553e-01
2.322502732276916504e-01
1.823209226131439209e-01
4.676747322082519531e-01
1.330061852931976318e-01
3.389971852302551270e-01
1.094909161329269409e-01
2.586613595485687256e-01
9.511538594961166382e-02
1.242148801684379578e-01
1.366957277059555054e-01
1.580644845962524414e-01
2.314096689224243164e-01
3.434232473373413086e-01
1.225448101758956909e-01
2.683545947074890137e-01
1.023826748132705688e-01
2.347698360681533813e-01
9.910054504871368408e-02
2.708504796028137207e-01
1.563575714826583862e-01
2.366068959236145020e-01
1.977504044771194458e-01
1.347690224647521973e-01
3.064858913421630859e-01
1.197692379355430603e-01
1.193354502320289612e-01
2.107261270284652710e-01
1.832259595394134521e-01
1.820981502532958984e-01
1.596346199512481689e-01
1.673235595226287842e-01
3.159358799457550049e-01
1.505916416645050049e-01
2.396919578313827515e-01
1.353830546140670776e-01
2.682009339332580566e-01
2.328189909458160400e-01
1.820232272148132324e-01
9.828509390354156494e-02
3.713427484035491943e-01
9.409112483263015747e-02
1.689229607582092285e-01
2.033774554729461670e-01
1.839549690485000610e-01
2.165647745132446289e-01
9.747523069381713867e-02
1.754576861858367920e-01
1.883217543363571167e-01
2.553853392601013184e-01
1.239603310823440552e-01
9.488353133201599121e-02
1.606893539428710938e-01
1.723887473344802856e-01
1.377593129873275757e-01
4.023192524909973145e-01
3.993622660636901855e-01
1.568232625722885132e-01
1.815067827701568604e-01
1.150361746549606323e-01
1.272164285182952881e-01
1.301127672195434570e-01
1.303575634956359863e-01
9.989895671606063843e-02
3.602447509765625000e-01
8.780558407306671143e-02
8.373721688985824585e-02
2.151889055967330933e-01
1.108111515641212463e-01
1.526316404342651367e-01
4.560003876686096191e-01
1.148851364850997925e-01
1.242504864931106567e-01
8.199533820152282715e-02
1.171160191297531128e-01
2.217083275318145752e-01
3.243034482002258301e-01
2.932969927787780762e-01
1.011743098497390747e-01
9.113863110542297363e-02
2.104416489601135254e-01
1.041200757026672363e-01
1.129436641931533813e-01
1.119069010019302368e-01
1.593280136585235596e-01
1.201430708169937134e-01
1.961800754070281982e-01
1.368885189294815063e-01
1.740561127662658691e-01
1.679324358701705933e-01
1.823293268680572510e-01
1.878403127193450928e-01
9.645884484052658081e-02
1.867272108793258667e-01
1.963031589984893799e-01
9.046866744756698608e-02
1.989656388759613037e-01
2.699728012084960938e-01
1.793438792228698730e-01
1.808695346117019653e-01
1.680123209953308105e-01
1.234573721885681152e-01
1.949832886457443237e-01
1.557622998952865601e-01
7.852137088775634766e-02
1.971716135740280151e-01
1.188498437404632568e-01
1.611182093620300293e-01
1.134897097945213318e-01
2.609965801239013672e-01
1.050054505467414856e-01
1.516900509595870972e-01
9.444847702980041504e-02
1.995763629674911499e-01
1.861132979393005371e-01
2.354498952627182007e-01
1.181633248925209045e-01
1.071656197309494019e-01
1.731762290000915527e-01
2.005175054073333740e-01
2.616897523403167725e-01
1.869155466556549072e-01
2.025474309921264648e-01
2.176326513290405273e-01
2.694368064403533936e-01
2.167408913373947144e-01
1.678979396820068359e-01
1.600688099861145020e-01
1.850077807903289795e-01
1.764301657676696777e-01
1.437493860721588135e-01
1.042888984084129333e-01
2.041192948818206787e-01
1.682255566120147705e-01
1.941640824079513550e-01
1.176594942808151245e-01
1.856656968593597412e-01
1.156978830695152283e-01
2.951764762401580811e-01
3.086166381835937500e-01
1.154156252741813660e-01
2.074896395206451416e-01
1.787456274032592773e-01
1.214111372828483582e-01
1.220010742545127869e-01
1.629017889499664307e-01
2.226608991622924805e-01
5.132395029067993164e-01
1.618562638759613037e-01
1.480769813060760498e-01
1.460761427879333496e-01
1.844955831766128540e-01
1.086365580558776855e-01
2.916438877582550049e-01
2.710001766681671143e-01
2.243818491697311401e-01
1.203502193093299866e-01
1.738739013671875000e-01
1.360271424055099487e-01
1.999290436506271362e-01
1.582163423299789429e-01
3.725539445877075195e-01
1.833623051643371582e-01
1.522520184516906738e-01
1.746684163808822632e-01
1.269089579582214355e-01
2.280968427658081055e-01
3.777236044406890869e-01
1.121451407670974731e-01
1.400597989559173584e-01
1.941417455673217773e-01
1.105732396245002747e-01
1.124990209937095642e-01
1.903026998043060303e-01
1.214879900217056274e-01
2.434235513210296631e-01
1.975772082805633545e-01
1.142808124423027039e-01
1.280755698680877686e-01
3.944002687931060791e-01
2.276667207479476929e-01
3.311182260513305664e-01
1.069169938564300537e-01
2.526949644088745117e-01
9.463828802108764648e-02
1.235889568924903870e-01
3.642643690109252930e-01
3.331427872180938721e-01
1.010446473956108093e-01
1.538140475749969482e-01
1.555156409740447998e-01
2.199746072292327881e-01
1.394169032573699951e-01
1.147880107164382935e-01
9.784598648548126221e-02
1.475487202405929565e-01
1.856832206249237061e-01
1.920864582061767578e-01
1.760037392377853394e-01
1.439897865056991577e-01
1.250154972076416016e-01
9.925334900617599487e-02
2.192251980304718018e-01
2.470761537551879883e-01
2.507290840148925781e-01
2.133269160985946655e-01
3.869119584560394287e-01
2.109858691692352295e-01
1.816334873437881470e-01
1.940657645463943481e-01
2.509518265724182129e-01
1.470748484134674072e-01
1.644233167171478271e-01
1.167432442307472229e-01
2.455814778804779053e-01
1.460713595151901245e-01
1.520223766565322876e-01
4.134921729564666748e-01
2.606444358825683594e-01
1.778270006179809570e-01
1.808507442474365234e-01
1.150316596031188965e-01
1.192202940583229065e-01
3.539296984672546387e-01
1.070227697491645813e-01
1.068608015775680542e-01
1.139375492930412292e-01
1.788734793663024902e-01
1.013766601681709290e-01
1.295840740203857422e-01
9.887361526489257812e-02
1.343379914760589600e-01
9.347340464591979980e-02
2.095730751752853394e-01
4.375345408916473389e-01
1.073813736438751221e-01
2.324604690074920654e-01
9.916000068187713623e-02
4.375740289688110352e-01
1.069551333785057068e-01
1.540826559066772461e-01
3.709446787834167480e-01
2.122513055801391602e-01
9.799464792013168335e-02
1.656514108180999756e-01
9.102220833301544189e-02
1.131528541445732117e-01
1.093286573886871338e-01
2.595371007919311523e-01
9.855292737483978271e-02
2.620134353637695312e-01
1.102255582809448242e-01
3.035801053047180176e-01
9.796191751956939697e-02
1.335114985704421997e-01
1.833553463220596313e-01
3.889093995094299316e-01
1.957987695932388306e-01
6.855568885803222656e-01
1.870313584804534912e-01
1.034515202045440674e-01
3.335316777229309082e-01
1.122667044401168823e-01
2.009216398000717163e-01
1.792166829109191895e-01
1.171506717801094055e-01
2.843129336833953857e-01
1.042453199625015259e-01
2.177239656448364258e-01
1.703836917877197266e-01
2.154085636138916016e-01
1.225534081459045410e-01
1.296700984239578247e-01
4.170910716056823730e-01
2.377150058746337891e-01
4.447010755538940430e-01
1.599104702472686768e-01
3.363378047943115234e-01
1.321792453527450562e-01
1.859981119632720947e-01
2.228092253208160400e-01
2.438687384128570557e-01
1.753136217594146729e-01
1.595807224512100220e-01
2.469396591186523438e-01
1.652223765850067139e-01
1.412566304206848145e-01
2.236196398735046387e-01
1.572885811328887939e-01
2.411146461963653564e-01
2.084451317787170410e-01
2.781378030776977539e-01
1.674344837665557861e-01
1.400003433227539062e-01
1.352090686559677124e-01
1.899934411048889160e-01
2.722124457359313965e-01
1.860763132572174072e-01
1.560652256011962891e-01
1.766596734523773193e-01
9.005092829465866089e-02
9.596661478281021118e-02
1.828086376190185547e-01
2.088263481855392456e-01
2.786561250686645508e-01
1.096384525299072266e-01
2.044723331928253174e-01
5.059046745300292969e-01
1.226981729269027710e-01
1.545097827911376953e-01
1.238191127777099609e-01
2.741672396659851074e-01
1.799152940511703491e-01
3.883907198905944824e-01
1.952323466539382935e-01
1.007666438817977905e-01
2.130877971649169922e-01
1.150573864579200745e-01
2.454691380262374878e-01
2.552818059921264648e-01
8.964581042528152466e-02
2.267151772975921631e-01
1.897667646408081055e-01
1.210266649723052979e-01
1.621337234973907471e-01
1.224233806133270264e-01
2.101784497499465942e-01
1.365412771701812744e-01
1.669788360595703125e-01
2.421134561300277710e-01
1.393014192581176758e-01
1.644211113452911377e-01
1.653969734907150269e-01
1.683511137962341309e-01
2.472049891948699951e-01
1.240384578704833984e-01
2.044391930103302002e-01
1.611424386501312256e-01
1.314191967248916626e-01
1.083247885107994080e-01
1.979619562625885010e-01
1.191458255052566528e-01
1.609239131212234497e-01
1.012583225965499878e-01
2.153309881687164307e-01
1.463338732719421387e-01
1.442702859640121460e-01
1.255964636802673340e-01
5.040882825851440430e-01
7.239883393049240112e-02
1.276125013828277588e-01
2.740855216979980469e-01
3.570278286933898926e-01
1.654949635267257690e-01
1.170817166566848755e-01
1.850619912147521973e-01
2.964709103107452393e-01
3.371596932411193848e-01
8.305246382951736450e-02
1.866029947996139526e-01
1.294421255588531494e-01
1.737843155860900879e-01
2.018100023269653320e-01
1.942422538995742798e-01
2.667670547962188721e-01
2.056385278701782227e-01
1.501498818397521973e-01
1.744497120380401611e-01
1.704035699367523193e-01
1.093617379665374756e-01
2.214238345623016357e-01
1.902603507041931152e-01
1.129926592111587524e-01
1.255985200405120850e-01
3.761523365974426270e-01
1.360484063625335693e-01
1.504587531089782715e-01
4.135532081127166748e-01
2.907044291496276855e-01
2.267816364765167236e-01
3.632483482360839844e-01
2.155362516641616821e-01
2.042124867439270020e-01
1.873402893543243408e-01
9.209412336349487305e-02
1.861350834369659424e-01
2.297684103250503540e-01
3.975735306739807129e-01
1.122016683220863342e-01
1.461760103702545166e-01
1.371402144432067871e-01
1.514243632555007935e-01
2.485767602920532227e-01
1.669407337903976440e-01
1.126096397638320923e-01
1.595338881015777588e-01
1.747833788394927979e-01
1.788540929555892944e-01
2.322956323623657227e-01
4.016743302345275879e-01
2.313915193080902100e-01
7.385126352310180664e-01
3.091222643852233887e-01
1.577153205871582031e-01
2.958276271820068359e-01
1.649093776941299438e-01
2.110486030578613281e-01
2.350083887577056885e-01
1.953617930412292480e-01
1.143163517117500305e-01
2.083626985549926758e-01
3.957275748252868652e-01
3.191324472427368164e-01
1.848366558551788330e-01
1.011631339788436890e-01
1.888694465160369873e-01
1.041152700781822205e-01
8.194746077060699463e-02
8.539606630802154541e-02
1.471654772758483887e-01
1.423363685607910156e-01
2.296745330095291138e-01
1.796791553497314453e-01
1.575125157833099365e-01
2.255725264549255371e-01
2.554973363876342773e-01
1.465531885623931885e-01
3.228079676628112793e-01
1.380580067634582520e-01
8.074375987052917480e-02
2.397487163543701172e-01
1.867650300264358521e-01
2.815276086330413818e-01
1.639927625656127930e-01
2.912805378437042236e-01
1.642236262559890747e-01
1.548180878162384033e-01
1.614723205566406250e-01
9.362886101007461548e-02
1.629445254802703857e-01
1.114403903484344482e-01
1.067825704813003540e-01
2.124039083719253540e-01
2.112298756837844849e-01
2.006280720233917236e-01
1.208140775561332703e-01
3.362496197223663330e-01
2.021897435188293457e-01
2.362081855535507202e-01
2.138743400573730469e-01
1.236102432012557983e-01
5.961134433746337891e-01
4.104096293449401855e-01
1.226917728781700134e-01
3.087735772132873535e-01
2.547277212142944336e-01
1.411338001489639282e-01
1.767312884330749512e-01
1.267308294773101807e-01
1.464925706386566162e-01
1.100623011589050293e-01
4.375539720058441162e-01
1.266074180603027344e-01
1.607282459735870361e-01
2.316289544105529785e-01
1.625176370143890381e-01
1.377407312393188477e-01
2.037077695131301880e-01
4.022014737129211426e-01
7.217269539833068848e-01
1.722253113985061646e-01
3.426541686058044434e-01
1.513144075870513916e-01
1.610893011093139648e-01
1.353915631771087646e-01
1.710430383682250977e-01
1.855189502239227295e-01
1.174963712692260742e-01
3.522685170173645020e-01
1.332232654094696045e-01
1.189878210425376892e-01
1.147113144397735596e-01
2.609678804874420166e-01
1.533813029527664185e-01
1.813063174486160278e-01
1.926754713058471680e-01
1.827157735824584961e-01
2.194009423255920410e-01
1.793588399887084961e-01
1.442170739173889160e-01
8.489691019058227539e-01
1.104385033249855042e-01
2.904683351516723633e-01
1.255315989255905151e-01
1.364672482013702393e-01
1.527800261974334717e-01
3.101238310337066650e-01
9.756854176521301270e-02
9.424521774053573608e-02
3.027415275573730469e-01
2.334903776645660400e-01
1.053548082709312439e-01
8.487558364868164062e-02
2.214677929878234863e-01
1.911811530590057373e-01
1.490449458360671997e-01
2.082603573799133301e-01
1.433077007532119751e-01
8.555635064840316772e-02
1.146235242486000061e-01
