8.056279271841049194e-03
8.312503807246685028e-03
8.417095988988876343e-03
7.066346704959869385e-03
8.873881772160530090e-03
7.941704243421554565e-03
8.719069883227348328e-03
9.139884263277053833e-03
8.979666978120803833e-03
7.664266042411327362e-03
1.245860941708087921e-02
8.219592273235321045e-03
7.877208292484283447e-03
7.918056100606918335e-03
7.504478096961975098e-03
9.368252009153366089e-03
8.112086914479732513e-03
8.979503065347671509e-03
7.550085894763469696e-03
7.622616365551948547e-03
7.706262171268463135e-03
9.273062460124492645e-03
8.903698995709419250e-03
7.251276634633541107e-03
7.825911045074462891e-03
7.995691150426864624e-03
9.284048341214656830e-03
8.362980559468269348e-03
7.955948822200298309e-03
8.276963606476783752e-03
1.187164522707462311e-02
1.694861426949501038e-02
1.257062703371047974e-02
8.423621766269207001e-03
1.184716448187828064e-02
9.671017527580261230e-03
8.059599436819553375e-03
8.274899795651435852e-03
1.004485040903091431e-02
9.260226041078567505e-03
6.495668087154626846e-03
1.696104556322097778e-02
7.783076725900173187e-03
8.474124595522880554e-03
8.391384035348892212e-03
8.676944300532341003e-03
7.946565747261047363e-03
8.475872687995433807e-03
9.309116750955581665e-03
7.195390760898590088e-03
9.558656252920627594e-03
8.635278791189193726e-03
8.675987832248210907e-03
7.309672422707080841e-03
1.911663636565208435e-02
1.024350430816411972e-02
1.356277614831924438e-02
7.570957764983177185e-03
7.640001364052295685e-03
1.183673925697803497e-02
9.244021028280258179e-03
7.678257767111063004e-03
7.306304760277271271e-03
1.032111607491970062e-02
1.221710629761219025e-02
1.027370989322662354e-02
7.487779948860406876e-03
7.700323127210140228e-03
9.576266631484031677e-03
8.263564668595790863e-03
8.170396089553833008e-03
8.690962567925453186e-03
8.654642850160598755e-03
1.005075126886367798e-02
8.178759366273880005e-03
9.127417579293251038e-03
7.304103113710880280e-03
2.284728921949863434e-02
8.074448443949222565e-03
8.605815470218658447e-03
8.023015223443508148e-03
1.115669868886470795e-02
8.717326447367668152e-03
1.041210908442735672e-02
1.120982132852077484e-02
7.533152587711811066e-03
8.957607671618461609e-03
9.179480373859405518e-03
8.330852724611759186e-03
8.768731728196144104e-03
7.067031227052211761e-03
9.287881664931774139e-03
8.308794349431991577e-03
8.523439057171344757e-03
8.339552208781242371e-03
8.582710288465023041e-03
9.617168456315994263e-03
8.371838368475437164e-03
8.315848186612129211e-03
8.453607559204101562e-03
9.723543189465999603e-03
8.151709102094173431e-03
8.400840684771537781e-03
1.005179621279239655e-02
8.324708789587020874e-03
1.359164342284202576e-02
7.882319390773773193e-03
8.219085633754730225e-03
9.201798588037490845e-03
7.745720446109771729e-03
7.755926810204982758e-03
8.652581833302974701e-03
7.903838530182838440e-03
9.077682159841060638e-03
8.844655007123947144e-03
8.687594905495643616e-03
8.378138765692710876e-03
9.089064784348011017e-03
7.580500096082687378e-03
7.634948939085006714e-03
9.164130315184593201e-03
9.467810392379760742e-03
7.921868935227394104e-03
6.904510781168937683e-03
7.773945108056068420e-03
8.505383506417274475e-03
8.716650307178497314e-03
1.001309789717197418e-02
9.228317067027091980e-03
9.213126264512538910e-03
8.508476428687572479e-03
7.848955690860748291e-03
8.634334430098533630e-03
8.885944262146949768e-03
7.661650422960519791e-03
8.250370621681213379e-03
9.136223234236240387e-03
7.502644322812557220e-03
9.223829023540019989e-03
1.005776785314083099e-02
9.709509089589118958e-03
7.919790223240852356e-03
7.906008511781692505e-03
1.217162050306797028e-02
7.185833062976598740e-03
1.030832901597023010e-02
7.894076406955718994e-03
6.756309419870376587e-03
7.468528114259243011e-03
8.969075977802276611e-03
7.827502675354480743e-03
2.150969579815864563e-02
7.713678292930126190e-03
8.544179610908031464e-03
8.338208310306072235e-03
8.069306612014770508e-03
8.291462436318397522e-03
1.950589753687381744e-02
7.872431538999080658e-03
1.176043041050434113e-02
8.346568793058395386e-03
8.486362174153327942e-03
8.106257766485214233e-03
8.337832987308502197e-03
8.698367513716220856e-03
8.770776912569999695e-03
8.784826844930648804e-03
9.130156598985195160e-03
7.174388505518436432e-03
8.179683238267898560e-03
7.756465580314397812e-03
7.853282615542411804e-03
1.009220071136951447e-02
7.665869779884815216e-03
8.665462955832481384e-03
8.430119603872299194e-03
8.199886418879032135e-03
1.125669479370117188e-02
3.805790841579437256e-02
7.399117574095726013e-03
8.972062729299068451e-03
1.158227398991584778e-02
8.235181681811809540e-03
8.620901033282279968e-03
8.711760863661766052e-03
7.324001751840114594e-03
8.036833256483078003e-03
9.151170961558818817e-03
8.419089019298553467e-03
9.067334234714508057e-03
9.900907054543495178e-03
8.397967554628849030e-03
9.007714688777923584e-03
8.305310271680355072e-03
8.391759358346462250e-03
7.983154617249965668e-03
7.105612196028232574e-03
9.348012506961822510e-03
9.141786023974418640e-03
7.935151457786560059e-03
9.441331960260868073e-03
8.268278092145919800e-03
7.810575421899557114e-03
9.559540078043937683e-03
8.405389264225959778e-03
9.730247780680656433e-03
8.212869055569171906e-03
1.097154431045055389e-02
7.787006441503763199e-03
8.010773919522762299e-03
3.082982823252677917e-02
1.007410418242216110e-02
8.303312584757804871e-03
7.537644356489181519e-03
8.196643553674221039e-03
8.687281981110572815e-03
8.222942240536212921e-03
7.398433983325958252e-03
8.073625154793262482e-03
8.692415431141853333e-03
9.130721911787986755e-03
9.392151609063148499e-03
8.655779063701629639e-03
8.430028334259986877e-03
8.894789032638072968e-03
9.093095548450946808e-03
8.778847754001617432e-03
8.420910686254501343e-03
9.859833866357803345e-03
8.469440042972564697e-03
8.139366284012794495e-03
8.266614750027656555e-03
7.458612788468599319e-03
8.874282240867614746e-03
8.562775328755378723e-03
7.512135431170463562e-03
9.201208129525184631e-03
8.122509345412254333e-03
1.231587864458560944e-02
7.588703185319900513e-03
8.372420445084571838e-03
9.000821039080619812e-03
8.635935373604297638e-03
9.824354201555252075e-03
8.395612239837646484e-03
7.863095961511135101e-03
8.971740491688251495e-03
8.826781064271926880e-03
8.167846128344535828e-03
8.058693259954452515e-03
9.733472950756549835e-03
7.645987439900636673e-03
9.024143218994140625e-03
8.622763678431510925e-03
8.822397328913211823e-03
7.362300530076026917e-03
1.195992343127727509e-02
1.485830638557672501e-02
8.711673319339752197e-03
8.023634552955627441e-03
1.106457039713859558e-02
1.468362938612699509e-02
8.054757490754127502e-03
7.711699232459068298e-03
8.279908448457717896e-03
7.822937332093715668e-03
9.280932135879993439e-03
1.116337534040212631e-02
7.678033784031867981e-03
8.508427068591117859e-03
7.521998137235641479e-03
8.857475593686103821e-03
8.708570152521133423e-03
7.404645904898643494e-03
6.833753082901239395e-03
1.163086667656898499e-02
8.152769878506660461e-03
8.998484350740909576e-03
8.286549709737300873e-03
8.443349972367286682e-03
8.900483138859272003e-03
1.786298863589763641e-02
7.694878615438938141e-03
8.004707284271717072e-03
9.835417382419109344e-03
8.125500753521919250e-03
8.424307219684123993e-03
7.999889552593231201e-03
7.177536841481924057e-03
9.422337636351585388e-03
7.956525310873985291e-03
8.077143691480159760e-03
8.129144087433815002e-03
8.299602195620536804e-03
7.740515284240245819e-03
8.476224727928638458e-03
7.561380043625831604e-03
7.018339820206165314e-03
1.409959141165018082e-02
8.587591350078582764e-03
9.199261665344238281e-03
7.806199602782726288e-03
1.356877572834491730e-02
7.680791430175304413e-03
8.732095360755920410e-03
8.343026973307132721e-03
8.491009473800659180e-03
8.556207641959190369e-03
7.141188252717256546e-03
8.657956495881080627e-03
8.177017793059349060e-03
7.845292799174785614e-03
7.085337303578853607e-03
7.547580171376466751e-03
9.780797176063060760e-03
8.643184788525104523e-03
7.561002857983112335e-03
9.233934804797172546e-03
8.289974182844161987e-03
7.891841232776641846e-03
8.977251127362251282e-03
9.341103956103324890e-03
7.703414652496576309e-03
8.523642085492610931e-03
8.458929136395454407e-03
7.798316422849893570e-03
7.796423044055700302e-03
7.919781841337680817e-03
8.210128173232078552e-03
8.351477794349193573e-03
8.267970755696296692e-03
7.008079439401626587e-03
8.839501067996025085e-03
1.090630330145359039e-02
1.260384172201156616e-02
1.116422191262245178e-02
7.626485545188188553e-03
8.411900140345096588e-03
8.586112409830093384e-03
7.952251471579074860e-03
8.086685091257095337e-03
8.790526539087295532e-03
1.047360710799694061e-02
8.222581818699836731e-03
9.063251316547393799e-03
8.680589497089385986e-03
7.585129234939813614e-03
7.644364610314369202e-03
6.965169683098793030e-03
8.296374231576919556e-03
7.997559383511543274e-03
9.273574687540531158e-03
8.559077046811580658e-03
8.511181920766830444e-03
7.889652624726295471e-03
7.896278053522109985e-03
7.115847431123256683e-03
8.111763745546340942e-03
7.506088819354772568e-03
8.284208364784717560e-03
9.327604435384273529e-03
8.956950157880783081e-03
8.048630319535732269e-03
9.316707029938697815e-03
1.239620335400104523e-02
9.085214696824550629e-03
8.113404735922813416e-03
8.666023612022399902e-03
8.136123418807983398e-03
7.655165158212184906e-03
7.453900761902332306e-03
8.298488333821296692e-03
1.004869583994150162e-02
1.121420599520206451e-02
8.818352594971656799e-03
8.512325584888458252e-03
1.424785517156124115e-02
7.650452665984630585e-03
7.991349324584007263e-03
8.035430684685707092e-03
7.483310997486114502e-03
1.909859478473663330e-02
1.402791589498519897e-02
7.899847812950611115e-03
8.274337276816368103e-03
8.387387730181217194e-03
7.913175970315933228e-03
8.628154173493385315e-03
8.487372659146785736e-03
8.712818846106529236e-03
9.062187746167182922e-03
8.396510966122150421e-03
8.689600042998790741e-03
7.438107393682003021e-03
7.800629362463951111e-03
8.130935952067375183e-03
8.015718311071395874e-03
7.277247495949268341e-03
7.548648864030838013e-03
7.659788243472576141e-03
7.863325066864490509e-03
8.173376321792602539e-03
1.059866230934858322e-02
8.842239156365394592e-03
8.418579585850238800e-03
7.315315306186676025e-03
7.924795150756835938e-03
8.764041587710380554e-03
7.075448520481586456e-03
1.030545495450496674e-02
8.117121644318103790e-03
8.066466078162193298e-03
9.055906906723976135e-03
1.004626136273145676e-02
7.353728637099266052e-03
1.282351650297641754e-02
7.966073229908943176e-03
7.978470996022224426e-03
9.114153683185577393e-03
8.450439199805259705e-03
7.664419710636138916e-03
8.637750521302223206e-03
9.904218837618827820e-03
8.572947233915328979e-03
7.781541906297206879e-03
1.023870334029197693e-02
8.248769678175449371e-03
2.093992382287979126e-02
7.442980539053678513e-03
8.224453777074813843e-03
8.293678984045982361e-03
8.086198940873146057e-03
8.489733561873435974e-03
7.342981174588203430e-03
8.767564781010150909e-03
7.675063330680131912e-03
7.439470384269952774e-03
8.334317244589328766e-03
8.679125458002090454e-03
8.745577186346054077e-03
8.486736565828323364e-03
9.039295837283134460e-03
7.931304164230823517e-03
8.414798416197299957e-03
9.015807881951332092e-03
7.604810409247875214e-03
8.334088139235973358e-03
8.288254030048847198e-03
8.211784064769744873e-03
9.063677862286567688e-03
7.809049449861049652e-03
9.595710784196853638e-03
9.319049306213855743e-03
1.127383206039667130e-02
7.215193007141351700e-03
8.368616923689842224e-03
8.069928735494613647e-03
8.387197740375995636e-03
8.226375095546245575e-03
7.797250989824533463e-03
8.664021268486976624e-03
7.759457454085350037e-03
8.576329797506332397e-03
7.942759431898593903e-03
8.676892146468162537e-03
8.706871420145034790e-03
8.194368332624435425e-03
7.666926831007003784e-03
1.327333040535449982e-02
7.795271463692188263e-03
9.017871692776679993e-03
7.915908470749855042e-03
8.238649927079677582e-03
8.456961251795291901e-03
7.494327612221240997e-03
7.450246252119541168e-03
9.603169746696949005e-03
9.215545840561389923e-03
9.258365258574485779e-03
8.190389722585678101e-03
7.903608493506908417e-03
8.825561963021755219e-03
8.238160982728004456e-03
1.041160617023706436e-02
8.342939428985118866e-03
7.488828152418136597e-03
7.830956950783729553e-03
7.962678559124469757e-03
7.910267449915409088e-03
8.532514795660972595e-03
1.132767181843519211e-02
1.117432303726673126e-02
8.108027279376983643e-03
7.037350907921791077e-03
8.091604337096214294e-03
8.128705434501171112e-03
9.199502877891063690e-03
8.797572925686836243e-03
7.315230090171098709e-03
8.063092827796936035e-03
7.762684486806392670e-03
9.497729130089282990e-03
9.613840840756893158e-03
7.835071533918380737e-03
7.796491496264934540e-03
7.636423688381910324e-03
8.164094761013984680e-03
8.759226649999618530e-03
7.685592863708734512e-03
8.742418140172958374e-03
8.955094963312149048e-03
7.107439450919628143e-03
1.168834511190652847e-02
9.640272706747055054e-03
7.356329355388879776e-03
9.289458394050598145e-03
8.748985826969146729e-03
8.763788267970085144e-03
8.417628705501556396e-03
8.922111243009567261e-03
1.065015047788619995e-02
7.054309826344251633e-03
8.318774402141571045e-03
7.183418143540620804e-03
9.282328188419342041e-03
8.057076483964920044e-03
7.856946438550949097e-03
2.633380144834518433e-02
9.167179465293884277e-03
8.820226415991783142e-03
8.586617186665534973e-03
7.639328949153423309e-03
9.848538786172866821e-03
2.216175012290477753e-02
1.022543571889400482e-02
8.318470790982246399e-03
1.123658753931522369e-02
8.734788745641708374e-03
8.611047640442848206e-03
9.904081001877784729e-03
1.511513534933328629e-02
9.330147877335548401e-03
7.664790377020835876e-03
8.487809449434280396e-03
9.141850285232067108e-03
7.724179886281490326e-03
7.784047164022922516e-03
7.600871380418539047e-03
7.901638746261596680e-03
9.917777031660079956e-03
1.820099726319313049e-02
2.057301625609397888e-02
1.301081944257020950e-02
7.808991707861423492e-03
8.594766259193420410e-03
9.073195047676563263e-03
7.833370938897132874e-03
7.955766282975673676e-03
8.057844825088977814e-03
8.804896846413612366e-03
8.153953589498996735e-03
7.758732419461011887e-03
8.637695573270320892e-03
6.779595278203487396e-03
8.076075464487075806e-03
7.869488559663295746e-03
8.034203201532363892e-03
7.971484214067459106e-03
8.233683183789253235e-03
8.243531920015811920e-03
8.849797770380973816e-03
8.119300007820129395e-03
9.499488398432731628e-03
7.516040466725826263e-03
8.308695629239082336e-03
8.046703413128852844e-03
7.327199913561344147e-03
7.611199282109737396e-03
8.130295202136039734e-03
7.735429331660270691e-03
8.953307755291461945e-03
8.442608639597892761e-03
1.387934666126966476e-02
8.703559637069702148e-03
8.257094770669937134e-03
7.667909376323223114e-03
7.874224334955215454e-03
1.201056037098169327e-02
8.720103651285171509e-03
9.233471937477588654e-03
8.577727712690830231e-03
6.901974324136972427e-03
9.707051329314708710e-03
1.056765858083963394e-02
9.601337835192680359e-03
9.074341505765914917e-03
9.645152837038040161e-03
8.573364466428756714e-03
8.525249548256397247e-03
8.390339091420173645e-03
7.908176630735397339e-03
8.310744538903236389e-03
8.179408498108386993e-03
8.696952834725379944e-03
7.939580827951431274e-03
1.573068834841251373e-02
8.176540955901145935e-03
6.893572863191366196e-03
9.149849414825439453e-03
7.651954889297485352e-03
2.018808200955390930e-02
6.971270311623811722e-03
8.941721171140670776e-03
7.833519950509071350e-03
7.049961015582084656e-03
8.692635223269462585e-03
8.961871266365051270e-03
8.501684293150901794e-03
8.489649742841720581e-03
8.147409185767173767e-03
1.374354958534240723e-02
8.801140822470188141e-03
1.008889265358448029e-02
8.628915064036846161e-03
1.069525070488452911e-02
8.080689236521720886e-03
9.788574650883674622e-03
9.165343828499317169e-03
9.592867456376552582e-03
8.230213075876235962e-03
8.636090904474258423e-03
1.788535341620445251e-02
8.629386313259601593e-03
8.012520149350166321e-03
7.685154676437377930e-03
8.738001808524131775e-03
8.245898410677909851e-03
1.440875697880983353e-02
9.678486734628677368e-03
9.220922365784645081e-03
8.510688319802284241e-03
1.007091160863637924e-02
8.262533694505691528e-03
7.809441536664962769e-03
8.625631220638751984e-03
7.257116958498954773e-03
7.987225428223609924e-03
7.708446588367223740e-03
8.642846718430519104e-03
9.319970384240150452e-03
9.309256449341773987e-03
9.636599570512771606e-03
7.968489080667495728e-03
8.515393361449241638e-03
8.616521023213863373e-03
7.655791938304901123e-03
9.194485843181610107e-03
8.112484589219093323e-03
8.805952966213226318e-03
1.343892607837915421e-02
9.012093767523765564e-03
8.028732612729072571e-03
7.449339143931865692e-03
8.347470313310623169e-03
9.066339582204818726e-03
8.386015892028808594e-03
8.126714266836643219e-03
8.383467793464660645e-03
8.716204203665256500e-03
7.818561978638172150e-03
7.669706828892230988e-03
8.910617791116237640e-03
8.603403344750404358e-03
6.994759663939476013e-03
7.476592902094125748e-03
8.916988968849182129e-03
7.696044631302356720e-03
7.534300908446311951e-03
8.615966886281967163e-03
8.515303954482078552e-03
8.483124896883964539e-03
1.224896870553493500e-02
8.860952220857143402e-03
9.301418438553810120e-03
8.333148434758186340e-03
9.166377596557140350e-03
8.326933719217777252e-03
7.000026293098926544e-03
9.428963065147399902e-03
7.520821876823902130e-03
8.175027556717395782e-03
1.221620105206966400e-02
9.178758598864078522e-03
8.322197943925857544e-03
1.052222028374671936e-02
8.897143416106700897e-03
7.936824113130569458e-03
7.088236510753631592e-03
8.496113121509552002e-03
9.502947330474853516e-03
7.756207603961229324e-03
9.321280755102634430e-03
1.346496026962995529e-02
8.077722042798995972e-03
8.447243832051753998e-03
8.441759273409843445e-03
8.281360380351543427e-03
8.129522204399108887e-03
7.760475855320692062e-03
7.195097859948873520e-03
8.902914822101593018e-03
8.020477369427680969e-03
1.060848869383335114e-02
9.283466264605522156e-03
9.038520976901054382e-03
8.088238537311553955e-03
8.320826105773448944e-03
7.933396846055984497e-03
8.687693625688552856e-03
1.001871004700660706e-02
7.870784960687160492e-03
8.710943162441253662e-03
7.214640267193317413e-03
9.064888581633567810e-03
7.855017669498920441e-03
8.863396942615509033e-03
9.637890383601188660e-03
7.971650920808315277e-03
8.731601759791374207e-03
8.313404396176338196e-03
8.566090837121009827e-03
7.879246026277542114e-03
8.938757702708244324e-03
8.294619619846343994e-03
7.027369923889636993e-03
8.698045276105403900e-03
7.918566465377807617e-03
8.247503079473972321e-03
1.387647818773984909e-02
8.681530132889747620e-03
7.978210225701332092e-03
8.856479078531265259e-03
7.366236299276351929e-03
8.661871775984764099e-03
7.147544529289007187e-03
6.809800863265991211e-03
9.573908522725105286e-03
8.866867050528526306e-03
7.731639780104160309e-03
7.735953200608491898e-03
8.286181837320327759e-03
7.998900488018989563e-03
8.583236485719680786e-03
8.338486775755882263e-03
7.903002202510833740e-03
8.331683464348316193e-03
1.483566500246524811e-02
7.534946314990520477e-03
7.847044616937637329e-03
7.907819002866744995e-03
7.880823686718940735e-03
8.218101225793361664e-03
8.571538142859935760e-03
8.587318472564220428e-03
7.832359522581100464e-03
7.505169138312339783e-03
8.007511496543884277e-03
9.080270305275917053e-03
8.311673067510128021e-03
7.215534336864948273e-03
7.540095597505569458e-03
8.265163749456405640e-03
7.318662479519844055e-03
7.412897888571023941e-03
7.855078205466270447e-03
8.284951560199260712e-03
8.359145373106002808e-03
1.109376642853021622e-02
9.589148685336112976e-03
7.920099422335624695e-03
7.305530831217765808e-03
8.188381791114807129e-03
8.377783000469207764e-03
6.810078863054513931e-03
9.163578040897846222e-03
8.737491443753242493e-03
1.111781410872936249e-02
8.598216809332370758e-03
8.494030684232711792e-03
8.908658288419246674e-03
8.761517703533172607e-03
7.731122896075248718e-03
7.043725810945034027e-03
8.201450109481811523e-03
7.974902167916297913e-03
8.208204060792922974e-03
8.463354781270027161e-03
8.169570006430149078e-03
1.075334753841161728e-02
7.651165127754211426e-03
8.143158629536628723e-03
7.517902180552482605e-03
7.698733359575271606e-03
1.691790483891963959e-02
7.162658497691154480e-03
7.917236536741256714e-03
8.929956704378128052e-03
8.473655208945274353e-03
8.571261540055274963e-03
1.017531193792819977e-02
1.270015258342027664e-02
8.519345894455909729e-03
2.477528899908065796e-02
7.757830433547496796e-03
7.433218881487846375e-03
7.443549577146768570e-03
7.398636080324649811e-03
7.854489609599113464e-03
7.191707845777273178e-03
8.520243689417839050e-03
8.311251178383827209e-03
8.229152299463748932e-03
8.185932412743568420e-03
9.014590643346309662e-03
8.634144440293312073e-03
8.576945401728153229e-03
8.247464895248413086e-03
8.235417306423187256e-03
7.819154299795627594e-03
9.624912403523921967e-03
8.405179716646671295e-03
8.964013308286666870e-03
8.137752301990985870e-03
7.715969346463680267e-03
1.010277122259140015e-02
9.606465697288513184e-03
7.897719740867614746e-03
7.155338767915964127e-03
7.812417112290859222e-03
9.955890476703643799e-03
8.552255108952522278e-03
8.182849735021591187e-03
8.685465902090072632e-03
7.386650890111923218e-03
8.007032796740531921e-03
8.332604542374610901e-03
8.452244102954864502e-03
7.836383767426013947e-03
7.296151015907526016e-03
2.364460751414299011e-02
7.856209762394428253e-03
9.938556700944900513e-03
7.407344877719879150e-03
8.903930895030498505e-03
7.885981351137161255e-03
8.177192881703376770e-03
8.332831785082817078e-03
9.211367927491664886e-03
8.460262790322303772e-03
7.164253853261470795e-03
7.312038913369178772e-03
8.865868672728538513e-03
3.063719719648361206e-02
8.308110758662223816e-03
9.336575865745544434e-03
7.856521755456924438e-03
2.863282896578311920e-02
8.324623107910156250e-03
8.003214374184608459e-03
8.076877333223819733e-03
7.377968169748783112e-03
7.007301785051822662e-03
8.339591324329376221e-03
8.948069997131824493e-03
8.321668021380901337e-03
1.369898393750190735e-02
8.416581898927688599e-03
9.357615374028682709e-03
8.053029887378215790e-03
8.050128817558288574e-03
8.497808128595352173e-03
8.860576897859573364e-03
8.094293065369129181e-03
9.354516863822937012e-03
8.952468633651733398e-03
1.026449352502822876e-02
7.232923991978168488e-03
7.730546407401561737e-03
7.633910514414310455e-03
7.415821775794029236e-03
8.940545842051506042e-03
7.902732118964195251e-03
1.096999645233154297e-02
1.015095226466655731e-02
7.664186879992485046e-03
8.709218353033065796e-03
1.138273254036903381e-02
7.839671336114406586e-03
9.077414870262145996e-03
7.476746570318937302e-03
8.625442162156105042e-03
1.140944287180900574e-02
8.224898017942905426e-03
8.135735057294368744e-03
1.198797859251499176e-02
1.029218733310699463e-02
7.870665751397609711e-03
1.886217296123504639e-02
9.199704043567180634e-03
8.143397048115730286e-03
8.647836744785308838e-03
9.084132499992847443e-03
7.454349659383296967e-03
9.416740387678146362e-03
9.042525663971900940e-03
7.969261147081851959e-03
1.006107032299041748e-02
8.469814434647560120e-03
9.140263311564922333e-03
9.915960021317005157e-03
8.962355554103851318e-03
8.938863873481750488e-03
8.390482515096664429e-03
7.292251568287611008e-03
7.791974116116762161e-03
8.403416723012924194e-03
8.852129802107810974e-03
8.146122097969055176e-03
9.376173838973045349e-03
8.666380308568477631e-03
7.527030073106288910e-03
8.481862023472785950e-03
8.661123923957347870e-03
7.929555140435695648e-03
7.260555867105722427e-03
9.383733384311199188e-03
8.236162364482879639e-03
7.910325191915035248e-03
8.261848241090774536e-03
8.114490658044815063e-03
8.604758419096469879e-03
7.540560327470302582e-03
7.322578690946102142e-03
7.552732247859239578e-03
6.720382254570722580e-03
1.152884960174560547e-02
9.980531409382820129e-03
7.959669455885887146e-03
7.595382165163755417e-03
9.296756237745285034e-03
8.126963861286640167e-03
8.534429594874382019e-03
7.711750920861959457e-03
7.789572235196828842e-03
9.783379733562469482e-03
8.835294283926486969e-03
9.832864627242088318e-03
6.938301958143711090e-03
1.082683075219392776e-02
7.411794271320104599e-03
8.487356826663017273e-03
7.224948145449161530e-03
8.248675614595413208e-03
8.887237869203090668e-03
8.230229839682579041e-03
8.084092289209365845e-03
8.250089362263679504e-03
1.344376895576715469e-02
7.936838082969188690e-03
2.089344523847103119e-02
7.725019007921218872e-03
8.002132177352905273e-03
7.790679112076759338e-03
7.194114848971366882e-03
8.774198591709136963e-03
7.457197643816471100e-03
8.876867592334747314e-03
7.730271667242050171e-03
8.048888295888900757e-03
7.981200702488422394e-03
7.876100949943065643e-03
7.721615489572286606e-03
8.047731593251228333e-03
8.797078393399715424e-03
1.543143391609191895e-02
8.404242806136608124e-03
7.894730195403099060e-03
9.764714166522026062e-03
7.671724073588848114e-03
7.508344016969203949e-03
7.915459573268890381e-03
7.482513319700956345e-03
8.145712316036224365e-03
9.458571672439575195e-03
1.434311456978321075e-02
7.859098725020885468e-03
7.735466584563255310e-03
7.699647918343544006e-03
7.915407419204711914e-03
7.537676021456718445e-03
7.688737474381923676e-03
9.291131049394607544e-03
1.297119073569774628e-02
9.440756402909755707e-03
7.123709656298160553e-03
8.517358452081680298e-03
8.351570926606655121e-03
8.518048562109470367e-03
7.019501179456710815e-03
7.225167006254196167e-03
7.706985343247652054e-03
1.166326552629470825e-02
8.273641578853130341e-03
8.744130842387676239e-03
7.662327028810977936e-03
7.829760201275348663e-03
8.865660056471824646e-03
8.577555418014526367e-03
8.279251866042613983e-03
8.452923037111759186e-03
7.963507436215877533e-03
8.070140145719051361e-03
8.430165238678455353e-03
8.275544270873069763e-03
7.864536717534065247e-03
8.787815459072589874e-03
8.408123627305030823e-03
8.080700412392616272e-03
7.531289011240005493e-03
1.031718030571937561e-02
8.570408448576927185e-03
1.074505224823951721e-02
8.823320269584655762e-03
8.300263434648513794e-03
8.704302832484245300e-03
9.033397771418094635e-03
2.259576693177223206e-02
8.304526098072528839e-03
6.648897193372249603e-03
1.083955727517604828e-02
7.993709295988082886e-03
9.247938171029090881e-03
8.232448250055313110e-03
8.388694375753402710e-03
8.110709488391876221e-03
8.313347585499286652e-03
9.693179279565811157e-03
7.780178450047969818e-03
9.681186638772487640e-03
7.607823237776756287e-03
7.630384061485528946e-03
8.146877400577068329e-03
8.446419611573219299e-03
1.411047112196683884e-02
7.665139622986316681e-03
7.657102309167385101e-03
8.036048151552677155e-03
8.180387318134307861e-03
9.309157729148864746e-03
9.619928896427154541e-03
8.579188957810401917e-03
7.461391855031251907e-03
8.505623787641525269e-03
8.342169225215911865e-03
7.949522696435451508e-03
8.522504940629005432e-03
7.481357082724571228e-03
8.194102905690670013e-03
8.644362911581993103e-03
9.772263467311859131e-03
7.521155290305614471e-03
1.094307471066713333e-02
8.304887451231479645e-03
1.391538511961698532e-02
8.531278930604457855e-03
1.453554630279541016e-02
7.013205438852310181e-03
1.142443064600229263e-02
8.941779844462871552e-03
9.033968672156333923e-03
8.343122899532318115e-03
8.843841031193733215e-03
7.889181375503540039e-03
1.007211208343505859e-02
8.738772943615913391e-03
6.954209879040718079e-03
8.525731973350048065e-03
7.930165156722068787e-03
9.393916465342044830e-03
8.276161737740039825e-03
8.810941129922866821e-03
8.420765399932861328e-03
6.839080248028039932e-03
9.669972583651542664e-03
7.736559957265853882e-03
7.871981710195541382e-03
8.363009430468082428e-03
7.996570318937301636e-03
7.725541945546865463e-03
8.380825631320476532e-03
6.704352330416440964e-03
7.111690938472747803e-03
9.809368290007114410e-03
8.645036257803440094e-03
8.501293137669563293e-03
9.979486465454101562e-03
1.383443269878625870e-02
9.846857748925685883e-03
8.839424699544906616e-03
8.689125068485736847e-03
1.183254737406969070e-02
8.458513766527175903e-03
8.456782437860965729e-03
8.877512998878955841e-03
8.431114256381988525e-03
8.914798498153686523e-03
1.000056974589824677e-02
8.041828870773315430e-03
8.123830892145633698e-03
8.256259374320507050e-03
7.908796891570091248e-03
1.410199422389268875e-02
8.918029256165027618e-03
7.615786977112293243e-03
8.257356472313404083e-03
7.135400548577308655e-03
8.744967170059680939e-03
7.520499639213085175e-03
7.736800238490104675e-03
2.449953742325305939e-02
1.464219577610492706e-02
1.162215322256088257e-02
8.370324969291687012e-03
8.974985219538211823e-03
7.261466234922409058e-03
7.371710147708654404e-03
8.175421506166458130e-03
8.923888206481933594e-03
7.359164766967296600e-03
8.569294586777687073e-03
8.600402623414993286e-03
1.474013365805149078e-02
8.845793083310127258e-03
8.593956939876079559e-03
7.458990439772605896e-03
1.227648556232452393e-02
8.835922926664352417e-03
9.158976376056671143e-03
1.337115094065666199e-02
8.374535478651523590e-03
8.706754073500633240e-03
8.696667850017547607e-03
7.854981347918510437e-03
1.206416450440883636e-02
8.508227765560150146e-03
8.906232193112373352e-03
7.453089579939842224e-03
7.879906333982944489e-03
7.471072487533092499e-03
8.458490483462810516e-03
6.829861551523208618e-03
7.878772914409637451e-03
8.866386488080024719e-03
6.712372414767742157e-03
8.626565337181091309e-03
8.461680263280868530e-03
7.528124377131462097e-03
9.211946278810501099e-03
7.734243758022785187e-03
8.973186835646629333e-03
7.230065762996673584e-03
1.136279664933681488e-02
8.323918096721172333e-03
7.987170480191707611e-03
8.954062126576900482e-03
8.200549520552158356e-03
1.030262745916843414e-02
7.414251565933227539e-03
7.836097851395606995e-03
7.127003744244575500e-03
7.696090731769800186e-03
8.205095306038856506e-03
8.115884847939014435e-03
8.315399289131164551e-03
8.953653275966644287e-03
8.546606637537479401e-03
8.570243604481220245e-03
9.174332022666931152e-03
7.163770496845245361e-03
7.791934534907341003e-03
8.677762933075428009e-03
8.976601064205169678e-03
8.937771432101726532e-03
6.953035481274127960e-03
1.062695868313312531e-02
8.642273955047130585e-03
7.576206699013710022e-03
7.528475485742092133e-03
1.399845629930496216e-02
8.719485253095626831e-03
7.181190885603427887e-03
8.887222036719322205e-03
9.206250309944152832e-03
7.411730010062456131e-03
9.736238978803157806e-03
9.239343926310539246e-03
1.062910072505474091e-02
7.877430878579616547e-03
8.577968925237655640e-03
8.076762780547142029e-03
7.776610553264617920e-03
8.393177762627601624e-03
7.573499344289302826e-03
8.783211931586265564e-03
6.532616913318634033e-03
8.158205077052116394e-03
1.165127102285623550e-02
8.107440546154975891e-03
7.249101996421813965e-03
8.060953579843044281e-03
7.380110211670398712e-03
7.297519128769636154e-03
8.088727481663227081e-03
8.041890338063240051e-03
7.872319780290126801e-03
2.191857993602752686e-02
8.906926959753036499e-03
8.865226991474628448e-03
7.969742640852928162e-03
8.862728253006935120e-03
9.281779639422893524e-03
9.734210558235645294e-03
8.103839121758937836e-03
6.584237329661846161e-03
6.986424792557954788e-03
7.906313985586166382e-03
1.016143430024385452e-02
8.214961737394332886e-03
8.721736259758472443e-03
8.749639615416526794e-03
7.189965806901454926e-03
9.165838360786437988e-03
8.569549769163131714e-03
9.211537428200244904e-03
7.461824920028448105e-03
1.004338078200817108e-02
7.156570442020893097e-03
9.028707630932331085e-03
8.579207584261894226e-03
9.562558494508266449e-03
8.676439523696899414e-03
1.047952473163604736e-02
6.810148712247610092e-03
8.930361829698085785e-03
8.248187601566314697e-03
9.592900052666664124e-03
8.583356626331806183e-03
8.052922785282135010e-03
7.527878507971763611e-03
2.189390920102596283e-02
8.263295516371726990e-03
8.347246795892715454e-03
9.363928809762001038e-03
8.751976303756237030e-03
7.749825716018676758e-03
9.012818336486816406e-03
8.350021205842494965e-03
1.035752333700656891e-02
1.030466891825199127e-02
8.836738765239715576e-03
8.252337574958801270e-03
7.677766028791666031e-03
9.693024680018424988e-03
8.831354789435863495e-03
7.861526682972908020e-03
8.311768993735313416e-03
7.610119879245758057e-03
7.648835424333810806e-03
7.726451847702264786e-03
7.782194763422012329e-03
8.640174753963947296e-03
9.176004678010940552e-03
7.950577884912490845e-03
8.073432371020317078e-03
7.629848085343837738e-03
8.350852876901626587e-03
6.989208981394767761e-03
8.810907602310180664e-03
1.204206794500350952e-02
7.887018844485282898e-03
8.876418694853782654e-03
9.207522496581077576e-03
8.281774818897247314e-03
9.322129189968109131e-03
8.272496983408927917e-03
7.313679903745651245e-03
7.282771635800600052e-03
8.204312063753604889e-03
8.129590190947055817e-03
8.510445244610309601e-03
6.945934146642684937e-03
8.552594110369682312e-03
9.449219331145286560e-03
