9.647310972213745117e-01
6.048820018768310547e-01
1.073791027069091797e+00
8.355316519737243652e-01
4.694500565528869629e-01
7.094117403030395508e-01
6.032453775405883789e-01
5.968340039253234863e-01
7.602891921997070312e-01
8.592745065689086914e-01
7.138791680335998535e-01
6.226516962051391602e-01
1.327108383178710938e+00
8.139221668243408203e-01
9.361605644226074219e-01
4.892058670520782471e-01
4.142901301383972168e-01
4.437987804412841797e-01
2.074992656707763672e+00
3.705096840858459473e-01
4.328000545501708984e-01
4.962857067584991455e-01
8.200825452804565430e-01
1.013894796371459961e+00
9.737081527709960938e-01
1.693038940429687500e+00
4.223546385765075684e-01
5.099697113037109375e-01
7.072275280952453613e-01
6.772908568382263184e-01
1.056326389312744141e+00
1.086016893386840820e+00
4.249375164508819580e-01
2.119329214096069336e+00
1.101967573165893555e+00
6.144754886627197266e-01
6.780955791473388672e-01
9.171369075775146484e-01
7.641538977622985840e-01
5.765724182128906250e-01
1.832089424133300781e+00
1.963518381118774414e+00
1.201329588890075684e+00
5.248882770538330078e-01
7.587133646011352539e-01
5.351221561431884766e-01
6.431564688682556152e-01
1.062649250030517578e+00
1.222568869590759277e+00
8.280975222587585449e-01
1.030570507049560547e+00
1.323544383049011230e+00
8.726305961608886719e-01
7.087464332580566406e-01
3.930463194847106934e-01
7.825451493263244629e-01
9.433604478836059570e-01
8.707098960876464844e-01
1.312534570693969727e+00
1.620008945465087891e+00
1.744808316230773926e+00
4.401464462280273438e-01
9.304902553558349609e-01
6.447706222534179688e-01
1.188590645790100098e+00
6.665416955947875977e-01
4.997293353080749512e-01
6.844757199287414551e-01
8.204199075698852539e-01
8.290013670921325684e-01
5.972194075584411621e-01
6.638326048851013184e-01
8.709555864334106445e-01
5.076789855957031250e-01
9.595618247985839844e-01
1.018547415733337402e+00
6.556172370910644531e-01
6.182653903961181641e-01
1.552762389183044434e+00
9.539762735366821289e-01
9.272459745407104492e-01
4.529403150081634521e-01
7.253358364105224609e-01
7.147489786148071289e-01
5.113438367843627930e-01
1.293562531471252441e+00
1.221033573150634766e+00
7.209897041320800781e-01
5.041276812553405762e-01
6.663413643836975098e-01
8.663401007652282715e-01
6.452194452285766602e-01
5.213606357574462891e-01
1.340722441673278809e+00
5.687938928604125977e-01
1.508077144622802734e+00
1.209502458572387695e+00
4.655628204345703125e-01
4.943659305572509766e-01
7.636668682098388672e-01
7.266114950180053711e-01
6.546916961669921875e-01
7.867099046707153320e-01
4.177498817443847656e-01
9.016525745391845703e-01
7.324405312538146973e-01
5.828454494476318359e-01
7.712867856025695801e-01
4.753637909889221191e-01
6.113520860671997070e-01
7.587651014328002930e-01
7.992712855339050293e-01
9.188153743743896484e-01
1.076768398284912109e+00
5.203506946563720703e-01
3.923326134681701660e-01
1.079378604888916016e+00
3.716320991516113281e-01
5.824468135833740234e-01
9.648004770278930664e-01
5.420347452163696289e-01
7.240710258483886719e-01
6.393805742263793945e-01
1.205328702926635742e+00
5.074730515480041504e-01
1.184316635131835938e+00
5.082533955574035645e-01
4.347708225250244141e-01
1.107044100761413574e+00
1.937679052352905273e+00
4.455564022064208984e-01
8.274035453796386719e-01
1.242273807525634766e+00
7.733701467514038086e-01
8.462895750999450684e-01
2.206889152526855469e+00
8.979685306549072266e-01
1.396709918975830078e+00
6.763931512832641602e-01
7.480098009109497070e-01
8.029779195785522461e-01
6.032918691635131836e-01
1.135679483413696289e+00
1.259486436843872070e+00
1.213964700698852539e+00
8.020772337913513184e-01
6.773545742034912109e-01
7.483313679695129395e-01
1.676946163177490234e+00
8.826995491981506348e-01
1.110838174819946289e+00
5.328829884529113770e-01
1.294882059097290039e+00
1.796511411666870117e+00
7.497386336326599121e-01
9.728120565414428711e-01
4.551663994789123535e-01
1.771675586700439453e+00
6.965689063072204590e-01
7.538466453552246094e-01
9.436103105545043945e-01
2.380315542221069336e+00
5.947842597961425781e-01
1.108293056488037109e+00
8.427008986473083496e-01
5.161637067794799805e-01
7.858392596244812012e-01
1.607316017150878906e+00
5.652618408203125000e-01
7.095817327499389648e-01
8.059743642807006836e-01
5.923708677291870117e-01
8.879450559616088867e-01
5.170969367027282715e-01
7.486357092857360840e-01
5.271219015121459961e-01
4.618679881095886230e-01
1.026198267936706543e+00
4.849068224430084229e-01
7.457785606384277344e-01
7.197144031524658203e-01
6.985694169998168945e-01
1.113859653472900391e+00
3.531104922294616699e-01
8.202793002128601074e-01
5.207294821739196777e-01
3.864313364028930664e-01
7.693183422088623047e-01
1.158902525901794434e+00
6.772375702857971191e-01
8.595167994499206543e-01
7.911313772201538086e-01
8.578593134880065918e-01
9.242867231369018555e-01
7.542564272880554199e-01
8.602499961853027344e-01
4.310897886753082275e-01
9.087186455726623535e-01
7.177125215530395508e-01
8.985053300857543945e-01
1.058144807815551758e+00
7.936630249023437500e-01
4.885312914848327637e-01
5.582897067070007324e-01
7.952226996421813965e-01
1.015792131423950195e+00
5.540136098861694336e-01
9.082714319229125977e-01
4.471285045146942139e-01
9.133828878402709961e-01
5.452176928520202637e-01
8.481755256652832031e-01
7.281677722930908203e-01
3.992608785629272461e-01
3.924382627010345459e-01
1.017125606536865234e+00
9.068996906280517578e-01
4.524812400341033936e-01
6.063278913497924805e-01
1.580645561218261719e+00
1.261021852493286133e+00
7.850406169891357422e-01
8.990033864974975586e-01
6.648206710815429688e-01
9.760047197341918945e-01
7.535841464996337891e-01
8.445230722427368164e-01
7.177948951721191406e-01
7.793328762054443359e-01
7.065544724464416504e-01
1.809391260147094727e+00
4.617780745029449463e-01
8.305113315582275391e-01
9.953989982604980469e-01
4.973277747631072998e-01
5.840244293212890625e-01
8.320110440254211426e-01
9.987580776214599609e-01
7.002360820770263672e-01
7.374039888381958008e-01
4.439583122730255127e-01
7.050969600677490234e-01
8.424633741378784180e-01
4.185614585876464844e-01
6.745366454124450684e-01
8.154287338256835938e-01
6.731746196746826172e-01
3.976560831069946289e-01
9.218111634254455566e-01
7.103930711746215820e-01
1.347688198089599609e+00
1.232106208801269531e+00
8.305039405822753906e-01
5.049853324890136719e-01
9.209266901016235352e-01
5.962051153182983398e-01
1.285585880279541016e+00
8.347036838531494141e-01
9.807247519493103027e-01
7.763649821281433105e-01
9.113131165504455566e-01
4.086834490299224854e-01
7.191298007965087891e-01
1.945227265357971191e+00
4.755657911300659180e-01
1.081246137619018555e+00
4.891689419746398926e-01
6.016436815261840820e-01
1.356894135475158691e+00
1.581631422042846680e+00
6.858125329017639160e-01
6.676558256149291992e-01
7.607444524765014648e-01
9.905924797058105469e-01
2.281720638275146484e+00
8.134437799453735352e-01
7.910106182098388672e-01
1.499137401580810547e+00
5.116935968399047852e-01
9.266946315765380859e-01
1.082398056983947754e+00
4.630175530910491943e-01
6.498517990112304688e-01
7.977764606475830078e-01
6.314604282379150391e-01
2.198843955993652344e+00
8.764708042144775391e-01
8.387877941131591797e-01
8.462054133415222168e-01
8.538371324539184570e-01
8.505480289459228516e-01
4.401960074901580811e-01
4.327141046524047852e-01
4.672583043575286865e-01
6.757830381393432617e-01
1.082962036132812500e+00
4.573392868041992188e-01
7.206519842147827148e-01
9.290202260017395020e-01
8.070132732391357422e-01
6.527073383331298828e-01
4.944092929363250732e-01
8.430420160293579102e-01
7.855314016342163086e-01
5.570882558822631836e-01
5.841395854949951172e-01
3.623387217521667480e-01
9.951938390731811523e-01
1.043905258178710938e+00
9.787324666976928711e-01
9.404086470603942871e-01
1.050143718719482422e+00
9.204640388488769531e-01
1.614986896514892578e+00
7.465568780899047852e-01
9.042575359344482422e-01
9.707369208335876465e-01
7.264209389686584473e-01
6.576968431472778320e-01
8.403638601303100586e-01
4.568824172019958496e-01
4.142753481864929199e-01
5.106725692749023438e-01
1.300230503082275391e+00
5.094518661499023438e-01
7.561298608779907227e-01
8.102681040763854980e-01
9.021108150482177734e-01
8.275563716888427734e-01
2.015800952911376953e+00
1.645759105682373047e+00
9.574382305145263672e-01
1.384913086891174316e+00
4.709832072257995605e-01
9.757081270217895508e-01
1.057848334312438965e+00
1.761837840080261230e+00
9.645513892173767090e-01
8.745025992393493652e-01
7.320568561553955078e-01
7.882128953933715820e-01
1.204749107360839844e+00
7.236070632934570312e-01
1.118527531623840332e+00
1.025531530380249023e+00
9.078624248504638672e-01
1.603552579879760742e+00
5.513182878494262695e-01
8.431663513183593750e-01
4.575344324111938477e-01
4.465198516845703125e-01
1.070737481117248535e+00
1.155590057373046875e+00
4.282141923904418945e-01
7.004554867744445801e-01
8.069782257080078125e-01
1.472772359848022461e+00
1.125124573707580566e+00
6.234516501426696777e-01
4.784086346626281738e-01
9.725884199142456055e-01
1.770254969596862793e+00
2.170187473297119141e+00
5.241532325744628906e-01
1.573021411895751953e+00
8.318356275558471680e-01
9.908210039138793945e-01
1.222581624984741211e+00
6.648557782173156738e-01
7.838008999824523926e-01
5.727725028991699219e-01
7.784593105316162109e-01
5.208368301391601562e-01
5.143081545829772949e-01
6.156160831451416016e-01
1.215056777000427246e+00
8.517642617225646973e-01
9.109007120132446289e-01
6.880149841308593750e-01
8.848630189895629883e-01
9.485105276107788086e-01
8.614913225173950195e-01
1.908417940139770508e+00
1.268390655517578125e+00
9.235436320304870605e-01
1.743375301361083984e+00
6.192916035652160645e-01
3.908724486827850342e-01
7.195001840591430664e-01
7.361407279968261719e-01
1.168100118637084961e+00
7.529825568199157715e-01
4.524235725402832031e-01
4.780090749263763428e-01
6.696543693542480469e-01
8.309803605079650879e-01
1.022521734237670898e+00
4.755625128746032715e-01
4.934636056423187256e-01
1.008506536483764648e+00
4.967351555824279785e-01
1.202652096748352051e+00
6.891785860061645508e-01
4.787764549255371094e-01
1.783417344093322754e+00
1.458620786666870117e+00
1.001587033271789551e+00
7.244644165039062500e-01
3.868601918220520020e-01
8.715512752532958984e-01
7.468907833099365234e-01
4.545949995517730713e-01
9.270364642143249512e-01
8.222589492797851562e-01
7.831263542175292969e-01
4.252878725528717041e-01
2.141615867614746094e+00
4.771873950958251953e-01
5.122147798538208008e-01
1.014100909233093262e+00
1.159325003623962402e+00
7.676674127578735352e-01
8.369832634925842285e-01
3.571404516696929932e-01
1.497041702270507812e+00
5.568057298660278320e-01
3.704573214054107666e-01
1.005254745483398438e+00
7.307146787643432617e-01
1.149933934211730957e+00
5.717514753341674805e-01
1.053407669067382812e+00
4.423371851444244385e-01
9.948945045471191406e-01
7.475895881652832031e-01
1.036013007164001465e+00
4.992828369140625000e-01
7.402151823043823242e-01
9.298423528671264648e-01
1.467060208320617676e+00
9.465184211730957031e-01
6.909319758415222168e-01
4.872156679630279541e-01
1.731943845748901367e+00
1.104996442794799805e+00
7.299031019210815430e-01
7.439139485359191895e-01
5.860127210617065430e-01
7.946146726608276367e-01
1.023761272430419922e+00
4.997382164001464844e-01
6.431571245193481445e-01
3.969018161296844482e-01
8.576781749725341797e-01
1.352971315383911133e+00
9.484391808509826660e-01
9.458900690078735352e-01
8.537014126777648926e-01
5.421358942985534668e-01
4.718494415283203125e-01
5.973769426345825195e-01
4.910526275634765625e-01
7.467349767684936523e-01
6.509037613868713379e-01
4.854241907596588135e-01
7.137522101402282715e-01
9.078481197357177734e-01
1.972137570381164551e+00
1.098092436790466309e+00
4.253928363323211670e-01
6.040514707565307617e-01
7.991937398910522461e-01
9.082652926445007324e-01
7.092213630676269531e-01
8.338378667831420898e-01
1.063861370086669922e+00
9.698516130447387695e-01
9.050868749618530273e-01
8.281053304672241211e-01
5.193446874618530273e-01
8.931447863578796387e-01
4.847907721996307373e-01
6.646072864532470703e-01
6.251986026763916016e-01
8.082122802734375000e-01
1.003018021583557129e+00
6.867040395736694336e-01
6.867543458938598633e-01
1.544609546661376953e+00
1.211566209793090820e+00
8.871282339096069336e-01
4.181981086730957031e-01
1.017849445343017578e+00
1.012652397155761719e+00
6.900724172592163086e-01
1.290249109268188477e+00
6.345499753952026367e-01
8.836362361907958984e-01
9.998593926429748535e-01
9.008359909057617188e-01
1.200645923614501953e+00
6.432745456695556641e-01
4.632839560508728027e-01
1.083739519119262695e+00
2.481372117996215820e+00
7.633127570152282715e-01
1.796990394592285156e+00
6.296701431274414062e-01
5.696935653686523438e-01
9.331420660018920898e-01
1.170594930648803711e+00
4.760974645614624023e-01
5.428484678268432617e-01
8.964184522628784180e-01
8.674107789993286133e-01
7.696334123611450195e-01
1.982727646827697754e+00
9.441882371902465820e-01
6.709428429603576660e-01
2.060507535934448242e+00
6.698917150497436523e-01
9.726773500442504883e-01
7.460648417472839355e-01
9.398199915885925293e-01
4.697211384773254395e-01
6.928393840789794922e-01
4.524073898792266846e-01
7.017728090286254883e-01
9.527717828750610352e-01
1.150591969490051270e+00
2.091235399246215820e+00
7.216233015060424805e-01
7.161662578582763672e-01
8.490676283836364746e-01
6.027600765228271484e-01
7.193782329559326172e-01
8.831774592399597168e-01
1.899387001991271973e+00
2.064730882644653320e+00
1.612227678298950195e+00
8.421085476875305176e-01
7.481546401977539062e-01
9.035552740097045898e-01
6.242197751998901367e-01
6.493993401527404785e-01
8.329321742057800293e-01
5.002390146255493164e-01
1.667733073234558105e+00
5.695412755012512207e-01
9.873427152633666992e-01
1.645027041435241699e+00
7.499080300331115723e-01
1.206476688385009766e+00
5.191707611083984375e-01
5.283810496330261230e-01
1.410640954971313477e+00
4.290572106838226318e-01
6.777573823928833008e-01
7.119318246841430664e-01
4.988282620906829834e-01
3.835119605064392090e-01
4.238507151603698730e-01
7.028344869613647461e-01
1.093221783638000488e+00
3.812347352504730225e-01
7.687042951583862305e-01
8.572542667388916016e-01
8.762589693069458008e-01
9.205792546272277832e-01
9.850159883499145508e-01
7.992269396781921387e-01
4.916223585605621338e-01
3.233887553215026855e-01
1.116648674011230469e+00
4.174432754516601562e-01
7.021616697311401367e-01
1.164791464805603027e+00
9.058195352554321289e-01
7.661540508270263672e-01
2.046099662780761719e+00
7.858185768127441406e-01
5.068442225456237793e-01
1.270472407341003418e+00
5.409929752349853516e-01
4.410451352596282959e-01
5.462983846664428711e-01
4.904494583606719971e-01
1.064310431480407715e+00
7.225900292396545410e-01
8.419241309165954590e-01
6.893457174301147461e-01
6.920893192291259766e-01
7.219499945640563965e-01
6.397672891616821289e-01
7.599294185638427734e-01
7.669044137001037598e-01
8.670704364776611328e-01
6.624712944030761719e-01
9.898967742919921875e-01
9.132429361343383789e-01
1.043034315109252930e+00
4.164565205574035645e-01
7.657597064971923828e-01
7.785803079605102539e-01
5.056281685829162598e-01
8.623076677322387695e-01
5.361241698265075684e-01
9.019862413406372070e-01
9.191125035285949707e-01
5.549867749214172363e-01
1.968265771865844727e+00
8.895213603973388672e-01
1.092842340469360352e+00
5.055188536643981934e-01
5.727087259292602539e-01
8.232563734054565430e-01
5.610813498497009277e-01
5.190165638923645020e-01
7.310674786567687988e-01
6.933081150054931641e-01
4.629366993904113770e-01
6.129688024520874023e-01
4.832241535186767578e-01
7.325705885887145996e-01
7.238770723342895508e-01
3.782873749732971191e-01
9.692474603652954102e-01
1.525938630104064941e+00
8.753131628036499023e-01
5.423873662948608398e-01
5.166076421737670898e-01
5.033054351806640625e-01
6.795194149017333984e-01
6.698107719421386719e-01
1.925326704978942871e+00
9.423458576202392578e-01
5.615465044975280762e-01
3.131183981895446777e-01
6.151877641677856445e-01
1.365836739540100098e+00
9.438811540603637695e-01
8.277637958526611328e-01
7.830582857131958008e-01
4.904922842979431152e-01
9.433377981185913086e-01
8.938701748847961426e-01
9.005432128906250000e-01
7.998969554901123047e-01
8.562485575675964355e-01
6.107990741729736328e-01
1.128422617912292480e+00
1.238613128662109375e+00
9.853045940399169922e-01
4.470211863517761230e-01
6.949565410614013672e-01
5.555146336555480957e-01
6.957914829254150391e-01
6.166692972183227539e-01
8.560096621513366699e-01
3.931854963302612305e-01
1.087905883789062500e+00
2.164085626602172852e+00
7.092106342315673828e-01
1.071319937705993652e+00
4.663432240486145020e-01
9.369704127311706543e-01
8.382927179336547852e-01
5.810087919235229492e-01
8.571499586105346680e-01
7.368727922439575195e-01
7.812969088554382324e-01
5.420743823051452637e-01
9.897547960281372070e-01
6.462072730064392090e-01
3.827824890613555908e-01
7.210811376571655273e-01
9.381207227706909180e-01
4.418952465057373047e-01
5.469612479209899902e-01
5.628631711006164551e-01
4.664666056632995605e-01
8.889842033386230469e-01
7.511854767799377441e-01
1.033747792243957520e+00
3.623484373092651367e-01
4.509263038635253906e-01
1.107043266296386719e+00
8.540091514587402344e-01
8.802021145820617676e-01
7.892730832099914551e-01
6.514453887939453125e-01
7.416144609451293945e-01
8.137329816818237305e-01
1.156562805175781250e+00
6.160117387771606445e-01
2.511272430419921875e+00
5.829192399978637695e-01
6.971839070320129395e-01
1.233131766319274902e+00
7.352787256240844727e-01
1.525060653686523438e+00
4.175974130630493164e-01
9.276241064071655273e-01
6.524558067321777344e-01
6.220685243606567383e-01
4.514060020446777344e-01
8.791799545288085938e-01
7.722792625427246094e-01
7.713636159896850586e-01
2.161370754241943359e+00
6.996713280677795410e-01
7.935076355934143066e-01
4.800249338150024414e-01
9.148102998733520508e-01
5.434095859527587891e-01
7.663036584854125977e-01
4.564900994300842285e-01
4.292159378528594971e-01
4.381357729434967041e-01
7.906568050384521484e-01
6.985421776771545410e-01
4.570112824440002441e-01
1.036845922470092773e+00
1.015403389930725098e+00
6.457316875457763672e-01
6.280562877655029297e-01
1.094546556472778320e+00
1.060110330581665039e+00
9.073432683944702148e-01
6.964370012283325195e-01
5.224438905715942383e-01
1.145732522010803223e+00
5.802827477455139160e-01
5.675363540649414062e-01
7.167641520500183105e-01
7.888447046279907227e-01
1.765094995498657227e+00
8.375087976455688477e-01
1.306943416595458984e+00
5.124140977859497070e-01
7.103873491287231445e-01
1.153550982475280762e+00
8.833450078964233398e-01
7.496734261512756348e-01
7.635812163352966309e-01
4.682553112506866455e-01
7.633606791496276855e-01
7.797312736511230469e-01
9.367994666099548340e-01
4.980536699295043945e-01
8.971179723739624023e-01
6.186723709106445312e-01
3.632791042327880859e-01
1.150682449340820312e+00
8.861820697784423828e-01
3.554030656814575195e-01
7.777777910232543945e-01
7.873432636260986328e-01
4.572482705116271973e-01
1.114457488059997559e+00
2.016249418258666992e+00
8.228339552879333496e-01
7.053778171539306641e-01
1.463857173919677734e+00
7.475289106369018555e-01
9.333882331848144531e-01
8.745326399803161621e-01
1.010318756103515625e+00
4.609097242355346680e-01
3.943551778793334961e-01
7.339431047439575195e-01
5.195560455322265625e-01
4.353710412979125977e-01
6.833181977272033691e-01
8.144406080245971680e-01
4.499279260635375977e-01
6.570952534675598145e-01
4.789939820766448975e-01
2.020572662353515625e+00
8.293734788894653320e-01
5.479710698127746582e-01
5.819882154464721680e-01
5.816991925239562988e-01
6.165959835052490234e-01
1.036689877510070801e+00
5.709757804870605469e-01
2.003740549087524414e+00
5.288579463958740234e-01
8.695864677429199219e-01
6.836020946502685547e-01
7.121309638023376465e-01
5.081598758697509766e-01
8.613524436950683594e-01
6.536275148391723633e-01
1.001462936401367188e+00
4.391349256038665771e-01
1.505340099334716797e+00
4.964008331298828125e-01
8.555072546005249023e-01
1.165995955467224121e+00
5.816217660903930664e-01
4.486333131790161133e-01
1.370974183082580566e+00
9.032583832740783691e-01
8.163118362426757812e-01
4.648358821868896484e-01
9.335609674453735352e-01
8.341491222381591797e-01
7.593238353729248047e-01
7.880808711051940918e-01
4.898633956909179688e-01
6.937353014945983887e-01
5.578840970993041992e-01
5.589439272880554199e-01
7.132372856140136719e-01
1.576344251632690430e+00
9.599581956863403320e-01
8.003885746002197266e-01
8.279630541801452637e-01
8.869128823280334473e-01
6.745380759239196777e-01
4.983963370323181152e-01
3.901343941688537598e-01
1.021667718887329102e+00
8.373372554779052734e-01
1.076983690261840820e+00
1.252369165420532227e+00
5.393508672714233398e-01
1.494487047195434570e+00
4.439126551151275635e-01
9.303919672966003418e-01
4.687000513076782227e-01
1.296742439270019531e+00
4.475768804550170898e-01
5.796524286270141602e-01
6.149142384529113770e-01
1.896200060844421387e+00
8.968793749809265137e-01
1.652189016342163086e+00
9.222111105918884277e-01
4.456534981727600098e-01
1.728332877159118652e+00
7.163974642753601074e-01
4.720286726951599121e-01
9.060987830162048340e-01
1.116320610046386719e+00
8.879625797271728516e-01
6.389021873474121094e-01
5.345375537872314453e-01
9.908947944641113281e-01
4.978717863559722900e-01
4.265119433403015137e-01
1.201718807220458984e+00
8.319568634033203125e-01
5.062338113784790039e-01
1.190687298774719238e+00
3.772222995758056641e-01
9.853771924972534180e-01
7.245194911956787109e-01
9.410164356231689453e-01
9.327328205108642578e-01
5.714001059532165527e-01
1.318255901336669922e+00
5.842791795730590820e-01
4.203556776046752930e-01
7.079266309738159180e-01
3.749039471149444580e-01
1.666019916534423828e+00
3.686885237693786621e-01
1.189620971679687500e+00
7.479265928268432617e-01
2.075525045394897461e+00
4.590266346931457520e-01
1.658956646919250488e+00
9.220924377441406250e-01
7.437001466751098633e-01
7.209911346435546875e-01
5.543430447578430176e-01
1.365427732467651367e+00
4.984973073005676270e-01
6.700815558433532715e-01
5.171260833740234375e-01
9.084961414337158203e-01
8.416898250579833984e-01
4.017415940761566162e-01
4.374486207962036133e-01
6.435515880584716797e-01
9.422812461853027344e-01
6.358431577682495117e-01
1.077856063842773438e+00
1.157997608184814453e+00
7.976609468460083008e-01
2.156636238098144531e+00
6.972248554229736328e-01
4.965305924415588379e-01
5.787012577056884766e-01
9.334018230438232422e-01
9.341981410980224609e-01
2.153593540191650391e+00
9.429183602333068848e-01
5.076151490211486816e-01
9.521286487579345703e-01
7.310178875923156738e-01
5.956112146377563477e-01
7.722758054733276367e-01
1.105674505233764648e+00
6.866494417190551758e-01
7.866564989089965820e-01
6.607017517089843750e-01
4.839705228805541992e-01
