1.919253617525100708e-01
1.394980102777481079e-01
1.406399607658386230e-01
9.586185216903686523e-02
1.201930716633796692e-01
1.392345875501632690e-01
1.384900808334350586e-01
1.554056555032730103e-01
1.414715796709060669e-01
1.282699257135391235e-01
1.892599612474441528e-01
1.608327776193618774e-01
1.304709613323211670e-01
1.271087527275085449e-01
1.204446777701377869e-01
1.516605168581008911e-01
1.765605062246322632e-01
1.542414873838424683e-01
1.264261752367019653e-01
1.321136802434921265e-01
1.464278250932693481e-01
1.708851456642150879e-01
8.415517956018447876e-02
1.657962650060653687e-01
2.890155613422393799e-01
1.854765266180038452e-01
1.699098497629165649e-01
1.272959113121032715e-01
1.636009067296981812e-01
1.395552158355712891e-01
1.483674049377441406e-01
1.517833024263381958e-01
1.250002831220626831e-01
1.171154007315635681e-01
1.745576858520507812e-01
1.396082192659378052e-01
1.077268496155738831e-01
1.461478024721145630e-01
1.397021561861038208e-01
1.178128346800804138e-01
1.404008418321609497e-01
1.391904354095458984e-01
1.268564015626907349e-01
1.958014369010925293e-01
1.479661166667938232e-01
1.464215964078903198e-01
1.845487356185913086e-01
1.269105970859527588e-01
1.201048269867897034e-01
1.524362862110137939e-01
2.373220175504684448e-01
1.598975360393524170e-01
9.791509062051773071e-02
1.637141257524490356e-01
1.196246668696403503e-01
1.497209817171096802e-01
1.759559661149978638e-01
1.008299961686134338e-01
1.325949132442474365e-01
1.153895854949951172e-01
1.564647406339645386e-01
1.362109333276748657e-01
1.647118031978607178e-01
1.446941643953323364e-01
1.333733499050140381e-01
1.594858914613723755e-01
1.647274047136306763e-01
1.068301796913146973e-01
1.250362694263458252e-01
1.402368694543838501e-01
2.348937243223190308e-01
9.349880367517471313e-02
1.227667853236198425e-01
1.260278373956680298e-01
1.669738441705703735e-01
1.131938174366950989e-01
1.641663908958435059e-01
1.598711907863616943e-01
1.350924372673034668e-01
1.262613832950592041e-01
1.160126924514770508e-01
1.782662272453308105e-01
1.325178295373916626e-01
9.051203727722167969e-02
2.049307078123092651e-01
9.897150844335556030e-02
1.259191781282424927e-01
1.295290440320968628e-01
1.253138333559036255e-01
1.350924819707870483e-01
1.740418225526809692e-01
1.263760179281234741e-01
1.186041235923767090e-01
1.234852448105812073e-01
1.211520060896873474e-01
1.385378688573837280e-01
1.206351146101951599e-01
1.290341019630432129e-01
1.037950739264488220e-01
1.223056018352508545e-01
9.967670589685440063e-02
1.647577881813049316e-01
1.095425784587860107e-01
1.741032004356384277e-01
1.262410134077072144e-01
1.616260111331939697e-01
2.020686119794845581e-01
8.725455403327941895e-02
1.649836599826812744e-01
1.309631913900375366e-01
2.088838666677474976e-01
1.346366256475448608e-01
1.077890396118164062e-01
1.209636926651000977e-01
1.908876299858093262e-01
1.900089234113693237e-01
1.339552104473114014e-01
9.765225648880004883e-02
1.274365931749343872e-01
1.099061071872711182e-01
1.464215517044067383e-01
1.376735419034957886e-01
1.488070935010910034e-01
2.163313478231430054e-01
1.158408895134925842e-01
1.309958845376968384e-01
1.568589657545089722e-01
1.674104928970336914e-01
1.475622802972793579e-01
1.318016946315765381e-01
1.374657303094863892e-01
3.623103201389312744e-01
1.277230232954025269e-01
1.542269587516784668e-01
2.128313034772872925e-01
1.072363629937171936e-01
1.602461487054824829e-01
1.498901993036270142e-01
1.208215132355690002e-01
1.001663133502006531e-01
1.597881317138671875e-01
1.500848382711410522e-01
1.901840418577194214e-01
1.278629451990127563e-01
1.409219652414321899e-01
1.586038619279861450e-01
9.780011326074600220e-02
9.703540056943893433e-02
1.182759329676628113e-01
1.325451284646987915e-01
1.353394836187362671e-01
1.330968141555786133e-01
1.203134134411811829e-01
1.503922790288925171e-01
9.727150946855545044e-02
1.218368783593177795e-01
1.246085166931152344e-01
1.359826773405075073e-01
1.570268124341964722e-01
1.032728925347328186e-01
1.050395444035530090e-01
1.173700094223022461e-01
1.300879716873168945e-01
1.744549721479415894e-01
1.538872867822647095e-01
2.163583785295486450e-01
1.303777247667312622e-01
1.238818094134330750e-01
1.056130155920982361e-01
1.829958409070968628e-01
1.823474615812301636e-01
1.673140078783035278e-01
1.848779469728469849e-01
1.302458792924880981e-01
1.354746818542480469e-01
1.245981678366661072e-01
1.051375046372413635e-01
8.639407157897949219e-02
1.443163007497787476e-01
1.276835948228836060e-01
1.571043878793716431e-01
1.086640134453773499e-01
1.420580297708511353e-01
1.204728782176971436e-01
1.353800147771835327e-01
1.463724821805953979e-01
1.190731450915336609e-01
1.441136151552200317e-01
1.265181899070739746e-01
1.523305028676986694e-01
1.319552361965179443e-01
1.643688380718231201e-01
1.323083639144897461e-01
1.639874428510665894e-01
9.525135904550552368e-02
1.389091312885284424e-01
3.068045377731323242e-01
1.962902992963790894e-01
1.533172726631164551e-01
1.226334571838378906e-01
1.289981752634048462e-01
9.799090772867202759e-02
1.461244225502014160e-01
1.398011296987533569e-01
1.077303886413574219e-01
1.135196462273597717e-01
1.290299892425537109e-01
1.577523201704025269e-01
1.612844914197921753e-01
1.624141931533813477e-01
1.235406771302223206e-01
1.360157281160354614e-01
1.755549460649490356e-01
1.090772226452827454e-01
1.382702589035034180e-01
1.245332360267639160e-01
1.530596464872360229e-01
1.441910117864608765e-01
9.755136817693710327e-02
1.110193654894828796e-01
1.504833847284317017e-01
1.003665402531623840e-01
1.647914350032806396e-01
1.911174058914184570e-01
1.360405236482620239e-01
2.029009312391281128e-01
1.519026905298233032e-01
1.333413124084472656e-01
1.632559746503829956e-01
1.475169211626052856e-01
1.370368599891662598e-01
1.114649847149848938e-01
1.591656059026718140e-01
1.663766056299209595e-01
1.121373400092124939e-01
1.433662325143814087e-01
1.302295178174972534e-01
1.161224469542503357e-01
1.559514254331588745e-01
1.186910197138786316e-01
1.840798407793045044e-01
1.721931099891662598e-01
1.430981755256652832e-01
7.924173027276992798e-02
1.170891150832176208e-01
1.407540887594223022e-01
1.625145673751831055e-01
1.686574667692184448e-01
1.423995643854141235e-01
1.474101543426513672e-01
1.231782063841819763e-01
1.722128987312316895e-01
1.461157351732254028e-01
1.439244002103805542e-01
1.324772089719772339e-01
1.764312535524368286e-01
1.439889073371887207e-01
1.232336983084678650e-01
1.343158334493637085e-01
3.240979611873626709e-01
1.351867318153381348e-01
2.003637105226516724e-01
1.002431288361549377e-01
1.666056066751480103e-01
1.261157244443893433e-01
1.707162410020828247e-01
1.356623023748397827e-01
1.748676747083663940e-01
1.369537264108657837e-01
1.287910044193267822e-01
1.315796524286270142e-01
3.585828840732574463e-01
1.331914961338043213e-01
1.631087809801101685e-01
1.308899074792861938e-01
8.956253528594970703e-02
1.542564630508422852e-01
1.486069113016128540e-01
1.279343515634536743e-01
1.606288999319076538e-01
2.048554420471191406e-01
1.876144260168075562e-01
3.280784189701080322e-01
1.179614737629890442e-01
1.465045362710952759e-01
9.857941418886184692e-02
1.383350640535354614e-01
1.562976092100143433e-01
1.657743304967880249e-01
1.133968606591224670e-01
1.048884168267250061e-01
1.441479325294494629e-01
1.017981246113777161e-01
1.765338033437728882e-01
1.992446035146713257e-01
1.270212978124618530e-01
1.634178012609481812e-01
8.593406528234481812e-02
1.334002465009689331e-01
1.409256309270858765e-01
1.372729390859603882e-01
1.075588762760162354e-01
1.586309820413589478e-01
1.534990072250366211e-01
1.292752176523208618e-01
8.602864295244216919e-02
1.087707504630088806e-01
1.252517551183700562e-01
1.371539086103439331e-01
1.701947301626205444e-01
1.329719871282577515e-01
1.663205474615097046e-01
1.482324451208114624e-01
1.375968009233474731e-01
1.485659182071685791e-01
1.349734216928482056e-01
1.265978217124938965e-01
1.370199322700500488e-01
1.099245846271514893e-01
1.447946876287460327e-01
9.804781526327133179e-02
1.429556757211685181e-01
1.144627928733825684e-01
1.701906174421310425e-01
1.233809292316436768e-01
1.207606270909309387e-01
1.363980323076248169e-01
1.216129958629608154e-01
1.446009278297424316e-01
1.488879472017288208e-01
3.774665892124176025e-01
1.296827346086502075e-01
1.040461882948875427e-01
2.260293215513229370e-01
1.661884933710098267e-01
1.148182153701782227e-01
1.074057221412658691e-01
1.646013408899307251e-01
1.170801296830177307e-01
1.294766515493392944e-01
1.166427209973335266e-01
1.210017874836921692e-01
1.459676176309585571e-01
1.009257808327674866e-01
1.689796894788742065e-01
1.298903673887252808e-01
1.325911134481430054e-01
1.532226055860519409e-01
1.116984561085700989e-01
1.917875260114669800e-01
1.597429662942886353e-01
1.126592829823493958e-01
1.122280061244964600e-01
2.101913690567016602e-01
1.374982446432113647e-01
1.915612965822219849e-01
1.135280951857566833e-01
1.257882565259933472e-01
1.127668619155883789e-01
1.541281044483184814e-01
1.130447983741760254e-01
2.273632287979125977e-01
1.965430527925491333e-01
1.388539522886276245e-01
1.805299520492553711e-01
1.544127017259597778e-01
1.190415248274803162e-01
9.366336464881896973e-02
1.667517274618148804e-01
1.968135386705398560e-01
1.172151342034339905e-01
1.748286932706832886e-01
1.765946596860885620e-01
1.269937008619308472e-01
1.057484373450279236e-01
1.839772462844848633e-01
1.275248378515243530e-01
1.383962631225585938e-01
1.262439340353012085e-01
1.420477777719497681e-01
1.355644315481185913e-01
2.262241840362548828e-01
1.018792465329170227e-01
1.103725433349609375e-01
1.218005493283271790e-01
1.651601046323776245e-01
1.152046397328376770e-01
1.047368422150611877e-01
1.300844103097915649e-01
1.423176079988479614e-01
1.289816647768020630e-01
1.836237907409667969e-01
1.698042601346969604e-01
1.337173134088516235e-01
1.385230720043182373e-01
1.587587743997573853e-01
1.932703107595443726e-01
1.431353241205215454e-01
1.550026088953018188e-01
1.278872042894363403e-01
1.201343536376953125e-01
1.243585124611854553e-01
1.449972689151763916e-01
1.074574962258338928e-01
2.293365150690078735e-01
1.610185354948043823e-01
1.792478561401367188e-01
1.310130357742309570e-01
1.145947799086570740e-01
1.954230070114135742e-01
1.723505407571792603e-01
1.177564561367034912e-01
1.879122704267501831e-01
1.457249969244003296e-01
8.590290695428848267e-02
1.567147076129913330e-01
4.140393733978271484e-01
1.443176716566085815e-01
1.723632812500000000e-01
1.513639837503433228e-01
1.482780724763870239e-01
1.838748902082443237e-01
1.239352449774742126e-01
1.172188147902488708e-01
9.620074182748794556e-02
1.935955286026000977e-01
1.538669914007186890e-01
1.228628382086753845e-01
1.343721002340316772e-01
1.406173557043075562e-01
1.597983092069625854e-01
1.122996434569358826e-01
1.404995918273925781e-01
9.889942407608032227e-02
1.193891093134880066e-01
1.393371075391769409e-01
1.802744120359420776e-01
1.157626286149024963e-01
1.388810276985168457e-01
1.498947143554687500e-01
1.215455010533332825e-01
1.496957093477249146e-01
1.262965202331542969e-01
1.413575261831283569e-01
1.548285037279129028e-01
9.982059150934219360e-02
9.510713070631027222e-02
1.672524362802505493e-01
2.035785168409347534e-01
1.241358742117881775e-01
1.755879372358322144e-01
1.532779932022094727e-01
1.898762732744216919e-01
1.057321652770042419e-01
1.839875727891921997e-01
1.723232269287109375e-01
1.438642889261245728e-01
1.263807862997055054e-01
2.133906632661819458e-01
1.611696630716323853e-01
1.288888007402420044e-01
1.371147185564041138e-01
1.338516324758529663e-01
1.405181139707565308e-01
1.646219044923782349e-01
1.414016783237457275e-01
1.521936804056167603e-01
1.953647583723068237e-01
1.603451222181320190e-01
1.257092803716659546e-01
1.529736071825027466e-01
1.746608018875122070e-01
1.432929784059524536e-01
1.334391981363296509e-01
1.209516897797584534e-01
9.788534045219421387e-02
1.517844945192337036e-01
1.131597682833671570e-01
1.388843208551406860e-01
1.688185334205627441e-01
1.156158149242401123e-01
1.405783146619796753e-01
1.577092260122299194e-01
2.839240729808807373e-01
1.346573680639266968e-01
1.307298392057418823e-01
1.380478888750076294e-01
1.504784226417541504e-01
1.490137726068496704e-01
1.708849519491195679e-01
1.236620917916297913e-01
4.250270128250122070e-01
1.720647960901260376e-01
2.467975616455078125e-01
1.419254094362258911e-01
1.570857018232345581e-01
1.651578098535537720e-01
1.202620640397071838e-01
1.141209378838539124e-01
1.449991464614868164e-01
1.514996886253356934e-01
1.148590818047523499e-01
1.269251108169555664e-01
1.479689478874206543e-01
1.934674531221389771e-01
1.447114050388336182e-01
1.512792259454727173e-01
1.195511445403099060e-01
1.589441448450088501e-01
1.100471615791320801e-01
9.908857196569442749e-02
1.473011523485183716e-01
1.224926933646202087e-01
1.091629937291145325e-01
1.399928927421569824e-01
1.028558537364006042e-01
3.711756765842437744e-01
1.579002588987350464e-01
1.263333410024642944e-01
1.059055030345916748e-01
1.225007772445678711e-01
1.623868495225906372e-01
1.455922871828079224e-01
1.089858338236808777e-01
1.335948258638381958e-01
1.777455359697341919e-01
1.092426404356956482e-01
1.738413572311401367e-01
1.850031167268753052e-01
1.415857821702957153e-01
1.041784286499023438e-01
1.240182816982269287e-01
1.270620822906494141e-01
1.207804456353187561e-01
9.504467993974685669e-02
1.233535632491111755e-01
8.351138979196548462e-02
1.134165748953819275e-01
1.211937889456748962e-01
1.354923099279403687e-01
1.698927134275436401e-01
9.353018552064895630e-02
1.572764664888381958e-01
1.358960717916488647e-01
1.091092154383659363e-01
1.510313004255294800e-01
1.367399841547012329e-01
1.437516361474990845e-01
1.991792470216751099e-01
1.647627800703048706e-01
1.374695152044296265e-01
1.555117964744567871e-01
1.367489695549011230e-01
2.018598318099975586e-01
1.916483640670776367e-01
1.798295378684997559e-01
1.060882806777954102e-01
1.383857727050781250e-01
1.405872851610183716e-01
1.157859265804290771e-01
1.279036253690719604e-01
1.458165794610977173e-01
1.486904472112655640e-01
1.677285581827163696e-01
1.740299463272094727e-01
1.363048702478408813e-01
1.577040553092956543e-01
1.926683336496353149e-01
1.270738095045089722e-01
1.096663773059844971e-01
1.416392922401428223e-01
1.139678582549095154e-01
1.063944026827812195e-01
1.102454364299774170e-01
1.541270464658737183e-01
1.443569511175155640e-01
2.166000604629516602e-01
1.357192248106002808e-01
1.529892683029174805e-01
1.298703402280807495e-01
1.928214877843856812e-01
1.074652075767517090e-01
1.237846091389656067e-01
1.095390915870666504e-01
1.568682044744491577e-01
1.316936016082763672e-01
1.594888418912887573e-01
1.201094761490821838e-01
1.296179443597793579e-01
1.094987764954566956e-01
2.074212580919265747e-01
1.686717718839645386e-01
1.248193383216857910e-01
1.503885537385940552e-01
1.725950390100479126e-01
1.313224434852600098e-01
1.647019833326339722e-01
1.095958575606346130e-01
1.837420016527175903e-01
1.486100852489471436e-01
2.389416247606277466e-01
1.707929223775863647e-01
1.267656981945037842e-01
1.513798534870147705e-01
1.605686843395233154e-01
8.983451873064041138e-02
1.236217096447944641e-01
1.279745697975158691e-01
1.588951945304870605e-01
1.270481199026107788e-01
1.487960964441299438e-01
1.383449584245681763e-01
2.194243669509887695e-01
1.161648407578468323e-01
1.441875994205474854e-01
1.335145086050033569e-01
1.291925311088562012e-01
1.329452544450759888e-01
1.348405331373214722e-01
1.138806343078613281e-01
1.420957148075103760e-01
9.442311525344848633e-02
2.535270750522613525e-01
1.979161500930786133e-01
1.397117376327514648e-01
1.736186146736145020e-01
1.439503580331802368e-01
1.344999223947525024e-01
1.344223171472549438e-01
1.290462762117385864e-01
1.165368482470512390e-01
1.336525678634643555e-01
1.352458149194717407e-01
1.167612075805664062e-01
1.064333394169807434e-01
1.105380579829216003e-01
1.835153549909591675e-01
2.495278120040893555e-01
9.243667125701904297e-02
1.043264791369438171e-01
1.376112252473831177e-01
1.280883550643920898e-01
1.300952881574630737e-01
1.617511063814163208e-01
1.730620414018630981e-01
9.070342779159545898e-02
1.409806758165359497e-01
1.396434903144836426e-01
1.755028367042541504e-01
1.253802478313446045e-01
1.329295635223388672e-01
1.491752713918685913e-01
1.616456508636474609e-01
1.674720644950866699e-01
1.634975522756576538e-01
1.842293739318847656e-01
1.180748119950294495e-01
1.611177176237106323e-01
1.287293285131454468e-01
1.083182319998741150e-01
1.337049156427383423e-01
1.727107912302017212e-01
1.364504694938659668e-01
1.597101688385009766e-01
1.171519756317138672e-01
1.077784299850463867e-01
1.601869016885757446e-01
1.221316829323768616e-01
1.460176557302474976e-01
1.901510953903198242e-01
1.951374560594558716e-01
1.758969426155090332e-01
1.139842495322227478e-01
1.687567085027694702e-01
1.225356832146644592e-01
1.352109014987945557e-01
1.174788102507591248e-01
1.727827340364456177e-01
2.048016637563705444e-01
1.445935517549514771e-01
1.613495349884033203e-01
1.976179033517837524e-01
1.282863467931747437e-01
1.698982566595077515e-01
1.212811097502708435e-01
2.065892666578292847e-01
1.339863538742065430e-01
4.484001696109771729e-01
1.495261937379837036e-01
1.950769871473312378e-01
1.349368989467620850e-01
1.167735233902931213e-01
1.670688986778259277e-01
1.141477301716804504e-01
1.845691204071044922e-01
1.462210714817047119e-01
1.257451623678207397e-01
1.332661956548690796e-01
1.754384189844131470e-01
1.240964159369468689e-01
1.253644973039627075e-01
1.191418766975402832e-01
1.325997710227966309e-01
1.065216585993766785e-01
1.103881821036338806e-01
1.069883108139038086e-01
1.543293446302413940e-01
1.041521653532981873e-01
1.020458415150642395e-01
1.310699731111526489e-01
1.075615957379341125e-01
1.590996682643890381e-01
1.070842668414115906e-01
1.360782682895660400e-01
1.426024585962295532e-01
1.354100257158279419e-01
1.358581930398941040e-01
1.930531263351440430e-01
1.639903038740158081e-01
1.316761970520019531e-01
1.275126188993453979e-01
1.059001609683036804e-01
1.071172580122947693e-01
1.148514151573181152e-01
1.095369458198547363e-01
1.551482081413269043e-01
1.979490667581558228e-01
1.344549506902694702e-01
1.256192177534103394e-01
2.065886259078979492e-01
1.103516742587089539e-01
1.494625359773635864e-01
1.172355934977531433e-01
1.493770033121109009e-01
1.207446530461311340e-01
1.361857503652572632e-01
1.674242019653320312e-01
1.578646302223205566e-01
1.362575441598892212e-01
1.243263781070709229e-01
1.644897311925888062e-01
1.203310564160346985e-01
1.651718020439147949e-01
1.215356215834617615e-01
9.419644623994827271e-02
1.412468999624252319e-01
1.136114969849586487e-01
1.335564553737640381e-01
1.285663843154907227e-01
1.343610286712646484e-01
1.822133213281631470e-01
1.218468174338340759e-01
1.035936698317527771e-01
1.338710784912109375e-01
1.411532014608383179e-01
1.305914074182510376e-01
1.474469453096389771e-01
1.712960451841354370e-01
1.701477766036987305e-01
1.540188491344451904e-01
1.917302459478378296e-01
1.449880301952362061e-01
1.545115858316421509e-01
1.713135242462158203e-01
8.903521299362182617e-02
1.476888358592987061e-01
1.313407570123672485e-01
1.493102908134460449e-01
1.386183500289916992e-01
1.226691603660583496e-01
9.968904405832290649e-02
1.595777273178100586e-01
1.375583559274673462e-01
1.347472220659255981e-01
1.310098767280578613e-01
2.008159905672073364e-01
1.217933297157287598e-01
1.708871871232986450e-01
1.762375086545944214e-01
1.144580245018005371e-01
1.311930119991302490e-01
1.099282801151275635e-01
1.201648935675621033e-01
3.890595138072967529e-01
1.399249583482742310e-01
1.427183300256729126e-01
1.364774405956268311e-01
1.241848245263099670e-01
1.324266642332077026e-01
1.672047227621078491e-01
1.416777819395065308e-01
1.822725087404251099e-01
1.064822375774383545e-01
1.805946230888366699e-01
1.549752801656723022e-01
1.392911523580551147e-01
1.167367473244667053e-01
1.452557444572448730e-01
1.349533796310424805e-01
1.224602162837982178e-01
1.040881350636482239e-01
1.663691252470016479e-01
1.492776423692703247e-01
1.843403428792953491e-01
1.321066468954086304e-01
1.365108639001846313e-01
1.627490222454071045e-01
1.982119530439376831e-01
1.821573972702026367e-01
1.000768840312957764e-01
1.447807401418685913e-01
1.040489375591278076e-01
1.720970124006271362e-01
1.340738087892532349e-01
1.315379887819290161e-01
1.174500808119773865e-01
1.581821739673614502e-01
1.279004961252212524e-01
1.118855476379394531e-01
1.283328980207443237e-01
1.527197360992431641e-01
1.466633230447769165e-01
1.293906271457672119e-01
1.562699377536773682e-01
1.502142995595932007e-01
1.784716397523880005e-01
1.336776763200759888e-01
1.165234670042991638e-01
1.379881501197814941e-01
1.443896591663360596e-01
1.095263361930847168e-01
1.539262086153030396e-01
2.067804336547851562e-01
1.264729499816894531e-01
1.643158048391342163e-01
1.563018113374710083e-01
1.528855413198471069e-01
1.916989833116531372e-01
1.257451325654983521e-01
1.111820936203002930e-01
1.140523329377174377e-01
1.202464476227760315e-01
1.685751676559448242e-01
2.109202593564987183e-01
1.025202497839927673e-01
1.071951165795326233e-01
1.437966376543045044e-01
1.476124376058578491e-01
9.284862875938415527e-02
1.749805957078933716e-01
1.680306792259216309e-01
1.497708410024642944e-01
1.651911139488220215e-01
1.398333162069320679e-01
1.674242615699768066e-01
1.209944710135459900e-01
1.126583293080329895e-01
1.382669806480407715e-01
1.286829262971878052e-01
1.753973513841629028e-01
1.303861886262893677e-01
1.397087424993515015e-01
1.256364732980728149e-01
1.335679143667221069e-01
1.367450952529907227e-01
8.059025555849075317e-02
1.226209327578544617e-01
1.764564365148544312e-01
1.367585957050323486e-01
1.550758481025695801e-01
1.072331890463829041e-01
1.613258868455886841e-01
1.605675220489501953e-01
1.462274640798568726e-01
1.650756448507308960e-01
1.799751967191696167e-01
9.164062142372131348e-02
1.874278336763381958e-01
1.775716543197631836e-01
1.631517410278320312e-01
1.105311810970306396e-01
1.674666255712509155e-01
1.286842674016952515e-01
1.626393795013427734e-01
1.157745495438575745e-01
1.348612010478973389e-01
8.732984215021133423e-02
1.676987409591674805e-01
1.132721379399299622e-01
1.398313492536544800e-01
1.447295397520065308e-01
1.957983970642089844e-01
1.533893793821334839e-01
8.967299014329910278e-02
1.495882421731948853e-01
9.228072315454483032e-02
1.351941674947738647e-01
1.222110614180564880e-01
1.628674417734146118e-01
1.707519441843032837e-01
1.355179548263549805e-01
1.179485917091369629e-01
1.634798198938369751e-01
1.491146087646484375e-01
1.046298146247863770e-01
1.603405475616455078e-01
1.525876820087432861e-01
8.888239413499832153e-02
1.578653007745742798e-01
1.534449607133865356e-01
1.391727328300476074e-01
1.555364280939102173e-01
1.570991128683090210e-01
1.742027252912521362e-01
1.289102286100387573e-01
1.317063271999359131e-01
1.284964680671691895e-01
1.226799711585044861e-01
1.064162552356719971e-01
1.427551060914993286e-01
1.157119944691658020e-01
9.035781770944595337e-02
1.392841488122940063e-01
1.066976562142372131e-01
1.672985553741455078e-01
1.326393336057662964e-01
1.181917190551757812e-01
2.770303785800933838e-01
3.274051249027252197e-01
1.324182748794555664e-01
1.241892650723457336e-01
1.529138237237930298e-01
1.417243331670761108e-01
1.387516409158706665e-01
1.013368368148803711e-01
1.098234727978706360e-01
1.748686581850051880e-01
1.369767487049102783e-01
1.291337609291076660e-01
1.549168974161148071e-01
1.518988907337188721e-01
1.192656382918357849e-01
1.159778609871864319e-01
1.014775410294532776e-01
1.521471887826919556e-01
1.268900483846664429e-01
1.561738997697830200e-01
1.408288627862930298e-01
2.529742419719696045e-01
3.073688447475433350e-01
1.633432805538177490e-01
1.120171025395393372e-01
1.208960339426994324e-01
1.837669014930725098e-01
1.408662348985671997e-01
8.621770143508911133e-02
1.381246596574783325e-01
1.650466918945312500e-01
1.325516849756240845e-01
1.332252174615859985e-01
1.323047429323196411e-01
8.472908288240432739e-02
1.561352163553237915e-01
1.674450635910034180e-01
1.614034622907638550e-01
1.666998863220214844e-01
1.115823611617088318e-01
1.231351196765899658e-01
2.005930989980697632e-01
9.561038017272949219e-02
1.237343177199363708e-01
7.853472232818603516e-02
1.571477502584457397e-01
1.565092653036117554e-01
1.253128498792648315e-01
1.096066311001777649e-01
1.349178403615951538e-01
1.216839179396629333e-01
1.145523190498352051e-01
1.707080155611038208e-01
1.775025725364685059e-01
1.359272748231887817e-01
9.406586736440658569e-02
1.216828525066375732e-01
1.894161552190780640e-01
1.242494359612464905e-01
1.527308374643325806e-01
1.406751126050949097e-01
1.877604573965072632e-01
1.905211806297302246e-01
8.328546583652496338e-02
1.273814290761947632e-01
1.577241420745849609e-01
1.220972910523414612e-01
3.174314498901367188e-01
1.399353295564651489e-01
1.186201348900794983e-01
1.719377785921096802e-01
1.556986123323440552e-01
1.038658842444419861e-01
9.470529109239578247e-02
1.319187581539154053e-01
1.455475538969039917e-01
1.332951635122299194e-01
1.511265039443969727e-01
1.489448249340057373e-01
1.342329829931259155e-01
1.277517974376678467e-01
1.254556775093078613e-01
1.521850228309631348e-01
1.798158138990402222e-01
1.545353084802627563e-01
1.713097542524337769e-01
1.488029956817626953e-01
1.861045807600021362e-01
1.270114630460739136e-01
2.534725368022918701e-01
1.196544542908668518e-01
1.207216754555702209e-01
1.164618358016014099e-01
1.554342955350875854e-01
1.515790969133377075e-01
1.302724480628967285e-01
1.388726234436035156e-01
1.291699558496475220e-01
1.330538541078567505e-01
1.264551877975463867e-01
1.534700691699981689e-01
1.423612684011459351e-01
9.454844146966934204e-02
1.206480264663696289e-01
1.219636872410774231e-01
1.823606938123703003e-01
1.409131437540054321e-01
1.555848568677902222e-01
1.087212190032005310e-01
1.307868808507919312e-01
1.878743916749954224e-01
9.220670908689498901e-02
9.979871660470962524e-02
1.290743350982666016e-01
1.157105863094329834e-01
1.503402441740036011e-01
1.769055724143981934e-01
1.723519116640090942e-01
1.358637362718582153e-01
1.290537714958190918e-01
1.042917743325233459e-01
1.978207677602767944e-01
1.462212651968002319e-01
1.558803319931030273e-01
1.440791040658950806e-01
8.743733912706375122e-02
1.280625313520431519e-01
1.578428894281387329e-01
1.015921235084533691e-01
1.543987989425659180e-01
1.744517236948013306e-01
1.247266530990600586e-01
1.474123448133468628e-01
9.991273283958435059e-02
1.638627201318740845e-01
1.350384205579757690e-01
2.178335636854171753e-01
1.721874326467514038e-01
1.338400393724441528e-01
1.452863961458206177e-01
1.191386580467224121e-01
1.170845329761505127e-01
1.733924299478530884e-01
4.006974399089813232e-01
1.938994675874710083e-01
1.194295287132263184e-01
1.274010241031646729e-01
1.376813352108001709e-01
1.394105404615402222e-01
1.384379267692565918e-01
1.434949338436126709e-01
1.553974598646163940e-01
1.206915974617004395e-01
1.467729508876800537e-01
1.768326014280319214e-01
1.402432620525360107e-01
1.195211783051490784e-01
1.425025910139083862e-01
1.376150995492935181e-01
1.257673650979995728e-01
1.287056952714920044e-01
1.427766829729080200e-01
1.648064404726028442e-01
1.868741512298583984e-01
1.033444479107856750e-01
1.525500565767288208e-01
1.475444287061691284e-01
1.791173964738845825e-01
1.459040641784667969e-01
1.374693512916564941e-01
2.901069521903991699e-01
2.107657194137573242e-01
1.262416988611221313e-01
9.798747301101684570e-02
9.351649135351181030e-02
1.273756176233291626e-01
1.638389676809310913e-01
1.463783085346221924e-01
1.700277179479598999e-01
1.387997269630432129e-01
1.061185076832771301e-01
1.928629875183105469e-01
1.254624575376510620e-01
1.445557475090026855e-01
9.199122339487075806e-02
1.609936505556106567e-01
8.838665485382080078e-02
1.488714218139648438e-01
1.587597131729125977e-01
1.468964666128158569e-01
1.559284776449203491e-01
1.451584547758102417e-01
1.538791209459304810e-01
1.036848202347755432e-01
2.353150397539138794e-01
2.415617257356643677e-01
1.770036965608596802e-01
1.020926833152770996e-01
1.113337799906730652e-01
2.311739176511764526e-01
1.144583597779273987e-01
1.695697456598281860e-01
2.446767091751098633e-01
1.417669802904129028e-01
1.452746987342834473e-01
1.016074493527412415e-01
1.553066372871398926e-01
1.262737363576889038e-01
1.653349101543426514e-01
8.478555828332901001e-02
1.402422338724136353e-01
1.321014612913131714e-01
1.417669802904129028e-01
1.954678744077682495e-01
1.159325242042541504e-01
2.506491243839263916e-01
1.711090803146362305e-01
8.794338256120681763e-02
1.208344474434852600e-01
1.001286730170249939e-01
1.453758925199508667e-01
8.430367708206176758e-02
1.279755383729934692e-01
1.605479717254638672e-01
1.236932650208473206e-01
1.266498118638992310e-01
9.235341101884841919e-02
1.449226588010787964e-01
1.208289861679077148e-01
1.109197735786437988e-01
1.543175280094146729e-01
1.313645690679550171e-01
1.310885399580001831e-01
1.269064098596572876e-01
1.365195214748382568e-01
1.580478847026824951e-01
1.503798514604568481e-01
1.767749339342117310e-01
1.228980720043182373e-01
1.623115837574005127e-01
1.117478907108306885e-01
1.332826316356658936e-01
1.431738883256912231e-01
1.499434560537338257e-01
1.862818449735641479e-01
1.292393058538436890e-01
1.486845612525939941e-01
1.244588494300842285e-01
1.338845342397689819e-01
1.480533182621002197e-01
1.497635245323181152e-01
9.639507532119750977e-02
1.130642667412757874e-01
1.165173351764678955e-01
9.410738945007324219e-02
1.417509168386459351e-01
1.327066868543624878e-01
1.374922841787338257e-01
2.111634612083435059e-01
1.428378969430923462e-01
1.298507452011108398e-01
1.589772254228591919e-01
1.512479931116104126e-01
1.015623211860656738e-01
1.083446219563484192e-01
9.006377309560775757e-02
1.391114741563796997e-01
1.650669574737548828e-01
1.643262654542922974e-01
3.572416305541992188e-01
1.338864564895629883e-01
1.415156573057174683e-01
1.181794479489326477e-01
1.462669223546981812e-01
1.595577150583267212e-01
9.460642188787460327e-02
2.333419471979141235e-01
1.469847708940505981e-01
1.454875171184539795e-01
8.919397741556167603e-02
1.731857210397720337e-01
1.844616383314132690e-01
1.933838874101638794e-01
2.069150954484939575e-01
1.223399415612220764e-01
1.569983512163162231e-01
1.358042508363723755e-01
1.328203976154327393e-01
1.259087026119232178e-01
1.257885247468948364e-01
1.350991725921630859e-01
1.522458344697952271e-01
1.139325276017189026e-01
2.220449298620223999e-01
1.291360706090927124e-01
1.480610221624374390e-01
1.607320159673690796e-01
1.561100929975509644e-01
2.149997204542160034e-01
1.700423359870910645e-01
1.606033742427825928e-01
1.766301989555358887e-01
1.234619319438934326e-01
1.382899135351181030e-01
1.183528527617454529e-01
1.104846298694610596e-01
1.274990886449813843e-01
2.566661834716796875e-01
1.283868551254272461e-01
2.344891577959060669e-01
1.431085467338562012e-01
1.177854314446449280e-01
1.573029756546020508e-01
1.656238883733749390e-01
9.475079923868179321e-02
1.555135846138000488e-01
1.307475715875625610e-01
1.439709514379501343e-01
1.445532143115997314e-01
1.251597106456756592e-01
1.827642321586608887e-01
1.658131331205368042e-01
1.689852029085159302e-01
1.425065398216247559e-01
1.881156116724014282e-01
1.694688647985458374e-01
1.312276273965835571e-01
1.540555357933044434e-01
1.124832406640052795e-01
1.787352561950683594e-01
1.565504819154739380e-01
1.564739942550659180e-01
1.273257583379745483e-01
1.848070472478866577e-01
1.515640616416931152e-01
1.556443423032760620e-01
1.599295884370803833e-01
1.852576732635498047e-01
1.209929957985877991e-01
1.436895579099655151e-01
1.434453725814819336e-01
1.533861607313156128e-01
1.666623950004577637e-01
1.123411059379577637e-01
9.504673629999160767e-02
1.125427111983299255e-01
9.689128398895263672e-02
1.399902850389480591e-01
8.263470977544784546e-02
1.266075968742370605e-01
1.428687572479248047e-01
1.223648712038993835e-01
1.378438323736190796e-01
1.636242717504501343e-01
1.478067636489868164e-01
1.203154101967811584e-01
1.199630275368690491e-01
1.569864451885223389e-01
8.899527788162231445e-02
1.621873676776885986e-01
1.333407014608383179e-01
1.528541147708892822e-01
1.785611659288406372e-01
1.944194883108139038e-01
1.733535528182983398e-01
1.916533261537551880e-01
1.527222543954849243e-01
1.272223591804504395e-01
1.077055558562278748e-01
1.148211061954498291e-01
1.491758376359939575e-01
1.084409281611442566e-01
1.025435552000999451e-01
1.283359229564666748e-01
1.250973492860794067e-01
1.098038926720619202e-01
1.416333466768264771e-01
1.395059227943420410e-01
1.338922828435897827e-01
1.301775425672531128e-01
1.736807823181152344e-01
1.232115328311920166e-01
1.554978936910629272e-01
1.746708899736404419e-01
1.922436505556106567e-01
1.743699163198471069e-01
1.445086449384689331e-01
1.146591305732727051e-01
1.016440466046333313e-01
1.178902164101600647e-01
1.576565802097320557e-01
1.395711153745651245e-01
1.709683388471603394e-01
1.209189966320991516e-01
1.091068089008331299e-01
1.297493577003479004e-01
1.623386591672897339e-01
9.632604569196701050e-02
8.483382314443588257e-02
1.090001761913299561e-01
2.188496142625808716e-01
1.029948219656944275e-01
1.198628544807434082e-01
1.323793679475784302e-01
1.337232738733291626e-01
1.883954852819442749e-01
1.388098150491714478e-01
1.578096300363540649e-01
1.208325549960136414e-01
1.145586967468261719e-01
1.526238769292831421e-01
1.519031971693038940e-01
1.207330748438835144e-01
1.657377630472183228e-01
4.577959477901458740e-01
1.293415576219558716e-01
1.474525779485702515e-01
1.604657769203186035e-01
1.439099758863449097e-01
1.708993464708328247e-01
9.072747081518173218e-02
1.367976814508438110e-01
1.469080448150634766e-01
1.451248377561569214e-01
1.623588353395462036e-01
1.451447606086730957e-01
9.356839209794998169e-02
1.641861349344253540e-01
1.123324409127235413e-01
1.296526193618774414e-01
1.418776363134384155e-01
1.424936205148696899e-01
1.190384030342102051e-01
1.395510286092758179e-01
1.581797748804092407e-01
9.658119827508926392e-02
1.120368242263793945e-01
2.970125377178192139e-01
1.217103227972984314e-01
1.514270305633544922e-01
1.467659324407577515e-01
2.032771855592727661e-01
9.865916520357131958e-02
1.314203143119812012e-01
1.374984979629516602e-01
1.200356185436248779e-01
8.486169576644897461e-02
1.670932024717330933e-01
9.563350677490234375e-02
1.479468494653701782e-01
1.709939390420913696e-01
1.245282590389251709e-01
1.462640017271041870e-01
1.131035089492797852e-01
1.365642547607421875e-01
1.639555394649505615e-01
1.311311572790145874e-01
1.057023406028747559e-01
1.374149620532989502e-01
1.208025142550468445e-01
1.388490349054336548e-01
1.197208240628242493e-01
1.338318735361099243e-01
1.491283923387527466e-01
1.307959407567977905e-01
1.573715955018997192e-01
1.372996717691421509e-01
1.474291533231735229e-01
9.915999323129653931e-02
1.644346565008163452e-01
1.113056764006614685e-01
1.534769684076309204e-01
1.345699727535247803e-01
1.233126521110534668e-01
1.152881309390068054e-01
1.326540559530258179e-01
1.887469887733459473e-01
1.031946316361427307e-01
1.364200115203857422e-01
1.454011648893356323e-01
1.628861874341964722e-01
9.481028467416763306e-02
1.583170145750045776e-01
1.504582762718200684e-01
1.481653302907943726e-01
1.523075550794601440e-01
1.202149763703346252e-01
1.127158999443054199e-01
1.248036399483680725e-01
1.414285898208618164e-01
1.111403778195381165e-01
1.240558400750160217e-01
1.530426740646362305e-01
1.115072742104530334e-01
1.275811344385147095e-01
1.803516894578933716e-01
9.652427583932876587e-02
1.291165351867675781e-01
1.346693038940429688e-01
1.456231921911239624e-01
1.230373159050941467e-01
1.006328165531158447e-01
1.322667598724365234e-01
1.394503861665725708e-01
1.113116145133972168e-01
2.033916562795639038e-01
1.344355344772338867e-01
1.645379662513732910e-01
1.842273026704788208e-01
1.710700839757919312e-01
1.199447736144065857e-01
1.254682540893554688e-01
1.243256032466888428e-01
1.637249439954757690e-01
1.447929888963699341e-01
1.553598642349243164e-01
1.200130954384803772e-01
1.129874363541603088e-01
1.423906981945037842e-01
1.145688965916633606e-01
1.294554919004440308e-01
1.239699721336364746e-01
1.255622357130050659e-01
1.672012060880661011e-01
1.374175995588302612e-01
1.349172592163085938e-01
1.404985636472702026e-01
1.031460836529731750e-01
2.190464884042739868e-01
1.566052287817001343e-01
1.203181371092796326e-01
1.300096362829208374e-01
1.480283141136169434e-01
1.399435400962829590e-01
1.365860402584075928e-01
1.356310397386550903e-01
1.340386718511581421e-01
1.275138258934020996e-01
1.517037898302078247e-01
1.675635576248168945e-01
1.222963631153106689e-01
1.218688711524009705e-01
1.018978953361511230e-01
1.249283477663993835e-01
9.855410456657409668e-02
1.419029384851455688e-01
2.770812511444091797e-01
1.315034329891204834e-01
1.022293269634246826e-01
1.485503464937210083e-01
1.867997646331787109e-01
1.211177483201026917e-01
1.627341359853744507e-01
1.155847907066345215e-01
1.303468495607376099e-01
1.453322172164916992e-01
1.310573965311050415e-01
1.268219798803329468e-01
2.107056528329849243e-01
1.147987842559814453e-01
1.715811491012573242e-01
1.076168715953826904e-01
1.321427822113037109e-01
1.542875021696090698e-01
1.335394233465194702e-01
1.622629612684249878e-01
1.610766649246215820e-01
1.746046692132949829e-01
1.154847443103790283e-01
1.290219873189926147e-01
1.202339008450508118e-01
1.411637216806411743e-01
1.625323444604873657e-01
1.447351425886154175e-01
1.618286818265914917e-01
1.120918914675712585e-01
1.349303126335144043e-01
1.283549815416336060e-01
1.742278337478637695e-01
1.603330224752426147e-01
1.410964578390121460e-01
1.356023252010345459e-01
1.214754357933998108e-01
1.764908283948898315e-01
1.487283706665039062e-01
1.314743608236312866e-01
1.261325329542160034e-01
1.335071474313735962e-01
1.714584380388259888e-01
1.311777383089065552e-01
2.097612470388412476e-01
1.252090781927108765e-01
1.482351273298263550e-01
1.701116114854812622e-01
1.101009026169776917e-01
1.441080421209335327e-01
1.720241308212280273e-01
1.380849480628967285e-01
1.820484548807144165e-01
1.513259857892990112e-01
1.416223049163818359e-01
1.166952252388000488e-01
1.337989121675491333e-01
1.297584325075149536e-01
2.254260927438735962e-01
1.039906740188598633e-01
1.236114427447319031e-01
1.530347466468811035e-01
1.504895091056823730e-01
1.657687276601791382e-01
1.819330900907516479e-01
1.067113280296325684e-01
1.545766592025756836e-01
1.455318182706832886e-01
1.445710510015487671e-01
1.122477874159812927e-01
1.077465638518333435e-01
1.163377538323402405e-01
1.514278948307037354e-01
1.448698192834854126e-01
1.508406847715377808e-01
1.523567289113998413e-01
1.446132212877273560e-01
1.075410023331642151e-01
1.171965599060058594e-01
1.486373096704483032e-01
1.354845315217971802e-01
2.410881519317626953e-01
8.023735880851745605e-02
1.263323724269866943e-01
1.317130178213119507e-01
1.237914487719535828e-01
1.929948329925537109e-01
1.757593303918838501e-01
1.397282928228378296e-01
1.486542224884033203e-01
2.202846258878707886e-01
1.217111051082611084e-01
1.146974787116050720e-01
1.201305612921714783e-01
1.394980549812316895e-01
9.477546066045761108e-02
1.354043632745742798e-01
1.130896210670471191e-01
1.371414065361022949e-01
1.453789621591567993e-01
1.226983740925788879e-01
1.782456040382385254e-01
1.515577882528305054e-01
1.311011165380477905e-01
1.131793484091758728e-01
1.297119706869125366e-01
2.180565446615219116e-01
1.693208664655685425e-01
1.107381805777549744e-01
1.973037272691726685e-01
1.445189863443374634e-01
2.166554182767868042e-01
1.539189666509628296e-01
1.371494382619857788e-01
1.758954375982284546e-01
1.027014032006263733e-01
1.727060824632644653e-01
1.506025195121765137e-01
1.260641068220138550e-01
1.136927530169487000e-01
1.564842015504837036e-01
1.229754462838172913e-01
1.647934168577194214e-01
9.831348806619644165e-02
1.337032467126846313e-01
1.785704642534255981e-01
1.481702476739883423e-01
1.195719316601753235e-01
1.132350191473960876e-01
9.115431457757949829e-02
1.463313102722167969e-01
2.029591053724288940e-01
9.365248680114746094e-02
1.285194903612136841e-01
1.117474809288978577e-01
1.521150022745132446e-01
1.597425192594528198e-01
1.137592867016792297e-01
1.575550734996795654e-01
1.936733126640319824e-01
1.564140170812606812e-01
1.390497684478759766e-01
1.685316115617752075e-01
1.285576671361923218e-01
1.403012722730636597e-01
1.475393772125244141e-01
1.820176392793655396e-01
1.336912363767623901e-01
1.209286674857139587e-01
1.801068931818008423e-01
1.262026876211166382e-01
1.206176504492759705e-01
1.256743371486663818e-01
1.017307713627815247e-01
1.348046660423278809e-01
1.218381151556968689e-01
1.557357460260391235e-01
9.302470833063125610e-02
1.370370537042617798e-01
9.713175892829895020e-02
1.330591887235641479e-01
1.209554150700569153e-01
1.740965843200683594e-01
1.183422803878784180e-01
9.537965059280395508e-02
8.247344940900802612e-02
1.866079717874526978e-01
1.869031637907028198e-01
1.016735509037971497e-01
1.516556590795516968e-01
1.227759420871734619e-01
3.021248579025268555e-01
9.995081275701522827e-02
1.975410133600234985e-01
1.108728125691413879e-01
1.121594607830047607e-01
1.467583328485488892e-01
1.426601260900497437e-01
1.745177507400512695e-01
1.351536512374877930e-01
1.158843040466308594e-01
1.321493834257125854e-01
1.672908067703247070e-01
1.402076333761215210e-01
1.150301769375801086e-01
1.483600139617919922e-01
1.187795400619506836e-01
1.404195427894592285e-01
1.418007016181945801e-01
1.075653806328773499e-01
9.655085206031799316e-02
9.779452532529830933e-02
1.580485701560974121e-01
1.842528134584426880e-01
1.137403026223182678e-01
1.171860471367835999e-01
1.631140708923339844e-01
1.567663848400115967e-01
1.110377088189125061e-01
1.036446169018745422e-01
1.100642085075378418e-01
1.156719401478767395e-01
1.191475912928581238e-01
1.225511804223060608e-01
1.564179211854934692e-01
1.309809237718582153e-01
1.400807797908782959e-01
1.343326568603515625e-01
2.483761459589004517e-01
1.097289100289344788e-01
1.156086921691894531e-01
1.596183627843856812e-01
1.355779618024826050e-01
1.595720499753952026e-01
1.486980766057968140e-01
1.411001533269882202e-01
1.934103518724441528e-01
1.349746137857437134e-01
1.280238777399063110e-01
8.571073412895202637e-02
1.669031828641891479e-01
1.161825284361839294e-01
2.282788753509521484e-01
1.611089259386062622e-01
1.627976298332214355e-01
1.159161925315856934e-01
1.137180998921394348e-01
1.976086944341659546e-01
1.227508187294006348e-01
1.491757780313491821e-01
1.199498400092124939e-01
1.043561473488807678e-01
1.289289593696594238e-01
1.075225844979286194e-01
1.064965352416038513e-01
1.315720826387405396e-01
1.324904412031173706e-01
8.486903458833694458e-02
1.517184227705001831e-01
1.330814808607101440e-01
2.333701401948928833e-01
3.293240964412689209e-01
1.493813991546630859e-01
1.029659509658813477e-01
7.595243304967880249e-02
9.656757116317749023e-02
1.690119057893753052e-01
3.298749923706054688e-01
1.273314505815505981e-01
1.642857939004898071e-01
1.601284593343734741e-01
1.277455687522888184e-01
1.500650793313980103e-01
1.239982619881629944e-01
1.700066775083541870e-01
1.373717933893203735e-01
1.802588701248168945e-01
1.206874549388885498e-01
1.414367407560348511e-01
1.529667228460311890e-01
1.950833648443222046e-01
1.359820812940597534e-01
1.506273597478866577e-01
1.823056489229202271e-01
1.399489790201187134e-01
2.572804391384124756e-01
1.366494446992874146e-01
1.256572008132934570e-01
1.176728382706642151e-01
1.264813095331192017e-01
3.436824083328247070e-01
1.358964890241622925e-01
1.421305388212203979e-01
1.241155043244361877e-01
1.122732162475585938e-01
1.801089644432067871e-01
1.116348281502723694e-01
3.152881562709808350e-01
9.973690658807754517e-02
1.162416264414787292e-01
2.045862823724746704e-01
1.345127075910568237e-01
1.305962204933166504e-01
9.845628589391708374e-02
1.450764089822769165e-01
1.138572692871093750e-01
1.481450647115707397e-01
1.461647897958755493e-01
9.226461499929428101e-02
1.269505470991134644e-01
1.682383567094802856e-01
1.030651703476905823e-01
1.846743077039718628e-01
9.723481535911560059e-02
2.512628734111785889e-01
1.969168335199356079e-01
1.178278923034667969e-01
1.832949966192245483e-01
1.536867916584014893e-01
1.589631885290145874e-01
1.039923354983329773e-01
1.541452407836914062e-01
1.168562769889831543e-01
1.313336640596389771e-01
1.354986578226089478e-01
9.116902202367782593e-02
1.286113560199737549e-01
1.130970716476440430e-01
1.631226241588592529e-01
1.496074199676513672e-01
1.449366360902786255e-01
1.725779920816421509e-01
1.363592892885208130e-01
1.143802776932716370e-01
1.173084080219268799e-01
1.611442267894744873e-01
1.466331183910369873e-01
1.154886782169342041e-01
1.463224589824676514e-01
1.535630375146865845e-01
1.275950819253921509e-01
1.402074843645095825e-01
1.553109586238861084e-01
9.811407327651977539e-02
9.213801473379135132e-02
1.089032664895057678e-01
1.164863705635070801e-01
1.099865064024925232e-01
1.928772181272506714e-01
1.334726065397262573e-01
1.410643011331558228e-01
2.011880129575729370e-01
1.328820586204528809e-01
2.128869742155075073e-01
1.483094245195388794e-01
1.349829137325286865e-01
1.146167144179344177e-01
1.797952651977539062e-01
1.778029352426528931e-01
1.472245007753372192e-01
1.018380820751190186e-01
2.231741100549697876e-01
1.574224680662155151e-01
2.241341322660446167e-01
1.423321813344955444e-01
1.965597122907638550e-01
1.604862064123153687e-01
1.411686092615127563e-01
1.046787500381469727e-01
1.340982764959335327e-01
1.935013979673385620e-01
1.066538915038108826e-01
1.295160800218582153e-01
1.132327541708946228e-01
1.123149394989013672e-01
1.513606607913970947e-01
1.090065240859985352e-01
1.759419590234756470e-01
1.583365052938461304e-01
1.133193075656890869e-01
1.254283934831619263e-01
2.488120347261428833e-01
1.183353736996650696e-01
1.372566372156143188e-01
1.032396778464317322e-01
1.761841177940368652e-01
9.754738956689834595e-02
1.397061347961425781e-01
9.600130468606948853e-02
1.498777866363525391e-01
1.383090764284133911e-01
1.690938025712966919e-01
1.303295046091079712e-01
1.269329041242599487e-01
1.352431029081344604e-01
1.070566847920417786e-01
1.222204491496086121e-01
8.941683918237686157e-02
1.610457152128219604e-01
1.322419047355651855e-01
1.183319687843322754e-01
1.052843853831291199e-01
1.772053688764572144e-01
1.389372795820236206e-01
1.345881670713424683e-01
1.493457853794097900e-01
1.238046064972877502e-01
1.058197021484375000e-01
1.691230684518814087e-01
7.675824314355850220e-02
2.282135337591171265e-01
1.377253085374832153e-01
9.812181442975997925e-02
1.313946396112442017e-01
1.225471720099449158e-01
1.737105697393417358e-01
1.366727948188781738e-01
1.814363598823547363e-01
1.214933395385742188e-01
1.155156791210174561e-01
1.044957265257835388e-01
1.502476632595062256e-01
3.059240281581878662e-01
2.177332788705825806e-01
1.440256834030151367e-01
1.557842642068862915e-01
1.072909161448478699e-01
1.553737074136734009e-01
1.104114428162574768e-01
1.175957098603248596e-01
8.665350824594497681e-02
1.291382908821105957e-01
1.077154502272605896e-01
1.180799007415771484e-01
1.740920990705490112e-01
1.204030290246009827e-01
1.305881589651107788e-01
1.458496600389480591e-01
1.200224757194519043e-01
1.383526176214218140e-01
1.575688421726226807e-01
1.849124878644943237e-01
1.263294965028762817e-01
1.037710011005401611e-01
1.504157036542892456e-01
1.230312511324882507e-01
1.362167894840240479e-01
1.675216555595397949e-01
1.272965669631958008e-01
1.264040470123291016e-01
1.496778726577758789e-01
1.242883130908012390e-01
1.177652552723884583e-01
1.353754103183746338e-01
1.286597102880477905e-01
1.247924938797950745e-01
1.090978011488914490e-01
1.617987751960754395e-01
1.234060302376747131e-01
1.460468322038650513e-01
3.224511146545410156e-01
1.442103236913681030e-01
1.303329616785049438e-01
1.079393848776817322e-01
1.041362956166267395e-01
1.501709371805191040e-01
1.594922542572021484e-01
1.110113635659217834e-01
1.341550797224044800e-01
1.248769760131835938e-01
1.613964885473251343e-01
1.349946856498718262e-01
1.782248020172119141e-01
1.299217045307159424e-01
1.178443431854248047e-01
1.424358487129211426e-01
1.721534579992294312e-01
1.857883334159851074e-01
1.190816164016723633e-01
1.416949033737182617e-01
1.622802168130874634e-01
1.697346419095993042e-01
1.587394028902053833e-01
1.180298030376434326e-01
1.317791491746902466e-01
1.763421297073364258e-01
1.472126692533493042e-01
1.481098979711532593e-01
1.577832102775573730e-01
1.398014575242996216e-01
1.388012021780014038e-01
1.710690855979919434e-01
1.774044632911682129e-01
1.851271390914916992e-01
9.300706535577774048e-02
1.100459322333335876e-01
1.407677382230758667e-01
1.298327893018722534e-01
9.673593193292617798e-02
1.557883769273757935e-01
2.866601645946502686e-01
1.420965641736984253e-01
8.389127850532531738e-01
1.254437714815139771e-01
2.043911814689636230e-01
1.553508788347244263e-01
1.420718282461166382e-01
1.140219569206237793e-01
1.318689137697219849e-01
1.526460051536560059e-01
1.491965204477310181e-01
1.819428950548171997e-01
1.300644427537918091e-01
1.254010647535324097e-01
1.038998961448669434e-01
1.156321391463279724e-01
1.335554122924804688e-01
1.550025939941406250e-01
8.545724302530288696e-02
1.831135302782058716e-01
1.384890526533126831e-01
1.256268173456192017e-01
1.672378331422805786e-01
1.133389472961425781e-01
1.261855065822601318e-01
1.990308761596679688e-01
9.414080530405044556e-02
1.274885088205337524e-01
9.725576639175415039e-02
1.077970489859580994e-01
1.687391549348831177e-01
1.672034263610839844e-01
1.964402198791503906e-01
1.181748136878013611e-01
1.659174412488937378e-01
1.766593009233474731e-01
1.145965978503227234e-01
1.544443517923355103e-01
1.393179446458816528e-01
1.599503755569458008e-01
1.622628569602966309e-01
1.004705801606178284e-01
1.690160781145095825e-01
2.570362389087677002e-01
1.049667820334434509e-01
1.320998966693878174e-01
1.701946705579757690e-01
1.740879416465759277e-01
1.371391564607620239e-01
1.682463735342025757e-01
1.444946229457855225e-01
9.539598971605300903e-02
1.583734452724456787e-01
1.470597237348556519e-01
1.005858778953552246e-01
1.304204612970352173e-01
1.358345001935958862e-01
1.254318505525588989e-01
1.329418867826461792e-01
1.452083438634872437e-01
1.374791860580444336e-01
1.166335716843605042e-01
2.187780737876892090e-01
1.156606748700141907e-01
1.907354742288589478e-01
1.371808052062988281e-01
1.367536038160324097e-01
1.271687000989913940e-01
1.455914527177810669e-01
1.353880912065505981e-01
1.380651742219924927e-01
1.626930981874465942e-01
1.612802296876907349e-01
1.399370580911636353e-01
1.724073886871337891e-01
1.260993033647537231e-01
1.493639200925827026e-01
1.255956739187240601e-01
1.342042088508605957e-01
1.414548754692077637e-01
1.339267641305923462e-01
1.243182644248008728e-01
1.936284303665161133e-01
1.121729537844657898e-01
1.112120971083641052e-01
1.229235604405403137e-01
1.061807870864868164e-01
1.611440777778625488e-01
9.749565273523330688e-02
1.216084584593772888e-01
1.485477834939956665e-01
1.303088217973709106e-01
1.306194067001342773e-01
1.238527297973632812e-01
1.115952134132385254e-01
1.031872034072875977e-01
2.116311937570571899e-01
1.235037669539451599e-01
1.247410401701927185e-01
1.198770180344581604e-01
1.246352270245552063e-01
1.045067906379699707e-01
2.233136147260665894e-01
1.023950055241584778e-01
1.273865848779678345e-01
1.617928743362426758e-01
1.166289821267127991e-01
1.423925757408142090e-01
1.583020538091659546e-01
1.474518924951553345e-01
1.319757252931594849e-01
1.420520991086959839e-01
1.010954305529594421e-01
1.112873777747154236e-01
1.192947998642921448e-01
3.064364790916442871e-01
1.165543869137763977e-01
1.211399808526039124e-01
1.249495148658752441e-01
1.472954005002975464e-01
1.404721587896347046e-01
1.415969133377075195e-01
1.680407077074050903e-01
8.472320437431335449e-02
1.774176359176635742e-01
1.260085552930831909e-01
1.071588024497032166e-01
3.081464767456054688e-01
1.472198367118835449e-01
1.343434751033782959e-01
1.156553626060485840e-01
1.162554398179054260e-01
1.357183754444122314e-01
1.192455515265464783e-01
2.444195896387100220e-01
1.269453465938568115e-01
1.238083466887474060e-01
1.460562199354171753e-01
1.651867777109146118e-01
1.221774443984031677e-01
1.297133564949035645e-01
1.307782530784606934e-01
2.847594916820526123e-01
1.132214367389678955e-01
1.039880737662315369e-01
1.411691606044769287e-01
1.215034723281860352e-01
1.333376169204711914e-01
1.140904054045677185e-01
1.785978823900222778e-01
1.103861704468727112e-01
1.577571928501129150e-01
1.693546026945114136e-01
1.859017163515090942e-01
9.274653345346450806e-02
1.501027345657348633e-01
1.659379005432128906e-01
9.616776555776596069e-02
1.106313094496726990e-01
1.191517636179924011e-01
1.246201694011688232e-01
1.227719411253929138e-01
1.319446563720703125e-01
1.718934774398803711e-01
1.341063976287841797e-01
1.370290070772171021e-01
1.900527626276016235e-01
1.406417787075042725e-01
1.446710079908370972e-01
1.989845037460327148e-01
1.510369926691055298e-01
1.018109321594238281e-01
1.594628989696502686e-01
1.657006591558456421e-01
1.339271962642669678e-01
2.391457110643386841e-01
1.276892721652984619e-01
1.593745797872543335e-01
1.595986187458038330e-01
1.488029360771179199e-01
1.295269876718521118e-01
1.639147847890853882e-01
8.647397905588150024e-02
1.328340768814086914e-01
1.170234680175781250e-01
1.542949378490447998e-01
1.564440578222274780e-01
1.114952787756919861e-01
1.351046264171600342e-01
1.550424695014953613e-01
9.058901667594909668e-02
1.519916504621505737e-01
1.456467807292938232e-01
1.271726936101913452e-01
1.181215643882751465e-01
2.049465179443359375e-01
1.663629561662673950e-01
1.356266587972640991e-01
1.605387926101684570e-01
1.027503833174705505e-01
1.659206002950668335e-01
1.141077652573585510e-01
1.105813980102539062e-01
1.927384138107299805e-01
1.406314671039581299e-01
1.579862684011459351e-01
1.237410232424736023e-01
1.341389268636703491e-01
1.295974105596542358e-01
1.392554193735122681e-01
1.014329493045806885e-01
1.129109337925910950e-01
1.621570140123367310e-01
1.728948503732681274e-01
1.389870643615722656e-01
1.014394834637641907e-01
1.008388400077819824e-01
1.209906935691833496e-01
1.323230117559432983e-01
1.696099191904067993e-01
1.491102427244186401e-01
1.224900707602500916e-01
1.868793964385986328e-01
8.774594217538833618e-02
9.849581867456436157e-02
8.520779758691787720e-02
8.517912775278091431e-02
1.034365519881248474e-01
1.600541919469833374e-01
1.357676982879638672e-01
1.581176370382308960e-01
1.541367322206497192e-01
1.302237808704376221e-01
1.416670680046081543e-01
1.457260102033615112e-01
1.781130582094192505e-01
1.538233160972595215e-01
1.329062879085540771e-01
9.938160330057144165e-02
1.208188012242317200e-01
1.751422286033630371e-01
1.271515488624572754e-01
1.210055947303771973e-01
1.338465064764022827e-01
1.470530927181243896e-01
1.427325457334518433e-01
1.162951961159706116e-01
1.651154905557632446e-01
1.334877014160156250e-01
1.384183913469314575e-01
1.208345666527748108e-01
1.401114165782928467e-01
1.122505441308021545e-01
2.102136164903640747e-01
1.151367425918579102e-01
1.521490961313247681e-01
1.304487735033035278e-01
1.234205663204193115e-01
1.267958432435989380e-01
1.274737864732742310e-01
1.393534839153289795e-01
1.379831880331039429e-01
1.456877291202545166e-01
9.529285877943038940e-02
8.794092386960983276e-02
1.476767212152481079e-01
1.045534908771514893e-01
1.242018640041351318e-01
1.153450831770896912e-01
1.075501069426536560e-01
1.671803444623947144e-01
1.534573584794998169e-01
1.320086568593978882e-01
1.895099133253097534e-01
1.710357815027236938e-01
1.798322051763534546e-01
1.452878266572952271e-01
1.280490607023239136e-01
1.361127495765686035e-01
1.218480840325355530e-01
1.471062153577804565e-01
1.106758192181587219e-01
1.104290112853050232e-01
1.492500454187393188e-01
1.070121303200721741e-01
1.570786088705062866e-01
1.687395125627517700e-01
1.417418271303176880e-01
1.397078782320022583e-01
1.139970421791076660e-01
1.498725563287734985e-01
1.582864969968795776e-01
1.188103631138801575e-01
1.692436784505844116e-01
1.660388857126235962e-01
1.153719499707221985e-01
1.403230875730514526e-01
1.154565289616584778e-01
1.908478140830993652e-01
1.108269989490509033e-01
1.136369705200195312e-01
1.213610544800758362e-01
1.274337172508239746e-01
1.233898326754570007e-01
1.073571071028709412e-01
1.200300678610801697e-01
1.364703774452209473e-01
1.348577886819839478e-01
1.171049773693084717e-01
1.760479658842086792e-01
1.435962170362472534e-01
1.164033636450767517e-01
1.687614768743515015e-01
1.301591843366622925e-01
1.438153237104415894e-01
1.162307634949684143e-01
1.096165403723716736e-01
1.696422249078750610e-01
1.518350988626480103e-01
1.089525148272514343e-01
1.108335629105567932e-01
1.009981259703636169e-01
1.124413982033729553e-01
1.506466418504714966e-01
2.231093049049377441e-01
8.633974939584732056e-02
1.598695367574691772e-01
1.599066555500030518e-01
1.254456192255020142e-01
1.121655479073524475e-01
1.114494875073432922e-01
1.724838465452194214e-01
1.687668561935424805e-01
1.245163157582283020e-01
1.374685019254684448e-01
1.117733716964721680e-01
1.357279419898986816e-01
1.510662138462066650e-01
1.458777636289596558e-01
1.366320848464965820e-01
1.154971122741699219e-01
1.507717669010162354e-01
2.315001487731933594e-01
1.208751127123832703e-01
1.192536652088165283e-01
1.159370467066764832e-01
1.509443372488021851e-01
1.698184609413146973e-01
1.999725848436355591e-01
6.748286634683609009e-02
1.627140045166015625e-01
1.457403153181076050e-01
1.028931960463523865e-01
1.398943215608596802e-01
1.412538737058639526e-01
1.664168387651443481e-01
1.139521002769470215e-01
1.117193326354026794e-01
1.399994045495986938e-01
1.747129112482070923e-01
1.002125516533851624e-01
1.473549455404281616e-01
1.247911080718040466e-01
1.340132355690002441e-01
1.828806847333908081e-01
1.446523517370223999e-01
1.113961115479469299e-01
1.346362978219985962e-01
1.044032201170921326e-01
1.384187489748001099e-01
1.420701891183853149e-01
1.562048494815826416e-01
1.894738227128982544e-01
1.208346113562583923e-01
1.376006007194519043e-01
1.139667406678199768e-01
1.355082839727401733e-01
1.080970540642738342e-01
1.243968307971954346e-01
1.385963410139083862e-01
1.212023422122001648e-01
1.368641406297683716e-01
1.236563250422477722e-01
1.413320749998092651e-01
1.142341718077659607e-01
1.200067177414894104e-01
1.777102798223495483e-01
1.318601369857788086e-01
1.469176411628723145e-01
1.753278225660324097e-01
1.633685082197189331e-01
1.631265431642532349e-01
7.735030353069305420e-02
3.255637586116790771e-01
1.130208149552345276e-01
9.445724636316299438e-02
1.108587384223937988e-01
1.634552031755447388e-01
1.110942140221595764e-01
1.466710567474365234e-01
1.146331205964088440e-01
9.731093794107437134e-02
1.237214431166648865e-01
2.147026211023330688e-01
1.420312523841857910e-01
1.233502253890037537e-01
1.095302477478981018e-01
9.562649577856063843e-02
1.456989496946334839e-01
1.506480127573013306e-01
1.516027301549911499e-01
1.279616355895996094e-01
1.341517269611358643e-01
9.347361326217651367e-02
1.239581108093261719e-01
1.057199314236640930e-01
1.774224191904067993e-01
7.712527364492416382e-02
1.439989656209945679e-01
1.761531978845596313e-01
1.429290324449539185e-01
1.477302014827728271e-01
1.622988134622573853e-01
9.758105874061584473e-02
1.375199109315872192e-01
1.429634243249893188e-01
1.167240813374519348e-01
1.480171084403991699e-01
1.275866031646728516e-01
8.994051069021224976e-02
1.362652033567428589e-01
1.250221878290176392e-01
1.163634359836578369e-01
1.641317754983901978e-01
1.034030914306640625e-01
1.190660595893859863e-01
2.211428284645080566e-01
2.553623020648956299e-01
1.165288910269737244e-01
1.193857565522193909e-01
1.115895137190818787e-01
1.170188561081886292e-01
1.330789327621459961e-01
1.267228275537490845e-01
8.803507685661315918e-02
1.508457213640213013e-01
1.174050793051719666e-01
1.703062504529953003e-01
1.708479076623916626e-01
1.530320197343826294e-01
1.237260699272155762e-01
1.334611773490905762e-01
1.604606658220291138e-01
1.676962971687316895e-01
1.384966671466827393e-01
1.185457482933998108e-01
1.420049816370010376e-01
1.360550075769424438e-01
9.480489045381546021e-02
1.375857144594192505e-01
1.458916664123535156e-01
1.342125982046127319e-01
1.263145208358764648e-01
1.501547992229461670e-01
1.423889249563217163e-01
1.450476795434951782e-01
1.302070468664169312e-01
1.105081439018249512e-01
1.468158215284347534e-01
1.454588323831558228e-01
1.410120725631713867e-01
1.367456763982772827e-01
1.482585817575454712e-01
1.217324212193489075e-01
1.065554246306419373e-01
1.962379962205886841e-01
2.099065333604812622e-01
1.091680899262428284e-01
1.410420089960098267e-01
1.196547150611877441e-01
1.339932233095169067e-01
1.643946468830108643e-01
2.118051648139953613e-01
1.354881525039672852e-01
1.321971267461776733e-01
3.904904425144195557e-01
9.229803085327148438e-02
1.246976777911186218e-01
1.344083249568939209e-01
1.773235052824020386e-01
1.579298973083496094e-01
1.412226408720016479e-01
1.492880135774612427e-01
1.184769347310066223e-01
1.675220280885696411e-01
9.184578806161880493e-02
1.455317586660385132e-01
1.750982552766799927e-01
9.413518756628036499e-02
1.269516646862030029e-01
1.318859606981277466e-01
1.077147126197814941e-01
1.425656676292419434e-01
1.399174481630325317e-01
1.722951680421829224e-01
2.486038655042648315e-01
1.663285642862319946e-01
1.302768588066101074e-01
1.269943267107009888e-01
1.464199274778366089e-01
2.571105659008026123e-01
1.221815943717956543e-01
2.267540246248245239e-01
8.099523186683654785e-02
1.721732467412948608e-01
1.426920741796493530e-01
1.526256203651428223e-01
1.383202672004699707e-01
9.512976557016372681e-02
1.581173986196517944e-01
8.236632496118545532e-02
1.663480550050735474e-01
1.040909662842750549e-01
1.755941659212112427e-01
1.813385039567947388e-01
1.123985871672630310e-01
1.516851633787155151e-01
1.888977736234664917e-01
1.065359115600585938e-01
2.001665830612182617e-01
1.649358719587326050e-01
1.131812706589698792e-01
1.305056810379028320e-01
3.687984049320220947e-01
2.059632092714309692e-01
1.787796765565872192e-01
1.521800309419631958e-01
1.166862919926643372e-01
1.480927318334579468e-01
1.303672790527343750e-01
1.278987079858779907e-01
1.655904650688171387e-01
1.259917765855789185e-01
5.266917347908020020e-01
1.195092424750328064e-01
1.537801176309585571e-01
1.506984978914260864e-01
1.373499482870101929e-01
9.321168065071105957e-02
1.703398972749710083e-01
1.063519939780235291e-01
2.874213755130767822e-01
1.306788772344589233e-01
1.690421104431152344e-01
1.034101769328117371e-01
1.227116212248802185e-01
1.168583929538726807e-01
1.605928540229797363e-01
1.492408365011215210e-01
1.713711023330688477e-01
1.015141010284423828e-01
8.291921764612197876e-02
1.781933307647705078e-01
1.193947494029998779e-01
1.405057609081268311e-01
7.954255491495132446e-02
1.365242898464202881e-01
1.613505929708480835e-01
7.684843987226486206e-02
1.513334065675735474e-01
1.501929610967636108e-01
1.439304947853088379e-01
1.130763888359069824e-01
1.352590471506118774e-01
1.398106366395950317e-01
8.213030546903610229e-02
1.661337018013000488e-01
1.568614244461059570e-01
1.670164316892623901e-01
1.508801430463790894e-01
1.220309138298034668e-01
1.537541747093200684e-01
1.107117608189582825e-01
1.382674574851989746e-01
1.336392015218734741e-01
1.385832279920578003e-01
1.184193789958953857e-01
2.590782344341278076e-01
1.106767281889915466e-01
1.249760016798973083e-01
1.192880496382713318e-01
1.225204691290855408e-01
3.122940063476562500e-01
1.470496803522109985e-01
1.416904330253601074e-01
8.957795053720474243e-02
1.693603843450546265e-01
1.317394971847534180e-01
1.419244855642318726e-01
1.237999573349952698e-01
1.909646391868591309e-01
1.229856312274932861e-01
4.058440923690795898e-01
9.415882080793380737e-02
1.427027434110641479e-01
1.436450034379959106e-01
2.407517880201339722e-01
1.060179769992828369e-01
1.047927513718605042e-01
1.274589151144027710e-01
1.449350714683532715e-01
2.180796712636947632e-01
1.441398710012435913e-01
1.718699336051940918e-01
1.315529495477676392e-01
1.332079321146011353e-01
1.303845047950744629e-01
2.970637679100036621e-01
1.287149041891098022e-01
1.460466980934143066e-01
1.265921443700790405e-01
1.575262099504470825e-01
2.453134506940841675e-01
1.631464809179306030e-01
7.979468256235122681e-02
1.898726373910903931e-01
1.815391182899475098e-01
2.579415738582611084e-01
1.317260861396789551e-01
1.579130887985229492e-01
1.274424046277999878e-01
1.778284162282943726e-01
1.185204610228538513e-01
1.281336247920989990e-01
1.458618491888046265e-01
1.489413231611251831e-01
1.098840832710266113e-01
1.571342051029205322e-01
1.268932670354843140e-01
1.556066125631332397e-01
1.074620112776756287e-01
9.869685024023056030e-02
2.510493993759155273e-01
1.039500012993812561e-01
1.418340653181076050e-01
1.312141865491867065e-01
1.392690241336822510e-01
1.253706812858581543e-01
1.088040843605995178e-01
1.301709711551666260e-01
1.256696730852127075e-01
1.141763627529144287e-01
8.933988958597183228e-02
