1.436070948839187622e-01
1.645746976137161255e-01
1.421436816453933716e-01
1.704218834638595581e-01
1.447758078575134277e-01
1.481377184391021729e-01
1.539675593376159668e-01
1.533327549695968628e-01
1.303467303514480591e-01
1.420632004737854004e-01
1.308952420949935913e-01
1.485096961259841919e-01
1.400506645441055298e-01
1.559802144765853882e-01
1.413095444440841675e-01
1.274020224809646606e-01
1.428304165601730347e-01
1.409173607826232910e-01
1.419755518436431885e-01
1.516786962747573853e-01
1.410180479288101196e-01
1.655846834182739258e-01
1.800777167081832886e-01
1.290784329175949097e-01
1.453533023595809937e-01
1.619272530078887939e-01
1.484678983688354492e-01
1.125436797738075256e-01
1.400737613439559937e-01
1.495198607444763184e-01
1.553609818220138550e-01
1.296192556619644165e-01
1.401276439428329468e-01
1.470680385828018188e-01
1.435961574316024780e-01
1.996037960052490234e-01
1.262441128492355347e-01
1.494114398956298828e-01
1.912510842084884644e-01
1.616159826517105103e-01
1.195305883884429932e-01
1.495054811239242554e-01
1.324872076511383057e-01
1.385241746902465820e-01
1.312296986579895020e-01
1.478652209043502808e-01
1.307745724916458130e-01
1.389816999435424805e-01
1.226948276162147522e-01
1.477516591548919678e-01
2.366499304771423340e-01
1.352515369653701782e-01
1.664259731769561768e-01
1.378525942564010620e-01
1.526524424552917480e-01
1.419956833124160767e-01
1.575658172369003296e-01
1.609652191400527954e-01
1.465252041816711426e-01
1.417105793952941895e-01
1.444804072380065918e-01
1.434794962406158447e-01
1.451344639062881470e-01
1.500404179096221924e-01
1.420797258615493774e-01
1.496753543615341187e-01
1.417620629072189331e-01
1.657393723726272583e-01
1.322103291749954224e-01
1.621877998113632202e-01
1.256603747606277466e-01
1.424609720706939697e-01
1.285850703716278076e-01
1.492496281862258911e-01
1.504317671060562134e-01
1.405559331178665161e-01
1.409129053354263306e-01
1.377530544996261597e-01
1.343285590410232544e-01
1.405866295099258423e-01
1.404886394739151001e-01
1.427052021026611328e-01
1.303655356168746948e-01
1.573445051908493042e-01
1.478420644998550415e-01
1.384669095277786255e-01
1.344294100999832153e-01
1.435294747352600098e-01
1.404245942831039429e-01
1.294668763875961304e-01
1.293146163225173950e-01
1.263181567192077637e-01
1.397103220224380493e-01
1.553805619478225708e-01
2.084607034921646118e-01
1.351181119680404663e-01
1.398739367723464966e-01
1.563010364770889282e-01
1.684246212244033813e-01
1.355401724576950073e-01
1.475922018289566040e-01
1.515131145715713501e-01
1.643667072057723999e-01
1.853210479021072388e-01
1.352393180131912231e-01
1.352021992206573486e-01
1.389210820198059082e-01
1.566116958856582642e-01
1.337019354104995728e-01
1.684426814317703247e-01
1.625777631998062134e-01
1.290485858917236328e-01
1.571532785892486572e-01
1.582091003656387329e-01
1.477019041776657104e-01
1.491634100675582886e-01
1.666343510150909424e-01
1.586965918540954590e-01
1.614947170019149780e-01
1.692184358835220337e-01
1.748034358024597168e-01
1.579267531633377075e-01
1.529468297958374023e-01
1.450301855802536011e-01
1.726900786161422729e-01
1.498816758394241333e-01
1.488633304834365845e-01
1.631631106138229370e-01
1.376001685857772827e-01
1.814660280942916870e-01
1.732465773820877075e-01
1.618937551975250244e-01
1.873282939195632935e-01
1.666709780693054199e-01
1.564254015684127808e-01
1.501976102590560913e-01
1.471672654151916504e-01
1.570108383893966675e-01
1.395850926637649536e-01
1.370471864938735962e-01
1.336943507194519043e-01
1.695095449686050415e-01
1.417597532272338867e-01
1.685343235731124878e-01
1.482677012681961060e-01
1.927702873945236206e-01
4.199700057506561279e-01
1.596752852201461792e-01
1.613746136426925659e-01
1.610532999038696289e-01
1.564465314149856567e-01
1.511878669261932373e-01
1.386008113622665405e-01
1.428674608469009399e-01
1.285485774278640747e-01
1.852022409439086914e-01
1.552262306213378906e-01
1.544502824544906616e-01
1.424719542264938354e-01
1.524296253919601440e-01
1.350724101066589355e-01
1.425460427999496460e-01
1.290552765130996704e-01
1.349974721670150757e-01
1.425024569034576416e-01
1.623317897319793701e-01
1.265296489000320435e-01
1.369652003049850464e-01
1.502802520990371704e-01
1.416040062904357910e-01
1.353292465209960938e-01
1.573211103677749634e-01
1.541807502508163452e-01
1.524598598480224609e-01
1.304263919591903687e-01
1.546684801578521729e-01
1.315776258707046509e-01
1.190029084682464600e-01
1.253191083669662476e-01
1.372986882925033569e-01
1.794231683015823364e-01
1.371489465236663818e-01
1.420806050300598145e-01
1.402901858091354370e-01
1.548832207918167114e-01
1.300207525491714478e-01
1.541235297918319702e-01
1.724557131528854370e-01
2.358288764953613281e-01
1.279933303594589233e-01
1.538561582565307617e-01
1.319664418697357178e-01
1.307332366704940796e-01
1.551526039838790894e-01
1.461424678564071655e-01
1.479944586753845215e-01
1.386558562517166138e-01
1.285158842802047729e-01
1.588032692670822144e-01
1.288432478904724121e-01
1.199763044714927673e-01
1.445192247629165649e-01
1.354634910821914673e-01
1.710850745439529419e-01
1.324987113475799561e-01
1.427166908979415894e-01
1.457387357950210571e-01
1.562450081110000610e-01
1.242244765162467957e-01
1.391416341066360474e-01
1.402749866247177124e-01
1.368383318185806274e-01
1.452957093715667725e-01
1.591560691595077515e-01
1.276629865169525146e-01
1.428201049566268921e-01
1.441283971071243286e-01
1.554739028215408325e-01
1.521459668874740601e-01
1.227557361125946045e-01
1.241498365998268127e-01
1.309942305088043213e-01
1.758559495210647583e-01
1.581075936555862427e-01
1.408959180116653442e-01
1.436091661453247070e-01
1.370053589344024658e-01
1.253151148557662964e-01
1.246942803263664246e-01
1.368986368179321289e-01
1.542811840772628784e-01
1.437555849552154541e-01
1.308132410049438477e-01
1.296229511499404907e-01
1.290227174758911133e-01
1.581052392721176147e-01
1.307646483182907104e-01
1.314034610986709595e-01
1.403080672025680542e-01
1.410087794065475464e-01
1.455967128276824951e-01
1.308848261833190918e-01
1.428395956754684448e-01
1.341610401868820190e-01
1.219468191266059875e-01
1.373873502016067505e-01
1.350070834159851074e-01
1.358105838298797607e-01
1.338847428560256958e-01
1.313811540603637695e-01
1.259616017341613770e-01
1.526318043470382690e-01
1.339884400367736816e-01
1.398123353719711304e-01
1.618017405271530151e-01
1.448879241943359375e-01
1.216061934828758240e-01
1.656569093465805054e-01
1.895363479852676392e-01
1.385839730501174927e-01
1.697434186935424805e-01
1.536082625389099121e-01
1.261407881975173950e-01
1.457159668207168579e-01
1.324647367000579834e-01
1.423664838075637817e-01
1.492690593004226685e-01
1.480372399091720581e-01
1.724501699209213257e-01
1.578408032655715942e-01
1.680253297090530396e-01
1.657537668943405151e-01
1.539486199617385864e-01
1.538836508989334106e-01
1.395108252763748169e-01
1.446504443883895874e-01
1.501450240612030029e-01
1.301839500665664673e-01
1.502200961112976074e-01
1.248843744397163391e-01
1.532660573720932007e-01
1.460252106189727783e-01
1.857287138700485229e-01
1.439491063356399536e-01
1.512903720140457153e-01
1.441094428300857544e-01
1.609546840190887451e-01
1.371509283781051636e-01
1.415311247110366821e-01
1.574301123619079590e-01
1.295756250619888306e-01
1.378859728574752808e-01
1.437272578477859497e-01
1.580745726823806763e-01
1.479887813329696655e-01
1.383717358112335205e-01
1.468772441148757935e-01
1.392050832509994507e-01
1.295652240514755249e-01
1.277713179588317871e-01
1.348548829555511475e-01
1.434175372123718262e-01
1.330800205469131470e-01
1.508798003196716309e-01
1.459338217973709106e-01
1.226759478449821472e-01
1.333843022584915161e-01
1.345423310995101929e-01
1.460072845220565796e-01
1.747627854347229004e-01
1.388050913810729980e-01
1.372438818216323853e-01
1.296508610248565674e-01
1.543602049350738525e-01
1.315928846597671509e-01
1.562008410692214966e-01
1.373854279518127441e-01
1.528003662824630737e-01
1.407785713672637939e-01
1.217946037650108337e-01
1.496294438838958740e-01
1.576021909713745117e-01
1.461372822523117065e-01
1.348817944526672363e-01
1.387525647878646851e-01
1.524559855461120605e-01
1.300521343946456909e-01
1.380054503679275513e-01
1.693488210439682007e-01
1.496237516403198242e-01
1.529627293348312378e-01
1.562331169843673706e-01
1.397295445203781128e-01
1.480268239974975586e-01
1.808085441589355469e-01
1.467797309160232544e-01
1.534931957721710205e-01
1.576805859804153442e-01
1.228048428893089294e-01
1.675196886062622070e-01
1.315374970436096191e-01
1.370988041162490845e-01
1.470127552747726440e-01
1.611584722995758057e-01
1.370394080877304077e-01
1.681113988161087036e-01
1.698465496301651001e-01
1.630126684904098511e-01
1.563298255205154419e-01
1.567874401807785034e-01
1.359720677137374878e-01
1.457443833351135254e-01
2.172344774007797241e-01
1.532151848077774048e-01
1.384297013282775879e-01
1.166052743792533875e-01
1.291169524192810059e-01
1.454056650400161743e-01
1.356822699308395386e-01
1.387908458709716797e-01
1.617659777402877808e-01
1.730661988258361816e-01
1.490710079669952393e-01
1.346965134143829346e-01
2.219720929861068726e-01
1.546541005373001099e-01
1.602587252855300903e-01
1.341994404792785645e-01
1.463319212198257446e-01
1.460986584424972534e-01
1.396253854036331177e-01
1.420860141515731812e-01
1.750031262636184692e-01
1.435701996088027954e-01
1.467897742986679077e-01
1.408264636993408203e-01
1.376315802335739136e-01
1.530407667160034180e-01
1.390551328659057617e-01
1.255868226289749146e-01
1.362271755933761597e-01
1.445220857858657837e-01
1.366957575082778931e-01
1.393280327320098877e-01
1.479352861642837524e-01
1.355084329843521118e-01
1.373416185379028320e-01
1.288957297801971436e-01
1.437218636274337769e-01
1.433595865964889526e-01
1.459855735301971436e-01
1.416182070970535278e-01
2.570182681083679199e-01
1.358929276466369629e-01
1.354576647281646729e-01
1.283916085958480835e-01
1.215147003531455994e-01
1.486414074897766113e-01
1.338121145963668823e-01
1.330991536378860474e-01
1.722344607114791870e-01
1.508293300867080688e-01
1.418972164392471313e-01
1.469423025846481323e-01
1.473948806524276733e-01
1.363648772239685059e-01
1.475810855627059937e-01
1.371520608663558960e-01
1.269303709268569946e-01
1.227414980530738831e-01
1.522935479879379272e-01
1.535740941762924194e-01
1.378787010908126831e-01
1.466058492660522461e-01
1.419458240270614624e-01
1.733324527740478516e-01
1.217103600502014160e-01
1.491378694772720337e-01
1.608604490756988525e-01
1.392177343368530273e-01
2.407761663198471069e-01
1.365852952003479004e-01
1.530575007200241089e-01
1.538255363702774048e-01
1.315279752016067505e-01
1.202620491385459900e-01
1.591022163629531860e-01
1.411581486463546753e-01
1.247079372406005859e-01
1.646205782890319824e-01
1.601432561874389648e-01
1.359313875436782837e-01
1.403994411230087280e-01
1.357556581497192383e-01
1.306119263172149658e-01
1.469923108816146851e-01
1.536418646574020386e-01
1.494133919477462769e-01
1.346291303634643555e-01
1.463666111230850220e-01
1.308133155107498169e-01
1.602684259414672852e-01
1.449908465147018433e-01
1.494495123624801636e-01
1.454515457153320312e-01
1.429486572742462158e-01
1.472030431032180786e-01
1.536665707826614380e-01
1.670113801956176758e-01
1.605834960937500000e-01
1.320209056138992310e-01
1.373294740915298462e-01
1.295873969793319702e-01
1.609566211700439453e-01
1.184098124504089355e-01
1.384343951940536499e-01
1.297196000814437866e-01
1.631255149841308594e-01
1.739705055952072144e-01
1.494587510824203491e-01
1.621237099170684814e-01
2.064343094825744629e-01
1.544298231601715088e-01
1.346810013055801392e-01
2.216276079416275024e-01
1.507619619369506836e-01
1.570565849542617798e-01
1.440536230802536011e-01
1.379016488790512085e-01
1.414019167423248291e-01
1.469026803970336914e-01
1.334977746009826660e-01
1.596899479627609253e-01
1.581948250532150269e-01
1.382078677415847778e-01
1.311218738555908203e-01
1.279307603836059570e-01
1.424015313386917114e-01
1.356793791055679321e-01
1.389377117156982422e-01
1.496442705392837524e-01
1.559989154338836670e-01
1.341638416051864624e-01
1.698338538408279419e-01
1.303770989179611206e-01
1.350883543491363525e-01
1.366136968135833740e-01
1.487740427255630493e-01
1.549693644046783447e-01
1.505543738603591919e-01
1.389921903610229492e-01
1.283939629793167114e-01
1.301222294569015503e-01
1.354545801877975464e-01
1.690824478864669800e-01
1.239531934261322021e-01
1.603865176439285278e-01
1.317955702543258667e-01
1.372114270925521851e-01
1.370232850313186646e-01
1.259892135858535767e-01
1.152086779475212097e-01
1.296769976615905762e-01
1.548967808485031128e-01
1.271069347858428955e-01
1.445889621973037720e-01
1.531280577182769775e-01
1.474794596433639526e-01
1.381464153528213501e-01
1.365837156772613525e-01
1.461450457572937012e-01
1.665116697549819946e-01
1.367044001817703247e-01
1.382524520158767700e-01
1.679931730031967163e-01
1.906616091728210449e-01
1.557037234306335449e-01
1.392403542995452881e-01
1.285133510828018188e-01
1.569459587335586548e-01
1.543185859918594360e-01
2.585239112377166748e-01
1.468051820993423462e-01
1.563896387815475464e-01
1.475230306386947632e-01
1.348500549793243408e-01
1.531897336244583130e-01
1.428086310625076294e-01
1.717184633016586304e-01
1.547719091176986694e-01
1.507810801267623901e-01
1.404714733362197876e-01
1.341616958379745483e-01
1.350068300962448120e-01
1.672728508710861206e-01
1.751185059547424316e-01
1.382784694433212280e-01
1.331733763217926025e-01
1.379580646753311157e-01
1.280658841133117676e-01
1.373405009508132935e-01
1.473255157470703125e-01
1.332197040319442749e-01
1.356165856122970581e-01
1.467730551958084106e-01
1.226839944720268250e-01
1.612076610326766968e-01
1.452706009149551392e-01
1.557288914918899536e-01
1.506329625844955444e-01
2.349108904600143433e-01
1.376339644193649292e-01
1.449165940284729004e-01
1.536692380905151367e-01
1.288061589002609253e-01
1.379463672637939453e-01
1.488717943429946899e-01
1.380760073661804199e-01
1.508387029170989990e-01
1.395362168550491333e-01
1.736385822296142578e-01
1.272830218076705933e-01
1.505261063575744629e-01
1.228667572140693665e-01
1.765245199203491211e-01
2.243899703025817871e-01
2.072152495384216309e-01
1.644772142171859741e-01
1.363455206155776978e-01
1.465120762586593628e-01
1.405318826436996460e-01
1.521820425987243652e-01
1.568585634231567383e-01
1.388374119997024536e-01
1.706732362508773804e-01
1.752036809921264648e-01
1.286802291870117188e-01
1.451735794544219971e-01
1.560608744621276855e-01
1.391832232475280762e-01
1.439846903085708618e-01
1.632987111806869507e-01
1.251596659421920776e-01
1.454367488622665405e-01
1.398015171289443970e-01
1.527210325002670288e-01
1.293201595544815063e-01
1.330648064613342285e-01
1.447882205247879028e-01
1.586103886365890503e-01
1.321151405572891235e-01
1.295398771762847900e-01
1.436495929956436157e-01
1.114954352378845215e-01
1.354283690452575684e-01
1.270581036806106567e-01
1.284296959638595581e-01
1.418695300817489624e-01
1.392633765935897827e-01
1.703177243471145630e-01
1.627125144004821777e-01
1.440336555242538452e-01
1.293931007385253906e-01
1.502423584461212158e-01
1.400623023509979248e-01
1.560849249362945557e-01
1.510401517152786255e-01
1.539006531238555908e-01
1.408235579729080200e-01
2.431256324052810669e-01
1.439797580242156982e-01
1.466418057680130005e-01
1.430290490388870239e-01
1.433217376470565796e-01
1.317986994981765747e-01
1.275330632925033569e-01
1.355697959661483765e-01
1.562597453594207764e-01
1.476324349641799927e-01
1.405305564403533936e-01
1.406353712081909180e-01
1.391220539808273315e-01
1.501327306032180786e-01
1.592079102993011475e-01
1.228908896446228027e-01
1.376802325248718262e-01
1.336599737405776978e-01
1.549437642097473145e-01
1.487804353237152100e-01
1.652668863534927368e-01
1.257273405790328979e-01
1.554477363824844360e-01
1.470660418272018433e-01
1.737684011459350586e-01
1.232324168086051941e-01
1.555240452289581299e-01
1.696680337190628052e-01
1.258936524391174316e-01
1.415391415357589722e-01
1.426732242107391357e-01
1.547106355428695679e-01
1.511947214603424072e-01
1.343447566032409668e-01
1.464806497097015381e-01
1.610065847635269165e-01
1.431631892919540405e-01
1.593924462795257568e-01
1.636985093355178833e-01
1.589322984218597412e-01
1.293455213308334351e-01
1.295818537473678589e-01
1.340930312871932983e-01
1.523275375366210938e-01
1.417942047119140625e-01
2.232887297868728638e-01
1.499090194702148438e-01
1.508502662181854248e-01
1.463713496923446655e-01
1.303603053092956543e-01
1.501337289810180664e-01
1.362250447273254395e-01
1.549132615327835083e-01
1.623654216527938843e-01
1.325911730527877808e-01
1.338568925857543945e-01
1.588849276304244995e-01
1.617962568998336792e-01
1.388063579797744751e-01
1.619273126125335693e-01
1.396748274564743042e-01
1.447558552026748657e-01
1.462664157152175903e-01
1.356540769338607788e-01
1.520740836858749390e-01
1.607688069343566895e-01
1.537428945302963257e-01
1.552459746599197388e-01
1.688631325960159302e-01
1.358923912048339844e-01
1.396885663270950317e-01
1.362826377153396606e-01
1.593466699123382568e-01
1.506217271089553833e-01
1.519622057676315308e-01
1.362954080104827881e-01
1.351877003908157349e-01
1.473565101623535156e-01
1.360480934381484985e-01
1.957867741584777832e-01
1.911831498146057129e-01
1.190427541732788086e-01
1.627531498670578003e-01
1.420985013246536255e-01
1.444765478372573853e-01
1.427288055419921875e-01
1.838420778512954712e-01
1.205801144242286682e-01
1.662121266126632690e-01
2.022452205419540405e-01
1.239353045821189880e-01
1.283139139413833618e-01
1.683394759893417358e-01
1.707745343446731567e-01
1.477101892232894897e-01
2.282504439353942871e-01
1.286410540342330933e-01
1.268636286258697510e-01
1.287600100040435791e-01
1.493269056081771851e-01
1.457050889730453491e-01
1.495514661073684692e-01
1.400601863861083984e-01
1.474701911211013794e-01
1.704501509666442871e-01
1.511425524950027466e-01
1.810951828956604004e-01
1.297167688608169556e-01
1.412852704524993896e-01
1.287734359502792358e-01
1.401420682668685913e-01
1.414147466421127319e-01
1.385040283203125000e-01
1.558857560157775879e-01
1.360442191362380981e-01
1.258607208728790283e-01
1.152418777346611023e-01
1.326375454664230347e-01
1.228198334574699402e-01
1.343445628881454468e-01
1.449524462223052979e-01
1.287257522344589233e-01
1.487182527780532837e-01
1.382169872522354126e-01
1.229071319103240967e-01
1.590806543827056885e-01
1.860210150480270386e-01
1.585950404405593872e-01
1.392896920442581177e-01
1.444004923105239868e-01
1.361787617206573486e-01
1.325675845146179199e-01
1.262449175119400024e-01
1.472891271114349365e-01
1.427603811025619507e-01
1.633733958005905151e-01
1.428501904010772705e-01
1.362143307924270630e-01
1.465642303228378296e-01
1.425830572843551636e-01
1.340175420045852661e-01
1.900644451379776001e-01
1.461102962493896484e-01
1.494396477937698364e-01
1.248030066490173340e-01
1.785597205162048340e-01
1.332561522722244263e-01
1.343653649091720581e-01
1.772224307060241699e-01
1.409928053617477417e-01
1.613015383481979370e-01
1.339023858308792114e-01
1.334536969661712646e-01
1.445060819387435913e-01
1.507483273744583130e-01
1.183046996593475342e-01
1.543606966733932495e-01
2.380562573671340942e-01
1.332523226737976074e-01
1.405580788850784302e-01
1.747111529111862183e-01
1.788559705018997192e-01
1.300759464502334595e-01
1.988892108201980591e-01
1.430365294218063354e-01
1.352024972438812256e-01
1.526346057653427124e-01
1.474542766809463501e-01
1.390899866819381714e-01
1.452713012695312500e-01
1.349907368421554565e-01
1.325260549783706665e-01
1.193810701370239258e-01
1.555993705987930298e-01
1.510442048311233521e-01
1.301395446062088013e-01
1.624064147472381592e-01
1.263534873723983765e-01
1.476090699434280396e-01
1.248260736465454102e-01
1.262709349393844604e-01
1.237876191735267639e-01
1.559821069240570068e-01
1.397468447685241699e-01
1.495891511440277100e-01
1.142752170562744141e-01
2.937985360622406006e-01
1.403407305479049683e-01
1.556907743215560913e-01
1.677789092063903809e-01
2.015229314565658569e-01
1.267635673284530640e-01
1.473980247974395752e-01
1.275202333927154541e-01
1.444687843322753906e-01
1.227457597851753235e-01
1.530907601118087769e-01
1.283648163080215454e-01
1.725983023643493652e-01
1.470907181501388550e-01
1.281509995460510254e-01
1.425242573022842407e-01
1.244619488716125488e-01
1.522007137537002563e-01
1.996410638093948364e-01
1.251305341720581055e-01
2.058104723691940308e-01
1.210280582308769226e-01
1.384009569883346558e-01
1.414034813642501831e-01
1.370531171560287476e-01
1.408148705959320068e-01
1.603593230247497559e-01
1.368123739957809448e-01
1.600202471017837524e-01
1.659944802522659302e-01
1.261935085058212280e-01
1.515254378318786621e-01
1.483350396156311035e-01
1.382985562086105347e-01
1.508073210716247559e-01
1.573063284158706665e-01
1.466035395860671997e-01
1.401491463184356689e-01
1.461606174707412720e-01
1.304857879877090454e-01
1.501852720975875854e-01
1.299452334642410278e-01
1.241709068417549133e-01
1.468629688024520874e-01
1.282691508531570435e-01
1.328260451555252075e-01
1.406370997428894043e-01
1.801647543907165527e-01
1.049178242683410645e-01
1.404392570257186890e-01
1.524497121572494507e-01
1.411437839269638062e-01
1.578123569488525391e-01
1.345543116331100464e-01
1.371628195047378540e-01
1.244074106216430664e-01
1.297654658555984497e-01
1.148271635174751282e-01
1.792893856763839722e-01
1.977862119674682617e-01
1.324394494295120239e-01
1.559409350156784058e-01
1.381725221872329712e-01
1.726338267326354980e-01
1.324714571237564087e-01
1.510399430990219116e-01
1.281432062387466431e-01
1.521829813718795776e-01
1.456259638071060181e-01
2.163348644971847534e-01
1.287443637847900391e-01
1.396083086729049683e-01
1.343508809804916382e-01
1.393063664436340332e-01
1.397687047719955444e-01
1.291448175907135010e-01
1.483998894691467285e-01
1.296260207891464233e-01
1.483743786811828613e-01
1.277509182691574097e-01
1.530906856060028076e-01
1.628289967775344849e-01
1.428618133068084717e-01
1.372853070497512817e-01
1.231747046113014221e-01
1.225942745804786682e-01
1.501080542802810669e-01
1.280926465988159180e-01
1.419188976287841797e-01
1.575821191072463989e-01
1.280444562435150146e-01
1.936577558517456055e-01
1.243231371045112610e-01
1.460414677858352661e-01
1.349105387926101685e-01
1.267896145582199097e-01
1.400928646326065063e-01
1.325618028640747070e-01
1.390738040208816528e-01
1.478399634361267090e-01
1.244324669241905212e-01
1.390629857778549194e-01
1.476553082466125488e-01
1.413868218660354614e-01
1.286308169364929199e-01
1.478406637907028198e-01
1.462190598249435425e-01
1.374465376138687134e-01
1.363155692815780640e-01
1.323269307613372803e-01
1.328209191560745239e-01
1.539986729621887207e-01
1.688058227300643921e-01
1.331991553306579590e-01
1.208264157176017761e-01
1.548824459314346313e-01
1.450321972370147705e-01
1.280635148286819458e-01
1.508910059928894043e-01
1.301323622465133667e-01
1.492428034543991089e-01
1.350176483392715454e-01
1.244024857878684998e-01
1.396727859973907471e-01
1.338825821876525879e-01
1.347636282444000244e-01
1.524265110492706299e-01
1.460307389497756958e-01
1.609339267015457153e-01
1.265070885419845581e-01
1.327966451644897461e-01
1.550221294164657593e-01
1.349061429500579834e-01
1.316749304533004761e-01
1.422953456640243530e-01
1.575837582349777222e-01
1.476798653602600098e-01
1.341283172369003296e-01
1.608320474624633789e-01
1.349171102046966553e-01
1.616655737161636353e-01
1.492189168930053711e-01
1.652945429086685181e-01
1.571332067251205444e-01
1.410137712955474854e-01
1.774498373270034790e-01
1.490283161401748657e-01
1.575028300285339355e-01
1.557726562023162842e-01
1.877018064260482788e-01
1.507501751184463501e-01
1.382334381341934204e-01
1.378043293952941895e-01
2.225975245237350464e-01
1.532491296529769897e-01
1.582423895597457886e-01
1.397007852792739868e-01
1.625802814960479736e-01
2.312619537115097046e-01
1.494726091623306274e-01
1.825722306966781616e-01
1.620559841394424438e-01
2.174146920442581177e-01
1.418808251619338989e-01
1.587539613246917725e-01
1.895925253629684448e-01
1.262095719575881958e-01
1.435846388339996338e-01
1.336971074342727661e-01
2.036627531051635742e-01
1.464856117963790894e-01
1.294796019792556763e-01
1.478057950735092163e-01
1.443839818239212036e-01
1.532946974039077759e-01
1.754590421915054321e-01
1.379554122686386108e-01
1.482441872358322144e-01
1.572413593530654907e-01
1.422975808382034302e-01
1.421795636415481567e-01
1.378727108240127563e-01
1.500709652900695801e-01
1.248440146446228027e-01
1.526801586151123047e-01
1.480266004800796509e-01
1.166933774948120117e-01
1.589838564395904541e-01
1.578014642000198364e-01
1.470247060060501099e-01
1.336288750171661377e-01
1.455601900815963745e-01
1.383285075426101685e-01
1.559030264616012573e-01
1.390774101018905640e-01
1.520891934633255005e-01
1.407991796731948853e-01
1.440736204385757446e-01
1.654561758041381836e-01
1.387675851583480835e-01
1.449314057826995850e-01
1.527313441038131714e-01
1.329733133316040039e-01
1.328322738409042358e-01
1.362153738737106323e-01
1.639111489057540894e-01
1.320750564336776733e-01
1.401412636041641235e-01
1.403713673353195190e-01
1.402430683374404907e-01
1.442421674728393555e-01
1.664410233497619629e-01
1.732728928327560425e-01
1.493810266256332397e-01
1.277344673871994019e-01
1.399639099836349487e-01
1.479438394308090210e-01
1.465805023908615112e-01
1.374868601560592651e-01
1.628820449113845825e-01
1.516672372817993164e-01
1.716691404581069946e-01
1.488695740699768066e-01
1.932737678289413452e-01
1.404461115598678589e-01
1.288186609745025635e-01
1.783673763275146484e-01
1.549598723649978638e-01
1.319531649351119995e-01
1.460975557565689087e-01
1.305090039968490601e-01
1.287689656019210815e-01
1.412353664636611938e-01
1.302112787961959839e-01
1.556206494569778442e-01
1.378470957279205322e-01
1.379617452621459961e-01
1.353535801172256470e-01
1.563969850540161133e-01
1.444468945264816284e-01
1.481357961893081665e-01
2.773787081241607666e-01
1.752602905035018921e-01
1.597529798746109009e-01
1.421374529600143433e-01
1.447788029909133911e-01
1.628068238496780396e-01
1.796024292707443237e-01
1.504607647657394409e-01
1.383815556764602661e-01
1.388648450374603271e-01
1.218195557594299316e-01
1.356558799743652344e-01
1.409306079149246216e-01
1.577908694744110107e-01
1.447772532701492310e-01
1.565373837947845459e-01
1.519029438495635986e-01
1.634870171546936035e-01
1.711661815643310547e-01
1.651756018400192261e-01
1.633703559637069702e-01
1.392976045608520508e-01
1.365238875150680542e-01
1.394931524991989136e-01
1.463175415992736816e-01
1.526556462049484253e-01
1.265582293272018433e-01
1.333551555871963501e-01
1.577459126710891724e-01
1.296658366918563843e-01
1.555276066064834595e-01
1.685963124036788940e-01
1.425437331199645996e-01
1.497282385826110840e-01
1.422810405492782593e-01
1.487717032432556152e-01
1.367540210485458374e-01
1.617910563945770264e-01
1.265175342559814453e-01
1.420936733484268188e-01
1.947936564683914185e-01
1.634006202220916748e-01
1.404707878828048706e-01
1.464484930038452148e-01
1.791910678148269653e-01
1.143397018313407898e-01
1.561109572649002075e-01
1.394362002611160278e-01
1.395435780286788940e-01
1.343801766633987427e-01
1.510626822710037231e-01
2.358054369688034058e-01
1.565388590097427368e-01
1.340782344341278076e-01
1.401664465665817261e-01
1.427415460348129272e-01
1.426913887262344360e-01
1.399710327386856079e-01
1.449729353189468384e-01
1.325573027133941650e-01
1.241440102458000183e-01
1.376268863677978516e-01
1.269028633832931519e-01
1.565874963998794556e-01
1.240691319108009338e-01
1.441007703542709351e-01
1.457676142454147339e-01
1.468777358531951904e-01
1.421161144971847534e-01
1.404775232076644897e-01
1.389977633953094482e-01
1.476612240076065063e-01
1.453575938940048218e-01
1.579543501138687134e-01
1.603266745805740356e-01
1.514859497547149658e-01
1.375357061624526978e-01
1.404302716255187988e-01
1.394398361444473267e-01
1.469850838184356689e-01
1.377015262842178345e-01
1.592192500829696655e-01
1.730671674013137817e-01
1.716139167547225952e-01
1.421432942152023315e-01
1.408614069223403931e-01
1.649947464466094971e-01
1.341938525438308716e-01
1.590921878814697266e-01
1.468853205442428589e-01
1.429953426122665405e-01
1.417375057935714722e-01
1.424014717340469360e-01
1.281061917543411255e-01
1.446816474199295044e-01
1.585764884948730469e-01
1.318028718233108521e-01
1.521110981702804565e-01
1.621622890233993530e-01
1.581698656082153320e-01
1.436576992273330688e-01
1.577447503805160522e-01
1.494708508253097534e-01
1.412294954061508179e-01
1.352914571762084961e-01
1.412732452154159546e-01
1.463346779346466064e-01
1.373753398656845093e-01
1.645480245351791382e-01
1.510617136955261230e-01
1.486459523439407349e-01
1.642320901155471802e-01
1.248488202691078186e-01
1.457610577344894409e-01
1.740147620439529419e-01
1.740532666444778442e-01
1.542689651250839233e-01
1.198277249932289124e-01
2.330817133188247681e-01
1.294870376586914062e-01
1.611623913049697876e-01
1.363880485296249390e-01
1.267518550157546997e-01
1.507618874311447144e-01
1.445610374212265015e-01
1.429998129606246948e-01
1.333379000425338745e-01
1.337527930736541748e-01
1.406000703573226929e-01
1.241105273365974426e-01
1.703210473060607910e-01
1.403447240591049194e-01
1.596714109182357788e-01
1.411640048027038574e-01
1.355830430984497070e-01
1.663946956396102905e-01
1.280710995197296143e-01
1.406286209821701050e-01
1.603854149580001831e-01
1.267415732145309448e-01
1.552354544401168823e-01
1.420699208974838257e-01
1.693713814020156860e-01
1.424292623996734619e-01
1.285916119813919067e-01
1.450848877429962158e-01
1.330171972513198853e-01
1.368737071752548218e-01
1.766499727964401245e-01
1.370521932840347290e-01
1.334987431764602661e-01
1.340190321207046509e-01
1.348931342363357544e-01
1.483031064271926880e-01
1.309151053428649902e-01
1.276956647634506226e-01
1.241173073649406433e-01
1.213690638542175293e-01
1.357837468385696411e-01
1.402592808008193970e-01
1.232450604438781738e-01
1.407550275325775146e-01
1.317462176084518433e-01
1.355535686016082764e-01
1.262835264205932617e-01
1.260618567466735840e-01
1.422876864671707153e-01
1.351171731948852539e-01
1.488139629364013672e-01
1.384428441524505615e-01
1.364456117153167725e-01
1.261977851390838623e-01
1.364764124155044556e-01
1.392619162797927856e-01
1.330965608358383179e-01
2.267348915338516235e-01
1.386171728372573853e-01
1.109667122364044189e-01
1.168102994561195374e-01
1.512347757816314697e-01
1.299542933702468872e-01
1.311277300119400024e-01
1.306486874818801880e-01
1.287264376878738403e-01
1.304790824651718140e-01
1.496199816465377808e-01
1.350907534360885620e-01
1.574421375989913940e-01
1.605462580919265747e-01
1.364664435386657715e-01
1.354059576988220215e-01
1.648238748311996460e-01
1.232191622257232666e-01
1.493067592382431030e-01
1.475162506103515625e-01
1.332911700010299683e-01
1.274832785129547119e-01
1.339160799980163574e-01
1.392994374036788940e-01
1.601581424474716187e-01
2.576550245285034180e-01
1.492988467216491699e-01
1.585544049739837646e-01
1.213135644793510437e-01
1.367716044187545776e-01
1.465216279029846191e-01
1.327205151319503784e-01
1.628570407629013062e-01
1.206421628594398499e-01
1.295354217290878296e-01
1.524548381567001343e-01
1.446212083101272583e-01
1.291985511779785156e-01
1.401653140783309937e-01
1.408961266279220581e-01
1.351256519556045532e-01
1.321672052145004272e-01
1.533461064100265503e-01
1.468569934368133545e-01
1.460372954607009888e-01
1.207742765545845032e-01
2.018907219171524048e-01
1.632236391305923462e-01
1.363694071769714355e-01
1.581753492355346680e-01
1.464042216539382935e-01
1.086263060569763184e-01
1.200408712029457092e-01
1.345872879028320312e-01
1.549821794033050537e-01
1.473724544048309326e-01
1.440472155809402466e-01
1.314854174852371216e-01
1.593781560659408569e-01
1.554234474897384644e-01
1.431734114885330200e-01
1.249345764517784119e-01
1.570848375558853149e-01
1.446429789066314697e-01
1.399504691362380981e-01
1.585588902235031128e-01
1.419067233800888062e-01
1.708148270845413208e-01
1.545587331056594849e-01
1.392406076192855835e-01
1.687430590391159058e-01
1.434779763221740723e-01
1.483359485864639282e-01
1.579390764236450195e-01
1.408813744783401489e-01
1.511285752058029175e-01
1.613914817571640015e-01
1.372636109590530396e-01
1.453942209482192993e-01
1.309264749288558960e-01
1.659080982208251953e-01
1.296869963407516479e-01
1.205610409379005432e-01
1.354751735925674438e-01
1.476985663175582886e-01
1.383303403854370117e-01
2.020269483327865601e-01
1.405758410692214966e-01
1.724733263254165649e-01
1.507022231817245483e-01
1.441038101911544800e-01
1.704390645027160645e-01
