1.259285360574722290e-01
1.349842697381973267e-01
1.266405582427978516e-01
1.203169822692871094e-01
1.487702280282974243e-01
1.191320717334747314e-01
1.271530985832214355e-01
1.093741059303283691e-01
1.378370374441146851e-01
1.453130394220352173e-01
1.232575401663780212e-01
1.209877654910087585e-01
1.060437634587287903e-01
1.071781516075134277e-01
1.515294909477233887e-01
1.219857409596443176e-01
1.297473907470703125e-01
1.322529911994934082e-01
1.149221435189247131e-01
1.397448033094406128e-01
1.367637962102890015e-01
1.674046069383621216e-01
1.199949383735656738e-01
1.396528035402297974e-01
1.049908399581909180e-01
1.350394040346145630e-01
1.263162344694137573e-01
1.056118905544281006e-01
1.440130025148391724e-01
1.184856817126274109e-01
1.311715990304946899e-01
1.556804329156875610e-01
1.352300494909286499e-01
1.835560649633407593e-01
1.550134420394897461e-01
1.295693814754486084e-01
1.245683953166007996e-01
1.373387128114700317e-01
1.590534299612045288e-01
1.371680796146392822e-01
1.701466441154479980e-01
1.610934287309646606e-01
1.203138604760169983e-01
1.349094212055206299e-01
1.296322494745254517e-01
1.140448227524757385e-01
1.322541087865829468e-01
1.376053839921951294e-01
1.234209537506103516e-01
1.217762008309364319e-01
1.262427419424057007e-01
2.225293964147567749e-01
1.303167343139648438e-01
1.454048752784729004e-01
1.220189109444618225e-01
1.974557638168334961e-01
1.457441598176956177e-01
1.144292354583740234e-01
1.383586972951889038e-01
1.132229045033454895e-01
1.102272048592567444e-01
1.283749043941497803e-01
1.322894841432571411e-01
1.381140798330307007e-01
1.132789924740791321e-01
1.368173211812973022e-01
1.292295008897781372e-01
1.294813007116317749e-01
1.192956343293190002e-01
1.309732496738433838e-01
1.265176683664321899e-01
1.430430114269256592e-01
1.281948983669281006e-01
1.396880000829696655e-01
1.170509457588195801e-01
1.442407220602035522e-01
1.326142102479934692e-01
1.337646991014480591e-01
1.259894669055938721e-01
1.367694884538650513e-01
1.449230760335922241e-01
1.414029747247695923e-01
1.432888507843017578e-01
1.333032399415969849e-01
1.813032478094100952e-01
1.169926226139068604e-01
1.350520402193069458e-01
1.429696679115295410e-01
1.361410170793533325e-01
1.263259649276733398e-01
1.376921981573104858e-01
1.475159674882888794e-01
1.282631903886795044e-01
1.606147736310958862e-01
1.255052238702774048e-01
1.334118396043777466e-01
1.536402255296707153e-01
1.385312080383300781e-01
1.243566349148750305e-01
1.491826027631759644e-01
1.277591139078140259e-01
1.407005190849304199e-01
1.114128604531288147e-01
1.342604756355285645e-01
1.460250467061996460e-01
1.308191269636154175e-01
1.120525971055030823e-01
1.316746622323989868e-01
1.233791336417198181e-01
1.289952248334884644e-01
1.152747198939323425e-01
1.196193918585777283e-01
1.151613965630531311e-01
1.399200856685638428e-01
1.466057151556015015e-01
1.068500578403472900e-01
1.210575103759765625e-01
1.292987614870071411e-01
1.367726922035217285e-01
1.056585609912872314e-01
1.206508055329322815e-01
1.080383062362670898e-01
1.326069384813308716e-01
1.516439020633697510e-01
1.300003975629806519e-01
1.187394186854362488e-01
1.199496760964393616e-01
1.218762993812561035e-01
1.171467378735542297e-01
1.199198961257934570e-01
1.182021722197532654e-01
1.161597967147827148e-01
1.424590200185775757e-01
1.345180422067642212e-01
1.314192116260528564e-01
1.128720566630363464e-01
1.344722360372543335e-01
1.439628750085830688e-01
1.307531446218490601e-01
1.226395070552825928e-01
1.351076513528823853e-01
1.219614818692207336e-01
1.328355818986892700e-01
1.242103353142738342e-01
1.129809319972991943e-01
1.565224081277847290e-01
1.165936589241027832e-01
1.277621239423751831e-01
1.290688961744308472e-01
1.421930044889450073e-01
1.327675431966781616e-01
1.460025012493133545e-01
1.273853033781051636e-01
1.264474987983703613e-01
1.358482837677001953e-01
1.123488172888755798e-01
1.240332648158073425e-01
1.141234561800956726e-01
1.324780285358428955e-01
1.236400604248046875e-01
1.238400414586067200e-01
1.294702291488647461e-01
1.319628804922103882e-01
1.101846396923065186e-01
1.290525048971176147e-01
1.329346299171447754e-01
1.278488934040069580e-01
1.155078038573265076e-01
1.187523677945137024e-01
1.155259311199188232e-01
1.343811750411987305e-01
1.167339682579040527e-01
1.171210631728172302e-01
1.244702339172363281e-01
1.247488483786582947e-01
1.375724226236343384e-01
1.425951123237609863e-01
1.310281008481979370e-01
1.394939273595809937e-01
1.335543990135192871e-01
1.369027644395828247e-01
1.202353835105895996e-01
1.210284158587455750e-01
1.403900235891342163e-01
1.148321032524108887e-01
1.419337987899780273e-01
1.461996883153915405e-01
1.237589791417121887e-01
1.242579296231269836e-01
1.269767731428146362e-01
1.372828036546707153e-01
1.173638924956321716e-01
1.357898712158203125e-01
1.404455304145812988e-01
1.536047309637069702e-01
1.583103388547897339e-01
1.163636967539787292e-01
1.198538541793823242e-01
1.059153974056243896e-01
1.167580410838127136e-01
1.413407027721405029e-01
1.171700656414031982e-01
1.294621825218200684e-01
1.300304681062698364e-01
1.249381899833679199e-01
1.272285282611846924e-01
1.225028708577156067e-01
1.201531291007995605e-01
1.339330524206161499e-01
1.285074949264526367e-01
1.452974230051040649e-01
2.030392289161682129e-01
1.345958560705184937e-01
1.073122844099998474e-01
1.154771447181701660e-01
1.280277371406555176e-01
1.262999922037124634e-01
1.349038332700729370e-01
1.207214966416358948e-01
1.418841183185577393e-01
1.062796786427497864e-01
1.422073096036911011e-01
1.160270944237709045e-01
1.379370093345642090e-01
1.475165933370590210e-01
1.471019238233566284e-01
1.563414484262466431e-01
1.484149247407913208e-01
1.377007365226745605e-01
1.388224363327026367e-01
1.245720759034156799e-01
1.218982562422752380e-01
1.369913369417190552e-01
1.161519289016723633e-01
1.175562739372253418e-01
1.216051802039146423e-01
1.301342248916625977e-01
1.242696419358253479e-01
1.352931112051010132e-01
1.091448664665222168e-01
1.138881072402000427e-01
1.227986216545104980e-01
1.004196628928184509e-01
1.235403195023536682e-01
1.206623837351799011e-01
1.426706761121749878e-01
1.232809796929359436e-01
1.281050890684127808e-01
1.360998898744583130e-01
1.483201235532760620e-01
1.587700247764587402e-01
1.349897831678390503e-01
1.315335035324096680e-01
1.465690732002258301e-01
1.336330026388168335e-01
1.289675235748291016e-01
1.358556151390075684e-01
1.490858793258666992e-01
1.430082172155380249e-01
1.254913359880447388e-01
1.453108787536621094e-01
1.542212218046188354e-01
1.295112073421478271e-01
1.227843239903450012e-01
1.157968640327453613e-01
1.366038173437118530e-01
1.091147884726524353e-01
1.418520957231521606e-01
1.291993856430053711e-01
1.200562343001365662e-01
1.167405471205711365e-01
1.157259047031402588e-01
1.249672994017601013e-01
1.150208339095115662e-01
1.188384294509887695e-01
1.271567940711975098e-01
1.156037151813507080e-01
2.368406504392623901e-01
1.128170862793922424e-01
1.138809099793434143e-01
1.373389363288879395e-01
1.249559745192527771e-01
1.032000780105590820e-01
1.384943276643753052e-01
1.367167979478836060e-01
1.278531700372695923e-01
1.287733018398284912e-01
1.390588432550430298e-01
1.328879147768020630e-01
1.361687630414962769e-01
1.273632347583770752e-01
1.442506015300750732e-01
1.310015022754669189e-01
1.365379840135574341e-01
1.252632290124893188e-01
1.412584632635116577e-01
1.223811805248260498e-01
1.292002648115158081e-01
1.147710606455802917e-01
1.530584841966629028e-01
1.650439053773880005e-01
1.053527221083641052e-01
1.272610276937484741e-01
1.123475357890129089e-01
1.280128508806228638e-01
1.200647577643394470e-01
1.682842969894409180e-01
1.321531385183334351e-01
9.701403975486755371e-02
1.152971908450126648e-01
1.128160879015922546e-01
1.335233896970748901e-01
1.313026696443557739e-01
1.164603158831596375e-01
1.131290197372436523e-01
1.773587465286254883e-01
1.209767684340476990e-01
1.156048998236656189e-01
1.190849766135215759e-01
1.300110965967178345e-01
1.184864863753318787e-01
1.372965425252914429e-01
1.254762113094329834e-01
1.324201822280883789e-01
1.150970458984375000e-01
1.265807002782821655e-01
1.361114382743835449e-01
1.349269300699234009e-01
1.287475675344467163e-01
1.237244382500648499e-01
1.309268325567245483e-01
1.277135163545608521e-01
1.323878020048141479e-01
1.706752330064773560e-01
1.280268281698226929e-01
1.261981129646301270e-01
1.276150345802307129e-01
1.161363497376441956e-01
1.218922138214111328e-01
1.260212361812591553e-01
1.394879370927810669e-01
1.077219545841217041e-01
1.367984563112258911e-01
1.551807969808578491e-01
1.558733135461807251e-01
1.306980699300765991e-01
1.253501027822494507e-01
1.420818716287612915e-01
1.310499906539916992e-01
1.335843950510025024e-01
1.181057989597320557e-01
1.385089457035064697e-01
1.459679156541824341e-01
1.228065490722656250e-01
1.317225545644760132e-01
1.355310976505279541e-01
1.233830228447914124e-01
1.188287436962127686e-01
1.308777630329132080e-01
1.933020204305648804e-01
1.502809375524520874e-01
1.410537660121917725e-01
1.472505778074264526e-01
1.152950823307037354e-01
1.264918297529220581e-01
1.334098130464553833e-01
1.325930655002593994e-01
1.382898539304733276e-01
1.403272897005081177e-01
1.075838804244995117e-01
1.113223508000373840e-01
1.248975470662117004e-01
1.069230064749717712e-01
1.114215180277824402e-01
1.196846142411231995e-01
1.541786789894104004e-01
1.280616670846939087e-01
1.210941448807716370e-01
1.381971389055252075e-01
1.484648287296295166e-01
1.235141530632972717e-01
1.271559149026870728e-01
1.119034886360168457e-01
1.263251453638076782e-01
1.186965033411979675e-01
1.323844194412231445e-01
1.119403839111328125e-01
1.380502879619598389e-01
1.543963998556137085e-01
1.260592937469482422e-01
1.216574385762214661e-01
1.396936178207397461e-01
1.361861377954483032e-01
1.440826654434204102e-01
1.218467950820922852e-01
1.260439753532409668e-01
1.340296864509582520e-01
1.189328059554100037e-01
1.421761661767959595e-01
1.017183288931846619e-01
1.594976931810379028e-01
1.603501737117767334e-01
1.683077216148376465e-01
1.257494539022445679e-01
1.158578991889953613e-01
1.586416810750961304e-01
1.151896119117736816e-01
1.300650388002395630e-01
1.431023031473159790e-01
1.203676462173461914e-01
1.189290583133697510e-01
1.228126659989356995e-01
1.397689431905746460e-01
1.251865476369857788e-01
1.167680397629737854e-01
1.341173201799392700e-01
1.406248360872268677e-01
1.203924417495727539e-01
1.239396855235099792e-01
1.388310641050338745e-01
1.287515014410018921e-01
1.155682429671287537e-01
1.260929256677627563e-01
1.398664712905883789e-01
1.569413095712661743e-01
1.231368556618690491e-01
1.423135101795196533e-01
1.310897320508956909e-01
1.313982903957366943e-01
1.276176124811172485e-01
1.381464451551437378e-01
1.301254928112030029e-01
1.372082680463790894e-01
1.078786030411720276e-01
1.270340830087661743e-01
1.250552684068679810e-01
1.450284868478775024e-01
1.301449090242385864e-01
1.149803176522254944e-01
1.361654996871948242e-01
1.199918612837791443e-01
1.189784780144691467e-01
1.363854110240936279e-01
1.246765330433845520e-01
1.120186522603034973e-01
1.165992915630340576e-01
1.291507780551910400e-01
1.318874806165695190e-01
1.320393532514572144e-01
1.291251629590988159e-01
1.083308532834053040e-01
1.116736754775047302e-01
1.700319200754165649e-01
1.265263706445693970e-01
1.298028230667114258e-01
1.155399307608604431e-01
1.153057217597961426e-01
1.467569768428802490e-01
1.166179105639457703e-01
1.319488435983657837e-01
1.498793065547943115e-01
1.077972874045372009e-01
1.120757758617401123e-01
1.262335032224655151e-01
1.221671178936958313e-01
1.110204085707664490e-01
1.268619596958160400e-01
1.144072487950325012e-01
1.272803097963333130e-01
1.222065761685371399e-01
1.333754807710647583e-01
1.714832782745361328e-01
1.386161893606185913e-01
1.279462575912475586e-01
1.323028653860092163e-01
1.268752217292785645e-01
1.178165972232818604e-01
1.322593390941619873e-01
1.279359608888626099e-01
1.365027278661727905e-01
1.371218264102935791e-01
1.375186890363693237e-01
1.387963294982910156e-01
1.889135688543319702e-01
1.402469575405120850e-01
2.152280211448669434e-01
1.200604066252708435e-01
1.390172690153121948e-01
1.357203871011734009e-01
1.074073389172554016e-01
1.433458477258682251e-01
1.294384151697158813e-01
1.028923094272613525e-01
1.396757811307907104e-01
1.423679590225219727e-01
1.261257380247116089e-01
1.140169799327850342e-01
1.341964453458786011e-01
1.214685514569282532e-01
1.341209262609481812e-01
1.303501725196838379e-01
1.059091016650199890e-01
1.894717961549758911e-01
1.077123060822486877e-01
1.396020799875259399e-01
1.197834685444831848e-01
1.243891343474388123e-01
1.202687621116638184e-01
1.383910626173019409e-01
1.057234480977058411e-01
1.507305353879928589e-01
1.391584277153015137e-01
1.232243850827217102e-01
1.313041448593139648e-01
1.174862757325172424e-01
1.379093974828720093e-01
1.359250545501708984e-01
1.442008465528488159e-01
1.061421409249305725e-01
1.574487239122390747e-01
1.298266798257827759e-01
1.089000180363655090e-01
1.064780652523040771e-01
1.105648800730705261e-01
1.256632506847381592e-01
1.198425367474555969e-01
1.330371648073196411e-01
1.449796110391616821e-01
1.255432665348052979e-01
1.667885929346084595e-01
1.634101420640945435e-01
1.193267926573753357e-01
1.455791592597961426e-01
1.276859194040298462e-01
1.474006772041320801e-01
1.453081220388412476e-01
1.173493638634681702e-01
1.221977844834327698e-01
1.313982903957366943e-01
1.449393033981323242e-01
1.434841006994247437e-01
1.284131556749343872e-01
1.202892363071441650e-01
1.301999241113662720e-01
1.228135526180267334e-01
1.293864846229553223e-01
1.218552887439727783e-01
1.407129019498825073e-01
1.188135370612144470e-01
1.269000917673110962e-01
1.174089536070823669e-01
1.246722340583801270e-01
1.309862732887268066e-01
1.190430596470832825e-01
1.209641024470329285e-01
1.131160855293273926e-01
1.228604912757873535e-01
1.299410611391067505e-01
1.415560990571975708e-01
1.205097809433937073e-01
1.300948262214660645e-01
1.421840637922286987e-01
1.361127346754074097e-01
1.180036962032318115e-01
1.172864213585853577e-01
1.398085206747055054e-01
1.281042695045471191e-01
1.238956451416015625e-01
1.240102276206016541e-01
1.211669817566871643e-01
1.516675502061843872e-01
1.338823288679122925e-01
1.241207718849182129e-01
1.307355165481567383e-01
1.332845091819763184e-01
1.258077174425125122e-01
1.534092873334884644e-01
1.522366255521774292e-01
1.262099742889404297e-01
1.490656733512878418e-01
1.226452589035034180e-01
1.681786030530929565e-01
1.410501152276992798e-01
1.233821138739585876e-01
1.431939303874969482e-01
1.350807249546051025e-01
1.358073800802230835e-01
1.614119559526443481e-01
1.287539750337600708e-01
1.300324052572250366e-01
1.702217012643814087e-01
1.612258404493331909e-01
1.228966489434242249e-01
1.627956628799438477e-01
1.624599546194076538e-01
1.315303146839141846e-01
1.184230670332908630e-01
1.506423503160476685e-01
1.313035786151885986e-01
1.457705050706863403e-01
1.503069996833801270e-01
1.472235471010208130e-01
1.512040942907333374e-01
1.358132511377334595e-01
1.451555043458938599e-01
1.517468839883804321e-01
1.406865119934082031e-01
1.555100828409194946e-01
1.377394050359725952e-01
1.337976306676864624e-01
1.414469331502914429e-01
1.678714752197265625e-01
1.168333068490028381e-01
1.498579829931259155e-01
1.494887769222259521e-01
1.073172613978385925e-01
1.317072808742523193e-01
1.399935483932495117e-01
1.417383998632431030e-01
1.138920113444328308e-01
1.818231940269470215e-01
1.432289034128189087e-01
1.696270555257797241e-01
1.086288914084434509e-01
1.221231520175933838e-01
1.467711180448532104e-01
1.371331214904785156e-01
1.220133677124977112e-01
1.193189844489097595e-01
1.258483529090881348e-01
1.834033727645874023e-01
1.505124866962432861e-01
1.277904361486434937e-01
1.325392276048660278e-01
1.271195560693740845e-01
1.349927335977554321e-01
1.833529323339462280e-01
1.112441495060920715e-01
1.133797764778137207e-01
1.298502832651138306e-01
1.410796642303466797e-01
1.552565097808837891e-01
1.171219050884246826e-01
1.326747238636016846e-01
1.218671873211860657e-01
1.358371526002883911e-01
1.203443780541419983e-01
1.292585879564285278e-01
1.349573880434036255e-01
1.363769024610519409e-01
1.308151334524154663e-01
1.209882497787475586e-01
1.312088817358016968e-01
1.196463406085968018e-01
1.348888725042343140e-01
1.200178340077400208e-01
1.131772100925445557e-01
1.131162941455841064e-01
1.467558294534683228e-01
1.162541732192039490e-01
1.454415172338485718e-01
1.092916652560234070e-01
1.079433262348175049e-01
1.184834241867065430e-01
1.221520826220512390e-01
1.342678219079971313e-01
1.059760153293609619e-01
1.077634990215301514e-01
1.286350339651107788e-01
1.373624205589294434e-01
1.179159805178642273e-01
1.395713984966278076e-01
1.196128949522972107e-01
1.087528765201568604e-01
1.315928250551223755e-01
1.217860504984855652e-01
1.488626003265380859e-01
1.381759196519851685e-01
1.205938458442687988e-01
1.190153658390045166e-01
1.219035089015960693e-01
1.384462565183639526e-01
9.985360503196716309e-02
1.285482794046401978e-01
1.349386721849441528e-01
1.026806309819221497e-01
1.115375757217407227e-01
1.218855753540992737e-01
1.192319616675376892e-01
1.461607813835144043e-01
1.275721490383148193e-01
1.342450827360153198e-01
1.574116349220275879e-01
1.151843443512916565e-01
1.257778853178024292e-01
1.244935169816017151e-01
1.243618354201316833e-01
1.320647150278091431e-01
1.123773977160453796e-01
1.319789141416549683e-01
1.100425943732261658e-01
1.155027970671653748e-01
1.615722626447677612e-01
1.429954618215560913e-01
1.357620954513549805e-01
1.314795911312103271e-01
1.167376041412353516e-01
1.598475277423858643e-01
1.520673483610153198e-01
1.181189492344856262e-01
1.228743568062782288e-01
1.228260397911071777e-01
1.046296432614326477e-01
1.243308261036872864e-01
1.287326365709304810e-01
1.222925111651420593e-01
1.216454431414604187e-01
1.136020496487617493e-01
1.271288841962814331e-01
1.254444569349288940e-01
1.222543716430664062e-01
1.262581795454025269e-01
1.328147351741790771e-01
1.110071763396263123e-01
1.540983021259307861e-01
1.135738715529441833e-01
1.676564663648605347e-01
1.224514618515968323e-01
1.389307081699371338e-01
1.233320236206054688e-01
1.278528571128845215e-01
1.091648936271667480e-01
1.331241875886917114e-01
1.323958635330200195e-01
1.342534571886062622e-01
1.266392767429351807e-01
1.711804717779159546e-01
1.327141225337982178e-01
1.963070034980773926e-01
1.338905841112136841e-01
1.245791316032409668e-01
1.219630539417266846e-01
1.217454671859741211e-01
1.408212631940841675e-01
1.287152618169784546e-01
1.147731319069862366e-01
1.346618682146072388e-01
1.307057589292526245e-01
1.388542801141738892e-01
1.427649408578872681e-01
1.203937828540802002e-01
1.218142136931419373e-01
1.400081664323806763e-01
1.027088686823844910e-01
1.143795251846313477e-01
1.574520021677017212e-01
1.289227306842803955e-01
1.726293116807937622e-01
1.379892677068710327e-01
1.228516176342964172e-01
1.474026292562484741e-01
1.268895417451858521e-01
1.235059127211570740e-01
1.147119775414466858e-01
1.331330239772796631e-01
1.119349971413612366e-01
1.218047142028808594e-01
1.101821884512901306e-01
1.190285906195640564e-01
1.469686329364776611e-01
1.160641312599182129e-01
1.383012682199478149e-01
1.287199407815933228e-01
1.100714206695556641e-01
1.210083588957786560e-01
1.246329545974731445e-01
1.274389475584030151e-01
1.144787892699241638e-01
1.283530741930007935e-01
1.243407204747200012e-01
1.296057105064392090e-01
1.332904547452926636e-01
1.080428063869476318e-01
1.140594482421875000e-01
1.426621228456497192e-01
1.187928393483161926e-01
1.226272806525230408e-01
1.141313537955284119e-01
1.274572759866714478e-01
1.145472303032875061e-01
1.337006241083145142e-01
1.459965854883193970e-01
1.185780242085456848e-01
1.253388673067092896e-01
1.148814484477043152e-01
1.460948586463928223e-01
1.540889143943786621e-01
1.343038529157638550e-01
1.457744687795639038e-01
1.407585442066192627e-01
1.343533247709274292e-01
1.265946179628372192e-01
1.190211549401283264e-01
1.192495748400688171e-01
1.133044660091400146e-01
1.198001131415367126e-01
1.607612818479537964e-01
1.215618327260017395e-01
1.577643007040023804e-01
1.461965292692184448e-01
1.481890976428985596e-01
1.332193613052368164e-01
1.278353929519653320e-01
1.210775077342987061e-01
1.283954828977584839e-01
1.142773255705833435e-01
1.245754286646842957e-01
1.209369897842407227e-01
1.161086484789848328e-01
1.215448901057243347e-01
1.036473214626312256e-01
1.146291270852088928e-01
1.182667315006256104e-01
1.102973520755767822e-01
1.283858567476272583e-01
1.164667978882789612e-01
1.197627112269401550e-01
1.263014823198318481e-01
1.238354146480560303e-01
1.227984353899955750e-01
1.220388412475585938e-01
1.246486604213714600e-01
1.220983043313026428e-01
1.128181815147399902e-01
1.025447472929954529e-01
1.316611319780349731e-01
1.264267265796661377e-01
1.262415647506713867e-01
1.138726845383644104e-01
9.753344208002090454e-02
1.200791373848915100e-01
1.008589640259742737e-01
1.302707046270370483e-01
1.127223446965217590e-01
1.273231953382492065e-01
1.280331760644912720e-01
1.204785183072090149e-01
1.388696730136871338e-01
1.135509982705116272e-01
1.405610740184783936e-01
1.014353409409523010e-01
1.280221343040466309e-01
1.222598776221275330e-01
1.195478960871696472e-01
1.425137966871261597e-01
1.287472248077392578e-01
1.265011429786682129e-01
1.433224231004714966e-01
1.370165646076202393e-01
1.102235615253448486e-01
1.479540914297103882e-01
1.187445819377899170e-01
2.675576508045196533e-01
1.402811408042907715e-01
1.192882582545280457e-01
1.251284629106521606e-01
1.265528500080108643e-01
1.190674602985382080e-01
1.181752905249595642e-01
1.367903798818588257e-01
1.180843338370323181e-01
1.206099390983581543e-01
1.369693130254745483e-01
1.212401390075683594e-01
1.312974840402603149e-01
1.352034956216812134e-01
1.311259865760803223e-01
1.128484830260276794e-01
1.228282824158668518e-01
1.039868369698524475e-01
1.291520595550537109e-01
1.385221630334854126e-01
1.278717964887619019e-01
1.283822357654571533e-01
1.411106288433074951e-01
1.131536364555358887e-01
1.247319877147674561e-01
1.267965883016586304e-01
1.258426159620285034e-01
1.203283444046974182e-01
1.147192046046257019e-01
1.147490441799163818e-01
1.167706772685050964e-01
1.846241950988769531e-01
1.217565536499023438e-01
1.109478175640106201e-01
1.152011156082153320e-01
1.593231707811355591e-01
1.388654112815856934e-01
1.376536935567855835e-01
1.265784651041030884e-01
1.260560899972915649e-01
1.137900128960609436e-01
1.282471269369125366e-01
1.308536082506179810e-01
1.211539432406425476e-01
1.118865832686424255e-01
1.259389817714691162e-01
1.149203777313232422e-01
1.335185915231704712e-01
1.216500997543334961e-01
1.631912142038345337e-01
1.442613750696182251e-01
1.466013789176940918e-01
1.173288822174072266e-01
1.669670194387435913e-01
1.226817965507507324e-01
1.284231990575790405e-01
1.469870507717132568e-01
1.605830192565917969e-01
1.211819872260093689e-01
1.149285510182380676e-01
1.228817328810691833e-01
1.192169189453125000e-01
1.216682195663452148e-01
1.215377226471900940e-01
1.386477500200271606e-01
1.256393641233444214e-01
1.291868835687637329e-01
1.268453449010848999e-01
1.215704306960105896e-01
1.163822188973426819e-01
1.148189380764961243e-01
1.151132807135581970e-01
1.357217729091644287e-01
1.289613246917724609e-01
1.269872188568115234e-01
1.243010386824607849e-01
1.196122244000434875e-01
1.041559278964996338e-01
1.179697290062904358e-01
1.636467725038528442e-01
1.312619298696517944e-01
1.437627524137496948e-01
1.510262936353683472e-01
1.214343011379241943e-01
1.135165989398956299e-01
1.212956979870796204e-01
1.317250877618789673e-01
1.283760517835617065e-01
1.164658591151237488e-01
1.417175382375717163e-01
1.332188844680786133e-01
1.238311529159545898e-01
9.745827317237854004e-02
1.216655597090721130e-01
1.253691762685775757e-01
1.229344978928565979e-01
1.391236037015914917e-01
1.290211528539657593e-01
1.248061880469322205e-01
1.634617447853088379e-01
1.135937497019767761e-01
1.262656301259994507e-01
1.234353482723236084e-01
1.283395737409591675e-01
1.200092807412147522e-01
1.262638121843338013e-01
1.475656479597091675e-01
1.298382431268692017e-01
1.380334645509719849e-01
1.171077862381935120e-01
1.247849538922309875e-01
1.220280751585960388e-01
1.188356876373291016e-01
1.173135861754417419e-01
1.235047280788421631e-01
1.760867834091186523e-01
1.111869588494300842e-01
1.303398758172988892e-01
1.071192249655723572e-01
1.350734531879425049e-01
1.379022300243377686e-01
1.211911216378211975e-01
1.299815624952316284e-01
1.414971351623535156e-01
1.249857023358345032e-01
1.106650605797767639e-01
1.291576623916625977e-01
1.116282343864440918e-01
1.236490681767463684e-01
1.119339540600776672e-01
1.240876913070678711e-01
2.173288315534591675e-01
1.461289674043655396e-01
1.092677712440490723e-01
1.349940747022628784e-01
1.237735077738761902e-01
1.075497046113014221e-01
1.295961588621139526e-01
1.389376372098922729e-01
1.361249834299087524e-01
1.402960419654846191e-01
1.288748979568481445e-01
1.152125075459480286e-01
1.066488102078437805e-01
1.258643716573715210e-01
1.279155164957046509e-01
1.233086958527565002e-01
1.347447186708450317e-01
1.189288720488548279e-01
1.069267764687538147e-01
1.242335662245750427e-01
1.245264485478401184e-01
1.511488705873489380e-01
1.193412914872169495e-01
1.048853397369384766e-01
1.361556202173233032e-01
1.307685226202011108e-01
1.286689937114715576e-01
1.093434691429138184e-01
1.099209859967231750e-01
1.295309215784072876e-01
1.032220423221588135e-01
1.128952130675315857e-01
1.266622245311737061e-01
1.546681374311447144e-01
1.136224269866943359e-01
1.290042549371719360e-01
1.310435533523559570e-01
1.216124519705772400e-01
1.522429436445236206e-01
1.202665194869041443e-01
1.380933523178100586e-01
1.297852396965026855e-01
1.189400032162666321e-01
1.369685232639312744e-01
1.208924725651741028e-01
1.285889297723770142e-01
1.432040780782699585e-01
1.190852820873260498e-01
1.192761287093162537e-01
1.129617467522621155e-01
1.590079814195632935e-01
1.197687014937400818e-01
1.066628918051719666e-01
1.252574771642684937e-01
1.204541325569152832e-01
1.252063661813735962e-01
1.238405033946037292e-01
1.112448275089263916e-01
1.136999502778053284e-01
1.212483644485473633e-01
1.154189482331275940e-01
1.139836385846138000e-01
1.234670057892799377e-01
1.194588169455528259e-01
1.081106737256050110e-01
1.385309994220733643e-01
1.111620366573333740e-01
1.338159739971160889e-01
1.212388053536415100e-01
1.311374455690383911e-01
1.411296874284744263e-01
1.429017633199691772e-01
1.223639249801635742e-01
1.239252015948295593e-01
1.208767816424369812e-01
1.331340223550796509e-01
1.098793745040893555e-01
1.254026293754577637e-01
1.238280758261680603e-01
1.121095120906829834e-01
1.293764561414718628e-01
1.598216891288757324e-01
1.480494588613510132e-01
1.113480553030967712e-01
1.291871666908264160e-01
1.314222216606140137e-01
1.076354980468750000e-01
1.309721916913986206e-01
1.211651265621185303e-01
1.663457900285720825e-01
2.225043177604675293e-01
1.083475127816200256e-01
1.235776767134666443e-01
1.330758184194564819e-01
1.316647827625274658e-01
1.241897717118263245e-01
1.168259456753730774e-01
1.014900207519531250e-01
1.284575760364532471e-01
1.206194981932640076e-01
1.407094746828079224e-01
1.428150087594985962e-01
1.067341566085815430e-01
1.490744203329086304e-01
1.198402568697929382e-01
1.192184984683990479e-01
1.260246336460113525e-01
1.266781985759735107e-01
1.199774518609046936e-01
1.242881938815116882e-01
1.362736970186233521e-01
1.014290228486061096e-01
1.293835192918777466e-01
1.376442462205886841e-01
1.284166574478149414e-01
1.544835120439529419e-01
1.213407739996910095e-01
1.259158402681350708e-01
1.157898381352424622e-01
1.298739612102508545e-01
1.418805569410324097e-01
1.173896417021751404e-01
1.015458628535270691e-01
1.177201792597770691e-01
1.300102025270462036e-01
1.328427195549011230e-01
1.426506042480468750e-01
1.173801422119140625e-01
1.220630034804344177e-01
1.360725313425064087e-01
1.253907829523086548e-01
1.186378970742225647e-01
1.360310316085815430e-01
1.108068227767944336e-01
1.380484104156494141e-01
1.359619200229644775e-01
1.197998225688934326e-01
1.266003102064132690e-01
1.293308883905410767e-01
1.293895989656448364e-01
1.208253726363182068e-01
1.091822981834411621e-01
1.168937385082244873e-01
1.250759959220886230e-01
1.328398585319519043e-01
1.311364918947219849e-01
1.268161088228225708e-01
1.226978227496147156e-01
1.150523796677589417e-01
1.374701410531997681e-01
1.171840727329254150e-01
1.524190306663513184e-01
1.248215436935424805e-01
1.378757208585739136e-01
1.388636380434036255e-01
1.418079882860183716e-01
1.198037788271903992e-01
1.269735097885131836e-01
1.188286766409873962e-01
1.358581334352493286e-01
1.088337898254394531e-01
1.277102082967758179e-01
1.129322946071624756e-01
1.359649300575256348e-01
1.279485970735549927e-01
1.334811896085739136e-01
1.241905093193054199e-01
1.371954530477523804e-01
1.153543591499328613e-01
1.472531259059906006e-01
1.430588662624359131e-01
1.313101500272750854e-01
1.239443048834800720e-01
1.220518872141838074e-01
1.205821335315704346e-01
1.377114206552505493e-01
1.425604671239852905e-01
1.202549263834953308e-01
1.256759315729141235e-01
1.282969564199447632e-01
1.245631501078605652e-01
1.221474334597587585e-01
1.147960722446441650e-01
1.290546804666519165e-01
1.290213316679000854e-01
2.289961129426956177e-01
1.135269701480865479e-01
1.314323693513870239e-01
1.106424927711486816e-01
1.206486523151397705e-01
1.021188721060752869e-01
1.591447144746780396e-01
1.238250732421875000e-01
1.166811659932136536e-01
1.099757552146911621e-01
1.189582943916320801e-01
1.173202171921730042e-01
1.224626675248146057e-01
1.144997999072074890e-01
1.113483682274818420e-01
1.136212944984436035e-01
1.305846124887466431e-01
1.105846092104911804e-01
1.296886056661605835e-01
1.417822092771530151e-01
1.366987079381942749e-01
1.153446435928344727e-01
1.136668846011161804e-01
1.311190873384475708e-01
1.148591265082359314e-01
1.317907720804214478e-01
1.375417262315750122e-01
1.256115436553955078e-01
1.295632869005203247e-01
1.191122531890869141e-01
1.395740658044815063e-01
2.709905803203582764e-01
1.215315237641334534e-01
1.265357285737991333e-01
1.273394078016281128e-01
1.243777871131896973e-01
1.341674923896789551e-01
1.278111189603805542e-01
1.186856925487518311e-01
1.352236717939376831e-01
1.545188128948211670e-01
1.245954260230064392e-01
1.357614845037460327e-01
1.341452896595001221e-01
1.454004645347595215e-01
1.377887278795242310e-01
1.498096585273742676e-01
1.255291402339935303e-01
1.615240722894668579e-01
1.264335364103317261e-01
1.542581766843795776e-01
1.179842576384544373e-01
1.342122703790664673e-01
1.548458784818649292e-01
1.460818052291870117e-01
1.080861389636993408e-01
1.221259832382202148e-01
1.368718147277832031e-01
1.143081858754158020e-01
1.561712473630905151e-01
1.320195049047470093e-01
1.472915858030319214e-01
1.185063347220420837e-01
1.404307037591934204e-01
1.223511174321174622e-01
1.263458877801895142e-01
1.431296914815902710e-01
1.180270090699195862e-01
2.037775665521621704e-01
1.158749088644981384e-01
1.300271600484848022e-01
1.283203810453414917e-01
1.326250135898590088e-01
1.140911057591438293e-01
1.301813274621963501e-01
1.254495680332183838e-01
1.451639682054519653e-01
1.248689591884613037e-01
1.168222725391387939e-01
1.345470398664474487e-01
1.250229179859161377e-01
1.265338212251663208e-01
1.123371124267578125e-01
2.514001727104187012e-01
1.174780055880546570e-01
1.221739426255226135e-01
1.262800842523574829e-01
1.196888089179992676e-01
1.202923357486724854e-01
1.249549165368080139e-01
1.171195134520530701e-01
1.749070286750793457e-01
1.172691211104393005e-01
1.178425922989845276e-01
1.120732426643371582e-01
1.235257089138031006e-01
1.241810545325279236e-01
1.172995269298553467e-01
1.159152388572692871e-01
1.002788543701171875e-01
1.151287332177162170e-01
1.127380356192588806e-01
1.627630740404129028e-01
1.138100028038024902e-01
1.109130755066871643e-01
1.481602936983108521e-01
1.285095363855361938e-01
1.091605648398399353e-01
1.148558184504508972e-01
1.883157342672348022e-01
1.092151105403900146e-01
1.138863787055015564e-01
1.411721855401992798e-01
1.106954813003540039e-01
1.192471459507942200e-01
1.200237646698951721e-01
1.152047216892242432e-01
1.150854900479316711e-01
1.289774626493453979e-01
1.099746599793434143e-01
1.231119036674499512e-01
1.070627942681312561e-01
1.139994338154792786e-01
1.285178065299987793e-01
1.007445231080055237e-01
