5.783291533589363098e-02
5.995940044522285461e-02
5.299332737922668457e-02
3.669452667236328125e-02
9.331164509057998657e-02
5.251411721110343933e-02
6.809256225824356079e-02
7.949753105640411377e-02
5.448683723807334900e-02
4.068790748715400696e-02
6.720960885286331177e-02
1.298456937074661255e-01
6.281973421573638916e-02
5.742613598704338074e-02
4.540069773793220520e-02
7.226427644491195679e-02
4.027589783072471619e-02
4.990913346409797668e-02
6.050122901797294617e-02
4.770310595631599426e-02
3.902906179428100586e-02
4.705646261572837830e-02
3.905708342790603638e-02
5.538362637162208557e-02
4.451302811503410339e-02
4.984455928206443787e-02
5.783799290657043457e-02
4.841697216033935547e-02
5.310497805476188660e-02
3.578570485115051270e-02
3.747941181063652039e-02
6.610835343599319458e-02
3.789082542061805725e-02
4.722763597965240479e-02
4.819260165095329285e-02
3.677578270435333252e-02
3.538492918014526367e-01
4.228553175926208496e-02
6.096004322171211243e-02
4.468137025833129883e-02
6.217775121331214905e-02
5.876547098159790039e-02
5.976547300815582275e-02
7.068675011396408081e-02
5.001413449645042419e-02
6.244390085339546204e-02
4.984517022967338562e-02
6.972160190343856812e-02
4.045537486672401428e-02
3.915106877684593201e-02
4.822651669383049011e-02
4.370261356234550476e-02
4.857026040554046631e-02
9.069287776947021484e-02
5.339792743325233459e-02
4.272246360778808594e-02
7.136495411396026611e-02
5.743319168686866760e-02
1.233643069863319397e-01
5.248989537358283997e-02
1.055427864193916321e-01
5.819900706410408020e-02
5.677717924118041992e-02
1.218752562999725342e-01
4.381796717643737793e-02
4.087450727820396423e-02
5.643332004547119141e-02
5.243842676281929016e-02
4.833645001053810120e-02
1.385425031185150146e-01
5.669217184185981750e-02
4.384964331984519958e-02
4.940217733383178711e-02
4.919792339205741882e-02
5.429376661777496338e-02
7.237871736288070679e-02
5.065919086337089539e-02
4.681912437081336975e-02
6.087895110249519348e-02
4.669586196541786194e-02
4.084203764796257019e-02
7.889740914106369019e-02
6.528428941965103149e-02
5.542413517832756042e-02
6.509039551019668579e-02
3.920678421854972839e-02
6.567957252264022827e-02
5.881224945187568665e-02
4.479334875941276550e-02
6.288199871778488159e-02
3.853143379092216492e-02
5.171062424778938293e-02
4.878234863281250000e-02
4.212806746363639832e-02
6.423130631446838379e-02
6.716974824666976929e-02
5.658562853932380676e-02
9.415846318006515503e-02
5.170940235257148743e-02
4.449501633644104004e-02
4.804517701268196106e-02
4.914132878184318542e-02
3.721857443451881409e-02
7.767470180988311768e-02
7.082531601190567017e-02
4.741567373275756836e-02
5.495252087712287903e-02
4.193928837776184082e-02
4.356331750750541687e-02
6.824308633804321289e-02
5.070605874061584473e-02
5.608020350337028503e-02
3.451156243681907654e-02
4.869570955634117126e-02
5.560998246073722839e-02
5.427357181906700134e-02
5.808533355593681335e-02
5.004947260022163391e-02
6.369131803512573242e-02
5.250636115670204163e-02
4.937152564525604248e-02
5.064200237393379211e-02
5.291243270039558411e-02
4.148701950907707214e-02
6.581587344408035278e-02
6.190615519881248474e-02
8.643385767936706543e-02
6.023736670613288879e-02
5.487642064690589905e-02
5.905701220035552979e-02
4.417707398533821106e-02
5.853535607457160950e-02
6.160862743854522705e-02
5.103414133191108704e-02
3.715317323803901672e-02
4.048094153404235840e-02
6.486539542675018311e-02
7.181325554847717285e-02
3.558551892638206482e-02
4.665459692478179932e-02
4.529191553592681885e-02
8.277431130409240723e-02
1.410638391971588135e-01
5.552557110786437988e-02
6.229199096560478210e-02
3.960897028446197510e-02
4.718208685517311096e-02
3.466079011559486389e-02
5.014872550964355469e-02
5.454961583018302917e-02
2.022324949502944946e-01
5.388772487640380859e-02
4.926493763923645020e-02
6.298607587814331055e-02
6.857026368379592896e-02
5.182695388793945312e-02
7.218723744153976440e-02
5.167047679424285889e-02
4.551431909203529358e-02
4.874623194336891174e-02
4.366774484515190125e-02
3.855032846331596375e-02
5.079093202948570251e-02
3.815603256225585938e-02
5.484262481331825256e-02
5.961914360523223877e-02
5.084295943379402161e-02
4.489488527178764343e-02
4.735629633069038391e-02
3.766128048300743103e-02
5.023967102169990540e-02
4.680849239230155945e-02
3.791492059826850891e-02
4.960495233535766602e-02
3.422762453556060791e-02
4.740848764777183533e-02
4.359365627169609070e-02
5.311749503016471863e-02
4.530578479170799255e-02
4.041220620274543762e-02
2.259588837623596191e-01
4.711151495575904846e-02
6.707485765218734741e-02
4.427542164921760559e-02
5.144785717129707336e-02
5.197262391448020935e-02
5.495246127247810364e-02
3.292592242360115051e-02
3.623707219958305359e-02
7.315776497125625610e-02
3.432448208332061768e-02
5.251349508762359619e-02
9.624356776475906372e-02
1.884415298700332642e-01
5.816897749900817871e-02
4.843382164835929871e-02
4.450769722461700439e-02
4.468714073300361633e-02
6.491119414567947388e-02
1.645676195621490479e-01
3.925886750221252441e-02
3.415692225098609924e-02
1.086141243577003479e-01
3.390829637646675110e-02
6.000395491719245911e-02
3.933878615498542786e-02
6.314373761415481567e-02
5.079747363924980164e-02
6.309288740158081055e-02
6.716174632310867310e-02
2.881769277155399323e-02
4.942297935485839844e-02
4.867933690547943115e-02
3.887503221631050110e-02
6.070529296994209290e-02
5.444949865341186523e-02
3.686372563242912292e-02
4.168048501014709473e-02
3.796105086803436279e-02
4.232840612530708313e-02
4.712139070034027100e-02
4.107588529586791992e-02
3.840923681855201721e-02
4.902303218841552734e-02
7.867915928363800049e-02
4.530450329184532166e-02
2.606605738401412964e-02
6.270699948072433472e-02
3.742064535617828369e-02
5.276090279221534729e-02
3.158115223050117493e-02
4.036691412329673767e-02
4.249672219157218933e-02
5.883963033556938171e-02
3.587089106440544128e-02
4.522978141903877258e-02
5.698703601956367493e-02
7.011555880308151245e-02
4.205021262168884277e-02
3.937986120581626892e-02
5.343639478087425232e-02
5.175816640257835388e-02
5.744191631674766541e-02
4.270720481872558594e-02
3.530715033411979675e-02
1.471745222806930542e-01
1.004211828112602234e-01
3.818914294242858887e-02
4.879101738333702087e-02
6.403415650129318237e-02
3.333985432982444763e-02
4.772336408495903015e-02
4.016551002860069275e-02
4.231596365571022034e-02
4.142609983682632446e-02
5.589578673243522644e-02
5.084013938903808594e-02
5.714572593569755554e-02
3.908370807766914368e-02
4.908492043614387512e-02
5.926729366183280945e-02
4.576525092124938965e-02
5.740224197506904602e-02
5.194688960909843445e-02
2.574695348739624023e-01
5.670350417494773865e-02
4.307765886187553406e-02
4.179530218243598938e-02
3.505113348364830017e-02
1.394614875316619873e-01
5.043900012969970703e-02
4.514003917574882507e-02
6.048123538494110107e-02
4.883533343672752380e-02
5.389413237571716309e-02
5.673937499523162842e-02
3.901010379195213318e-02
3.742822259664535522e-02
4.308360815048217773e-02
4.744217917323112488e-02
4.717643931508064270e-02
3.971197083592414856e-02
4.589221999049186707e-02
7.209142297506332397e-02
4.759002104401588440e-02
5.659718438982963562e-02
3.929768502712249756e-02
7.319586724042892456e-02
5.134236812591552734e-02
4.498273506760597229e-02
3.498141095042228699e-02
4.778195917606353760e-02
6.076826527714729309e-02
5.230562761425971985e-02
5.642876029014587402e-02
3.941147029399871826e-02
5.564962700009346008e-02
5.288887396454811096e-02
4.837884381413459778e-02
4.139104858040809631e-02
1.364655643701553345e-01
4.592487215995788574e-02
4.155081883072853088e-02
5.839525535702705383e-02
5.115292593836784363e-02
4.525544121861457825e-02
4.717922210693359375e-02
3.894935920834541321e-02
3.915086016058921814e-02
4.144180193543434143e-02
4.743363335728645325e-02
4.659853875637054443e-02
5.215774476528167725e-02
4.283553361892700195e-02
8.998265117406845093e-02
1.362857073545455933e-01
5.140008404850959778e-02
4.723744466900825500e-02
5.051834881305694580e-02
4.328883066773414612e-02
4.676324129104614258e-02
6.025845929980278015e-02
5.371793732047080994e-02
3.629286587238311768e-02
8.304820209741592407e-02
8.592024445533752441e-02
4.265444353222846985e-02
6.680785864591598511e-02
4.066835343837738037e-02
3.738385066390037537e-02
3.705075755715370178e-02
5.042831227183341980e-02
4.362590238451957703e-02
5.516942963004112244e-02
6.902756541967391968e-02
6.729432940483093262e-02
4.874362424015998840e-02
8.197603374719619751e-02
2.730813063681125641e-02
4.229995608329772949e-02
5.136582627892494202e-02
5.371000990271568298e-02
5.126473307609558105e-02
4.013951122760772705e-02
5.638767406344413757e-02
4.822264984250068665e-02
5.189322307705879211e-02
4.467051103711128235e-02
1.064420640468597412e-01
6.126494705677032471e-02
4.904966428875923157e-02
5.651822313666343689e-02
4.747785255312919617e-02
4.986686632037162781e-02
1.057321131229400635e-01
3.784575685858726501e-02
4.527384415268898010e-02
4.396249726414680481e-02
4.966290667653083801e-02
4.145370796322822571e-02
3.503012284636497498e-02
4.269866272807121277e-02
6.001542881131172180e-02
6.304566562175750732e-02
5.505484342575073242e-02
4.796180129051208496e-02
3.856066241860389709e-02
6.138905510306358337e-02
3.587901964783668518e-02
4.844800010323524475e-02
5.046905949711799622e-02
5.883515998721122742e-02
4.886153712868690491e-02
8.377975225448608398e-02
3.507263958454132080e-02
5.452048778533935547e-02
4.889431223273277283e-02
5.634818598628044128e-02
4.777608811855316162e-02
5.124249681830406189e-02
3.897676616907119751e-02
5.050575360655784607e-02
4.213154315948486328e-02
5.246265232563018799e-02
4.171669110655784607e-02
4.203137755393981934e-02
7.363124191761016846e-02
5.650200322270393372e-02
5.747497454285621643e-02
5.536762997508049011e-02
4.627596959471702576e-02
6.600133329629898071e-02
3.830367699265480042e-02
3.982917591929435730e-02
5.045002326369285583e-02
4.871563985943794250e-02
4.521218314766883850e-02
4.757204279303550720e-02
4.758784547448158264e-02
1.342402696609497070e-01
3.734729066491127014e-02
5.270357429981231689e-02
3.641755878925323486e-02
3.547215461730957031e-02
5.427799001336097717e-02
2.912517823278903961e-02
2.592361718416213989e-02
5.205550789833068848e-02
3.444298729300498962e-02
5.609216913580894470e-02
1.152395978569984436e-01
4.171092808246612549e-02
6.072575971484184265e-02
4.285980388522148132e-02
4.019409418106079102e-02
5.359737947583198547e-02
2.966189943253993988e-02
4.240237176418304443e-02
4.584323242306709290e-02
5.717465281486511230e-02
4.906528070569038391e-02
4.469273984432220459e-02
4.492347314953804016e-02
6.645890325307846069e-02
4.087049886584281921e-02
8.582774549722671509e-02
3.909556195139884949e-02
4.597583785653114319e-02
4.976256564259529114e-02
7.056132704019546509e-02
3.774456679821014404e-02
4.991198703646659851e-02
5.519485101103782654e-02
4.376326873898506165e-02
4.315393790602684021e-02
4.432278871536254883e-02
5.246305465698242188e-02
4.934813082218170166e-02
3.415527194738388062e-02
4.496040940284729004e-02
3.075584955513477325e-02
4.961366951465606689e-02
3.452324122190475464e-02
4.571419954299926758e-02
3.856519982218742371e-02
4.459211230278015137e-02
5.301122739911079407e-02
6.168758496642112732e-02
5.340844765305519104e-02
3.383128345012664795e-02
5.361720919609069824e-02
5.817538499832153320e-02
4.959120228886604309e-02
4.089818894863128662e-02
8.097252249717712402e-02
6.363867223262786865e-02
5.753504857420921326e-02
1.027662530541419983e-01
6.142111495137214661e-02
4.551975801587104797e-02
5.590802803635597229e-02
7.732526957988739014e-02
4.938095808029174805e-02
4.251002147793769836e-02
3.139243647456169128e-02
4.561419412493705750e-02
1.449178457260131836e-01
5.267943441867828369e-02
7.048388570547103882e-02
5.201587453484535217e-02
3.821634873747825623e-02
5.677503347396850586e-02
5.463925004005432129e-02
6.362114101648330688e-02
5.531860888004302979e-02
1.127563342452049255e-01
4.616973176598548889e-02
4.407153651118278503e-02
4.867713525891304016e-02
3.125749900937080383e-02
5.720038339495658875e-02
6.067252159118652344e-02
4.995024204254150391e-02
4.855168238282203674e-02
6.942228227853775024e-02
5.714844539761543274e-02
2.982728369534015656e-02
5.714858695864677429e-02
5.295125767588615417e-02
4.003348201513290405e-02
4.217815399169921875e-02
3.924403712153434753e-02
4.200386628508567810e-02
5.075258389115333557e-02
1.575578004121780396e-01
5.081605911254882812e-02
3.983036056160926819e-02
4.594057798385620117e-02
4.116746783256530762e-02
3.367972746491432190e-02
6.440313905477523804e-02
6.573075801134109497e-02
5.794339999556541443e-02
4.275909066200256348e-02
5.271923169493675232e-02
5.205835402011871338e-02
4.915726184844970703e-02
4.156515374779701233e-02
7.210100442171096802e-02
5.472723767161369324e-02
7.338824123144149780e-02
1.795545369386672974e-01
4.355740919709205627e-02
3.754381462931632996e-02
5.421203374862670898e-02
5.774663761258125305e-02
4.944832250475883484e-02
5.378461256623268127e-02
4.366616532206535339e-02
4.507146403193473816e-02
1.484542489051818848e-01
3.186305239796638489e-02
3.827440366148948669e-02
4.329210519790649414e-02
4.927474632859230042e-02
7.411219924688339233e-02
5.385619029402732849e-02
5.598099157214164734e-02
6.095026060938835144e-02
5.545376613736152649e-02
4.296185448765754700e-02
3.839908912777900696e-02
4.021291807293891907e-02
4.093787446618080139e-02
5.020996555685997009e-02
6.261008232831954956e-02
3.880367800593376160e-02
6.020207330584526062e-02
6.047882512211799622e-02
8.778467029333114624e-02
5.570210888981819153e-02
6.782679259777069092e-02
5.417214334011077881e-02
4.937430098652839661e-02
4.517445340752601624e-02
4.960626363754272461e-02
3.729256615042686462e-02
4.211060330271720886e-02
3.694974258542060852e-02
4.238824546337127686e-02
5.048771202564239502e-02
5.173753574490547180e-02
4.248538985848426819e-02
6.016521155834197998e-02
4.531976953148841858e-02
4.731440171599388123e-02
6.008179858326911926e-02
5.570511892437934875e-02
4.934307932853698730e-02
6.049690768122673035e-02
6.443078070878982544e-02
4.115918278694152832e-02
4.505236074328422546e-02
5.556662753224372864e-02
7.637125998735427856e-02
4.619814082980155945e-02
4.889031127095222473e-02
5.046303197741508484e-02
5.422800779342651367e-02
4.631510376930236816e-02
4.412175714969635010e-02
3.587310388684272766e-02
5.923924967646598816e-02
1.533463001251220703e-01
4.664267599582672119e-02
5.310243740677833557e-02
4.498958960175514221e-02
6.238808110356330872e-02
4.481358453631401062e-02
3.492667526006698608e-02
4.252025485038757324e-02
4.645003005862236023e-02
4.824899509549140930e-02
6.340271979570388794e-02
4.724207147955894470e-02
5.458374693989753723e-02
8.238077908754348755e-02
6.230072304606437683e-02
4.137338325381278992e-02
5.319380760192871094e-02
5.614885687828063965e-02
5.725327134132385254e-02
4.787544533610343933e-02
5.414539948105812073e-02
4.938653111457824707e-02
8.365155011415481567e-02
4.471578076481819153e-02
4.197378084063529968e-02
5.170980095863342285e-02
5.686864256858825684e-02
6.420153379440307617e-02
3.964516147971153259e-02
5.123701319098472595e-02
4.368099570274353027e-02
3.542256355285644531e-02
6.322101503610610962e-02
4.464589059352874756e-02
6.155909225344657898e-02
5.828927829861640930e-02
4.212065041065216064e-02
6.173234060406684875e-02
3.961619362235069275e-02
4.344955459237098694e-02
5.594667419791221619e-02
1.071389690041542053e-01
4.310761392116546631e-02
6.539008766412734985e-02
4.537810757756233215e-02
4.144130274653434753e-02
6.511714309453964233e-02
5.662196502089500427e-02
5.636767670512199402e-02
6.522814929485321045e-02
3.466613963246345520e-02
5.520622059702873230e-02
3.940684720873832703e-02
5.677895620465278625e-02
5.440083146095275879e-02
6.054598093032836914e-02
5.152636766433715820e-02
6.065115332603454590e-02
4.220530018210411072e-02
5.578278005123138428e-02
4.917546734213829041e-02
4.831196740269660950e-02
5.169395729899406433e-02
9.787692874670028687e-02
3.627819567918777466e-02
3.156270459294319153e-02
5.548059940338134766e-02
4.850117489695549011e-02
3.605512529611587524e-02
6.170633435249328613e-02
4.586721584200859070e-02
3.213676437735557556e-02
1.307225525379180908e-01
4.366337135434150696e-02
4.227069020271301270e-02
6.330669671297073364e-02
4.644146561622619629e-02
3.960013017058372498e-02
3.631645813584327698e-02
6.005349382758140564e-02
7.263157516717910767e-02
8.429525047540664673e-02
4.531681910157203674e-02
6.741592288017272949e-02
6.927604228258132935e-02
6.945406645536422729e-02
5.177256092429161072e-02
5.673684179782867432e-02
4.607400298118591309e-02
5.367894843220710754e-02
5.838096514344215393e-02
6.532279402017593384e-02
6.940677016973495483e-02
5.460635945200920105e-02
3.479838371276855469e-02
3.978571295738220215e-02
4.508647695183753967e-02
3.646468743681907654e-02
6.215276196599006653e-02
5.381495878100395203e-02
4.555903375148773193e-02
4.171364009380340576e-02
5.149791762232780457e-02
4.840402677655220032e-02
3.371086344122886658e-02
8.175536245107650757e-02
4.916764423251152039e-02
3.298496827483177185e-02
4.422789812088012695e-02
4.816386476159095764e-02
5.257950350642204285e-02
4.258750751614570618e-02
7.559075951576232910e-02
4.039029031991958618e-02
4.750847816467285156e-02
6.215289607644081116e-02
5.240664258599281311e-02
4.055845364928245544e-02
9.774732589721679688e-02
4.549254104495048523e-02
1.288187056779861450e-01
6.015005707740783691e-02
4.970252886414527893e-02
6.255229562520980835e-02
4.011226072907447815e-02
5.573185160756111145e-02
4.927228018641471863e-02
3.622121363878250122e-02
5.761907622218132019e-02
4.816675186157226562e-02
8.947619050741195679e-02
3.761507570743560791e-02
5.353383347392082214e-02
5.849267914891242981e-02
5.772658810019493103e-02
6.289905309677124023e-02
4.022012278437614441e-02
6.267899274826049805e-02
5.583872273564338684e-02
1.482498794794082642e-01
3.628363832831382751e-02
4.487583041191101074e-02
4.781847074627876282e-02
9.221887588500976562e-02
8.273449540138244629e-02
4.233579710125923157e-02
5.725352838635444641e-02
4.623429104685783386e-02
3.580490127205848694e-02
4.433726891875267029e-02
4.769546911120414734e-02
5.833734944462776184e-02
4.116352275013923645e-02
4.667002335190773010e-02
5.477266013622283936e-02
4.980110749602317810e-02
3.990503773093223572e-02
5.704644322395324707e-02
1.532204598188400269e-01
6.588342785835266113e-02
5.096894875168800354e-02
4.940686747431755066e-02
5.809761211276054382e-02
5.473512411117553711e-02
6.085669994354248047e-02
4.232884943485260010e-02
7.679739594459533691e-02
7.740674912929534912e-02
5.887330695986747742e-02
1.038812994956970215e-01
5.732997134327888489e-02
4.245062544941902161e-02
4.577032104134559631e-02
6.211701035499572754e-02
4.256289824843406677e-02
4.897068813443183899e-02
4.610578343272209167e-02
5.398774147033691406e-02
3.580395877361297607e-02
4.786155745387077332e-02
4.432897269725799561e-02
8.090960234403610229e-02
5.583700910210609436e-02
1.000727191567420959e-01
4.488532617688179016e-02
1.011857762932777405e-01
3.339285776019096375e-02
5.487320944666862488e-02
4.020687565207481384e-02
6.306536495685577393e-02
7.996579259634017944e-02
4.153878986835479736e-02
4.419231414794921875e-02
1.786735057830810547e-01
6.150442361831665039e-02
5.983808636665344238e-02
4.289356246590614319e-02
3.713622689247131348e-02
4.323333129286766052e-02
4.856261983513832092e-02
5.443153157830238342e-02
5.240516364574432373e-02
6.785460561513900757e-02
5.105995014309883118e-02
7.010326534509658813e-02
4.762995615601539612e-02
5.526969954371452332e-02
5.143164470791816711e-02
5.888009443879127502e-02
2.734162509441375732e-01
4.892805218696594238e-02
5.256446078419685364e-02
5.225621536374092102e-02
4.807522892951965332e-02
4.329832270741462708e-02
4.422007873654365540e-02
5.845107510685920715e-02
5.333806946873664856e-02
5.774598196148872375e-02
4.357892274856567383e-02
9.052392095327377319e-02
4.844817519187927246e-02
3.292519599199295044e-02
1.722196191549301147e-01
4.653546586632728577e-02
4.666648432612419128e-02
6.419663131237030029e-02
5.615790188312530518e-02
3.666176274418830872e-02
5.197588726878166199e-02
5.633524060249328613e-02
4.778285324573516846e-02
5.267463251948356628e-02
5.272625386714935303e-02
3.099376894533634186e-02
7.497230917215347290e-02
4.752292856574058533e-02
7.213553041219711304e-02
8.903346210718154907e-02
3.641872853040695190e-02
1.290454119443893433e-01
6.481694430112838745e-02
5.731453001499176025e-02
6.794995814561843872e-02
6.951267272233963013e-02
1.105850562453269958e-01
4.237995669245719910e-02
6.961988657712936401e-02
1.316436380147933960e-01
5.580012127757072449e-02
4.765333607792854309e-02
3.745507076382637024e-02
5.108603835105895996e-02
5.896240845322608948e-02
5.892914533615112305e-02
7.059925794601440430e-02
4.287758469581604004e-02
5.806706845760345459e-02
6.365301460027694702e-02
4.579737782478332520e-02
6.019408628344535828e-02
4.999770596623420715e-02
4.217056557536125183e-02
4.933390021324157715e-02
4.260058328509330750e-02
7.670904695987701416e-02
3.929252550005912781e-02
4.167338088154792786e-02
6.930913776159286499e-02
4.665141925215721130e-02
4.751058295369148254e-02
4.144549369812011719e-02
6.319519877433776855e-02
9.050357341766357422e-02
3.456338867545127869e-02
4.237306490540504456e-02
6.194287538528442383e-02
1.007574796676635742e-01
5.984476581215858459e-02
4.629718884825706482e-02
5.051483586430549622e-02
4.306240379810333252e-02
6.577593088150024414e-02
5.520820990204811096e-02
5.393147096037864685e-02
4.866805672645568848e-02
4.876228049397468567e-02
4.593145474791526794e-02
9.148097783327102661e-02
5.217638984322547913e-02
5.422915145754814148e-02
5.675559118390083313e-02
1.347998529672622681e-01
4.459661245346069336e-02
2.346135377883911133e-01
5.615230277180671692e-02
3.904199600219726562e-02
5.363460257649421692e-02
4.416603222489356995e-02
4.742698743939399719e-02
5.742889642715454102e-02
3.079923056066036224e-02
7.080247253179550171e-02
5.953904986381530762e-02
6.681465357542037964e-02
6.756801158189773560e-02
4.484700039029121399e-02
5.384034290909767151e-02
8.330578356981277466e-02
6.702840328216552734e-02
5.384894087910652161e-02
4.038788005709648132e-02
6.074207648634910583e-02
4.303029552102088928e-02
1.112125590443611145e-01
4.419616982340812683e-02
5.161069706082344055e-02
4.221267625689506531e-02
1.827484518289566040e-01
3.839405253529548645e-02
4.946281015872955322e-02
3.501342609524726868e-02
3.440574929118156433e-02
6.415919959545135498e-02
4.928459599614143372e-02
9.583181142807006836e-02
4.462617263197898865e-02
1.015446409583091736e-01
3.512514010071754456e-02
2.646779716014862061e-01
4.243257641792297363e-02
4.451340064406394958e-02
4.548233374953269958e-02
4.037504270672798157e-02
4.836948588490486145e-02
5.977776646614074707e-02
5.077465251088142395e-02
4.776086285710334778e-02
7.534892112016677856e-02
4.719674959778785706e-02
4.330316185951232910e-02
5.475033447146415710e-02
3.521258011460304260e-02
3.955922648310661316e-02
4.980419948697090149e-02
1.265889406204223633e-01
3.795213624835014343e-02
4.469265416264533997e-02
3.509586676955223083e-02
5.113128200173377991e-02
5.523045733571052551e-02
6.583511084318161011e-02
5.361332371830940247e-02
6.393327564001083374e-02
4.968601837754249573e-02
4.007139429450035095e-02
4.379902407526969910e-02
5.757503211498260498e-02
3.911864757537841797e-02
6.429512053728103638e-02
4.290332272648811340e-02
3.230685368180274963e-02
4.613578692078590393e-02
4.967281594872474670e-02
5.112593248486518860e-02
9.205194562673568726e-02
1.207724586129188538e-01
4.822650924324989319e-02
9.234502166509628296e-02
3.548013791441917419e-02
6.492533534765243530e-02
4.186076298356056213e-02
5.270980671048164368e-02
3.586915507912635803e-02
4.753975570201873779e-02
1.443019211292266846e-01
1.043963432312011719e-01
4.846124723553657532e-02
6.338150054216384888e-02
8.069653064012527466e-02
4.123038426041603088e-02
6.072516366839408875e-02
5.133888125419616699e-02
4.738520085811614990e-02
4.992188885807991028e-02
4.869554564356803894e-02
7.257656008005142212e-02
4.748724028468132019e-02
6.182909011840820312e-02
4.852539300918579102e-02
5.291292071342468262e-02
4.789767786860466003e-02
3.720986470580101013e-02
5.782626196742057800e-02
4.033835232257843018e-02
1.835864633321762085e-01
5.011202022433280945e-02
5.378892645239830017e-02
3.479675576090812683e-02
7.940792292356491089e-02
5.563038960099220276e-02
4.584671556949615479e-02
5.356893315911293030e-02
1.457325369119644165e-01
3.467680886387825012e-02
4.826497659087181091e-02
5.666436627507209778e-02
6.333386152982711792e-02
4.376621916890144348e-02
4.459999501705169678e-02
1.148854568600654602e-01
5.965068936347961426e-02
4.014361649751663208e-02
8.949770778417587280e-02
7.059476524591445923e-02
4.953189194202423096e-02
7.051155716180801392e-02
4.465093091130256653e-02
4.966387152671813965e-02
4.370059445500373840e-02
4.389837756752967834e-02
3.405343368649482727e-02
3.180746361613273621e-02
5.695806816220283508e-02
5.023039504885673523e-02
4.774727299809455872e-02
6.420509517192840576e-02
4.562738537788391113e-02
1.441959291696548462e-01
5.123762786388397217e-02
5.401432514190673828e-02
4.038991406559944153e-02
4.926271736621856689e-02
9.896621853113174438e-02
3.619082272052764893e-02
6.290408968925476074e-02
4.564997181296348572e-02
3.771852329373359680e-02
2.018430978059768677e-01
6.402813643217086792e-02
5.262487009167671204e-02
6.084081530570983887e-02
4.821211472153663635e-02
5.405157431960105896e-02
3.934950754046440125e-02
3.641132637858390808e-02
5.728172883391380310e-02
6.253833323717117310e-02
5.873828008770942688e-02
5.411502346396446228e-02
4.800591245293617249e-02
6.946557015180587769e-02
2.569343335926532745e-02
1.057342514395713806e-01
6.459528952836990356e-02
3.573463857173919678e-02
4.598009958863258362e-02
6.267669796943664551e-02
7.371407002210617065e-02
4.071652516722679138e-02
3.489066660404205322e-02
3.533960506319999695e-02
3.777547180652618408e-02
5.884604528546333313e-02
1.701010465621948242e-01
7.253795117139816284e-02
3.611164912581443787e-02
3.667411580681800842e-02
3.862915560603141785e-02
4.929561540484428406e-02
4.327233508229255676e-02
6.806631386280059814e-02
3.938737884163856506e-02
3.319965675473213196e-02
4.138268902897834778e-02
3.796287998557090759e-02
4.321249946951866150e-02
5.798366665840148926e-02
5.639090761542320251e-02
5.644239112734794617e-02
4.185394570231437683e-02
4.032973945140838623e-02
6.563607603311538696e-02
5.155560746788978577e-02
5.193927511572837830e-02
4.677146673202514648e-02
5.231015011668205261e-02
4.938665032386779785e-02
5.514036118984222412e-02
5.200492218136787415e-02
4.566778615117073059e-02
3.714111447334289551e-02
5.618806555867195129e-02
6.317115575075149536e-02
6.325801461935043335e-02
5.175185576081275940e-02
4.915808141231536865e-02
4.013125970959663391e-02
4.998129606246948242e-02
5.807070061564445496e-02
6.733354181051254272e-02
4.423265531659126282e-02
4.022499546408653259e-02
4.550801590085029602e-02
6.415512412786483765e-02
5.122612789273262024e-02
5.658610537648200989e-02
2.604596614837646484e-01
6.008109822869300842e-02
5.207872390747070312e-02
1.640274226665496826e-01
5.654218792915344238e-02
6.039495393633842468e-02
4.785752296447753906e-02
5.552175268530845642e-02
4.494437575340270996e-02
4.852216318249702454e-02
6.158135458827018738e-02
5.090674757957458496e-02
5.111369863152503967e-02
7.428943365812301636e-02
8.686058968305587769e-02
4.672937095165252686e-02
3.445476666092872620e-02
3.859081491827964783e-02
9.959552437067031860e-02
6.329388916492462158e-02
5.750097706913948059e-02
4.076890274882316589e-02
4.773264005780220032e-02
5.353866145014762878e-02
3.965969383716583252e-02
7.061926275491714478e-02
1.845138221979141235e-01
4.064570739865303040e-02
6.658975034952163696e-02
4.792396724224090576e-02
5.680608749389648438e-02
3.555608168244361877e-02
5.773564800620079041e-02
4.475156962871551514e-02
3.410189226269721985e-02
5.115580931305885315e-02
4.767090082168579102e-02
7.131756842136383057e-02
7.962743192911148071e-02
7.413694262504577637e-02
6.541768461465835571e-02
5.609757080674171448e-02
7.696136832237243652e-02
4.989593848586082458e-02
6.412640959024429321e-02
4.998309537768363953e-02
4.706815257668495178e-02
4.492104053497314453e-02
4.806420207023620605e-02
5.797442793846130371e-02
6.328250467777252197e-02
4.758654907345771790e-02
4.634235426783561707e-02
5.685530230402946472e-02
4.489787295460700989e-02
1.467063575983047485e-01
4.987623170018196106e-02
4.776008799672126770e-02
5.683605745434761047e-02
4.907980188727378845e-02
5.068009719252586365e-02
5.204007029533386230e-02
6.192193552851676941e-02
3.953725472092628479e-02
4.479392245411872864e-02
4.468328133225440979e-02
5.575715377926826477e-02
7.254882901906967163e-02
5.695651099085807800e-02
4.562692716717720032e-02
3.986314684152603149e-02
5.974496901035308838e-02
4.522380232810974121e-02
6.400368362665176392e-02
5.319811031222343445e-02
4.731271788477897644e-02
6.761956214904785156e-02
7.509741932153701782e-02
5.438156053423881531e-02
3.391824662685394287e-02
1.203318834304809570e-01
5.239268764853477478e-02
4.861323907971382141e-02
5.718097463250160217e-02
6.143259629607200623e-02
4.874804988503456116e-02
4.819942638278007507e-02
3.148468956351280212e-02
5.362749472260475159e-02
4.533993080258369446e-02
1.324713081121444702e-01
5.498251691460609436e-02
4.933116957545280457e-02
4.767733812332153320e-02
4.240122437477111816e-02
5.740685388445854187e-02
4.808708652853965759e-02
3.219572082161903381e-02
3.720460459589958191e-02
4.542623460292816162e-02
4.562442004680633545e-02
5.052440986037254333e-02
1.198315918445587158e-01
1.541613340377807617e-01
4.398260638117790222e-02
8.260334283113479614e-02
4.746547341346740723e-02
6.228649243712425232e-02
3.836312144994735718e-02
5.002088472247123718e-02
6.522465497255325317e-02
4.378674551844596863e-02
5.201477929949760437e-02
8.809784799814224243e-02
4.866653680801391602e-02
6.147150695323944092e-02
5.768087133765220642e-02
5.826920643448829651e-02
4.367163777351379395e-02
5.509391799569129944e-02
5.947801843285560608e-02
4.749531671404838562e-02
6.404192000627517700e-02
4.298461601138114929e-02
5.632202699780464172e-02
4.325890541076660156e-02
5.805217102169990540e-02
5.385158583521842957e-02
4.866920039057731628e-02
3.805714473128318787e-02
5.002213642001152039e-02
5.721845105290412903e-02
5.748866870999336243e-02
6.067931652069091797e-02
5.498508736491203308e-02
5.275298282504081726e-02
4.893003776669502258e-02
3.956700116395950317e-02
5.161003395915031433e-02
6.237937137484550476e-02
3.889622166752815247e-02
4.329961538314819336e-02
4.350398480892181396e-02
5.079230666160583496e-02
5.372169241309165955e-02
6.031959131360054016e-02
5.346815660595893860e-02
3.756208717823028564e-02
3.599805012345314026e-02
5.780738592147827148e-02
3.498384356498718262e-02
4.237087443470954895e-02
4.359355196356773376e-02
4.698101803660392761e-02
5.162177607417106628e-02
7.023826986551284790e-02
4.452439025044441223e-02
3.467843309044837952e-02
6.567388027906417847e-02
3.401930257678031921e-02
5.010105669498443604e-02
4.008881375193595886e-02
4.931411147117614746e-02
4.789519309997558594e-02
4.059998691082000732e-02
4.455165937542915344e-02
5.533075705170631409e-02
8.696717023849487305e-02
4.893222823739051819e-02
6.634762138128280640e-02
4.634433612227439880e-02
6.540092080831527710e-02
5.495421960949897766e-02
5.575606599450111389e-02
5.128617957234382629e-02
3.765293210744857788e-02
4.731037095189094543e-02
4.695497453212738037e-02
6.842181086540222168e-02
9.509209543466567993e-02
4.485395923256874084e-02
3.846842050552368164e-02
5.800640955567359924e-02
5.309207364916801453e-02
6.945156306028366089e-02
3.492179885506629944e-02
7.219871133565902710e-02
4.823477193713188171e-02
4.172713682055473328e-02
4.305706545710563660e-02
5.317877605557441711e-02
4.196932539343833923e-02
8.917584270238876343e-02
5.279997363686561584e-02
5.248697474598884583e-02
4.020775854587554932e-02
5.624289810657501221e-02
5.153995379805564880e-02
6.756830215454101562e-02
4.344657436013221741e-02
6.014963611960411072e-02
5.792571976780891418e-02
3.875820338726043701e-02
5.642196908593177795e-02
5.268652364611625671e-02
5.466905608773231506e-02
3.961792960762977600e-02
3.900020197033882141e-02
5.027051642537117004e-02
6.002122163772583008e-02
3.414857760071754456e-02
6.151364371180534363e-02
4.036217927932739258e-02
4.794136807322502136e-02
7.293569296598434448e-02
6.102675572037696838e-02
4.647551849484443665e-02
5.488961935043334961e-02
4.356550052762031555e-02
3.282542899250984192e-02
3.338057547807693481e-02
4.964543879032135010e-02
5.640181154012680054e-02
