1.247012615203857422e+01
9.387898445129394531e+00
8.454998970031738281e+00
1.056608867645263672e+01
1.096142482757568359e+01
1.148403644561767578e+01
1.096126937866210938e+01
7.846522808074951172e+00
6.463340282440185547e+00
1.308726787567138672e+01
1.029684162139892578e+01
6.775741577148437500e+00
9.732922554016113281e+00
8.388048171997070312e+00
6.524778842926025391e+00
9.234364509582519531e+00
5.994695186614990234e+00
7.042300701141357422e+00
7.699432373046875000e+00
5.822772979736328125e+00
4.927053928375244141e+00
6.417679309844970703e+00
4.997369766235351562e+00
5.906067371368408203e+00
4.027663707733154297e+00
5.223381519317626953e+00
5.907545566558837891e+00
5.032155036926269531e+00
5.087785720825195312e+00
3.782248258590698242e+00
6.540480136871337891e+00
4.286520481109619141e+00
4.250880718231201172e+00
3.323003768920898438e+00
3.212922334671020508e+00
3.900450468063354492e+00
3.766804456710815430e+00
3.097303152084350586e+00
3.827195405960083008e+00
3.998875856399536133e+00
4.402610301971435547e+00
3.056915998458862305e+00
3.308224439620971680e+00
3.046551465988159180e+00
3.457853317260742188e+00
2.952828645706176758e+00
2.519959688186645508e+00
3.498373031616210938e+00
3.173417806625366211e+00
2.818697214126586914e+00
2.999834775924682617e+00
3.037406206130981445e+00
2.534128665924072266e+00
3.122097253799438477e+00
2.308083295822143555e+00
2.478297948837280273e+00
2.817559003829956055e+00
2.019615650177001953e+00
3.097456932067871094e+00
2.482671976089477539e+00
2.344081878662109375e+00
2.006962060928344727e+00
1.820472359657287598e+00
1.858060479164123535e+00
1.943078398704528809e+00
2.337103605270385742e+00
2.161856174468994141e+00
2.988839387893676758e+00
1.780281662940979004e+00
2.500505447387695312e+00
1.908865809440612793e+00
1.624104022979736328e+00
1.805948615074157715e+00
2.328098773956298828e+00
1.805237412452697754e+00
1.640007376670837402e+00
2.055461168289184570e+00
2.160413026809692383e+00
1.749236702919006348e+00
1.421373367309570312e+00
2.187126636505126953e+00
2.055031538009643555e+00
2.256136655807495117e+00
1.570437908172607422e+00
1.534679889678955078e+00
1.665259361267089844e+00
1.533366084098815918e+00
1.597608089447021484e+00
1.928452849388122559e+00
1.347586512565612793e+00
1.926687836647033691e+00
1.733403801918029785e+00
1.522039294242858887e+00
1.569715142250061035e+00
1.296428918838500977e+00
1.563187003135681152e+00
1.497024178504943848e+00
1.746148705482482910e+00
1.451399445533752441e+00
1.674493670463562012e+00
1.591942787170410156e+00
1.314112544059753418e+00
1.745936751365661621e+00
1.615152955055236816e+00
1.244006037712097168e+00
1.381857872009277344e+00
1.856249213218688965e+00
1.723023414611816406e+00
1.337093949317932129e+00
1.469329833984375000e+00
1.217432618141174316e+00
1.169174909591674805e+00
1.337935090065002441e+00
1.211434721946716309e+00
1.145042300224304199e+00
1.036578178405761719e+00
1.271450638771057129e+00
1.238470554351806641e+00
1.073212981224060059e+00
1.122837424278259277e+00
1.426029801368713379e+00
1.352506518363952637e+00
1.383451461791992188e+00
1.686604142189025879e+00
1.356617569923400879e+00
1.746367931365966797e+00
1.815980076789855957e+00
1.148815989494323730e+00
1.074223875999450684e+00
1.408974051475524902e+00
1.074816823005676270e+00
1.166516900062561035e+00
1.067680358886718750e+00
1.068766713142395020e+00
1.530888438224792480e+00
9.045307636260986328e-01
9.890915751457214355e-01
1.067685484886169434e+00
1.144979476928710938e+00
1.096978425979614258e+00
9.215590953826904297e-01
1.079378604888916016e+00
7.697021365165710449e-01
1.472733855247497559e+00
9.957252144813537598e-01
1.082391142845153809e+00
1.431051254272460938e+00
1.222767472267150879e+00
1.102448582649230957e+00
1.152501702308654785e+00
1.478961467742919922e+00
1.026451706886291504e+00
1.046718120574951172e+00
1.014895558357238770e+00
9.238182902336120605e-01
9.944677352905273438e-01
1.238035678863525391e+00
1.081840515136718750e+00
7.289896607398986816e-01
8.262932300567626953e-01
1.159972310066223145e+00
8.485546708106994629e-01
9.296789169311523438e-01
1.178051948547363281e+00
7.015587687492370605e-01
8.480837941169738770e-01
8.613247275352478027e-01
1.049093604087829590e+00
9.612216353416442871e-01
1.057779908180236816e+00
9.675838947296142578e-01
1.230743885040283203e+00
1.221625447273254395e+00
1.091600060462951660e+00
8.417491912841796875e-01
9.817481040954589844e-01
1.147755742073059082e+00
1.050076365470886230e+00
7.951807975769042969e-01
7.621391415596008301e-01
9.390556216239929199e-01
8.257254958152770996e-01
9.599764943122863770e-01
8.886472582817077637e-01
7.979813218116760254e-01
8.040513396263122559e-01
7.482165694236755371e-01
9.141055941581726074e-01
7.731906771659851074e-01
7.900624275207519531e-01
7.674040794372558594e-01
8.519687652587890625e-01
1.070818662643432617e+00
8.745853900909423828e-01
5.994989275932312012e-01
7.442108988761901855e-01
9.137287139892578125e-01
7.664734721183776855e-01
1.042028427124023438e+00
7.504968047142028809e-01
8.799369931221008301e-01
1.118820190429687500e+00
8.988050818443298340e-01
7.429082989692687988e-01
8.317132592201232910e-01
7.325409054756164551e-01
6.525543332099914551e-01
8.295952677726745605e-01
6.473936438560485840e-01
8.785724639892578125e-01
6.975979804992675781e-01
8.337528109550476074e-01
1.054109930992126465e+00
8.546192646026611328e-01
8.633818030357360840e-01
9.396209716796875000e-01
7.790684700012207031e-01
7.894913554191589355e-01
8.472795486450195312e-01
1.059402346611022949e+00
6.343338489532470703e-01
8.414160609245300293e-01
7.574174404144287109e-01
6.276907324790954590e-01
1.242825031280517578e+00
6.921002268791198730e-01
8.452847599983215332e-01
7.106532454490661621e-01
7.133023738861083984e-01
6.144497990608215332e-01
7.942345738410949707e-01
6.453511714935302734e-01
9.039918780326843262e-01
9.201971888542175293e-01
7.124857902526855469e-01
1.198597788810729980e+00
9.597530961036682129e-01
7.250736355781555176e-01
7.672686576843261719e-01
8.585817217826843262e-01
8.316531181335449219e-01
6.565203070640563965e-01
7.394234538078308105e-01
6.453657746315002441e-01
6.254620552062988281e-01
5.620334744453430176e-01
8.866999745368957520e-01
7.092015147209167480e-01
6.957104802131652832e-01
1.032885432243347168e+00
8.111355900764465332e-01
7.430129051208496094e-01
9.447274804115295410e-01
5.755990147590637207e-01
7.924661636352539062e-01
7.193848490715026855e-01
1.114226937294006348e+00
5.850025415420532227e-01
9.869201779365539551e-01
6.882430911064147949e-01
5.720486044883728027e-01
9.245331883430480957e-01
6.537911891937255859e-01
8.430544734001159668e-01
9.880498051643371582e-01
8.310243487358093262e-01
6.239838004112243652e-01
8.326759338378906250e-01
8.853024840354919434e-01
9.509288668632507324e-01
6.373515129089355469e-01
7.772304415702819824e-01
8.854169249534606934e-01
7.115536332130432129e-01
8.307847976684570312e-01
6.524537801742553711e-01
6.050147414207458496e-01
8.004657626152038574e-01
5.920656323432922363e-01
6.697944998741149902e-01
7.038982510566711426e-01
7.835455536842346191e-01
7.749185562133789062e-01
7.351737022399902344e-01
7.338441014289855957e-01
8.831102252006530762e-01
7.205864787101745605e-01
6.939397454261779785e-01
7.261659502983093262e-01
7.760861515998840332e-01
9.496544003486633301e-01
6.311768889427185059e-01
5.469354987144470215e-01
5.755651593208312988e-01
7.087113261222839355e-01
8.467158675193786621e-01
7.131118774414062500e-01
5.969488620758056641e-01
6.143153309822082520e-01
5.606017112731933594e-01
6.842885017395019531e-01
5.575997233390808105e-01
7.676889300346374512e-01
5.649611949920654297e-01
5.864513516426086426e-01
1.259374260902404785e+00
6.248175501823425293e-01
8.075386881828308105e-01
8.743466734886169434e-01
1.003009796142578125e+00
7.926893234252929688e-01
1.162788152694702148e+00
6.477727293968200684e-01
6.726573109626770020e-01
5.822462439537048340e-01
7.938598990440368652e-01
7.463890910148620605e-01
5.767683982849121094e-01
5.564631819725036621e-01
5.706255435943603516e-01
6.466420292854309082e-01
6.082778573036193848e-01
7.143893837928771973e-01
6.675255894660949707e-01
5.679604411125183105e-01
5.533807873725891113e-01
4.126745164394378662e-01
8.037657737731933594e-01
5.116001963615417480e-01
4.701302349567413330e-01
8.635981678962707520e-01
5.608525276184082031e-01
6.798431277275085449e-01
6.688129305839538574e-01
5.374466776847839355e-01
7.224699854850769043e-01
6.084973216056823730e-01
6.738244891166687012e-01
5.387275218963623047e-01
6.937339901924133301e-01
6.284734606742858887e-01
8.017089366912841797e-01
5.892146229743957520e-01
5.432568192481994629e-01
6.206225752830505371e-01
7.458043694496154785e-01
8.069304823875427246e-01
7.116308212280273438e-01
5.193118453025817871e-01
6.121580004692077637e-01
8.302392959594726562e-01
7.917461991310119629e-01
7.306700348854064941e-01
8.115272521972656250e-01
7.062690854072570801e-01
6.508550047874450684e-01
6.042712330818176270e-01
5.833942890167236328e-01
5.636296868324279785e-01
5.706660747528076172e-01
6.623893380165100098e-01
8.724759221076965332e-01
5.720846056938171387e-01
5.136896967887878418e-01
8.410765528678894043e-01
6.521122455596923828e-01
6.857574582099914551e-01
5.867310762405395508e-01
7.325523495674133301e-01
5.683745741844177246e-01
5.978887081146240234e-01
6.394877433776855469e-01
6.589779853820800781e-01
6.792361140251159668e-01
6.985043883323669434e-01
8.534131050109863281e-01
6.182132363319396973e-01
4.612680971622467041e-01
5.911645293235778809e-01
5.573538541793823242e-01
5.133583545684814453e-01
6.175433397293090820e-01
4.660300910472869873e-01
6.415632367134094238e-01
5.411689877510070801e-01
4.830318689346313477e-01
5.982604622840881348e-01
9.289817214012145996e-01
7.115373611450195312e-01
4.711653292179107666e-01
5.411207079887390137e-01
5.352885127067565918e-01
4.798243939876556396e-01
5.335224270820617676e-01
5.933625102043151855e-01
5.732455253601074219e-01
7.810023427009582520e-01
7.440652251243591309e-01
6.242248415946960449e-01
7.757332324981689453e-01
5.612030625343322754e-01
7.735705375671386719e-01
5.347701311111450195e-01
8.589825630187988281e-01
7.410504817962646484e-01
6.425345540046691895e-01
7.003080248832702637e-01
6.327257156372070312e-01
5.036135315895080566e-01
7.517147064208984375e-01
6.549642086029052734e-01
5.859448313713073730e-01
6.493552327156066895e-01
5.724483132362365723e-01
5.665647387504577637e-01
5.115271210670471191e-01
5.245928764343261719e-01
4.754801988601684570e-01
8.314495682716369629e-01
4.783599078655242920e-01
7.068465352058410645e-01
7.168424725532531738e-01
6.181197762489318848e-01
4.621922969818115234e-01
5.160265564918518066e-01
4.441364109516143799e-01
6.310123801231384277e-01
5.684569478034973145e-01
5.736828446388244629e-01
6.233339905738830566e-01
5.613020062446594238e-01
4.754081666469573975e-01
4.383486211299896240e-01
9.415512084960937500e-01
4.822963178157806396e-01
4.745769202709197998e-01
5.908699631690979004e-01
7.195320725440979004e-01
5.352909564971923828e-01
4.895537197589874268e-01
6.811713576316833496e-01
5.618935227394104004e-01
5.828571915626525879e-01
5.473143458366394043e-01
5.702557563781738281e-01
7.836105227470397949e-01
6.169849038124084473e-01
5.115699172019958496e-01
4.687360823154449463e-01
4.885737001895904541e-01
1.108152508735656738e+00
4.537164270877838135e-01
5.155370235443115234e-01
7.743642330169677734e-01
5.101583003997802734e-01
6.562964320182800293e-01
5.823585987091064453e-01
6.483139991760253906e-01
4.687314033508300781e-01
5.475519299507141113e-01
5.328474640846252441e-01
6.344564557075500488e-01
6.652871966361999512e-01
6.252802014350891113e-01
5.071057677268981934e-01
5.552033782005310059e-01
5.009217858314514160e-01
6.113759875297546387e-01
3.788776397705078125e-01
7.691829800605773926e-01
4.930736720561981201e-01
6.811316013336181641e-01
5.702788829803466797e-01
6.316558718681335449e-01
5.240795612335205078e-01
7.171814441680908203e-01
5.526773333549499512e-01
7.085728645324707031e-01
5.748010277748107910e-01
5.965869426727294922e-01
7.150474190711975098e-01
4.541645050048828125e-01
7.079861164093017578e-01
7.332706451416015625e-01
4.439548254013061523e-01
3.954471647739410400e-01
4.220704138278961182e-01
5.267674326896667480e-01
6.228505969047546387e-01
5.036675333976745605e-01
4.583345651626586914e-01
3.598711490631103516e-01
3.774945437908172607e-01
3.865965306758880615e-01
5.248313546180725098e-01
5.671064853668212891e-01
5.429487228393554688e-01
4.400831162929534912e-01
5.684716105461120605e-01
4.760176837444305420e-01
5.364556908607482910e-01
3.787895739078521729e-01
7.794701457023620605e-01
8.122584223747253418e-01
5.388223528861999512e-01
4.290109872817993164e-01
5.218036174774169922e-01
4.972779750823974609e-01
5.766480565071105957e-01
6.684287190437316895e-01
5.133135318756103516e-01
4.787728488445281982e-01
4.123801290988922119e-01
9.963229298591613770e-01
6.371452212333679199e-01
5.580429434776306152e-01
4.947257041931152344e-01
6.216666102409362793e-01
4.607016146183013916e-01
5.051282048225402832e-01
4.639279544353485107e-01
5.770801901817321777e-01
5.625973343849182129e-01
3.631997406482696533e-01
6.403210759162902832e-01
5.823935270309448242e-01
7.494966387748718262e-01
4.424835741519927979e-01
5.715382099151611328e-01
4.574595689773559570e-01
5.039994120597839355e-01
4.864934384822845459e-01
4.091277122497558594e-01
5.333488583564758301e-01
5.470768809318542480e-01
3.811243474483489990e-01
4.572328627109527588e-01
4.506145417690277100e-01
4.778980910778045654e-01
4.543459415435791016e-01
4.572868347167968750e-01
3.724826276302337646e-01
7.998175621032714844e-01
4.112535417079925537e-01
4.967643320560455322e-01
4.858758151531219482e-01
5.022841691970825195e-01
6.365747451782226562e-01
5.050240159034729004e-01
4.115236997604370117e-01
5.046255588531494141e-01
4.238600730895996094e-01
4.323096275329589844e-01
6.420393586158752441e-01
4.016940295696258545e-01
4.566754400730133057e-01
6.542982459068298340e-01
5.319125056266784668e-01
5.124289989471435547e-01
4.305389225482940674e-01
6.079702973365783691e-01
5.588914752006530762e-01
4.280374348163604736e-01
5.336343050003051758e-01
4.161309897899627686e-01
5.942376255989074707e-01
9.454264640808105469e-01
4.278281927108764648e-01
3.817958533763885498e-01
5.543540716171264648e-01
3.940289020538330078e-01
3.671023547649383545e-01
4.226558208465576172e-01
5.280601978302001953e-01
6.720871925354003906e-01
4.456708133220672607e-01
5.191250443458557129e-01
3.761185705661773682e-01
4.028961658477783203e-01
4.636011123657226562e-01
4.421726763248443604e-01
4.977632462978363037e-01
6.098671555519104004e-01
4.331046044826507568e-01
5.265968441963195801e-01
5.035552382469177246e-01
5.719401836395263672e-01
5.158238410949707031e-01
4.856169521808624268e-01
4.155145883560180664e-01
3.904496729373931885e-01
4.576265811920166016e-01
4.456319808959960938e-01
4.783446788787841797e-01
6.170594096183776855e-01
5.344907045364379883e-01
5.141123533248901367e-01
3.527045249938964844e-01
5.481197834014892578e-01
5.120597481727600098e-01
5.453941822052001953e-01
4.606548845767974854e-01
3.353222310543060303e-01
3.304880559444427490e-01
5.311089754104614258e-01
6.275277137756347656e-01
5.641646981239318848e-01
4.620319604873657227e-01
5.908129215240478516e-01
4.571518599987030029e-01
5.406348109245300293e-01
5.096647739410400391e-01
7.526028752326965332e-01
4.667024612426757812e-01
5.158361792564392090e-01
5.534473061561584473e-01
6.243364214897155762e-01
5.459103584289550781e-01
5.082747340202331543e-01
4.253029525279998779e-01
6.522481441497802734e-01
4.903732240200042725e-01
4.500136077404022217e-01
4.769779443740844727e-01
3.738651275634765625e-01
6.555065512657165527e-01
5.010213851928710938e-01
5.636187195777893066e-01
4.327547252178192139e-01
5.725790262222290039e-01
4.473273754119873047e-01
5.157589912414550781e-01
4.725663661956787109e-01
4.885767996311187744e-01
3.987638950347900391e-01
4.769544601440429688e-01
3.958348929882049561e-01
5.290460586547851562e-01
4.843788444995880127e-01
4.737482368946075439e-01
5.107325911521911621e-01
3.267360329627990723e-01
8.609058856964111328e-01
4.287047088146209717e-01
4.456786811351776123e-01
4.156761169433593750e-01
5.013232827186584473e-01
3.912146389484405518e-01
4.612156450748443604e-01
4.961732327938079834e-01
4.227522611618041992e-01
5.365714430809020996e-01
4.026935100555419922e-01
4.191925525665283203e-01
4.169594347476959229e-01
3.950177133083343506e-01
4.983619153499603271e-01
4.387935698032379150e-01
4.112007319927215576e-01
4.112698733806610107e-01
3.619524538516998291e-01
4.074835777282714844e-01
3.296479880809783936e-01
3.949809968471527100e-01
6.927804946899414062e-01
3.821898698806762695e-01
3.920631706714630127e-01
5.177972316741943359e-01
5.253952145576477051e-01
4.265268146991729736e-01
4.351242482662200928e-01
3.556673824787139893e-01
3.879355490207672119e-01
3.905202150344848633e-01
4.596266746520996094e-01
4.850305616855621338e-01
3.766014575958251953e-01
4.916373789310455322e-01
4.291645586490631104e-01
4.536332190036773682e-01
5.093944668769836426e-01
6.400452256202697754e-01
4.571733474731445312e-01
4.214911162853240967e-01
5.389526486396789551e-01
4.194076955318450928e-01
3.807185590267181396e-01
3.009392619132995605e-01
4.415813982486724854e-01
3.415943086147308350e-01
3.680974245071411133e-01
3.327243030071258545e-01
3.355542421340942383e-01
4.620870649814605713e-01
4.399624764919281006e-01
4.897307455539703369e-01
4.435360729694366455e-01
4.967407286167144775e-01
3.693614006042480469e-01
6.593858599662780762e-01
4.098682701587677002e-01
3.917312920093536377e-01
3.566842973232269287e-01
3.521402776241302490e-01
5.043717026710510254e-01
3.743001520633697510e-01
4.514238834381103516e-01
4.592688083648681641e-01
4.042885303497314453e-01
4.029829800128936768e-01
3.702689111232757568e-01
4.152297079563140869e-01
3.716670274734497070e-01
3.702150583267211914e-01
3.271414041519165039e-01
3.615030944347381592e-01
3.571662008762359619e-01
4.020452797412872314e-01
6.071526408195495605e-01
4.308240413665771484e-01
4.262724816799163818e-01
3.676572740077972412e-01
4.176831543445587158e-01
3.593140542507171631e-01
4.281895160675048828e-01
3.455725610256195068e-01
4.334210455417633057e-01
5.702697634696960449e-01
4.189026653766632080e-01
4.206479787826538086e-01
5.430616140365600586e-01
3.639367520809173584e-01
3.421684205532073975e-01
2.995060384273529053e-01
3.125394880771636963e-01
4.663305282592773438e-01
3.289044797420501709e-01
4.028514325618743896e-01
4.006391763687133789e-01
4.088388979434967041e-01
3.545261919498443604e-01
5.588581562042236328e-01
4.141038358211517334e-01
3.072854280471801758e-01
4.383676350116729736e-01
4.147031009197235107e-01
3.201859891414642334e-01
3.835345208644866943e-01
4.716206490993499756e-01
8.337075114250183105e-01
2.800005972385406494e-01
4.460771083831787109e-01
3.439837694168090820e-01
4.613606035709381104e-01
4.111722409725189209e-01
3.912926614284515381e-01
5.252222418785095215e-01
4.462009370326995850e-01
4.662455022335052490e-01
4.373224675655364990e-01
4.629437923431396484e-01
5.437115430831909180e-01
3.921779692173004150e-01
4.544141292572021484e-01
4.526114463806152344e-01
3.590052425861358643e-01
4.525404274463653564e-01
4.606382548809051514e-01
4.318352639675140381e-01
4.184833467006683350e-01
3.906960487365722656e-01
4.363221228122711182e-01
4.501982927322387695e-01
3.846345245838165283e-01
4.509874284267425537e-01
3.275780677795410156e-01
3.682919740676879883e-01
3.817014396190643311e-01
4.144937694072723389e-01
3.411097228527069092e-01
3.090953528881072998e-01
4.132473468780517578e-01
4.462874233722686768e-01
5.223308205604553223e-01
4.508946239948272705e-01
3.998266756534576416e-01
4.019128382205963135e-01
3.473667204380035400e-01
3.208497464656829834e-01
4.213460683822631836e-01
3.676785528659820557e-01
3.634378910064697266e-01
3.652399778366088867e-01
4.242362082004547119e-01
3.004494905471801758e-01
3.884136378765106201e-01
4.279752075672149658e-01
2.786977589130401611e-01
4.070637226104736328e-01
3.204913437366485596e-01
3.170439004898071289e-01
4.972350895404815674e-01
3.600179255008697510e-01
2.825480401515960693e-01
3.008805215358734131e-01
5.385508537292480469e-01
3.878952562808990479e-01
3.876375854015350342e-01
5.769736170768737793e-01
2.728146314620971680e-01
3.743243217468261719e-01
4.199688434600830078e-01
3.615652024745941162e-01
3.289733231067657471e-01
4.341471195220947266e-01
5.246676206588745117e-01
5.009922981262207031e-01
3.166183531284332275e-01
3.713776171207427979e-01
4.586824178695678711e-01
3.131853044033050537e-01
2.946466505527496338e-01
3.637803494930267334e-01
4.117336571216583252e-01
5.557222366333007812e-01
3.907967805862426758e-01
4.928731024265289307e-01
3.743743002414703369e-01
4.127660095691680908e-01
2.955427467823028564e-01
3.524006903171539307e-01
3.942615985870361328e-01
4.423968791961669922e-01
3.648526668548583984e-01
8.378728032112121582e-01
3.551805913448333740e-01
4.530321061611175537e-01
9.228193163871765137e-01
4.184528887271881104e-01
4.692589342594146729e-01
3.887127935886383057e-01
2.741172611713409424e-01
3.659132719039916992e-01
3.519679605960845947e-01
3.720876872539520264e-01
3.233142793178558350e-01
5.795210003852844238e-01
4.479290246963500977e-01
3.342629373073577881e-01
6.216275691986083984e-01
3.785720765590667725e-01
3.498317003250122070e-01
3.802624642848968506e-01
2.929204106330871582e-01
3.883481025695800781e-01
4.743528068065643311e-01
4.411512911319732666e-01
4.581434726715087891e-01
3.521766364574432373e-01
4.373469650745391846e-01
2.927531301975250244e-01
3.394789397716522217e-01
3.789608180522918701e-01
3.438250124454498291e-01
4.279988706111907959e-01
3.981758058071136475e-01
4.025141894817352295e-01
2.896860241889953613e-01
4.312539100646972656e-01
4.126829206943511963e-01
3.938771188259124756e-01
4.151581227779388428e-01
3.404777944087982178e-01
3.708330094814300537e-01
4.321903288364410400e-01
3.987887203693389893e-01
4.644726216793060303e-01
2.825270593166351318e-01
5.292851924896240234e-01
3.075549602508544922e-01
3.793852627277374268e-01
3.181068003177642822e-01
5.114178657531738281e-01
3.420760631561279297e-01
3.688977062702178955e-01
3.529478013515472412e-01
4.241282641887664795e-01
3.216726779937744141e-01
3.899983167648315430e-01
5.187337994575500488e-01
4.046640396118164062e-01
3.777999877929687500e-01
3.205744028091430664e-01
3.096970021724700928e-01
3.964235782623291016e-01
3.192188143730163574e-01
3.637134134769439697e-01
2.995059192180633545e-01
4.471210539340972900e-01
4.230016767978668213e-01
4.721563756465911865e-01
4.629664421081542969e-01
3.331379890441894531e-01
4.197437763214111328e-01
3.186090290546417236e-01
3.849633634090423584e-01
3.999213278293609619e-01
3.424001038074493408e-01
4.278312623500823975e-01
3.888989388942718506e-01
5.233120918273925781e-01
3.593182861804962158e-01
3.758800923824310303e-01
5.080501437187194824e-01
3.673444986343383789e-01
4.007420539855957031e-01
4.184582233428955078e-01
5.296511650085449219e-01
7.416722178459167480e-01
3.636802136898040771e-01
3.276091814041137695e-01
4.214704930782318115e-01
3.552161157131195068e-01
3.487253189086914062e-01
2.923884689807891846e-01
3.464391529560089111e-01
3.135358095169067383e-01
3.162735402584075928e-01
3.943562507629394531e-01
5.903685688972473145e-01
2.586916983127593994e-01
2.703261971473693848e-01
3.517123758792877197e-01
3.004069626331329346e-01
2.491441220045089722e-01
3.960143625736236572e-01
4.357993900775909424e-01
3.698620796203613281e-01
4.124685823917388916e-01
3.662071228027343750e-01
3.913366794586181641e-01
4.261148869991302490e-01
3.257024288177490234e-01
3.685234487056732178e-01
3.029169142246246338e-01
3.858351707458496094e-01
3.228715062141418457e-01
4.622460901737213135e-01
2.857269048690795898e-01
3.882236182689666748e-01
4.886702299118041992e-01
3.731406927108764648e-01
2.995187342166900635e-01
2.696962058544158936e-01
2.170307189226150513e-01
3.237992525100708008e-01
4.007436931133270264e-01
3.127791881561279297e-01
3.738571107387542725e-01
3.725402355194091797e-01
3.057731688022613525e-01
3.372695744037628174e-01
2.542187869548797607e-01
3.470269143581390381e-01
3.747199475765228271e-01
2.239538878202438354e-01
3.834298551082611084e-01
3.537738025188446045e-01
3.638982772827148438e-01
4.276844561100006104e-01
3.681811392307281494e-01
4.019219577312469482e-01
3.685471117496490479e-01
3.807014524936676025e-01
4.740293323993682861e-01
3.428089916706085205e-01
2.864797413349151611e-01
3.052705526351928711e-01
2.964931428432464600e-01
4.565891325473785400e-01
4.339054524898529053e-01
3.696861267089843750e-01
3.539341390132904053e-01
4.647815525531768799e-01
3.186925947666168213e-01
2.796980440616607666e-01
2.867979407310485840e-01
2.891390621662139893e-01
3.660704195499420166e-01
3.814708888530731201e-01
3.333263695240020752e-01
4.573921263217926025e-01
3.585241734981536865e-01
3.591239154338836670e-01
3.868549764156341553e-01
3.952395915985107422e-01
3.258830308914184570e-01
4.501082897186279297e-01
5.176443457603454590e-01
5.532153248786926270e-01
3.244905173778533936e-01
3.242372274398803711e-01
2.978768050670623779e-01
3.763513267040252686e-01
5.401753783226013184e-01
4.022043049335479736e-01
4.110758304595947266e-01
5.635681152343750000e-01
4.944117963314056396e-01
3.578629791736602783e-01
4.130581319332122803e-01
4.523573815822601318e-01
3.778835833072662354e-01
3.381935060024261475e-01
3.597424328327178955e-01
4.513739347457885742e-01
3.797227144241333008e-01
4.514746665954589844e-01
3.878283500671386719e-01
3.914802074432373047e-01
3.003435432910919189e-01
4.171397686004638672e-01
4.516818523406982422e-01
3.655618131160736084e-01
3.250797092914581299e-01
2.943943142890930176e-01
3.401057720184326172e-01
3.363054692745208740e-01
2.958281934261322021e-01
3.699546754360198975e-01
5.305575728416442871e-01
5.000799298286437988e-01
4.224584400653839111e-01
4.307079315185546875e-01
4.844824373722076416e-01
3.457524776458740234e-01
3.721086978912353516e-01
5.286350846290588379e-01
4.342409670352935791e-01
4.337328374385833740e-01
3.210865557193756104e-01
2.849883437156677246e-01
4.078164994716644287e-01
3.716211318969726562e-01
3.835123479366302490e-01
3.469116985797882080e-01
4.185111224651336670e-01
2.990857362747192383e-01
2.884751260280609131e-01
4.028815329074859619e-01
3.715448379516601562e-01
3.543744981288909912e-01
7.699995040893554688e-01
4.304580688476562500e-01
4.448919594287872314e-01
3.895535469055175781e-01
2.982389628887176514e-01
4.585295617580413818e-01
4.213779866695404053e-01
4.356330335140228271e-01
4.769361019134521484e-01
2.616501152515411377e-01
4.366457164287567139e-01
3.457204103469848633e-01
3.620558083057403564e-01
2.673394381999969482e-01
4.229225218296051025e-01
3.723030090332031250e-01
3.774942457675933838e-01
3.421926498413085938e-01
3.291844725608825684e-01
2.915695607662200928e-01
4.676164090633392334e-01
2.938128411769866943e-01
2.828350365161895752e-01
3.138867318630218506e-01
3.149247169494628906e-01
3.692450523376464844e-01
4.315173625946044922e-01
3.305550813674926758e-01
3.043108880519866943e-01
4.418655931949615479e-01
3.291149437427520752e-01
3.068687915802001953e-01
4.179714918136596680e-01
3.034234046936035156e-01
3.103799223899841309e-01
3.851202428340911865e-01
4.533908069133758545e-01
3.358330428600311279e-01
3.396252691745758057e-01
3.574492633342742920e-01
3.859502375125885010e-01
2.731319963932037354e-01
3.409163951873779297e-01
3.477062284946441650e-01
2.859569787979125977e-01
3.134167790412902832e-01
3.002789914608001709e-01
3.367336094379425049e-01
3.169352412223815918e-01
2.881645262241363525e-01
2.614668011665344238e-01
3.931318223476409912e-01
4.713887274265289307e-01
3.236651122570037842e-01
4.208879470825195312e-01
3.076493144035339355e-01
2.993391454219818115e-01
2.042434215545654297e-01
3.111069500446319580e-01
2.989680171012878418e-01
3.242753148078918457e-01
3.131518065929412842e-01
4.262529313564300537e-01
3.520413637161254883e-01
2.982725203037261963e-01
3.605305254459381104e-01
3.094451129436492920e-01
3.296651542186737061e-01
3.177417814731597900e-01
3.219465911388397217e-01
3.196149766445159912e-01
4.264862835407257080e-01
2.887257635593414307e-01
2.855019867420196533e-01
2.803982794284820557e-01
3.742884099483489990e-01
3.854926824569702148e-01
4.674707353115081787e-01
3.467247784137725830e-01
3.677248060703277588e-01
4.432051479816436768e-01
4.160295724868774414e-01
4.339872896671295166e-01
5.442532896995544434e-01
4.121984243392944336e-01
3.561264574527740479e-01
4.322478473186492920e-01
5.054379105567932129e-01
2.961838245391845703e-01
3.141748011112213135e-01
4.421450197696685791e-01
4.314244687557220459e-01
3.585355281829833984e-01
3.780969679355621338e-01
3.891626298427581787e-01
5.153903365135192871e-01
3.861232697963714600e-01
3.546117246150970459e-01
3.304298222064971924e-01
3.800219595432281494e-01
3.337040245532989502e-01
4.543581008911132812e-01
2.943712770938873291e-01
2.945849001407623291e-01
4.205354154109954834e-01
3.077494204044342041e-01
2.985889017581939697e-01
3.401965796947479248e-01
3.159333169460296631e-01
2.653565704822540283e-01
4.332182109355926514e-01
3.423964679241180420e-01
3.502200543880462646e-01
3.654748201370239258e-01
4.175491631031036377e-01
3.390264809131622314e-01
3.555580675601959229e-01
3.496434688568115234e-01
3.577872812747955322e-01
2.100863456726074219e-01
3.586742579936981201e-01
3.479299843311309814e-01
3.385553061962127686e-01
3.168968260288238525e-01
3.491889238357543945e-01
3.571823835372924805e-01
5.582504868507385254e-01
2.967183589935302734e-01
3.321685791015625000e-01
3.173067271709442139e-01
2.512575089931488037e-01
2.788070738315582275e-01
3.270244896411895752e-01
3.179335594177246094e-01
2.697216570377349854e-01
3.051292598247528076e-01
3.807364404201507568e-01
3.039862215518951416e-01
2.781628668308258057e-01
3.226530849933624268e-01
2.816505730152130127e-01
4.400595724582672119e-01
4.268185794353485107e-01
2.996049821376800537e-01
3.296996355056762695e-01
3.496129214763641357e-01
2.852939963340759277e-01
3.455676734447479248e-01
3.693419992923736572e-01
3.591048717498779297e-01
3.879012167453765869e-01
3.493560850620269775e-01
2.862119078636169434e-01
3.330219089984893799e-01
3.317942321300506592e-01
6.325967907905578613e-01
4.632838666439056396e-01
4.341209828853607178e-01
3.012075126171112061e-01
2.721981704235076904e-01
2.535503208637237549e-01
3.221101760864257812e-01
2.531222701072692871e-01
4.412313699722290039e-01
3.580325841903686523e-01
3.380255997180938721e-01
2.990687787532806396e-01
4.569204747676849365e-01
4.642785489559173584e-01
2.727454900741577148e-01
3.536999225616455078e-01
2.988581359386444092e-01
3.540247976779937744e-01
2.497340440750122070e-01
3.304791152477264404e-01
3.096226751804351807e-01
2.530375719070434570e-01
2.851967811584472656e-01
2.829941213130950928e-01
2.670489847660064697e-01
2.701953351497650146e-01
3.590722978115081787e-01
3.255980610847473145e-01
5.222486853599548340e-01
4.734235107898712158e-01
3.166954517364501953e-01
2.556789219379425049e-01
3.481677472591400146e-01
3.016272485256195068e-01
3.676378726959228516e-01
2.687342166900634766e-01
3.101493120193481445e-01
4.974048137664794922e-01
2.792591154575347900e-01
3.073319196701049805e-01
3.593277931213378906e-01
2.430739849805831909e-01
2.858125865459442139e-01
3.706286251544952393e-01
3.735432624816894531e-01
2.834161221981048584e-01
2.862568497657775879e-01
2.055877298116683960e-01
2.997052371501922607e-01
3.212133646011352539e-01
4.129089415073394775e-01
3.537885248661041260e-01
3.708925247192382812e-01
2.370528429746627808e-01
3.427400588989257812e-01
3.776998817920684814e-01
3.366750776767730713e-01
2.758166491985321045e-01
2.945398390293121338e-01
3.683439493179321289e-01
3.965413570404052734e-01
2.796698808670043945e-01
4.079703092575073242e-01
3.020315170288085938e-01
4.313256442546844482e-01
2.925449609756469727e-01
2.982217371463775635e-01
3.205593526363372803e-01
2.720874845981597900e-01
3.788589239120483398e-01
2.746185660362243652e-01
2.308266609907150269e-01
3.099436759948730469e-01
2.154179066419601440e-01
2.825111448764801025e-01
3.307402431964874268e-01
2.573318481445312500e-01
3.250146806240081787e-01
3.030371367931365967e-01
3.310801386833190918e-01
2.660159170627593994e-01
3.112024068832397461e-01
2.778087258338928223e-01
2.642387747764587402e-01
2.613308727741241455e-01
2.568916380405426025e-01
3.807481825351715088e-01
2.230258733034133911e-01
2.696566879749298096e-01
2.224339246749877930e-01
2.907874286174774170e-01
3.036906421184539795e-01
3.050943315029144287e-01
4.015516340732574463e-01
3.619470894336700439e-01
2.949280440807342529e-01
