9.059476852416992188e-02
4.365091398358345032e-02
6.618712842464447021e-02
3.670713678002357483e-02
9.557244926691055298e-02
6.066012382507324219e-02
7.832109183073043823e-02
3.662021085619926453e-02
5.808951333165168762e-02
5.933493748307228088e-02
6.176550686359405518e-02
5.538632348179817200e-02
7.002335786819458008e-02
4.668506607413291931e-02
5.434546247124671936e-02
8.575610071420669556e-02
1.675765514373779297e-01
6.341125816106796265e-02
3.171439468860626221e-02
2.389215677976608276e-02
1.148632690310478210e-01
6.264882534742355347e-02
3.296852484345436096e-02
6.087793782353401184e-02
5.206915363669395447e-02
3.472581133246421814e-02
1.006777286529541016e-01
5.269172787666320801e-02
1.624503582715988159e-01
7.251550257205963135e-02
4.038095474243164062e-02
3.343625739216804504e-02
6.767251342535018921e-02
4.772296175360679626e-02
9.865754097700119019e-02
7.295832782983779907e-02
4.038262739777565002e-02
4.473723471164703369e-02
7.820101827383041382e-02
6.500355154275894165e-02
4.702321812510490417e-02
5.171476304531097412e-02
5.492793396115303040e-02
6.474851816892623901e-02
3.948703035712242126e-02
4.122676700353622437e-02
1.228320822119712830e-01
6.287983059883117676e-02
6.106989085674285889e-02
8.570192009210586548e-02
3.217732906341552734e-02
3.398737683892250061e-02
6.806830316781997681e-02
1.034672781825065613e-01
7.830089330673217773e-02
7.418283075094223022e-02
8.202762901782989502e-02
7.766868919134140015e-02
3.956400230526924133e-02
8.500478416681289673e-02
4.348519816994667053e-02
6.181940808892250061e-02
7.835045456886291504e-02
9.913522005081176758e-02
9.831431508064270020e-02
8.767148852348327637e-02
7.530567795038223267e-02
3.855382651090621948e-02
1.071261242032051086e-01
4.188159480690956116e-02
7.780276983976364136e-02
6.527680903673171997e-02
4.699882864952087402e-02
5.517918989062309265e-02
1.942654252052307129e-01
5.179863050580024719e-02
6.909545511007308960e-02
6.525703519582748413e-02
7.503538578748703003e-02
5.971363559365272522e-02
7.530368864536285400e-02
7.404417544603347778e-02
4.775592684745788574e-02
3.241518139839172363e-02
5.187674984335899353e-02
8.615574985742568970e-02
7.124423980712890625e-02
3.091314435005187988e-02
5.611900612711906433e-02
1.361191868782043457e-01
4.778292775154113770e-02
3.628486767411231995e-02
2.948189526796340942e-02
5.096002295613288879e-02
5.781849846243858337e-02
3.128382191061973572e-02
2.792617678642272949e-02
6.691042333841323853e-02
6.182560697197914124e-02
2.661417238414287567e-02
1.156123057007789612e-01
5.112575367093086243e-02
6.795323640108108521e-02
5.117776989936828613e-02
5.408609285950660706e-02
2.230436913669109344e-02
2.044154405593872070e-01
4.887686297297477722e-02
7.560834288597106934e-02
2.912054397165775299e-02
7.804390043020248413e-02
3.436382114887237549e-02
1.294428259134292603e-01
4.128316417336463928e-02
6.687261909246444702e-02
4.003426060080528259e-02
3.600903972983360291e-02
9.233965724706649780e-02
7.115510106086730957e-02
5.348172783851623535e-02
5.259801447391510010e-02
4.563800990581512451e-02
3.074838966131210327e-02
5.362163856625556946e-02
7.919395714998245239e-02
3.337408229708671570e-02
7.877513766288757324e-02
1.295814961194992065e-01
4.316000267863273621e-02
6.632741540670394897e-02
6.360379606485366821e-02
5.916766449809074402e-02
5.408244952559471130e-02
7.476737350225448608e-02
4.457158222794532776e-02
1.298563480377197266e-01
5.773628875613212585e-02
5.449631810188293457e-02
1.585361957550048828e-01
8.676748722791671753e-02
7.825987786054611206e-02
5.918210744857788086e-02
3.678178042173385620e-02
3.911729529500007629e-02
7.217562943696975708e-02
1.003736630082130432e-01
3.406878188252449036e-02
6.837809085845947266e-02
1.811914443969726562e-01
1.048964634537696838e-01
4.905989393591880798e-02
9.454189985990524292e-02
1.023449078202247620e-01
6.130183860659599304e-02
9.708300977945327759e-02
7.253750413656234741e-02
5.211456492543220520e-02
3.575481101870536804e-02
8.024517446756362915e-02
5.502739176154136658e-02
6.260276585817337036e-02
4.313429072499275208e-02
6.419757008552551270e-02
7.470049709081649780e-02
5.041320621967315674e-02
8.611560612916946411e-02
5.119584500789642334e-02
4.384951293468475342e-02
6.823589652776718140e-02
6.080500781536102295e-02
4.555319249629974365e-02
5.876409634947776794e-02
5.031305551528930664e-02
5.659804865717887878e-02
8.420764654874801636e-02
6.441451609134674072e-02
4.834451153874397278e-02
1.014580726623535156e-01
6.291771680116653442e-02
3.137028962373733521e-02
5.283970758318901062e-02
6.573077291250228882e-02
8.886650204658508301e-02
5.714710056781768799e-02
2.573988586664199829e-02
6.593970209360122681e-02
8.592194318771362305e-02
6.590782105922698975e-02
1.355964392423629761e-01
5.704858899116516113e-02
7.763755321502685547e-02
3.328739851713180542e-02
5.378996953368186951e-02
4.829326644539833069e-02
3.591660410165786743e-02
6.806728988885879517e-02
4.833238199353218079e-02
5.772877112030982971e-02
7.600602507591247559e-02
3.307345882058143616e-02
3.728122264146804810e-02
3.248952701687812805e-02
2.737153880298137665e-02
3.513878211379051208e-02
2.362459897994995117e-02
5.371922627091407776e-02
3.648693487048149109e-02
6.047798693180084229e-02
2.691249549388885498e-02
4.689516499638557434e-02
4.486656561493873596e-02
5.034655705094337463e-02
1.149249598383903503e-01
6.240593269467353821e-02
3.993490338325500488e-02
3.466879948973655701e-02
3.113060630857944489e-02
4.063021391630172729e-02
7.889176905155181885e-02
8.797424286603927612e-02
3.929023444652557373e-02
3.055783361196517944e-02
6.902758032083511353e-02
5.332331731915473938e-02
6.663046777248382568e-02
3.813298046588897705e-02
5.145899578928947449e-02
2.289990149438381195e-02
4.186448827385902405e-02
8.961630612611770630e-02
1.647152006626129150e-01
6.390319764614105225e-02
5.062284693121910095e-02
4.146888479590415955e-02
1.262542158365249634e-01
8.822990208864212036e-02
3.548083826899528503e-02
4.308705404400825500e-02
9.425190836191177368e-02
6.881972402334213257e-02
4.098676145076751709e-02
5.902873352169990540e-02
5.794004723429679871e-02
5.355666205286979675e-02
6.536948680877685547e-02
3.195853158831596375e-02
7.282987982034683228e-02
1.047775968909263611e-01
3.561007231473922729e-02
4.015828296542167664e-02
3.989126533269882202e-02
5.293881520628929138e-02
5.316976085305213928e-02
8.655602484941482544e-02
8.400674909353256226e-02
7.982946187257766724e-02
1.190219596028327942e-01
4.162627458572387695e-02
3.410248085856437683e-02
4.101325199007987976e-02
6.148250773549079895e-02
6.494071334600448608e-02
2.390937507152557373e-02
5.078966543078422546e-02
2.773307263851165771e-02
5.972510948777198792e-02
3.840378299355506897e-02
6.084081530570983887e-02
6.467454135417938232e-02
2.773771248757839203e-02
5.842643603682518005e-02
6.740973889827728271e-02
4.757827147841453552e-02
3.250445425510406494e-02
3.997739404439926147e-02
7.558266818523406982e-02
6.328580528497695923e-02
8.578538894653320312e-02
5.198353901505470276e-02
5.633984133601188660e-02
6.108666956424713135e-02
9.657683968544006348e-02
5.712647363543510437e-02
4.026561975479125977e-02
3.289366886019706726e-02
7.057038694620132446e-02
7.226314395666122437e-02
6.746874004602432251e-02
5.256735160946846008e-02
7.673998922109603882e-02
7.289826869964599609e-02
3.982887789607048035e-02
6.539060175418853760e-02
1.454564779996871948e-01
3.626829385757446289e-02
6.864223629236221313e-02
2.680716663599014282e-02
2.814887277781963348e-02
6.401477009057998657e-02
3.997233137488365173e-02
5.447959899902343750e-02
6.265404075384140015e-02
7.708279043436050415e-02
4.690013825893402100e-02
3.221167251467704773e-02
7.923492789268493652e-02
3.507308661937713623e-02
3.613117709755897522e-02
3.325738012790679932e-02
6.619375944137573242e-02
7.699759304523468018e-02
2.889388240873813629e-02
3.385097905993461609e-02
6.055225804448127747e-02
3.829360380768775940e-02
5.254000052809715271e-02
4.743604362010955811e-02
3.295718878507614136e-02
6.157781183719635010e-02
3.391509130597114563e-02
4.820646345615386963e-02
5.078472569584846497e-02
2.878139726817607880e-02
1.049901023507118225e-01
5.205084383487701416e-02
1.954457722604274750e-02
7.198775559663772583e-02
4.803417623043060303e-02
3.777398169040679932e-02
7.969231903553009033e-02
5.604147911071777344e-02
2.702093683183193207e-02
4.828644916415214539e-02
2.572545409202575684e-02
7.128503173589706421e-02
1.090089455246925354e-01
3.004445694386959076e-02
4.569593071937561035e-02
1.198733672499656677e-01
2.155848033726215363e-02
2.742980420589447021e-02
8.102431148290634155e-02
3.424200043082237244e-02
5.177400633692741394e-02
2.720332145690917969e-02
8.594414591789245605e-02
5.839104577898979187e-02
5.930398404598236084e-02
6.533804535865783691e-02
6.519522517919540405e-02
3.292830660939216614e-02
6.413865834474563599e-02
5.177648738026618958e-02
7.692295312881469727e-02
5.288162827491760254e-02
6.883651018142700195e-02
5.809010937809944153e-02
6.459876149892807007e-02
4.360707476735115051e-02
2.922898530960083008e-02
3.230790421366691589e-02
7.680141180753707886e-02
7.013585418462753296e-02
7.119733840227127075e-02
3.583348914980888367e-02
4.386455193161964417e-02
4.070999100804328918e-02
2.364174276590347290e-02
6.314686685800552368e-02
1.063698530197143555e-01
4.585910961031913757e-02
6.287408620119094849e-02
5.198309943079948425e-02
6.871762871742248535e-02
8.074820041656494141e-02
5.381643772125244141e-02
3.725645691156387329e-02
3.621170669794082642e-02
3.072457015514373779e-02
3.703197464346885681e-02
7.161045074462890625e-02
8.375074714422225952e-02
3.123811632394790649e-02
2.024540863931179047e-02
2.959749847650527954e-02
4.840470850467681885e-02
1.387696415185928345e-01
6.513553112745285034e-02
3.117837011814117432e-02
3.884616121649742126e-02
4.942190274596214294e-02
3.574908897280693054e-02
5.412509664893150330e-02
6.453613191843032837e-02
6.605048477649688721e-02
6.478039175271987915e-02
4.189278185367584229e-02
6.184835359454154968e-02
6.410644948482513428e-02
6.144312024116516113e-02
2.789000608026981354e-02
6.098358705639839172e-02
3.488158434629440308e-02
5.956928059458732605e-02
2.628420479595661163e-02
5.933040753006935120e-02
5.003819242119789124e-02
4.930182918906211853e-02
5.429942905902862549e-02
2.269753254950046539e-02
3.562961891293525696e-02
2.167798765003681183e-02
5.174271389842033386e-02
6.182317063212394714e-02
2.378459088504314423e-02
2.764017134904861450e-02
4.707680642604827881e-02
8.492624759674072266e-02
3.089589811861515045e-02
7.829482853412628174e-02
9.389505535364151001e-02
3.267377987504005432e-02
4.151562228798866272e-02
5.122899636626243591e-02
5.049137398600578308e-02
4.881367087364196777e-02
1.646338999271392822e-01
3.558515384793281555e-02
2.792080305516719818e-02
8.143123239278793335e-02
4.985474422574043274e-02
8.234980702400207520e-02
5.626070126891136169e-02
9.700243920087814331e-02
4.878810048103332520e-02
5.760820582509040833e-02
6.717202812433242798e-02
5.853535607457160950e-02
5.449439212679862976e-02
4.920041933655738831e-02
5.550502240657806396e-02
7.270411401987075806e-02
2.524874359369277954e-02
5.134443566203117371e-02
4.632139205932617188e-02
3.022278845310211182e-02
3.405923023819923401e-02
6.354967504739761353e-02
5.374097824096679688e-02
1.820926368236541748e-02
8.012052625417709351e-02
3.969657048583030701e-02
1.337188780307769775e-01
2.556019462645053864e-02
7.067919522523880005e-02
2.415043674409389496e-02
3.170437738299369812e-02
3.491054847836494446e-02
2.287076413631439209e-02
5.984772369265556335e-02
6.626812368631362915e-02
2.873831242322921753e-02
7.288512587547302246e-02
1.889555528759956360e-02
9.443768113851547241e-02
2.369942329823970795e-02
1.291598081588745117e-01
4.915570095181465149e-02
2.968340553343296051e-02
9.420114755630493164e-02
6.099450588226318359e-02
1.299232840538024902e-01
9.366896003484725952e-02
5.331608653068542480e-02
8.254908770322799683e-02
4.465132951736450195e-02
4.244728758931159973e-02
6.626839190721511841e-02
3.076327778398990631e-02
5.255836248397827148e-02
7.380428165197372437e-02
3.440986573696136475e-02
3.230567649006843567e-02
1.059876680374145508e-01
6.266175210475921631e-02
2.759231068193912506e-02
2.568584866821765900e-02
9.223809838294982910e-02
3.338615968823432922e-02
1.311468929052352905e-01
1.164286211133003235e-01
1.226451620459556580e-01
3.362790867686271667e-02
5.332670733332633972e-02
4.112745448946952820e-02
7.316210120916366577e-02
1.457748562097549438e-01
2.291255630552768707e-02
7.290243357419967651e-02
6.391473859548568726e-02
3.287449851632118225e-02
5.341200903058052063e-02
5.609786137938499451e-02
1.363218575716018677e-01
6.664924323558807373e-02
5.707072094082832336e-02
3.719014301896095276e-02
7.750805467367172241e-02
5.091749504208564758e-02
4.224355891346931458e-02
2.347040362656116486e-02
7.111173123121261597e-02
1.110284924507141113e-01
4.600998759269714355e-02
3.460510447621345520e-02
5.999779328703880310e-02
6.633407622575759888e-02
1.796220988035202026e-02
3.024945594370365143e-02
5.299613997340202332e-02
4.114197567105293274e-02
2.799856662750244141e-02
5.710793659090995789e-02
6.021441891789436340e-02
7.764800637960433960e-02
7.380989193916320801e-02
6.362535059452056885e-02
5.168714746832847595e-02
2.482551895081996918e-02
5.866264179348945618e-02
3.100179880857467651e-02
8.242293447256088257e-02
7.231400161981582642e-02
7.634063810110092163e-02
3.307648375630378723e-02
1.044775322079658508e-01
2.686172164976596832e-02
6.522121280431747437e-02
7.200037688016891479e-02
3.806373476982116699e-02
2.831690572202205658e-02
5.828040465712547302e-02
4.711917042732238770e-02
2.351538650691509247e-02
3.352277353405952454e-02
4.199072718620300293e-02
4.250403121113777161e-02
5.931597948074340820e-02
4.699810966849327087e-02
4.755783081054687500e-02
4.760905727744102478e-02
3.274681791663169861e-02
1.213399544358253479e-01
3.986419364809989929e-02
3.230234608054161072e-02
5.203102156519889832e-02
3.608689829707145691e-02
4.852470755577087402e-02
4.045965149998664856e-02
1.470145881175994873e-01
2.356688678264617920e-02
2.485503442585468292e-02
3.958191350102424622e-02
1.306143105030059814e-01
8.804591745138168335e-02
1.757692173123359680e-02
7.062882930040359497e-02
6.049856543540954590e-02
1.055877506732940674e-01
3.653832897543907166e-02
5.461615324020385742e-02
5.189272761344909668e-02
3.347657993435859680e-02
3.252716735005378723e-02
2.076888643205165863e-02
9.377142041921615601e-02
2.781024388968944550e-02
2.552229166030883789e-02
4.507450386881828308e-02
4.520482197403907776e-02
2.959341742098331451e-02
3.259871527552604675e-02
5.658584833145141602e-02
3.436544537544250488e-02
5.512662604451179504e-02
5.612332001328468323e-02
2.807080000638961792e-02
6.005081906914710999e-02
2.713719010353088379e-02
9.722465276718139648e-02
5.790917575359344482e-02
4.736965894699096680e-02
4.611074924468994141e-02
1.435585170984268188e-01
7.776444405317306519e-02
4.586439207196235657e-02
6.809427589178085327e-02
5.816662311553955078e-02
4.902989044785499573e-02
6.604274362325668335e-02
1.152940168976783752e-01
4.329492151737213135e-02
6.653751432895660400e-02
5.941531434655189514e-02
5.976060032844543457e-02
5.589064583182334900e-02
3.762017190456390381e-02
1.778362840414047241e-01
4.765606299042701721e-02
4.751952365040779114e-02
4.602162167429924011e-02
4.412068799138069153e-02
9.202405810356140137e-02
3.669991716742515564e-02
4.884709790349006653e-02
4.178261384367942810e-02
2.373080514371395111e-02
3.747944533824920654e-02
5.236948654055595398e-02
7.140354812145233154e-02
3.878079354763031006e-02
5.569539591670036316e-02
3.795908764004707336e-02
1.180430278182029724e-01
2.976473607122898102e-02
4.075304791331291199e-02
7.970955967903137207e-02
5.423843860626220703e-02
1.618622839450836182e-01
4.641674458980560303e-02
1.537788063287734985e-01
6.125524267554283142e-02
7.099424302577972412e-02
6.786706298589706421e-02
5.207651853561401367e-02
6.109147146344184875e-02
8.529924601316452026e-02
3.097260929644107819e-02
8.292783051729202271e-02
5.611819028854370117e-02
5.530934408307075500e-02
1.144111454486846924e-01
3.326211124658584595e-02
8.049406856298446655e-02
5.743189528584480286e-02
4.549233242869377136e-02
5.960012599825859070e-02
6.806199252605438232e-02
9.460527449846267700e-02
7.779715210199356079e-02
1.845539659261703491e-01
9.292043000459671021e-02
8.019370585680007935e-02
5.991378426551818848e-02
4.829916730523109436e-02
4.360058903694152832e-02
7.053971290588378906e-02
7.756436616182327271e-02
7.097999006509780884e-02
6.677224487066268921e-02
1.347500830888748169e-01
3.278737887740135193e-02
5.995252728462219238e-02
6.642770022153854370e-02
4.931736364960670471e-02
1.289934068918228149e-01
5.399918556213378906e-02
3.282025828957557678e-02
7.543327659368515015e-02
6.574884802103042603e-02
3.111638128757476807e-02
6.082722544670104980e-02
2.972146682441234589e-02
5.648215487599372864e-02
7.167169451713562012e-02
3.049362450838088989e-02
7.553371042013168335e-02
2.845872379839420319e-02
6.447356194257736206e-02
3.067640401422977448e-02
3.657833114266395569e-02
2.250919677317142487e-02
3.086361847817897797e-02
3.537346795201301575e-02
2.684695832431316376e-02
9.420501440763473511e-02
3.058053366839885712e-02
1.352558583021163940e-01
6.072148308157920837e-02
4.110710695385932922e-02
3.653144836425781250e-02
2.062764763832092285e-02
5.231748893857002258e-02
5.890544131398200989e-02
6.586156040430068970e-02
5.193807557225227356e-02
5.769118666648864746e-02
2.810298651456832886e-02
7.600279897451400757e-02
4.407488182187080383e-02
7.066723704338073730e-02
5.849835649132728577e-02
5.594372749328613281e-02
6.791035085916519165e-02
6.643424183130264282e-02
1.410547941923141479e-01
3.956852480769157410e-02
5.531724169850349426e-02
9.403382986783981323e-02
5.776951089501380920e-02
4.785622283816337585e-02
8.162426948547363281e-02
5.768339708447456360e-02
6.520523875951766968e-02
5.882996693253517151e-02
3.203034773468971252e-02
2.599617838859558105e-02
8.788398653268814087e-02
3.286197409033775330e-02
7.218965888023376465e-02
7.022813707590103149e-02
5.563920736312866211e-02
4.523561522364616394e-02
4.140920937061309814e-02
1.238730251789093018e-01
1.092334166169166565e-01
3.075834549963474274e-02
8.670852333307266235e-02
3.301314637064933777e-02
4.715680703520774841e-02
3.127248585224151611e-02
4.407123848795890808e-02
4.238457605242729187e-02
1.098510921001434326e-01
4.548687115311622620e-02
2.851115353405475616e-02
3.032532520592212677e-02
3.685650229454040527e-02
3.898228332400321960e-02
5.614681914448738098e-02
8.865076303482055664e-02
1.294139474630355835e-01
3.489962592720985413e-02
5.866188928484916687e-02
8.281683921813964844e-02
1.165096387267112732e-01
9.111595153808593750e-02
5.593863129615783691e-02
7.085113972425460815e-02
5.931853130459785461e-02
1.284536868333816528e-01
1.358591765165328979e-01
5.891349911689758301e-02
1.139283478260040283e-01
9.229921549558639526e-02
9.627124667167663574e-02
6.588257104158401489e-02
1.684008985757827759e-01
8.161070942878723145e-02
5.203314498066902161e-02
7.748480141162872314e-02
7.638894766569137573e-02
5.341388657689094543e-02
8.044500648975372314e-02
5.382478237152099609e-02
2.872022427618503571e-02
1.447943001985549927e-01
4.049748554825782776e-02
4.718488082289695740e-02
5.745271220803260803e-02
4.106631875038146973e-02
1.522835642099380493e-01
4.522940889000892639e-02
5.396405979990959167e-02
2.964141033589839935e-02
3.232854232192039490e-02
6.664977222681045532e-02
5.567876622080802917e-02
1.156619414687156677e-01
8.104386180639266968e-02
7.986715435981750488e-02
5.056480690836906433e-02
6.099915504455566406e-02
7.069745659828186035e-02
4.495311900973320007e-02
6.174179911613464355e-02
1.245442926883697510e-01
1.113515198230743408e-01
6.628740578889846802e-02
6.885766237974166870e-02
1.108817681670188904e-01
6.300949305295944214e-02
3.363822773098945618e-02
4.235877469182014465e-02
7.556300610303878784e-02
1.335357874631881714e-01
8.128639310598373413e-02
8.901927620172500610e-02
4.069165885448455811e-02
4.724899306893348694e-02
4.511573910713195801e-02
2.106730937957763672e-01
8.451686054468154907e-02
1.172792091965675354e-01
7.301997393369674683e-02
8.527231961488723755e-02
6.683335453271865845e-02
3.479497879743576050e-02
7.047206908464431763e-02
2.783888764679431915e-02
6.449786573648452759e-02
2.498795650899410248e-02
3.361568227410316467e-02
2.418255060911178589e-02
7.077923417091369629e-02
4.077853634953498840e-02
7.519518584012985229e-02
6.525736302137374878e-02
9.377517551183700562e-02
6.915391236543655396e-02
8.097005635499954224e-02
5.418502911925315857e-02
4.101684316992759705e-02
7.445663958787918091e-02
4.265120998024940491e-02
5.002895370125770569e-02
4.955133423209190369e-02
6.071390584111213684e-02
2.973864227533340454e-02
7.950457185506820679e-02
6.224177405238151550e-02
5.967389047145843506e-02
3.285008668899536133e-02
6.992411613464355469e-02
3.585344180464744568e-02
5.536686256527900696e-02
5.009458959102630615e-02
5.116829648613929749e-02
5.365793779492378235e-02
4.929571226239204407e-02
2.466743253171443939e-02
3.960261121392250061e-02
7.473340630531311035e-02
2.370314486324787140e-02
1.261289119720458984e-01
5.486462637782096863e-02
4.095671325922012329e-02
3.277866169810295105e-02
5.469311401247978210e-02
3.217148408293724060e-02
4.980992153286933899e-02
7.068117707967758179e-02
3.928476572036743164e-02
2.621207572519779205e-02
2.971485443413257599e-02
3.478564694523811340e-02
3.479878604412078857e-02
7.758881151676177979e-02
5.849456787109375000e-02
7.163327187299728394e-02
3.244310617446899414e-02
2.657448314130306244e-02
5.378165841102600098e-02
6.217897310853004456e-02
5.719370767474174500e-02
1.040294170379638672e-01
5.539498850703239441e-02
2.356566675007343292e-02
2.945815771818161011e-02
1.240664198994636536e-01
2.982950769364833832e-02
7.873538136482238770e-02
5.802388861775398254e-02
1.029743328690528870e-01
5.325147509574890137e-02
2.821878902614116669e-02
3.504929691553115845e-02
7.165300846099853516e-02
2.346587739884853363e-02
1.371116340160369873e-01
7.000571489334106445e-02
3.746101632714271545e-02
3.271290659904479980e-02
3.344906494021415710e-02
6.730577349662780762e-02
6.535203009843826294e-02
3.776156902313232422e-02
3.674186393618583679e-02
2.780272252857685089e-02
1.031095907092094421e-01
4.499481245875358582e-02
8.248002082109451294e-02
2.983605116605758667e-02
3.870780020952224731e-02
5.846020206809043884e-02
4.306156560778617859e-02
2.727292478084564209e-02
3.025978058576583862e-02
7.478649169206619263e-02
3.600169345736503601e-02
7.469046115875244141e-02
3.523633256554603577e-02
2.850749902427196503e-02
4.745839536190032959e-02
2.128221280872821808e-02
4.614364728331565857e-02
2.539403177797794342e-02
7.486232370138168335e-02
5.710799619555473328e-02
3.967918828129768372e-02
5.417241156101226807e-02
2.382001839578151703e-02
5.428769066929817200e-02
3.594894334673881531e-02
5.855735763907432556e-02
3.167854622006416321e-02
4.716131091117858887e-02
5.295377597212791443e-02
3.353524208068847656e-02
5.700529739260673523e-02
1.187607869505882263e-01
3.535385429859161377e-02
1.325753033161163330e-01
4.039172828197479248e-02
3.519514203071594238e-02
4.551706835627555847e-02
1.301916837692260742e-01
1.305810362100601196e-01
1.797090657055377960e-02
8.588955551385879517e-02
3.229371085762977600e-02
5.369045212864875793e-02
5.891460180282592773e-02
4.215500876307487488e-02
2.480577677488327026e-02
4.929855838418006897e-02
4.608197510242462158e-02
5.473867431282997131e-02
1.079596057534217834e-01
4.627874121069908142e-02
3.689223155379295349e-02
7.738344371318817139e-02
8.783992379903793335e-02
8.239223808050155640e-02
5.888502672314643860e-02
4.617875441908836365e-02
6.240123137831687927e-02
2.711623907089233398e-02
4.647645726799964905e-02
7.779759913682937622e-02
5.715818703174591064e-02
6.562190502882003784e-02
3.978046402335166931e-02
7.189986854791641235e-02
2.970627881586551666e-02
3.124227188527584076e-02
6.081272289156913757e-02
3.116715699434280396e-02
5.770555138587951660e-02
9.409889578819274902e-02
4.056931659579277039e-02
5.599055811762809753e-02
4.444107040762901306e-02
5.032166838645935059e-02
7.242115586996078491e-02
3.470105305314064026e-02
6.271644681692123413e-02
4.248082265257835388e-02
6.372027844190597534e-02
3.293856978416442871e-02
3.047870285809040070e-02
3.255292400717735291e-02
5.089063942432403564e-02
1.857839077711105347e-01
5.261458829045295715e-02
3.669967129826545715e-02
7.467549294233322144e-02
3.230371326208114624e-02
5.793928727507591248e-02
4.722529277205467224e-02
3.503961488604545593e-02
3.449815884232521057e-02
1.225230395793914795e-01
3.031285852193832397e-02
6.864675879478454590e-02
2.850214205682277679e-02
1.292698234319686890e-01
4.048419371247291565e-02
2.593666873872280121e-02
2.035057730972766876e-02
2.708235196769237518e-02
2.643044851720333099e-02
4.427805542945861816e-02
2.897135354578495026e-02
6.077218428254127502e-02
2.774862758815288544e-02
2.707656472921371460e-02
7.507214695215225220e-02
4.567609727382659912e-02
3.053764067590236664e-02
3.279673680663108826e-02
5.476827919483184814e-02
3.480472043156623840e-02
2.600215189158916473e-02
6.704529374837875366e-02
4.551004990935325623e-02
2.760942466557025909e-02
5.931127071380615234e-02
3.813594952225685120e-02
1.158068180084228516e-01
6.410600990056991577e-02
5.797660723328590393e-02
1.157796010375022888e-01
1.041111871600151062e-01
9.970412403345108032e-02
3.664411976933479309e-02
1.176481246948242188e-01
6.301426142454147339e-02
2.959055453538894653e-02
3.775009885430335999e-02
5.648598074913024902e-02
3.961230814456939697e-02
4.249615594744682312e-02
2.763274870812892914e-02
5.907873809337615967e-02
3.765504807233810425e-02
6.113964319229125977e-02
4.233298823237419128e-02
3.497654944658279419e-02
6.470889598131179810e-02
3.276428207755088806e-02
5.959335342049598694e-02
5.555583909153938293e-02
1.190870404243469238e-01
2.656974084675312042e-02
1.350507289171218872e-01
2.938687615096569061e-02
1.628832072019577026e-01
5.068448558449745178e-02
5.068187788128852844e-02
4.868388548493385315e-02
8.809108287096023560e-02
3.110883571207523346e-02
7.469525188207626343e-02
3.621410578489303589e-02
5.003574118018150330e-02
6.197606027126312256e-02
5.545949935913085938e-02
2.461353689432144165e-02
1.530019789934158325e-01
1.136677041649818420e-01
3.053942136466503143e-02
2.320389263331890106e-02
5.970436334609985352e-02
5.405786260962486267e-02
6.515633314847946167e-02
4.567483067512512207e-02
3.188960254192352295e-02
2.623164653778076172e-02
4.779703542590141296e-02
6.524456292390823364e-02
2.402475662529468536e-02
1.385035514831542969e-01
8.226674050092697144e-02
2.593434788286685944e-02
5.842048302292823792e-02
2.982720918953418732e-02
9.546559303998947144e-02
2.563882805407047272e-02
7.836437970399856567e-02
6.405950337648391724e-02
6.185187399387359619e-02
2.134076692163944244e-02
4.117719084024429321e-02
3.129551559686660767e-02
2.464343607425689697e-02
2.656401880085468292e-02
2.764254063367843628e-02
3.882442787289619446e-02
1.301902383565902710e-01
4.341371729969978333e-02
1.205860674381256104e-01
2.944496832787990570e-02
1.437124609947204590e-01
6.213450431823730469e-02
5.787860229611396790e-02
8.831901103258132935e-02
6.131389364600181580e-02
6.122064217925071716e-02
2.407711744308471680e-02
2.561414241790771484e-02
5.157739296555519104e-02
2.358393929898738861e-02
4.600286483764648438e-02
4.389323294162750244e-02
8.676693588495254517e-02
8.919727802276611328e-02
6.188778206706047058e-02
7.261273264884948730e-02
8.310853689908981323e-02
2.215715311467647552e-02
1.291119307279586792e-01
3.853772208094596863e-02
3.728894516825675964e-02
4.273293912410736084e-02
4.148525744676589966e-02
4.612917825579643250e-02
1.227008104324340820e-01
3.195044770836830139e-02
2.673171274363994598e-02
2.385350875556468964e-02
7.240036129951477051e-02
2.885856293141841888e-02
6.933781504631042480e-02
3.689581528306007385e-02
8.766019344329833984e-02
1.033023223280906677e-01
3.107109479606151581e-02
4.239703714847564697e-02
2.423524856567382812e-02
9.135811775922775269e-02
3.126742318272590637e-02
4.880861937999725342e-02
4.507617652416229248e-02
4.615426063537597656e-02
1.175148561596870422e-01
9.151619672775268555e-02
4.808735847473144531e-02
2.693586982786655426e-02
9.051547199487686157e-02
9.776856750249862671e-02
3.216914832592010498e-02
5.007364228367805481e-02
4.783179983496665955e-02
7.676159590482711792e-02
2.790007181465625763e-02
3.026263974606990814e-02
1.991479098796844482e-02
7.222349196672439575e-02
5.593964457511901855e-02
3.049167245626449585e-02
2.305066026747226715e-02
3.491747751832008362e-02
5.901458859443664551e-02
8.508616685867309570e-02
5.827293917536735535e-02
6.458760797977447510e-02
1.338397413492202759e-01
4.129547253251075745e-02
5.019360780715942383e-02
5.162781104445457458e-02
7.280043512582778931e-02
3.086679615080356598e-02
3.741654008626937866e-02
8.965685218572616577e-02
8.648378401994705200e-02
1.513708978891372681e-01
2.541118115186691284e-02
2.456660568714141846e-02
5.842955783009529114e-02
2.902980148792266846e-02
1.078615412116050720e-01
3.087592683732509613e-02
6.579425185918807983e-02
4.682845994830131531e-02
4.495322331786155701e-02
3.004523180425167084e-02
2.972869016230106354e-02
2.259306609630584717e-02
4.776255413889884949e-02
5.480145290493965149e-02
4.254253581166267395e-02
6.325665116310119629e-02
3.602809086441993713e-02
9.535843133926391602e-02
3.710157796740531921e-02
3.858529776334762573e-02
4.123815521597862244e-02
4.944319650530815125e-02
4.278679564595222473e-02
2.265279926359653473e-02
2.544764429330825806e-02
2.307524345815181732e-02
4.010369256138801575e-02
2.676909603178501129e-02
5.395161733031272888e-02
4.268380627036094666e-02
1.521547231823205948e-02
2.637010067701339722e-02
8.640300482511520386e-02
4.568731412291526794e-02
5.296785756945610046e-02
4.311374947428703308e-02
5.181420221924781799e-02
1.101163998246192932e-01
5.544522777199745178e-02
6.850992888212203979e-02
2.679890394210815430e-02
6.605699658393859863e-02
2.101915888488292694e-02
5.072061344981193542e-02
6.218655034899711609e-02
5.882552266120910645e-02
5.210097506642341614e-02
3.210475668311119080e-02
2.460730262100696564e-02
2.727198787033557892e-02
3.337178751826286316e-02
3.009067662060260773e-02
7.441186904907226562e-02
5.098830163478851318e-02
7.280530780553817749e-02
5.334907770156860352e-02
3.488407284021377563e-02
2.801241911947727203e-02
4.440829530358314514e-02
2.831184864044189453e-02
5.698630213737487793e-02
5.149265751242637634e-02
1.827792264521121979e-02
1.040721833705902100e-01
4.088541120290756226e-02
2.999053336679935455e-02
3.846193104982376099e-02
4.942777380347251892e-02
2.347332239151000977e-02
4.571760073304176331e-02
5.385482683777809143e-02
5.611426755785942078e-02
4.353009164333343506e-02
2.926282584667205811e-02
5.132279172539710999e-02
2.656841836869716644e-02
4.760985076427459717e-02
2.024314180016517639e-02
5.801272764801979065e-02
2.750601805746555328e-02
5.670354887843132019e-02
6.920756399631500244e-02
5.039167404174804688e-02
2.551203221082687378e-02
2.949235588312149048e-02
6.747695803642272949e-02
5.584150552749633789e-02
5.909981951117515564e-02
3.352422639727592468e-02
2.158165536820888519e-02
1.721741631627082825e-02
1.933083869516849518e-02
2.981685288250446320e-02
9.261383861303329468e-02
2.060743607580661774e-02
9.344957023859024048e-02
6.985235214233398438e-02
3.243433311581611633e-02
5.694562569260597229e-02
4.758775234222412109e-02
6.723871082067489624e-02
2.068085409700870514e-02
4.352468252182006836e-02
6.869360059499740601e-02
3.534082695841789246e-02
1.293988078832626343e-01
7.490297406911849976e-02
6.288870424032211304e-02
3.701345995068550110e-02
3.896384313702583313e-02
4.462247714400291443e-02
4.982368648052215576e-02
4.392909631133079529e-02
5.738313868641853333e-02
7.871954888105392456e-02
5.950073897838592529e-02
3.378760442137718201e-02
9.639564901590347290e-02
2.470493316650390625e-02
1.193451583385467529e-01
4.960253834724426270e-02
4.397141560912132263e-02
2.270107530057430267e-02
1.241571381688117981e-01
5.709045752882957458e-02
3.576577454805374146e-02
6.486717611551284790e-02
4.506728425621986389e-02
2.894003503024578094e-02
5.979172512888908386e-02
2.773921377956867218e-02
3.321461752057075500e-02
3.411178663372993469e-02
2.897478826344013214e-02
6.034895777702331543e-02
8.316523581743240356e-02
4.664826393127441406e-02
9.673247486352920532e-02
5.055241286754608154e-02
3.041811287403106689e-02
6.064632907509803772e-02
2.364860475063323975e-02
5.268980562686920166e-02
2.183376438915729523e-02
5.333052203059196472e-02
1.038731858134269714e-01
